tag,mark_file,site,first_time,last_time,first_antenna_group,last_antenna_group,release_date,species_code,species_name,run_code,run_name,rear_type_code,rear_type_name,release_site,mark_capture_method_code,mark_capture_method_name,mark_length,count
384.1B796B312F,CGS12004.BTM,"GLC - Gold Creek, Methow River",7/20/2013 11:53:41 PM,7/21/2013 3:35:03 AM,UPPER IN-STREAM ARRAY,UPPER IN-STREAM ARRAY,2/8/2012,7,Bull Trout,R,Resident,W,Wild Fish or Natural Production,METHR - Methow River,HOOK,Hook and Line,444,1
384.1B796B31B0,CGS11194.TW1,LMR - Lower Methow River at Pateros,9/24/2012 8:08:56 PM,9/27/2012 10:56:36 AM,UPSTREAM FULL-WIDTH ARRAY,UPSTREAM FULL-WIDTH ARRAY,7/30/2011,7,Bull Trout,R,Resident,W,Wild Fish or Natural Production,TWISPW - Twisp River Weir (WDFW),WTRAP,Weir Trap,480,1
384.1B796B31B0,CGS11194.TW1,RRF - Rocky Reach Fishway,6/3/2012 8:23:03 PM,6/3/2012 8:23:51 PM,WEIR 4,WEIR 6,7/30/2011,7,Bull Trout,R,Resident,W,Wild Fish or Natural Production,TWISPW - Twisp River Weir (WDFW),WTRAP,Weir Trap,480,1
384.1B796B31B0,CGS11194.TW1,TWR - Lwr Twisp Rvr near MSRF Ponds,9/19/2012 2:45:50 AM,9/19/2012 2:45:56 AM,UPPER IN-STREAM ARRAY,LOWER IN-STREAM ARRAY,7/30/2011,7,Bull Trout,R,Resident,W,Wild Fish or Natural Production,TWISPW - Twisp River Weir (WDFW),WTRAP,Weir Trap,480,1
384.1B796B31B0,CGS11194.TW1,"WEA - Wells Dam, DCPUD Adult Ladders",6/23/2012 4:43:22 AM,6/23/2012 7:36:39 AM,RIGHT LADDER POOL 19,RIGHT LADDER POOL 68,7/30/2011,7,Bull Trout,R,Resident,W,Wild Fish or Natural Production,TWISPW - Twisp River Weir (WDFW),WTRAP,Weir Trap,480,1
384.1B796B321E,CGS12160.TW2,MRT - Methow River at Twisp,10/5/2013 3:24:02 AM,10/5/2013 3:24:02 AM,Upstream array,Upstream array,6/23/2012,7,Bull Trout,R,Resident,W,Wild Fish or Natural Production,TWISPW - Twisp River Weir (WDFW),WTRAP,Weir Trap,660,1
384.1B796B321E,CGS12160.TW2,TWR - Lwr Twisp Rvr near MSRF Ponds,9/22/2012 5:51:05 AM,10/8/2014 8:36:58 PM,UPPER IN-STREAM ARRAY,LOWER IN-STREAM ARRAY,6/23/2012,7,Bull Trout,R,Resident,W,Wild Fish or Natural Production,TWISPW - Twisp River Weir (WDFW),WTRAP,Weir Trap,660,1
384.1B796B32A2,CGS11194.TW1,TWR - Lwr Twisp Rvr near MSRF Ponds,11/6/2012 10:03:20 PM,9/29/2014 12:53:03 AM,UPPER IN-STREAM ARRAY,LOWER IN-STREAM ARRAY,7/21/2011,7,Bull Trout,R,Resident,W,Wild Fish or Natural Production,TWISPW - Twisp River Weir (WDFW),WTRAP,Weir Trap,510,1
384.1B796B33C0,CGS12135.WL2,"WEA - Wells Dam, DCPUD Adult Ladders",6/12/2012 1:26:20 PM,6/3/2013 7:53:54 AM,RIGHT LADDER POOL 67,Left Ladder Pool 68,6/12/2012,7,Bull Trout,R,Resident,W,Wild Fish or Natural Production,WELLD2 - WEL - Release into the West Adult Fish Ladder,LADDER,Adult Passage Ladder,510,1
384.1B796B3706,CGS12004.BTM,MRT - Methow River at Twisp,3/27/2013 5:09:25 AM,4/2/2013 1:09:39 AM,Upstream array,Upstream array,2/8/2012,7,Bull Trout,R,Resident,W,Wild Fish or Natural Production,METHR - Methow River,HOOK,Hook and Line,419,1
384.1B796B3706,CGS12004.BTM,MRW - Methow River at Winthrop,10/31/2015 6:28:49 PM,10/31/2015 6:28:49 PM,UPSTREAM ARRAY,UPSTREAM ARRAY,2/8/2012,7,Bull Trout,R,Resident,W,Wild Fish or Natural Production,METHR - Methow River,HOOK,Hook and Line,419,1
384.1B796B3706,CGS12004.BTM,"WFC - Wolf Creek, Methow River",6/29/2013 11:52:32 PM,6/21/2015 1:59:13 AM,SINGLE IN-STREAM ANTENNA,SINGLE IN-STREAM ANTENNA,2/8/2012,7,Bull Trout,R,Resident,W,Wild Fish or Natural Production,METHR - Methow River,HOOK,Hook and Line,419,1
384.1B796B387C,CGS12160.TW2,TWR - Lwr Twisp Rvr near MSRF Ponds,9/17/2012 5:20:27 AM,9/12/2013 8:21:01 PM,UPPER IN-STREAM ARRAY,LOWER IN-STREAM ARRAY,6/13/2012,7,Bull Trout,R,Resident,W,Wild Fish or Natural Production,TWISPW - Twisp River Weir (WDFW),WTRAP,Weir Trap,510,1
384.1B796B3C42,CGS11194.TW1,LMR - Lower Methow River at Pateros,4/6/2012 12:52:19 AM,4/6/2012 1:04:30 AM,UPSTREAM FULL-WIDTH ARRAY,UPSTREAM FULL-WIDTH ARRAY,7/24/2011,7,Bull Trout,R,Resident,W,Wild Fish or Natural Production,TWISPW - Twisp River Weir (WDFW),WTRAP,Weir Trap,470,1
384.1B796B3C42,CGS11194.TW1,TWR - Lwr Twisp Rvr near MSRF Ponds,9/9/2013 7:51:57 PM,9/9/2013 7:52:00 PM,UPPER IN-STREAM ARRAY,LOWER IN-STREAM ARRAY,7/24/2011,7,Bull Trout,R,Resident,W,Wild Fish or Natural Production,TWISPW - Twisp River Weir (WDFW),WTRAP,Weir Trap,470,1
384.1B796B3E65,CGS12160.TW2,MRC - Methow River at Carlton,6/11/2016 9:19:12 PM,6/11/2016 9:19:12 PM,Single Array,Single Array,6/23/2012,7,Bull Trout,R,Resident,W,Wild Fish or Natural Production,TWISPW - Twisp River Weir (WDFW),WTRAP,Weir Trap,500,1
384.1B796B3E65,CGS12160.TW2,TWR - Lwr Twisp Rvr near MSRF Ponds,10/21/2012 4:31:13 AM,6/15/2016 12:26:35 AM,UPPER IN-STREAM ARRAY,UPPER IN-STREAM ARRAY,6/23/2012,7,Bull Trout,R,Resident,W,Wild Fish or Natural Production,TWISPW - Twisp River Weir (WDFW),WTRAP,Weir Trap,500,1
384.1B796B3E9C,CGS12160.TW2,TWR - Lwr Twisp Rvr near MSRF Ponds,10/17/2012 10:15:44 PM,7/1/2014 10:27:03 PM,UPPER IN-STREAM ARRAY,UPPER IN-STREAM ARRAY,6/23/2012,7,Bull Trout,R,Resident,W,Wild Fish or Natural Production,TWISPW - Twisp River Weir (WDFW),WTRAP,Weir Trap,530,1
384.1B796B782E,CGS12004.BTM,EWC - Early Winters Creek rkm 0.36,6/29/2013 1:11:42 AM,6/29/2013 1:11:42 AM,Downstream Array,Downstream Array,2/8/2012,7,Bull Trout,R,Resident,W,Wild Fish or Natural Production,METHR - Methow River,HOOK,Hook and Line,533,1
384.1B796B7B69,CGS11194.TW1,LMR - Lower Methow River at Pateros,12/20/2011 4:23:26 AM,12/20/2011 4:23:26 AM,UPSTREAM FULL-WIDTH ARRAY,UPSTREAM FULL-WIDTH ARRAY,7/29/2011,7,Bull Trout,R,Resident,W,Wild Fish or Natural Production,TWISPW - Twisp River Weir (WDFW),WTRAP,Weir Trap,570,1
384.1B796B7B69,CGS11194.TW1,RRF - Rocky Reach Fishway,6/4/2012 2:59:32 PM,5/27/2014 4:11:29 PM,WEIR 4,Trap,7/29/2011,7,Bull Trout,R,Resident,W,Wild Fish or Natural Production,TWISPW - Twisp River Weir (WDFW),WTRAP,Weir Trap,570,1
384.1B796B7B69,CGS11194.TW1,TWR - Lwr Twisp Rvr near MSRF Ponds,10/18/2012 3:00:07 AM,6/26/2014 8:43:51 AM,UPPER IN-STREAM ARRAY,UPPER IN-STREAM ARRAY,7/29/2011,7,Bull Trout,R,Resident,W,Wild Fish or Natural Production,TWISPW - Twisp River Weir (WDFW),WTRAP,Weir Trap,570,1
384.1B796B7B69,CGS11194.TW1,"WEA - Wells Dam, DCPUD Adult Ladders",6/8/2012 7:24:20 PM,6/3/2014 1:24:08 PM,RIGHT LADDER POOL 67,RIGHT LADDER POOL 68,7/29/2011,7,Bull Trout,R,Resident,W,Wild Fish or Natural Production,TWISPW - Twisp River Weir (WDFW),WTRAP,Weir Trap,570,1
384.1B796B7D7F,CGS12160.TW2,"GLC - Gold Creek, Methow River",7/13/2013 5:18:14 AM,7/13/2013 8:16:00 AM,UPPER IN-STREAM ARRAY,UPPER IN-STREAM ARRAY,6/20/2012,7,Bull Trout,R,Resident,W,Wild Fish or Natural Production,TWISPW - Twisp River Weir (WDFW),WTRAP,Weir Trap,560,1
384.1B796B7D7F,CGS12160.TW2,TWR - Lwr Twisp Rvr near MSRF Ponds,9/21/2012 12:37:11 AM,7/2/2013 8:06:14 AM,UPPER IN-STREAM ARRAY,LOWER IN-STREAM ARRAY,6/20/2012,7,Bull Trout,R,Resident,W,Wild Fish or Natural Production,TWISPW - Twisp River Weir (WDFW),WTRAP,Weir Trap,560,1
384.1B796B877B,CGS11194.TW1,TWR - Lwr Twisp Rvr near MSRF Ponds,10/20/2012 2:53:05 AM,10/11/2014 12:44:19 AM,LOWER IN-STREAM ARRAY,LOWER IN-STREAM ARRAY,7/25/2011,7,Bull Trout,R,Resident,W,Wild Fish or Natural Production,TWISPW - Twisp River Weir (WDFW),WTRAP,Weir Trap,470,1
384.1B796B8994,CGS12135.WL2,ENL - Lower Entiat River,3/15/2013 12:43:55 AM,3/15/2013 4:58:21 AM,UPPER IN-STREAM ARRAY,LOWER IN-STREAM ARRAY,6/14/2012,7,Bull Trout,R,Resident,W,Wild Fish or Natural Production,WELLD2 - WEL - Release into the West Adult Fish Ladder,LADDER,Adult Passage Ladder,660,1
384.1B796B8994,CGS12135.WL2,TWR - Lwr Twisp Rvr near MSRF Ponds,10/7/2013 7:27:51 PM,10/7/2013 7:27:54 PM,UPPER IN-STREAM ARRAY,LOWER IN-STREAM ARRAY,6/14/2012,7,Bull Trout,R,Resident,W,Wild Fish or Natural Production,WELLD2 - WEL - Release into the West Adult Fish Ladder,LADDER,Adult Passage Ladder,660,1
384.1B796B8994,CGS12135.WL2,"WEA - Wells Dam, DCPUD Adult Ladders",6/18/2012 2:45:38 PM,6/28/2013 8:25:36 AM,EAST TRAP,Left Ladder Pool 68,6/14/2012,7,Bull Trout,R,Resident,W,Wild Fish or Natural Production,WELLD2 - WEL - Release into the West Adult Fish Ladder,LADDER,Adult Passage Ladder,660,1
384.1B796F0A39,TLM12283.AFZ,CHW - Chiwaukum Creek,8/21/2014 5:52:01 PM,8/23/2014 6:31:15 AM,DOWNSTREAM ARRAY,DOWNSTREAM ARRAY,10/9/2012,7,Bull Trout,R,Resident,W,Wild Fish or Natural Production,CHIWAR - Chiwawa River,SHOCK,Electro-Shock,110,1
384.1B796F0A39,TLM12283.AFZ,TUF - Tumwater Dam Adult Fishway,7/30/2014 1:42:06 PM,7/30/2014 1:59:02 PM,WEIR 14,WEIR 17,10/9/2012,7,Bull Trout,R,Resident,W,Wild Fish or Natural Production,CHIWAR - Chiwawa River,SHOCK,Electro-Shock,110,1
384.1B796F13A5,TLM12285.AFZ,CHL - Lower Chiwawa River,9/27/2013 8:35:32 PM,9/28/2013 3:26:24 AM,UPPER IN-STREAM ARRAY,UPPER IN-STREAM ARRAY,10/11/2012,7,Bull Trout,R,Resident,W,Wild Fish or Natural Production,CHIWAR - Chiwawa River,SHOCK,Electro-Shock,113,1
384.1B796F13C6,TLM12279.AFZ,BMT - Big Meadow Temporary Array,5/20/2013 9:29:48 PM,5/20/2013 9:29:49 PM,Single Antenna,Single Antenna,10/5/2012,7,Bull Trout,R,Resident,W,Wild Fish or Natural Production,CHIWAR - Chiwawa River,SHOCK,Electro-Shock,121,1
384.1B796F380B,TLM12291.AFZ,CHU - Upper Chiwawa River,9/20/2014 2:38:14 AM,9/20/2014 2:38:22 AM,UPPER IN-STREAM ARRAY,LOWER IN-STREAM ARRAY,10/17/2012,7,Bull Trout,R,Resident,W,Wild Fish or Natural Production,CHIWAR - Chiwawa River,SHOCK,Electro-Shock,130,1
384.1B796F380B,TLM12291.AFZ,UWE - Upper Wenatchee River,9/21/2014 3:21:11 PM,9/21/2014 3:21:16 PM,IN-STREAM ARRAY,IN-STREAM ARRAY,10/17/2012,7,Bull Trout,R,Resident,W,Wild Fish or Natural Production,CHIWAR - Chiwawa River,SHOCK,Electro-Shock,130,1
384.1B79771941,TQI15235.3FT,ENA - Upper Entiat River at rkm 17.1,11/21/2015 7:04:46 PM,11/21/2015 7:04:46 PM,UPSTREAM ANTENNA ARRAY,UPSTREAM ANTENNA ARRAY,8/23/2015,7,Bull Trout,R,Resident,W,Wild Fish or Natural Production,ENTIAR - Entiat River,SHOCK,Electro-Shock,242,1
384.1B79771941,TQI15235.3FT,ENF - Upper Entiat River at rkm 40.6,10/10/2015 3:12:39 AM,10/10/2015 3:12:39 AM,UPSTREAM ARRAY,UPSTREAM ARRAY,8/23/2015,7,Bull Trout,R,Resident,W,Wild Fish or Natural Production,ENTIAR - Entiat River,SHOCK,Electro-Shock,242,1
384.1B79771941,TQI15235.3FT,ENS - Upper Entiat River at rkm 35.7,10/10/2015 8:49:08 PM,10/10/2015 8:49:13 PM,UPSTREAM ARRAY,DOWNSTREAM ARRAY,8/23/2015,7,Bull Trout,R,Resident,W,Wild Fish or Natural Production,ENTIAR - Entiat River,SHOCK,Electro-Shock,242,1
384.36F2B32A3D,KDM12262.LBT,LBT - Little Bridge Creek (Twisp R.),9/10/2013 9:42:57 PM,9/10/2013 9:43:16 PM,Upstream,Downstream,9/18/2012,7,Bull Trout,R,Resident,W,Wild Fish or Natural Production,"LBRIC - Little Bridge Creek,tributary to Twisp River",SHOCK,Electro-Shock,253,1
384.36F2B32A3D,KDM12262.LBT,MRC - Methow River at Carlton,11/13/2015 8:24:14 PM,11/13/2015 8:24:14 PM,Single Array,Single Array,9/18/2012,7,Bull Trout,R,Resident,W,Wild Fish or Natural Production,"LBRIC - Little Bridge Creek,tributary to Twisp River",SHOCK,Electro-Shock,253,1
384.36F2B32A3D,KDM12262.LBT,TWR - Lwr Twisp Rvr near MSRF Ponds,9/11/2013 4:17:51 AM,10/31/2015 7:09:35 PM,UPPER IN-STREAM ARRAY,LOWER IN-STREAM ARRAY,9/18/2012,7,Bull Trout,R,Resident,W,Wild Fish or Natural Production,"LBRIC - Little Bridge Creek,tributary to Twisp River",SHOCK,Electro-Shock,253,1
384.36F2B32A3D,KDM12262.LBT,"WEA - Wells Dam, DCPUD Adult Ladders",6/25/2014 1:12:07 PM,6/25/2014 7:33:41 PM,LEFT LADDER POOL 19,Left Ladder Pool 68,9/18/2012,7,Bull Trout,R,Resident,W,Wild Fish or Natural Production,"LBRIC - Little Bridge Creek,tributary to Twisp River",SHOCK,Electro-Shock,253,1
384.36F2B332AC,KDM13312.CST,LMR - Lower Methow River at Pateros,1/4/2014 9:47:36 PM,1/4/2014 9:47:36 PM,UPSTREAM FULL-WIDTH ARRAY,UPSTREAM FULL-WIDTH ARRAY,11/8/2013,7,Bull Trout,R,Resident,W,Wild Fish or Natural Production,CHEWUR - Chewuch River,SCREWT,Screw Trap,161,1
384.36F2B33762,KDM13233.SC3,CRW - Chewuch River above Winthrop,8/31/2013 2:49:29 AM,4/21/2016 9:40:28 PM,DOWNSTREAM ARRAY,DOWNSTREAM ARRAY,8/21/2013,7,Bull Trout,R,Resident,W,Wild Fish or Natural Production,METHR - Methow River,SHOCK,Electro-Shock,165,1
384.36F2B33762,KDM13233.SC3,SCP - Spring Creek Acclimation Pond,8/28/2013 5:50:32 AM,8/29/2013 1:44:50 AM,Downstream Antennas,Downstream Antennas,8/21/2013,7,Bull Trout,R,Resident,W,Wild Fish or Natural Production,METHR - Methow River,SHOCK,Electro-Shock,165,1
384.36F2B338C3,KDM13096.CST,SCP - Spring Creek Acclimation Pond,4/30/2013 8:18:08 PM,4/30/2013 8:18:08 PM,Upstream Antennas,Upstream Antennas,4/6/2013,7,Bull Trout,R,Resident,W,Wild Fish or Natural Production,CHEWUR - Chewuch River,SCREWT,Screw Trap,177,1
384.36F2B49E60,CGS14126.WL2,ENL - Lower Entiat River,6/24/2014 8:56:03 AM,6/24/2014 8:56:06 AM,UPPER IN-STREAM ARRAY,UPPER IN-STREAM ARRAY,6/5/2014,7,Bull Trout,R,Resident,W,Wild Fish or Natural Production,WELLD2 - WEL - Release into the West Adult Fish Ladder,LADDER,Adult Passage Ladder,660,1
384.36F2B49E60,CGS14126.WL2,"MAD - Mad River, Entiat River Basin",7/2/2014 11:15:39 PM,7/2/2014 11:15:39 PM,UPPER IN-STREAM ARRAY,UPPER IN-STREAM ARRAY,6/5/2014,7,Bull Trout,R,Resident,W,Wild Fish or Natural Production,WELLD2 - WEL - Release into the West Adult Fish Ladder,LADDER,Adult Passage Ladder,660,1
384.36F2B49E60,CGS14126.WL2,"WEA - Wells Dam, DCPUD Adult Ladders",6/12/2014 4:56:03 AM,6/12/2014 10:33:11 AM,RIGHT LADDER POOL 19,RIGHT LADDER POOL 19,6/5/2014,7,Bull Trout,R,Resident,W,Wild Fish or Natural Production,WELLD2 - WEL - Release into the West Adult Fish Ladder,LADDER,Adult Passage Ladder,660,1
384.36F2B4A1F8,CGS13220.KBZ,MRW - Methow River at Winthrop,9/14/2013 10:44:29 PM,9/14/2013 10:44:29 PM,UPSTREAM ARRAY,UPSTREAM ARRAY,8/8/2013,7,Bull Trout,R,Resident,W,Wild Fish or Natural Production,METHR - Methow River,HOOK,Hook and Line,225,1
384.36F2B4A25B,CGS13218.LBZ,TWR - Lwr Twisp Rvr near MSRF Ponds,9/26/2014 8:39:20 PM,9/26/2014 8:39:24 PM,UPPER IN-STREAM ARRAY,LOWER IN-STREAM ARRAY,8/6/2013,7,Bull Trout,R,Resident,W,Wild Fish or Natural Production,TWISPR - Twisp River,HOOK,Hook and Line,200,1
384.36F2B4B11A,CGS13225.LBZ,"BVC - Beaver Creek, Methow River",6/28/2014 6:57:39 PM,6/28/2014 7:05:07 PM,LOWER IN-STREAM ARRAY,UPPER IN-STREAM ARRAY,8/13/2013,7,Bull Trout,R,Resident,W,Wild Fish or Natural Production,TWISPR - Twisp River,HOOK,Hook and Line,184,1
384.36F2B4B11A,CGS13225.LBZ,TWR - Lwr Twisp Rvr near MSRF Ponds,6/20/2014 11:40:32 PM,6/20/2014 11:40:32 PM,UPPER IN-STREAM ARRAY,UPPER IN-STREAM ARRAY,8/13/2013,7,Bull Trout,R,Resident,W,Wild Fish or Natural Production,TWISPR - Twisp River,HOOK,Hook and Line,184,1
384.36F2B4B134,CGS13226.KBZ,LOR - Lost River at rkm 0.81,8/15/2013 8:45:20 PM,10/10/2013 6:45:49 AM,Upstream Array,Upstream Array,8/14/2013,7,Bull Trout,R,Resident,W,Wild Fish or Natural Production,METHR - Methow River,HOOK,Hook and Line,295,1
384.36F2B4B145,CGS13225.LBZ,TWR - Lwr Twisp Rvr near MSRF Ponds,8/8/2014 2:59:59 AM,8/8/2014 3:01:39 AM,UPPER IN-STREAM ARRAY,LOWER IN-STREAM ARRAY,8/13/2013,7,Bull Trout,R,Resident,W,Wild Fish or Natural Production,TWISPR - Twisp River,HOOK,Hook and Line,149,1
384.36F2B4B55B,CGS13270.KFZ,EWC - Early Winters Creek rkm 0.36,10/19/2013 8:40:45 PM,4/8/2014 11:48:59 PM,Downstream Array,Downstream Array,9/27/2013,7,Bull Trout,R,Resident,W,Wild Fish or Natural Production,METHR - Methow River,SHOCK,Electro-Shock,136,1
384.36F2B4B599,CGS13270.KFZ,EWC - Early Winters Creek rkm 0.36,9/27/2013 9:53:45 PM,4/20/2014 8:43:14 PM,Upstream Array,Upstream Array,9/27/2013,7,Bull Trout,R,Resident,W,Wild Fish or Natural Production,METHR - Methow River,SHOCK,Electro-Shock,149,1
384.36F2B4BF39,CGS13127.WL3,"WEA - Wells Dam, DCPUD Adult Ladders",7/3/2013 7:42:21 AM,7/3/2013 7:42:22 AM,LEFT LADDER POOL 19,LEFT LADDER POOL 19,6/19/2013,7,Bull Trout,R,Resident,W,Wild Fish or Natural Production,WELLD2 - WEL - Release into the West Adult Fish Ladder,LADDER,Adult Passage Ladder,580,1
384.36F2B4D946,CGS13148.TW2,TWR - Lwr Twisp Rvr near MSRF Ponds,6/22/2013 9:28:46 PM,6/9/2015 12:46:00 AM,LOWER IN-STREAM ARRAY,UPPER IN-STREAM ARRAY,6/17/2013,7,Bull Trout,R,Resident,W,Wild Fish or Natural Production,TWISPW - Twisp River Weir (WDFW),WTRAP,Weir Trap,530,1
384.36F2B4D946,CGS13148.TW2,"WEA - Wells Dam, DCPUD Adult Ladders",5/31/2014 2:33:59 PM,5/20/2015 2:37:41 PM,LEFT LADDER POOL 19,Left Ladder Pool 68,6/17/2013,7,Bull Trout,R,Resident,W,Wild Fish or Natural Production,TWISPW - Twisp River Weir (WDFW),WTRAP,Weir Trap,530,1
384.36F2B4D950,CGS13148.TW2,"GLC - Gold Creek, Methow River",7/18/2013 9:34:05 PM,7/19/2013 8:27:13 PM,UPPER IN-STREAM ARRAY,UPPER IN-STREAM ARRAY,6/10/2013,7,Bull Trout,R,Resident,W,Wild Fish or Natural Production,TWISPW - Twisp River Weir (WDFW),WTRAP,Weir Trap,610,1
384.36F2B4D950,CGS13148.TW2,TWR - Lwr Twisp Rvr near MSRF Ponds,6/11/2013 8:47:25 PM,7/16/2013 10:16:28 PM,UPPER IN-STREAM ARRAY,LOWER IN-STREAM ARRAY,6/10/2013,7,Bull Trout,R,Resident,W,Wild Fish or Natural Production,TWISPW - Twisp River Weir (WDFW),WTRAP,Weir Trap,610,1
384.36F2B4D950,CGS13148.TW2,"WFC - Wolf Creek, Methow River",7/3/2013 10:17:43 PM,7/3/2013 10:17:43 PM,SINGLE IN-STREAM ANTENNA,SINGLE IN-STREAM ANTENNA,6/10/2013,7,Bull Trout,R,Resident,W,Wild Fish or Natural Production,TWISPW - Twisp River Weir (WDFW),WTRAP,Weir Trap,610,1
384.36F2B4D956,CGS13148.TW2,MRC - Methow River at Carlton,6/14/2018 6:37:27 PM,6/14/2018 6:37:27 PM,Single Array,Single Array,6/10/2013,7,Bull Trout,R,Resident,W,Wild Fish or Natural Production,TWISPW - Twisp River Weir (WDFW),WTRAP,Weir Trap,640,1
384.36F2B4D956,CGS13148.TW2,TWR - Lwr Twisp Rvr near MSRF Ponds,9/19/2013 4:41:22 AM,9/18/2018 4:26:09 AM,UPPER IN-STREAM ARRAY,LOWER IN-STREAM ARRAY,6/10/2013,7,Bull Trout,R,Resident,W,Wild Fish or Natural Production,TWISPW - Twisp River Weir (WDFW),WTRAP,Weir Trap,640,1
384.36F2B4D959,CGS13148.TW2,LMR - Lower Methow River at Pateros,9/20/2013 5:20:48 AM,9/20/2013 5:20:48 AM,UPSTREAM FULL-WIDTH ARRAY,UPSTREAM FULL-WIDTH ARRAY,6/20/2013,7,Bull Trout,R,Resident,W,Wild Fish or Natural Production,TWISPW - Twisp River Weir (WDFW),WTRAP,Weir Trap,540,1
384.36F2B4D959,CGS13148.TW2,TWR - Lwr Twisp Rvr near MSRF Ponds,9/16/2013 2:33:52 AM,9/16/2013 2:34:06 AM,UPPER IN-STREAM ARRAY,LOWER IN-STREAM ARRAY,6/20/2013,7,Bull Trout,R,Resident,W,Wild Fish or Natural Production,TWISPW - Twisp River Weir (WDFW),WTRAP,Weir Trap,540,1
384.36F2B4D95A,CGS13148.TW2,MRC - Methow River at Carlton,3/24/2016 7:21:34 PM,3/24/2016 7:21:34 PM,Single Array,Single Array,6/15/2013,7,Bull Trout,R,Resident,W,Wild Fish or Natural Production,TWISPW - Twisp River Weir (WDFW),WTRAP,Weir Trap,560,1
384.36F2B4D95A,CGS13148.TW2,TWR - Lwr Twisp Rvr near MSRF Ponds,9/25/2013 10:51:08 PM,11/6/2016 6:31:45 PM,UPPER IN-STREAM ARRAY,LOWER IN-STREAM ARRAY,6/15/2013,7,Bull Trout,R,Resident,W,Wild Fish or Natural Production,TWISPW - Twisp River Weir (WDFW),WTRAP,Weir Trap,560,1
384.36F2B4D95B,CGS13148.TW2,TWR - Lwr Twisp Rvr near MSRF Ponds,9/12/2013 8:31:08 PM,9/12/2013 8:31:12 PM,UPPER IN-STREAM ARRAY,LOWER IN-STREAM ARRAY,6/15/2013,7,Bull Trout,R,Resident,W,Wild Fish or Natural Production,TWISPW - Twisp River Weir (WDFW),WTRAP,Weir Trap,560,1
384.36F2B4D961,CGS13148.TW2,TWR - Lwr Twisp Rvr near MSRF Ponds,9/29/2013 5:18:36 AM,9/29/2013 5:18:36 AM,UPPER IN-STREAM ARRAY,UPPER IN-STREAM ARRAY,6/16/2013,7,Bull Trout,R,Resident,W,Wild Fish or Natural Production,TWISPW - Twisp River Weir (WDFW),WTRAP,Weir Trap,680,1
384.36F2B4D966,CGS13148.TW2,TWR - Lwr Twisp Rvr near MSRF Ponds,6/28/2013 2:04:57 PM,9/19/2013 10:34:01 PM,LOWER IN-STREAM ARRAY,LOWER IN-STREAM ARRAY,6/18/2013,7,Bull Trout,R,Resident,W,Wild Fish or Natural Production,TWISPW - Twisp River Weir (WDFW),WTRAP,Weir Trap,650,1
384.36F2B4D971,CGS13148.TW2,TWR - Lwr Twisp Rvr near MSRF Ponds,10/6/2013 7:18:22 PM,6/24/2014 11:25:34 PM,UPPER IN-STREAM ARRAY,UPPER IN-STREAM ARRAY,6/15/2013,7,Bull Trout,R,Resident,W,Wild Fish or Natural Production,TWISPW - Twisp River Weir (WDFW),WTRAP,Weir Trap,550,1
384.36F2B4D972,CGS13148.TW2,TWR - Lwr Twisp Rvr near MSRF Ponds,10/3/2013 2:21:14 AM,10/3/2014 5:06:17 AM,UPPER IN-STREAM ARRAY,LOWER IN-STREAM ARRAY,6/22/2013,7,Bull Trout,R,Resident,W,Wild Fish or Natural Production,TWISPW - Twisp River Weir (WDFW),WTRAP,Weir Trap,560,1
384.36F2B4D972,CGS13148.TW2,"WEA - Wells Dam, DCPUD Adult Ladders",6/7/2014 5:19:43 PM,6/13/2014 2:19:09 PM,LEFT LADDER POOL 19,Left Ladder Pool 68,6/22/2013,7,Bull Trout,R,Resident,W,Wild Fish or Natural Production,TWISPW - Twisp River Weir (WDFW),WTRAP,Weir Trap,560,1
384.36F2B4D974,CGS13148.TW2,TWR - Lwr Twisp Rvr near MSRF Ponds,9/18/2013 1:11:34 AM,6/26/2014 11:02:30 PM,UPPER IN-STREAM ARRAY,UPPER IN-STREAM ARRAY,6/17/2013,7,Bull Trout,R,Resident,W,Wild Fish or Natural Production,TWISPW - Twisp River Weir (WDFW),WTRAP,Weir Trap,470,1
384.36F2B4D97D,CGS13148.TW2,TWR - Lwr Twisp Rvr near MSRF Ponds,9/21/2013 2:16:42 AM,6/23/2014 5:02:58 AM,UPPER IN-STREAM ARRAY,UPPER IN-STREAM ARRAY,6/18/2013,7,Bull Trout,R,Resident,W,Wild Fish or Natural Production,TWISPW - Twisp River Weir (WDFW),WTRAP,Weir Trap,620,1
384.36F2B4D97E,CGS13148.TW2,LMR - Lower Methow River at Pateros,12/22/2013 10:51:17 PM,12/22/2013 10:51:19 PM,UPSTREAM FULL-WIDTH ARRAY,UPSTREAM FULL-WIDTH ARRAY,6/22/2013,7,Bull Trout,R,Resident,W,Wild Fish or Natural Production,TWISPW - Twisp River Weir (WDFW),WTRAP,Weir Trap,580,1
384.36F2B4D97E,CGS13148.TW2,TWR - Lwr Twisp Rvr near MSRF Ponds,10/21/2013 1:07:42 AM,10/21/2013 1:07:50 AM,UPPER IN-STREAM ARRAY,LOWER IN-STREAM ARRAY,6/22/2013,7,Bull Trout,R,Resident,W,Wild Fish or Natural Production,TWISPW - Twisp River Weir (WDFW),WTRAP,Weir Trap,580,1
384.36F2B4D980,CGS13148.TW2,TWR - Lwr Twisp Rvr near MSRF Ponds,10/6/2013 3:03:58 AM,7/12/2017 12:27:30 PM,UPPER IN-STREAM ARRAY,UPPER IN-STREAM ARRAY,6/22/2013,7,Bull Trout,R,Resident,W,Wild Fish or Natural Production,TWISPW - Twisp River Weir (WDFW),WTRAP,Weir Trap,610,1
384.36F2B4D981,CGS13148.TW2,TWR - Lwr Twisp Rvr near MSRF Ponds,9/21/2013 4:55:09 AM,6/10/2015 1:35:50 AM,UPPER IN-STREAM ARRAY,UPPER IN-STREAM ARRAY,6/21/2013,7,Bull Trout,R,Resident,W,Wild Fish or Natural Production,TWISPW - Twisp River Weir (WDFW),WTRAP,Weir Trap,600,1
384.36F2B4D981,CGS13148.TW2,"WEA - Wells Dam, DCPUD Adult Ladders",5/29/2015 10:57:31 AM,5/29/2015 6:02:13 PM,LEFT LADDER POOL 19,Left Ladder Pool 68,6/21/2013,7,Bull Trout,R,Resident,W,Wild Fish or Natural Production,TWISPW - Twisp River Weir (WDFW),WTRAP,Weir Trap,600,1
384.36F2B4D984,CGS13148.TW2,MRC - Methow River at Carlton,12/13/2015 7:03:37 PM,12/5/2016 9:49:13 PM,Single Array,Single Array,6/16/2013,7,Bull Trout,R,Resident,W,Wild Fish or Natural Production,TWISPW - Twisp River Weir (WDFW),WTRAP,Weir Trap,530,1
384.36F2B4D984,CGS13148.TW2,TWR - Lwr Twisp Rvr near MSRF Ponds,9/22/2013 3:21:48 AM,10/21/2016 10:13:28 PM,UPPER IN-STREAM ARRAY,LOWER IN-STREAM ARRAY,6/16/2013,7,Bull Trout,R,Resident,W,Wild Fish or Natural Production,TWISPW - Twisp River Weir (WDFW),WTRAP,Weir Trap,530,1
384.36F2B4D989,CGS13148.TW2,TWR - Lwr Twisp Rvr near MSRF Ponds,9/8/2013 11:19:48 PM,9/8/2013 11:19:48 PM,UPPER IN-STREAM ARRAY,UPPER IN-STREAM ARRAY,6/9/2013,7,Bull Trout,R,Resident,W,Wild Fish or Natural Production,TWISPW - Twisp River Weir (WDFW),WTRAP,Weir Trap,540,1
384.36F2B4D98B,CGS13148.TW2,MRC - Methow River at Carlton,11/12/2015 5:16:39 AM,6/3/2018 9:16:38 AM,Single Array,Single Array,6/19/2013,7,Bull Trout,R,Resident,W,Wild Fish or Natural Production,TWISPW - Twisp River Weir (WDFW),WTRAP,Weir Trap,590,1
384.36F2B4D98B,CGS13148.TW2,TWR - Lwr Twisp Rvr near MSRF Ponds,6/27/2013 8:54:10 AM,7/4/2018 12:54:53 AM,LOWER IN-STREAM ARRAY,LOWER IN-STREAM ARRAY,6/19/2013,7,Bull Trout,R,Resident,W,Wild Fish or Natural Production,TWISPW - Twisp River Weir (WDFW),WTRAP,Weir Trap,590,1
384.36F2B4D9A0,CGS13148.TW2,TWR - Lwr Twisp Rvr near MSRF Ponds,9/30/2013 4:38:46 AM,7/27/2014 1:15:23 AM,UPPER IN-STREAM ARRAY,LOWER IN-STREAM ARRAY,6/9/2013,7,Bull Trout,R,Resident,W,Wild Fish or Natural Production,TWISPW - Twisp River Weir (WDFW),WTRAP,Weir Trap,510,1
384.36F2B4D9A2,CGS13148.TW2,TWR - Lwr Twisp Rvr near MSRF Ponds,9/24/2013 9:06:42 PM,7/9/2014 9:59:38 AM,UPPER IN-STREAM ARRAY,UPPER IN-STREAM ARRAY,6/17/2013,7,Bull Trout,R,Resident,W,Wild Fish or Natural Production,TWISPW - Twisp River Weir (WDFW),WTRAP,Weir Trap,640,1
384.36F2B4DA73,CGS13203.LB3,ENL - Lower Entiat River,9/19/2013 11:59:50 PM,9/20/2013 7:37:14 AM,LOWER IN-STREAM ARRAY,UPPER IN-STREAM ARRAY,7/22/2013,7,Bull Trout,R,Resident,W,Wild Fish or Natural Production,TWISPR - Twisp River,HOOK,Hook and Line,205,1
384.36F2B4DA73,CGS13203.LB3,LMR - Lower Methow River at Pateros,9/16/2013 5:55:28 AM,9/16/2013 1:15:04 PM,UPSTREAM FULL-WIDTH ARRAY,UPSTREAM FULL-WIDTH ARRAY,7/22/2013,7,Bull Trout,R,Resident,W,Wild Fish or Natural Production,TWISPR - Twisp River,HOOK,Hook and Line,205,1
384.36F2B4DA73,CGS13203.LB3,TWR - Lwr Twisp Rvr near MSRF Ponds,9/12/2013 2:19:47 AM,9/12/2013 2:19:50 AM,UPPER IN-STREAM ARRAY,LOWER IN-STREAM ARRAY,7/22/2013,7,Bull Trout,R,Resident,W,Wild Fish or Natural Production,TWISPR - Twisp River,HOOK,Hook and Line,205,1
384.36F2B4DACA,CGS13203.LB3,TWR - Lwr Twisp Rvr near MSRF Ponds,5/27/2014 12:17:22 AM,5/27/2014 12:17:22 AM,LOWER IN-STREAM ARRAY,LOWER IN-STREAM ARRAY,7/22/2013,7,Bull Trout,R,Resident,W,Wild Fish or Natural Production,TWISPR - Twisp River,HOOK,Hook and Line,150,1
384.36F2B4DAF4,CGS13127.WL1,TWR - Lwr Twisp Rvr near MSRF Ponds,7/1/2013 4:03:40 AM,10/6/2013 8:11:05 PM,UPPER IN-STREAM ARRAY,LOWER IN-STREAM ARRAY,6/11/2013,7,Bull Trout,R,Resident,W,Wild Fish or Natural Production,WELLD2 - WEL - Release into the West Adult Fish Ladder,LADDER,Adult Passage Ladder,640,1
384.36F2B4DAF4,CGS13127.WL1,"WEA - Wells Dam, DCPUD Adult Ladders",6/11/2013 9:30:57 PM,6/15/2014 10:59:58 AM,RIGHT LADDER POOL 67,Left Ladder Pool 68,6/11/2013,7,Bull Trout,R,Resident,W,Wild Fish or Natural Production,WELLD2 - WEL - Release into the West Adult Fish Ladder,LADDER,Adult Passage Ladder,640,1
384.36F2B4DB37,CGS13288.LAI,TWR - Lwr Twisp Rvr near MSRF Ponds,10/16/2013 6:21:02 AM,10/23/2013 6:19:25 PM,LOWER IN-STREAM ARRAY,LOWER IN-STREAM ARRAY,10/15/2013,7,Bull Trout,R,Resident,W,Wild Fish or Natural Production,TWISPR - Twisp River,SCREWT,Screw Trap,340,1
384.36F2B4DB48,CGS13298.LAI,TWR - Lwr Twisp Rvr near MSRF Ponds,10/26/2013 2:20:33 PM,10/26/2013 6:31:28 PM,LOWER IN-STREAM ARRAY,UPPER IN-STREAM ARRAY,10/26/2013,7,Bull Trout,R,Resident,W,Wild Fish or Natural Production,TWISPR - Twisp River,SCREWT,Screw Trap,174,1
384.36F2B4DB6D,CGS14102.LAI,TWR - Lwr Twisp Rvr near MSRF Ponds,4/12/2014 2:24:15 AM,4/12/2014 2:24:19 AM,UPPER IN-STREAM ARRAY,LOWER IN-STREAM ARRAY,4/12/2014,7,Bull Trout,R,Resident,W,Wild Fish or Natural Production,TWISPR - Twisp River,SCREWT,Screw Trap,133,1
384.36F2B4DB76,CGS13168.LAI,"BVC - Beaver Creek, Methow River",7/7/2013 3:24:56 PM,7/7/2013 3:24:56 PM,LOWER IN-STREAM ARRAY,LOWER IN-STREAM ARRAY,6/17/2013,7,Bull Trout,R,Resident,W,Wild Fish or Natural Production,TWISPR - Twisp River,SCREWT,Screw Trap,162,1
384.36F2B4DB89,CGS13255.LAI,TWR - Lwr Twisp Rvr near MSRF Ponds,9/13/2013 10:26:02 AM,9/14/2013 1:06:00 AM,LOWER IN-STREAM ARRAY,UPPER IN-STREAM ARRAY,9/13/2013,7,Bull Trout,R,Resident,W,Wild Fish or Natural Production,TWISPR - Twisp River,SCREWT,Screw Trap,180,1
384.36F2B4DC63,CGS13182.TW3,LMR - Lower Methow River at Pateros,12/10/2013 8:34:22 AM,12/10/2013 8:35:51 AM,DOWNSTREAM FULL-WIDTH ARRAY,UPSTREAM FULL-WIDTH ARRAY,7/3/2013,7,Bull Trout,R,Resident,W,Wild Fish or Natural Production,TWISPW - Twisp River Weir (WDFW),WTRAP,Weir Trap,540,1
384.36F2B4DC63,CGS13182.TW3,TWR - Lwr Twisp Rvr near MSRF Ponds,9/29/2013 10:34:08 PM,9/29/2013 10:34:18 PM,UPPER IN-STREAM ARRAY,LOWER IN-STREAM ARRAY,7/3/2013,7,Bull Trout,R,Resident,W,Wild Fish or Natural Production,TWISPW - Twisp River Weir (WDFW),WTRAP,Weir Trap,540,1
384.36F2B4DC63,CGS13182.TW3,"WEA - Wells Dam, DCPUD Adult Ladders",6/25/2014 11:23:46 AM,5/18/2015 8:12:34 AM,LEFT LADDER POOL 19,Left Ladder Pool 68,7/3/2013,7,Bull Trout,R,Resident,W,Wild Fish or Natural Production,TWISPW - Twisp River Weir (WDFW),WTRAP,Weir Trap,540,1
384.36F2B4DC67,CGS13182.TW3,TWR - Lwr Twisp Rvr near MSRF Ponds,9/16/2013 1:01:59 AM,6/27/2015 2:39:29 AM,UPPER IN-STREAM ARRAY,UPPER IN-STREAM ARRAY,7/10/2013,7,Bull Trout,R,Resident,W,Wild Fish or Natural Production,TWISPW - Twisp River Weir (WDFW),WTRAP,Weir Trap,550,1
384.36F2B4DC6A,CGS13182.TW3,TWR - Lwr Twisp Rvr near MSRF Ponds,7/15/2013 8:52:22 PM,7/15/2013 8:52:23 PM,LOWER IN-STREAM ARRAY,LOWER IN-STREAM ARRAY,7/10/2013,7,Bull Trout,R,Resident,W,Wild Fish or Natural Production,TWISPW - Twisp River Weir (WDFW),WTRAP,Weir Trap,490,1
384.36F2B4DC6C,CGS13182.TW3,LMR - Lower Methow River at Pateros,9/15/2013 10:53:58 AM,9/15/2013 10:53:58 AM,UPSTREAM FULL-WIDTH ARRAY,UPSTREAM FULL-WIDTH ARRAY,7/3/2013,7,Bull Trout,R,Resident,W,Wild Fish or Natural Production,TWISPW - Twisp River Weir (WDFW),WTRAP,Weir Trap,600,1
384.36F2B4DC6C,CGS13182.TW3,TWR - Lwr Twisp Rvr near MSRF Ponds,9/11/2013 9:48:37 PM,9/11/2013 9:48:41 PM,UPPER IN-STREAM ARRAY,LOWER IN-STREAM ARRAY,7/3/2013,7,Bull Trout,R,Resident,W,Wild Fish or Natural Production,TWISPW - Twisp River Weir (WDFW),WTRAP,Weir Trap,600,1
384.36F2B4DC6D,CGS13182.TW3,TWR - Lwr Twisp Rvr near MSRF Ponds,7/16/2013 3:00:42 AM,7/16/2013 3:00:43 AM,LOWER IN-STREAM ARRAY,LOWER IN-STREAM ARRAY,7/6/2013,7,Bull Trout,R,Resident,W,Wild Fish or Natural Production,TWISPW - Twisp River Weir (WDFW),WTRAP,Weir Trap,470,1
384.36F2B4DC6E,CGS13182.TW3,TWR - Lwr Twisp Rvr near MSRF Ponds,9/24/2013 12:30:02 AM,9/24/2013 12:30:06 AM,UPPER IN-STREAM ARRAY,LOWER IN-STREAM ARRAY,7/6/2013,7,Bull Trout,R,Resident,W,Wild Fish or Natural Production,TWISPW - Twisp River Weir (WDFW),WTRAP,Weir Trap,500,1
384.36F2B4DC73,CGS13182.TW3,LMR - Lower Methow River at Pateros,11/20/2013 6:37:07 PM,11/20/2013 6:37:07 PM,UPSTREAM FULL-WIDTH ARRAY,UPSTREAM FULL-WIDTH ARRAY,7/3/2013,7,Bull Trout,R,Resident,W,Wild Fish or Natural Production,TWISPW - Twisp River Weir (WDFW),WTRAP,Weir Trap,520,1
384.36F2B4DC73,CGS13182.TW3,TWR - Lwr Twisp Rvr near MSRF Ponds,10/23/2013 6:59:20 PM,6/13/2016 3:04:18 AM,UPPER IN-STREAM ARRAY,UPPER IN-STREAM ARRAY,7/3/2013,7,Bull Trout,R,Resident,W,Wild Fish or Natural Production,TWISPW - Twisp River Weir (WDFW),WTRAP,Weir Trap,520,1
384.36F2B4DC73,CGS13182.TW3,"WEA - Wells Dam, DCPUD Adult Ladders",6/12/2014 11:26:20 AM,5/25/2016 3:23:08 PM,LEFT LADDER POOL 19,Left Ladder Pool 68,7/3/2013,7,Bull Trout,R,Resident,W,Wild Fish or Natural Production,TWISPW - Twisp River Weir (WDFW),WTRAP,Weir Trap,520,1
384.36F2B4DC77,CGS13182.TW3,TWR - Lwr Twisp Rvr near MSRF Ponds,7/19/2013 3:36:07 PM,7/19/2013 3:36:14 PM,UPPER IN-STREAM ARRAY,LOWER IN-STREAM ARRAY,7/16/2013,7,Bull Trout,R,Resident,W,Wild Fish or Natural Production,TWISPW - Twisp River Weir (WDFW),WTRAP,Weir Trap,520,1
384.36F2B4DC7A,CGS13182.TW3,LMR - Lower Methow River at Pateros,9/21/2013 6:49:29 PM,12/6/2013 3:45:47 PM,UPSTREAM FULL-WIDTH ARRAY,DOWNSTREAM FULL-WIDTH ARRAY,7/2/2013,7,Bull Trout,R,Resident,W,Wild Fish or Natural Production,TWISPW - Twisp River Weir (WDFW),WTRAP,Weir Trap,610,1
384.36F2B4DC7A,CGS13182.TW3,TWR - Lwr Twisp Rvr near MSRF Ponds,9/14/2013 9:54:29 PM,9/14/2013 9:54:29 PM,UPPER IN-STREAM ARRAY,UPPER IN-STREAM ARRAY,7/2/2013,7,Bull Trout,R,Resident,W,Wild Fish or Natural Production,TWISPW - Twisp River Weir (WDFW),WTRAP,Weir Trap,610,1
384.36F2B4DC7D,CGS13182.TW3,TWR - Lwr Twisp Rvr near MSRF Ponds,9/16/2013 11:42:38 PM,10/24/2014 2:24:04 AM,UPPER IN-STREAM ARRAY,LOWER IN-STREAM ARRAY,7/7/2013,7,Bull Trout,R,Resident,W,Wild Fish or Natural Production,TWISPW - Twisp River Weir (WDFW),WTRAP,Weir Trap,730,1
384.36F2B4DC83,CGS13182.TW3,TWR - Lwr Twisp Rvr near MSRF Ponds,10/21/2013 3:27:36 AM,6/13/2015 12:05:15 AM,UPPER IN-STREAM ARRAY,UPPER IN-STREAM ARRAY,7/7/2013,7,Bull Trout,R,Resident,W,Wild Fish or Natural Production,TWISPW - Twisp River Weir (WDFW),WTRAP,Weir Trap,560,1
384.36F2B4DC83,CGS13182.TW3,"WEA - Wells Dam, DCPUD Adult Ladders",6/7/2014 4:51:14 PM,5/20/2015 8:01:02 PM,LEFT LADDER POOL 19,Left Ladder Pool 68,7/7/2013,7,Bull Trout,R,Resident,W,Wild Fish or Natural Production,TWISPW - Twisp River Weir (WDFW),WTRAP,Weir Trap,560,1
384.36F2B4DC84,CGS13182.TW3,TWR - Lwr Twisp Rvr near MSRF Ponds,9/18/2013 9:00:28 PM,10/7/2016 11:33:19 PM,UPPER IN-STREAM ARRAY,LOWER IN-STREAM ARRAY,7/7/2013,7,Bull Trout,R,Resident,W,Wild Fish or Natural Production,TWISPW - Twisp River Weir (WDFW),WTRAP,Weir Trap,550,1
384.36F2B4DC88,CGS13182.TW3,TWR - Lwr Twisp Rvr near MSRF Ponds,9/12/2013 2:21:11 AM,9/12/2013 2:21:15 AM,UPPER IN-STREAM ARRAY,LOWER IN-STREAM ARRAY,7/3/2013,7,Bull Trout,R,Resident,W,Wild Fish or Natural Production,TWISPW - Twisp River Weir (WDFW),WTRAP,Weir Trap,630,1
384.36F2B4DC93,CGS13182.TW3,MRC - Methow River at Carlton,6/29/2016 12:16:11 AM,6/29/2016 12:16:11 AM,Single Array,Single Array,7/3/2013,7,Bull Trout,R,Resident,W,Wild Fish or Natural Production,TWISPW - Twisp River Weir (WDFW),WTRAP,Weir Trap,480,1
384.36F2B4DC93,CGS13182.TW3,TWR - Lwr Twisp Rvr near MSRF Ponds,9/28/2013 10:55:03 PM,7/4/2016 9:28:50 PM,UPPER IN-STREAM ARRAY,UPPER IN-STREAM ARRAY,7/3/2013,7,Bull Trout,R,Resident,W,Wild Fish or Natural Production,TWISPW - Twisp River Weir (WDFW),WTRAP,Weir Trap,480,1
384.36F2B4DC97,CGS13182.TW3,LMR - Lower Methow River at Pateros,10/28/2013 7:12:50 AM,10/25/2014 9:28:12 PM,UPSTREAM FULL-WIDTH ARRAY,DOWNSTREAM FULL-WIDTH ARRAY,7/14/2013,7,Bull Trout,R,Resident,W,Wild Fish or Natural Production,TWISPW - Twisp River Weir (WDFW),WTRAP,Weir Trap,530,1
384.36F2B4DC97,CGS13182.TW3,TWR - Lwr Twisp Rvr near MSRF Ponds,9/26/2013 2:05:47 AM,6/17/2015 12:58:59 AM,UPPER IN-STREAM ARRAY,UPPER IN-STREAM ARRAY,7/14/2013,7,Bull Trout,R,Resident,W,Wild Fish or Natural Production,TWISPW - Twisp River Weir (WDFW),WTRAP,Weir Trap,530,1
384.36F2B4DC9A,CGS13182.TW3,TWR - Lwr Twisp Rvr near MSRF Ponds,9/24/2013 9:02:11 PM,6/12/2015 11:45:53 PM,UPPER IN-STREAM ARRAY,UPPER IN-STREAM ARRAY,7/6/2013,7,Bull Trout,R,Resident,W,Wild Fish or Natural Production,TWISPW - Twisp River Weir (WDFW),WTRAP,Weir Trap,530,1
384.36F2B4DC9B,CGS13182.TW3,TWR - Lwr Twisp Rvr near MSRF Ponds,9/25/2013 9:50:27 PM,6/25/2014 11:44:19 PM,UPPER IN-STREAM ARRAY,UPPER IN-STREAM ARRAY,7/3/2013,7,Bull Trout,R,Resident,W,Wild Fish or Natural Production,TWISPW - Twisp River Weir (WDFW),WTRAP,Weir Trap,460,1
384.36F2B4DC9B,CGS13182.TW3,"WEA - Wells Dam, DCPUD Adult Ladders",5/30/2014 4:15:50 AM,5/30/2014 12:21:30 PM,RIGHT LADDER POOL 19,RIGHT LADDER POOL 68,7/3/2013,7,Bull Trout,R,Resident,W,Wild Fish or Natural Production,TWISPW - Twisp River Weir (WDFW),WTRAP,Weir Trap,460,1
384.36F2B4DCA3,CGS13182.TW3,TWR - Lwr Twisp Rvr near MSRF Ponds,9/30/2013 2:22:48 AM,7/2/2014 11:55:52 PM,UPPER IN-STREAM ARRAY,UPPER IN-STREAM ARRAY,7/7/2013,7,Bull Trout,R,Resident,W,Wild Fish or Natural Production,TWISPW - Twisp River Weir (WDFW),WTRAP,Weir Trap,670,1
384.36F2B4DCA4,CGS13182.TW3,TWR - Lwr Twisp Rvr near MSRF Ponds,9/30/2013 9:27:00 PM,10/10/2016 11:10:00 PM,UPPER IN-STREAM ARRAY,LOWER IN-STREAM ARRAY,7/9/2013,7,Bull Trout,R,Resident,W,Wild Fish or Natural Production,TWISPW - Twisp River Weir (WDFW),WTRAP,Weir Trap,570,1
384.36F2B4DCA6,CGS13182.TW3,TWR - Lwr Twisp Rvr near MSRF Ponds,9/9/2013 12:02:16 AM,6/9/2015 2:15:47 AM,UPPER IN-STREAM ARRAY,UPPER IN-STREAM ARRAY,7/9/2013,7,Bull Trout,R,Resident,W,Wild Fish or Natural Production,TWISPW - Twisp River Weir (WDFW),WTRAP,Weir Trap,660,1
384.36F2B4DCA7,CGS13182.TW3,LMR - Lower Methow River at Pateros,11/30/2013 8:31:00 PM,12/20/2013 4:54:50 PM,UPSTREAM FULL-WIDTH ARRAY,DOWNSTREAM FULL-WIDTH ARRAY,7/1/2013,7,Bull Trout,R,Resident,W,Wild Fish or Natural Production,TWISPW - Twisp River Weir (WDFW),WTRAP,Weir Trap,620,1
384.36F2B4DCA7,CGS13182.TW3,TWR - Lwr Twisp Rvr near MSRF Ponds,9/17/2013 2:28:33 AM,6/27/2014 10:18:22 PM,UPPER IN-STREAM ARRAY,UPPER IN-STREAM ARRAY,7/1/2013,7,Bull Trout,R,Resident,W,Wild Fish or Natural Production,TWISPW - Twisp River Weir (WDFW),WTRAP,Weir Trap,620,1
384.36F2B4DCA8,CGS13182.TW3,MRC - Methow River at Carlton,7/3/2016 11:42:59 PM,11/12/2016 4:36:21 AM,Single Array,Single Array,7/13/2013,7,Bull Trout,R,Resident,W,Wild Fish or Natural Production,TWISPW - Twisp River Weir (WDFW),WTRAP,Weir Trap,510,1
384.36F2B4DCA8,CGS13182.TW3,TWR - Lwr Twisp Rvr near MSRF Ponds,10/11/2013 12:08:50 AM,7/2/2018 12:48:38 AM,UPPER IN-STREAM ARRAY,UPPER IN-STREAM ARRAY,7/13/2013,7,Bull Trout,R,Resident,W,Wild Fish or Natural Production,TWISPW - Twisp River Weir (WDFW),WTRAP,Weir Trap,510,1
384.36F2B4DCAA,CGS13182.TW3,TWR - Lwr Twisp Rvr near MSRF Ponds,10/6/2013 11:24:04 PM,7/7/2017 3:48:30 AM,UPPER IN-STREAM ARRAY,UPPER IN-STREAM ARRAY,7/2/2013,7,Bull Trout,R,Resident,W,Wild Fish or Natural Production,TWISPW - Twisp River Weir (WDFW),WTRAP,Weir Trap,490,1
384.36F2B4DCAC,CGS13182.TW3,TWR - Lwr Twisp Rvr near MSRF Ponds,9/21/2013 8:02:31 PM,11/5/2015 12:04:56 AM,UPPER IN-STREAM ARRAY,LOWER IN-STREAM ARRAY,7/3/2013,7,Bull Trout,R,Resident,W,Wild Fish or Natural Production,TWISPW - Twisp River Weir (WDFW),WTRAP,Weir Trap,510,1
384.36F2B4DCAC,CGS13182.TW3,"WEA - Wells Dam, DCPUD Adult Ladders",6/12/2014 9:56:27 AM,6/12/2014 9:59:11 AM,RIGHT LADDER POOL 67,RIGHT LADDER POOL 68,7/3/2013,7,Bull Trout,R,Resident,W,Wild Fish or Natural Production,TWISPW - Twisp River Weir (WDFW),WTRAP,Weir Trap,510,1
384.36F2B4DCAD,CGS13182.TW3,TWR - Lwr Twisp Rvr near MSRF Ponds,9/17/2013 4:07:23 AM,6/28/2015 10:10:51 PM,UPPER IN-STREAM ARRAY,UPPER IN-STREAM ARRAY,7/10/2013,7,Bull Trout,R,Resident,W,Wild Fish or Natural Production,TWISPW - Twisp River Weir (WDFW),WTRAP,Weir Trap,580,1
384.36F2B4DCAF,CGS13182.TW3,LMR - Lower Methow River at Pateros,9/26/2013 10:46:43 PM,9/27/2013 4:01:41 AM,UPSTREAM FULL-WIDTH ARRAY,UPSTREAM FULL-WIDTH ARRAY,7/9/2013,7,Bull Trout,R,Resident,W,Wild Fish or Natural Production,TWISPW - Twisp River Weir (WDFW),WTRAP,Weir Trap,610,1
384.36F2B4DCAF,CGS13182.TW3,TWR - Lwr Twisp Rvr near MSRF Ponds,9/22/2013 3:30:18 AM,9/22/2013 3:30:25 AM,UPPER IN-STREAM ARRAY,LOWER IN-STREAM ARRAY,7/9/2013,7,Bull Trout,R,Resident,W,Wild Fish or Natural Production,TWISPW - Twisp River Weir (WDFW),WTRAP,Weir Trap,610,1
384.36F2B4DCBB,CGS13182.TW3,LMR - Lower Methow River at Pateros,9/21/2015 12:07:54 AM,10/8/2016 2:18:08 PM,DOWNSTREAM FULL-WIDTH ARRAY,UPSTREAM FULL-WIDTH ARRAY,7/7/2013,7,Bull Trout,R,Resident,W,Wild Fish or Natural Production,TWISPW - Twisp River Weir (WDFW),WTRAP,Weir Trap,560,1
384.36F2B4DCBB,CGS13182.TW3,TWR - Lwr Twisp Rvr near MSRF Ponds,7/12/2013 9:05:28 PM,9/18/2017 2:36:51 AM,LOWER IN-STREAM ARRAY,UPPER IN-STREAM ARRAY,7/7/2013,7,Bull Trout,R,Resident,W,Wild Fish or Natural Production,TWISPW - Twisp River Weir (WDFW),WTRAP,Weir Trap,560,1
384.36F2B4DCC1,CGS13182.TW3,"GLC - Gold Creek, Methow River",6/12/2015 3:09:36 AM,6/12/2015 3:09:36 AM,UPPER IN-STREAM ARRAY,UPPER IN-STREAM ARRAY,7/9/2013,7,Bull Trout,R,Resident,W,Wild Fish or Natural Production,TWISPW - Twisp River Weir (WDFW),WTRAP,Weir Trap,560,1
384.36F2B4DCC1,CGS13182.TW3,TWR - Lwr Twisp Rvr near MSRF Ponds,9/30/2013 3:25:29 AM,6/23/2015 1:54:13 AM,UPPER IN-STREAM ARRAY,UPPER IN-STREAM ARRAY,7/9/2013,7,Bull Trout,R,Resident,W,Wild Fish or Natural Production,TWISPW - Twisp River Weir (WDFW),WTRAP,Weir Trap,560,1
384.36F2B4DCC2,CGS13182.TW3,TWR - Lwr Twisp Rvr near MSRF Ponds,10/6/2013 7:27:07 PM,7/4/2017 11:53:52 PM,UPPER IN-STREAM ARRAY,UPPER IN-STREAM ARRAY,7/23/2013,7,Bull Trout,R,Resident,W,Wild Fish or Natural Production,TWISPW - Twisp River Weir (WDFW),WTRAP,Weir Trap,620,1
384.36F2B4DCC3,CGS13182.TW3,TWR - Lwr Twisp Rvr near MSRF Ponds,7/21/2013 5:54:30 AM,7/21/2013 5:54:36 AM,UPPER IN-STREAM ARRAY,LOWER IN-STREAM ARRAY,7/7/2013,7,Bull Trout,R,Resident,W,Wild Fish or Natural Production,TWISPW - Twisp River Weir (WDFW),WTRAP,Weir Trap,540,1
384.3B239883CA,FWE14074.3D5,3D1 - Top of 3D Side Channel,7/31/2014 12:26:00 AM,8/17/2014 1:08:00 PM,Pass Through Antenna,Pass Through Antenna,3/15/2014,7,Bull Trout,R,Resident,W,Wild Fish or Natural Production,ENTIAR - Entiat River,DIPNET,Dip Net,182,1
384.3B2398EADD,CSS14108.HA3,ENL - Lower Entiat River,4/20/2014 12:24:34 PM,4/20/2014 5:07:35 PM,LOWER IN-STREAM ARRAY,UPPER IN-STREAM ARRAY,4/18/2014,7,Bull Trout,R,Resident,W,Wild Fish or Natural Production,ENTIAR - Entiat River,SCREWT,Screw Trap,200,1
384.3B23991DD7,TLM13285.AAZ,CHU - Upper Chiwawa River,6/5/2018 6:23:07 AM,6/5/2018 6:23:07 AM,LOWER IN-STREAM ARRAY,LOWER IN-STREAM ARRAY,10/14/2013,7,Bull Trout,R,Resident,W,Wild Fish or Natural Production,"CHIWAT - Chiwawa River Trap, 0.5 km below CHIP acclimation pond",SCREWT,Screw Trap,212,1
384.3B23991DD7,TLM13285.AAZ,UWE - Upper Wenatchee River,4/30/2018 10:26:04 PM,4/30/2018 10:26:04 PM,IN-STREAM ARRAY,IN-STREAM ARRAY,10/14/2013,7,Bull Trout,R,Resident,W,Wild Fish or Natural Production,"CHIWAT - Chiwawa River Trap, 0.5 km below CHIP acclimation pond",SCREWT,Screw Trap,212,1
384.3B239985EF,MCB14189.BLT,ICL - Lower Icicle Instream Array,8/11/2014 9:23:49 PM,8/11/2014 9:23:49 PM,INSTREAM ARRAY,INSTREAM ARRAY,7/10/2014,7,Bull Trout,R,Resident,W,Wild Fish or Natural Production,ICICLC - Icicle Creek,HOOK,Hook and Line,250,1
384.3B23999E21,MCB15105.BLT,ICM - Middle Icicle Instream Array,8/3/2015 8:57:48 AM,8/3/2015 9:07:41 AM,Downstream Array,Upstream Array,7/31/2015,7,Bull Trout,R,Resident,W,Wild Fish or Natural Production,ICICLC - Icicle Creek,DIPNET,Dip Net,292,1
384.3B2399AA56,MCB15105.BLT,ICL - Lower Icicle Instream Array,10/29/2015 2:08:50 AM,10/29/2015 2:08:50 AM,Downstream Array,Downstream Array,10/9/2015,7,Bull Trout,R,Resident,W,Wild Fish or Natural Production,ICICLC - Icicle Creek,DIPNET,Dip Net,293,1
384.3B2399AA56,MCB15105.BLT,ICM - Middle Icicle Instream Array,10/9/2015 8:35:42 PM,10/9/2015 8:40:09 PM,Downstream Array,Upstream Array,10/9/2015,7,Bull Trout,R,Resident,W,Wild Fish or Natural Production,ICICLC - Icicle Creek,DIPNET,Dip Net,293,1
384.3B2399B8EE,MCB15105.BLT,ICL - Lower Icicle Instream Array,7/22/2016 10:35:11 PM,8/11/2016 11:18:40 PM,Downstream Array,Upstream Array,8/20/2015,7,Bull Trout,R,Resident,W,Wild Fish or Natural Production,ICICLC - Icicle Creek,DIPNET,Dip Net,282,1
384.3B2399B8EE,MCB15105.BLT,ICM - Middle Icicle Instream Array,7/26/2016 11:42:01 AM,7/26/2016 11:42:01 AM,Upstream Array,Upstream Array,8/20/2015,7,Bull Trout,R,Resident,W,Wild Fish or Natural Production,ICICLC - Icicle Creek,DIPNET,Dip Net,282,1
384.3B2399B8EE,MCB15105.BLT,RRF - Rocky Reach Fishway,12/3/2015 4:04:59 PM,12/3/2015 4:37:53 PM,Lower Weir,Upper Weir,8/20/2015,7,Bull Trout,R,Resident,W,Wild Fish or Natural Production,ICICLC - Icicle Creek,DIPNET,Dip Net,282,1
384.3B239A1F40,RDN13001.LBT,ICL - Lower Icicle Instream Array,8/17/2013 2:14:53 AM,8/17/2013 2:14:53 AM,INSTREAM ARRAY,INSTREAM ARRAY,8/16/2013,7,Bull Trout,R,Resident,W,Wild Fish or Natural Production,LEAV - Leavenworth National Fish Hatchery,DIPNET,Dip Net,238,1
384.3B239A1F40,RDN13001.LBT,PES - Peshastin Creek,8/20/2013 3:34:39 AM,9/14/2014 8:33:14 PM,LOWER IN-STREAM ARRAY,LOWER IN-STREAM ARRAY,8/16/2013,7,Bull Trout,R,Resident,W,Wild Fish or Natural Production,LEAV - Leavenworth National Fish Hatchery,DIPNET,Dip Net,238,1
384.3B239A35E5,MCB16162.BLT,ICL - Lower Icicle Instream Array,5/19/2023 4:44:47 AM,5/19/2023 5:02:22 AM,Upstream Array,Downstream Array,6/29/2016,7,Bull Trout,R,Resident,W,Wild Fish or Natural Production,LEAV - Leavenworth National Fish Hatchery,DIPNET,Dip Net,268,1
384.3B239A42D4,MCB15105.BLT,CHW - Chiwaukum Creek,7/26/2016 5:18:21 AM,6/25/2018 3:21:35 AM,DOWNSTREAM ARRAY,UPSTREAM ARRAY,9/30/2015,7,Bull Trout,R,Resident,W,Wild Fish or Natural Production,ICICLC - Icicle Creek,DIPNET,Dip Net,273,1
384.3B239A42D4,MCB15105.BLT,ICL - Lower Icicle Instream Array,9/30/2015 9:29:19 PM,9/30/2015 9:29:36 PM,Upstream Array,Downstream Array,9/30/2015,7,Bull Trout,R,Resident,W,Wild Fish or Natural Production,ICICLC - Icicle Creek,DIPNET,Dip Net,273,1
384.3B239A42D4,MCB15105.BLT,TUF - Tumwater Dam Adult Fishway,6/28/2016 5:00:29 PM,6/28/2016 5:03:49 PM,WEIR 14,WEIR 17,9/30/2015,7,Bull Trout,R,Resident,W,Wild Fish or Natural Production,ICICLC - Icicle Creek,DIPNET,Dip Net,273,1
384.3B239A6206,MCB15105.BLT,ICL - Lower Icicle Instream Array,8/1/2015 9:00:12 PM,8/28/2015 6:06:03 PM,Upstream Array,Upstream Array,7/31/2015,7,Bull Trout,R,Resident,W,Wild Fish or Natural Production,ICICLC - Icicle Creek,DIPNET,Dip Net,298,1
384.3B239A71EB,MCB15105.BLT,CHL - Lower Chiwawa River,7/29/2016 10:39:11 PM,8/25/2016 8:08:54 PM,LOWER IN-STREAM ARRAY,UPPER IN-STREAM ARRAY,10/22/2015,7,Bull Trout,R,Resident,W,Wild Fish or Natural Production,ICICLC - Icicle Creek,DIPNET,Dip Net,269,1
384.3B239A71EB,MCB15105.BLT,CHU - Upper Chiwawa River,7/11/2017 1:51:01 AM,7/11/2017 1:51:01 AM,UPPER IN-STREAM ARRAY,UPPER IN-STREAM ARRAY,10/22/2015,7,Bull Trout,R,Resident,W,Wild Fish or Natural Production,ICICLC - Icicle Creek,DIPNET,Dip Net,269,1
384.3B239A71EB,MCB15105.BLT,ICL - Lower Icicle Instream Array,10/22/2015 10:30:54 PM,6/26/2016 8:52:24 PM,Upstream Array,Downstream Array,10/22/2015,7,Bull Trout,R,Resident,W,Wild Fish or Natural Production,ICICLC - Icicle Creek,DIPNET,Dip Net,269,1
384.3B239A71EB,MCB15105.BLT,TUF - Tumwater Dam Adult Fishway,7/6/2016 5:18:59 PM,7/11/2016 6:40:21 PM,WEIR 14,WEIR 17,10/22/2015,7,Bull Trout,R,Resident,W,Wild Fish or Natural Production,ICICLC - Icicle Creek,DIPNET,Dip Net,269,1
384.3B239A78B9,MCB15105.BLT,ICL - Lower Icicle Instream Array,9/23/2015 10:49:00 PM,9/23/2015 10:49:18 PM,Upstream Array,Downstream Array,9/23/2015,7,Bull Trout,R,Resident,W,Wild Fish or Natural Production,ICICLC - Icicle Creek,DIPNET,Dip Net,290,1
384.3B239A796B,MCB15105.BLT,ICL - Lower Icicle Instream Array,8/5/2015 10:38:25 PM,8/5/2015 10:38:42 PM,Upstream Array,Downstream Array,7/31/2015,7,Bull Trout,R,Resident,W,Wild Fish or Natural Production,ICICLC - Icicle Creek,DIPNET,Dip Net,183,1
384.3B239A7B05,MCB15105.BLT,ICL - Lower Icicle Instream Array,9/11/2015 3:19:23 AM,9/11/2015 3:20:08 AM,Upstream Array,Downstream Array,9/10/2015,7,Bull Trout,R,Resident,W,Wild Fish or Natural Production,ICICLC - Icicle Creek,DIPNET,Dip Net,247,1
384.3B239A7B41,RDN13001.LBT,PES - Peshastin Creek,8/11/2013 8:57:12 PM,9/6/2013 3:03:23 AM,LOWER IN-STREAM ARRAY,LOWER IN-STREAM ARRAY,8/7/2013,7,Bull Trout,R,Resident,W,Wild Fish or Natural Production,LEAV - Leavenworth National Fish Hatchery,DIPNET,Dip Net,218,1
384.3B239A8B16,RDN13001.LBT,ICL - Lower Icicle Instream Array,8/14/2013 12:47:12 AM,8/14/2013 12:47:12 AM,INSTREAM ARRAY,INSTREAM ARRAY,8/7/2013,7,Bull Trout,R,Resident,W,Wild Fish or Natural Production,LEAV - Leavenworth National Fish Hatchery,DIPNET,Dip Net,223,1
384.3B239A93C5,MCB16162.BLT,ICL - Lower Icicle Instream Array,10/23/2016 6:06:55 AM,10/23/2016 6:07:20 AM,Upstream Array,Downstream Array,10/14/2016,7,Bull Trout,R,Resident,W,Wild Fish or Natural Production,LEAV - Leavenworth National Fish Hatchery,DIPNET,Dip Net,312,1
384.3B239A957E,MCB15105.BLT,CHW - Chiwaukum Creek,7/25/2017 11:56:24 PM,7/14/2018 12:44:50 AM,DOWNSTREAM ARRAY,UPSTREAM ARRAY,9/3/2015,7,Bull Trout,R,Resident,W,Wild Fish or Natural Production,ICICLC - Icicle Creek,DIPNET,Dip Net,292,1
384.3B239A957E,MCB15105.BLT,ICL - Lower Icicle Instream Array,7/13/2016 2:03:44 AM,8/19/2016 8:32:41 PM,Downstream Array,Downstream Array,9/3/2015,7,Bull Trout,R,Resident,W,Wild Fish or Natural Production,ICICLC - Icicle Creek,DIPNET,Dip Net,292,1
384.3B239A957E,MCB15105.BLT,ICM - Middle Icicle Instream Array,7/15/2016 10:21:21 PM,8/15/2016 9:30:35 PM,Downstream Array,Downstream Array,9/3/2015,7,Bull Trout,R,Resident,W,Wild Fish or Natural Production,ICICLC - Icicle Creek,DIPNET,Dip Net,292,1
384.3B239A957E,MCB15105.BLT,TUF - Tumwater Dam Adult Fishway,7/11/2017 9:15:34 AM,7/12/2018 4:30:38 AM,High Flow Ladder Entrance,WEIR 17,9/3/2015,7,Bull Trout,R,Resident,W,Wild Fish or Natural Production,ICICLC - Icicle Creek,DIPNET,Dip Net,292,1
384.3B239A9710,MCB15105.BLT,ICL - Lower Icicle Instream Array,9/1/2015 8:56:24 PM,9/1/2015 8:56:24 PM,Downstream Array,Downstream Array,8/27/2015,7,Bull Trout,R,Resident,W,Wild Fish or Natural Production,ICICLC - Icicle Creek,DIPNET,Dip Net,310,1
384.3B239A9E0D,RDN12269.LBT,ICL - Lower Icicle Instream Array,7/21/2013 2:58:34 AM,7/21/2013 2:58:34 AM,INSTREAM ARRAY,INSTREAM ARRAY,10/2/2012,7,Bull Trout,R,Resident,W,Wild Fish or Natural Production,LEAV - Leavenworth National Fish Hatchery,DIPNET,Dip Net,189,1
384.3B239AA44E,MCB15105.BLT,ICL - Lower Icicle Instream Array,9/23/2015 8:43:57 PM,9/23/2015 8:43:57 PM,Downstream Array,Downstream Array,9/23/2015,7,Bull Trout,R,Resident,W,Wild Fish or Natural Production,ICICLC - Icicle Creek,DIPNET,Dip Net,289,1
384.3B239AC9B2,CMK13318.BAD,NAL - Lower Nason Creek,5/15/2018 8:53:17 AM,9/25/2018 11:21:11 PM,LOWER IN-STREAM ARRAY,UPPER IN-STREAM ARRAY,11/16/2013,7,Bull Trout,R,Resident,W,Wild Fish or Natural Production,NASONC - Nason Creek (tributary to Wenatchee River),SCREWT,Screw Trap,268,1
384.3B239AC9B2,CMK13318.BAD,NAU - Upper Nason Creek,7/23/2018 2:27:47 AM,9/23/2018 6:40:13 PM,LOWER IN-STREAM ARRAY,LOWER IN-STREAM ARRAY,11/16/2013,7,Bull Trout,R,Resident,W,Wild Fish or Natural Production,NASONC - Nason Creek (tributary to Wenatchee River),SCREWT,Screw Trap,268,1
384.3B23A51CA1,TNA15286.H11,HSM - Hancock Springs Middle,10/13/2015 8:29:10 PM,10/13/2015 8:29:11 PM,Hancock Springs 02,Hancock Springs 02,NA,7,Bull Trout,R,Resident,W,Wild Fish or Natural Production,- Unknown,SHOCK,Electro-Shock,117,1
384.3B23A51CA1,TNA15286.H11,HSU - Hancock Springs Upper,10/13/2015 7:23:01 PM,10/13/2015 7:23:01 PM,Hancock Springs 01,Hancock Springs 01,NA,7,Bull Trout,R,Resident,W,Wild Fish or Natural Production,- Unknown,SHOCK,Electro-Shock,117,1
384.3B23A51CA1,TNA15286.H11,LMR - Lower Methow River at Pateros,11/4/2016 4:58:38 PM,11/4/2016 4:59:04 PM,DOWNSTREAM FULL-WIDTH ARRAY,DOWNSTREAM FULL-WIDTH ARRAY,NA,7,Bull Trout,R,Resident,W,Wild Fish or Natural Production,- Unknown,SHOCK,Electro-Shock,117,1
384.3B23A51CA1,TNA15286.H11,MRC - Methow River at Carlton,10/8/2016 6:20:20 PM,7/19/2017 8:48:46 PM,Single Array,Single Array,NA,7,Bull Trout,R,Resident,W,Wild Fish or Natural Production,- Unknown,SHOCK,Electro-Shock,117,1
384.3B23A51CA1,TNA15286.H11,MRW - Methow River at Winthrop,11/3/2015 2:45:52 AM,11/3/2015 2:45:52 AM,DOWNSTREAM ARRAY,DOWNSTREAM ARRAY,NA,7,Bull Trout,R,Resident,W,Wild Fish or Natural Production,- Unknown,SHOCK,Electro-Shock,117,1
384.3B23A51CA1,TNA15286.H11,MSH - Methow Fish Hatchery Outfall,11/3/2015 6:35:51 PM,11/4/2015 7:09:38 PM,Trap,Trap,NA,7,Bull Trout,R,Resident,W,Wild Fish or Natural Production,- Unknown,SHOCK,Electro-Shock,117,1
384.3B23A55F7C,TNA15281.H23,HSU - Hancock Springs Upper,10/7/2015 8:09:51 PM,1/6/2016 3:08:32 AM,Hancock Springs 01,Hancock Springs 01,NA,7,Bull Trout,R,Resident,W,Wild Fish or Natural Production,- Unknown,SHOCK,Electro-Shock,163,1
384.3B23A70167,TNA15231.H23,HSL - Hancock Springs Lower,8/27/2015 10:04:20 PM,9/12/2015 9:21:53 PM,Hancock Springs 03,Hancock Springs 03,NA,7,Bull Trout,R,Resident,W,Wild Fish or Natural Production,- Unknown,SHOCK,Electro-Shock,160,1
384.3B23A70167,TNA15231.H23,HSM - Hancock Springs Middle,8/21/2015 9:58:39 PM,8/21/2015 9:59:20 PM,Hancock Springs 02,Hancock Springs 02,NA,7,Bull Trout,R,Resident,W,Wild Fish or Natural Production,- Unknown,SHOCK,Electro-Shock,160,1
384.3B23A70167,TNA15231.H23,HSU - Hancock Springs Upper,8/19/2015 2:20:02 PM,8/21/2015 9:22:34 PM,Hancock Springs 01,Hancock Springs 01,NA,7,Bull Trout,R,Resident,W,Wild Fish or Natural Production,- Unknown,SHOCK,Electro-Shock,160,1
384.3B23AC8903,CSS14072.HB4,RRJ - Rocky Reach Dam Juvenile,4/18/2014 6:20:42 PM,4/18/2014 6:20:42 PM,DSM BYPASS SURFACE COLLECTOR,DSM BYPASS SURFACE COLLECTOR,3/14/2014,7,Bull Trout,R,Resident,W,Wild Fish or Natural Production,ENTIAR - Entiat River,SCREWT,Screw Trap,179,1
384.3B23ACA8C7,CSS14073.HB4,ENL - Lower Entiat River,8/18/2014 8:29:59 PM,8/18/2014 8:29:59 PM,UPPER IN-STREAM ARRAY,UPPER IN-STREAM ARRAY,3/14/2014,7,Bull Trout,R,Resident,W,Wild Fish or Natural Production,ENTIAR - Entiat River,SCREWT,Screw Trap,221,1
384.3B23ACA9E5,CGS14298.LAI,TWR - Lwr Twisp Rvr near MSRF Ponds,10/25/2014 11:43:32 AM,10/25/2014 6:50:33 PM,LOWER IN-STREAM ARRAY,UPPER IN-STREAM ARRAY,10/25/2014,7,Bull Trout,R,Resident,W,Wild Fish or Natural Production,TWISPR - Twisp River,SCREWT,Screw Trap,262,1
384.3B23B09739,NBD14258.AAZ,CHL - Lower Chiwawa River,9/17/2014 7:21:27 PM,9/17/2014 7:22:21 PM,UPPER IN-STREAM ARRAY,LOWER IN-STREAM ARRAY,9/15/2014,7,Bull Trout,R,Resident,W,Wild Fish or Natural Production,"CHIWAT - Chiwawa River Trap, 0.5 km below CHIP acclimation pond",SCREWT,Screw Trap,252,1
384.3B23B097CC,NBD14246.AAZ,CHL - Lower Chiwawa River,9/3/2014 2:17:25 PM,9/3/2014 3:17:56 PM,LOWER IN-STREAM ARRAY,UPPER IN-STREAM ARRAY,9/3/2014,7,Bull Trout,R,Resident,W,Wild Fish or Natural Production,"CHIWAT - Chiwawa River Trap, 0.5 km below CHIP acclimation pond",SCREWT,Screw Trap,243,1
384.3B23B097F6,TLM13324.AAZ,CHL - Lower Chiwawa River,11/27/2013 5:03:21 AM,11/27/2013 5:03:21 AM,LOWER IN-STREAM ARRAY,LOWER IN-STREAM ARRAY,11/20/2013,7,Bull Trout,R,Resident,W,Wild Fish or Natural Production,"CHIWAT - Chiwawa River Trap, 0.5 km below CHIP acclimation pond",SCREWT,Screw Trap,176,1
384.3B23B097F6,TLM13324.AAZ,UWE - Upper Wenatchee River,11/29/2013 5:30:07 PM,11/29/2013 5:30:07 PM,IN-STREAM ARRAY,IN-STREAM ARRAY,11/20/2013,7,Bull Trout,R,Resident,W,Wild Fish or Natural Production,"CHIWAT - Chiwawa River Trap, 0.5 km below CHIP acclimation pond",SCREWT,Screw Trap,176,1
384.3B23B0A004,NBD14263.AAZ,UWE - Upper Wenatchee River,9/20/2014 9:10:34 PM,9/20/2014 9:10:34 PM,IN-STREAM ARRAY,IN-STREAM ARRAY,9/22/2014,7,Bull Trout,R,Resident,W,Wild Fish or Natural Production,"CHIWAT - Chiwawa River Trap, 0.5 km below CHIP acclimation pond",SCREWT,Screw Trap,525,1
384.3B23B0B41D,NBD14261.AAZ,UWE - Upper Wenatchee River,9/18/2014 8:53:07 PM,9/18/2014 8:53:07 PM,IN-STREAM ARRAY,IN-STREAM ARRAY,9/18/2014,7,Bull Trout,R,Resident,W,Wild Fish or Natural Production,"CHIWAT - Chiwawa River Trap, 0.5 km below CHIP acclimation pond",SCREWT,Screw Trap,490,1
384.3B23B0B47E,NBD14261.AAZ,CHL - Lower Chiwawa River,9/18/2014 11:28:51 AM,9/18/2014 11:28:51 AM,LOWER IN-STREAM ARRAY,LOWER IN-STREAM ARRAY,9/18/2014,7,Bull Trout,R,Resident,W,Wild Fish or Natural Production,"CHIWAT - Chiwawa River Trap, 0.5 km below CHIP acclimation pond",SCREWT,Screw Trap,243,1
384.3B23B0B47E,NBD14261.AAZ,UWE - Upper Wenatchee River,9/19/2014 7:04:15 PM,9/19/2014 7:04:15 PM,IN-STREAM ARRAY,IN-STREAM ARRAY,9/18/2014,7,Bull Trout,R,Resident,W,Wild Fish or Natural Production,"CHIWAT - Chiwawa River Trap, 0.5 km below CHIP acclimation pond",SCREWT,Screw Trap,243,1
384.3B23B0B4BE,NBD14260.AAZ,CHL - Lower Chiwawa River,7/26/2021 9:55:06 AM,7/26/2021 9:55:06 AM,UPPER IN-STREAM ARRAY,UPPER IN-STREAM ARRAY,9/17/2014,7,Bull Trout,R,Resident,W,Wild Fish or Natural Production,"CHIWAT - Chiwawa River Trap, 0.5 km below CHIP acclimation pond",SCREWT,Screw Trap,250,1
384.3B23B0B4BE,NBD14260.AAZ,CHU - Upper Chiwawa River,10/2/2018 11:11:18 PM,9/29/2020 10:12:58 PM,LOWER IN-STREAM ARRAY,LOWER IN-STREAM ARRAY,9/17/2014,7,Bull Trout,R,Resident,W,Wild Fish or Natural Production,"CHIWAT - Chiwawa River Trap, 0.5 km below CHIP acclimation pond",SCREWT,Screw Trap,250,1
384.3B23B0B4BE,NBD14260.AAZ,UWE - Upper Wenatchee River,9/17/2014 6:40:13 PM,9/30/2020 3:57:48 AM,IN-STREAM ARRAY,IN-STREAM ARRAY,9/17/2014,7,Bull Trout,R,Resident,W,Wild Fish or Natural Production,"CHIWAT - Chiwawa River Trap, 0.5 km below CHIP acclimation pond",SCREWT,Screw Trap,250,1
384.3B23B0B512,NBD14248.AAZ,CHU - Upper Chiwawa River,5/31/2016 9:11:40 PM,5/31/2016 9:11:40 PM,LOWER IN-STREAM ARRAY,LOWER IN-STREAM ARRAY,9/5/2014,7,Bull Trout,R,Resident,W,Wild Fish or Natural Production,"CHIWAT - Chiwawa River Trap, 0.5 km below CHIP acclimation pond",SCREWT,Screw Trap,435,1
384.3B23B0B512,NBD14248.AAZ,UWE - Upper Wenatchee River,9/12/2014 1:32:28 AM,1/2/2016 1:11:11 AM,IN-STREAM ARRAY,IN-STREAM ARRAY,9/5/2014,7,Bull Trout,R,Resident,W,Wild Fish or Natural Production,"CHIWAT - Chiwawa River Trap, 0.5 km below CHIP acclimation pond",SCREWT,Screw Trap,435,1
384.3B23B0B7C1,NBD14239.AAZ,CHL - Lower Chiwawa River,8/27/2014 7:35:01 PM,8/27/2014 7:36:29 PM,LOWER IN-STREAM ARRAY,UPPER IN-STREAM ARRAY,8/27/2014,7,Bull Trout,R,Resident,W,Wild Fish or Natural Production,"CHIWAT - Chiwawa River Trap, 0.5 km below CHIP acclimation pond",SCREWT,Screw Trap,275,1
384.3B23B0B803,NBD14248.AAZ,UWE - Upper Wenatchee River,9/5/2014 11:43:55 PM,9/5/2014 11:43:55 PM,IN-STREAM ARRAY,IN-STREAM ARRAY,9/5/2014,7,Bull Trout,R,Resident,W,Wild Fish or Natural Production,"CHIWAT - Chiwawa River Trap, 0.5 km below CHIP acclimation pond",SCREWT,Screw Trap,241,1
384.3B23B0C261,NBD14258.AAZ,CHL - Lower Chiwawa River,9/15/2014 1:42:23 PM,9/15/2014 1:42:23 PM,UPPER IN-STREAM ARRAY,UPPER IN-STREAM ARRAY,9/15/2014,7,Bull Trout,R,Resident,W,Wild Fish or Natural Production,"CHIWAT - Chiwawa River Trap, 0.5 km below CHIP acclimation pond",SCREWT,Screw Trap,249,1
384.3B23B0C296,NBD14258.AAZ,CHU - Upper Chiwawa River,9/30/2017 9:38:07 PM,9/30/2017 9:38:07 PM,UPPER IN-STREAM ARRAY,UPPER IN-STREAM ARRAY,9/15/2014,7,Bull Trout,R,Resident,W,Wild Fish or Natural Production,"CHIWAT - Chiwawa River Trap, 0.5 km below CHIP acclimation pond",SCREWT,Screw Trap,245,1
384.3B23B0C296,NBD14258.AAZ,NAL - Lower Nason Creek,6/15/2016 11:56:56 PM,3/27/2018 10:25:56 PM,UPPER IN-STREAM ARRAY,UPPER IN-STREAM ARRAY,9/15/2014,7,Bull Trout,R,Resident,W,Wild Fish or Natural Production,"CHIWAT - Chiwawa River Trap, 0.5 km below CHIP acclimation pond",SCREWT,Screw Trap,245,1
384.3B23B0C296,NBD14258.AAZ,UWE - Upper Wenatchee River,9/16/2014 7:22:32 PM,10/1/2017 10:08:24 PM,IN-STREAM ARRAY,IN-STREAM ARRAY,9/15/2014,7,Bull Trout,R,Resident,W,Wild Fish or Natural Production,"CHIWAT - Chiwawa River Trap, 0.5 km below CHIP acclimation pond",SCREWT,Screw Trap,245,1
384.3B23B0C323,NBD14261.AAZ,UWE - Upper Wenatchee River,9/19/2014 11:42:49 PM,9/20/2014 5:36:05 AM,IN-STREAM ARRAY,IN-STREAM ARRAY,9/18/2014,7,Bull Trout,R,Resident,W,Wild Fish or Natural Production,"CHIWAT - Chiwawa River Trap, 0.5 km below CHIP acclimation pond",SCREWT,Screw Trap,560,1
384.3B23B0D00A,TLM12297.AFZ,UWE - Upper Wenatchee River,12/4/2013 5:41:15 PM,12/4/2013 5:41:15 PM,IN-STREAM ARRAY,IN-STREAM ARRAY,10/23/2012,7,Bull Trout,R,Resident,W,Wild Fish or Natural Production,CHIWAR - Chiwawa River,SHOCK,Electro-Shock,109,1
384.3B23B0D06E,NBD14262.AAZ,CHL - Lower Chiwawa River,6/28/2015 4:18:21 AM,6/28/2015 4:26:41 AM,LOWER IN-STREAM ARRAY,UPPER IN-STREAM ARRAY,9/19/2014,7,Bull Trout,R,Resident,W,Wild Fish or Natural Production,"CHIWAT - Chiwawa River Trap, 0.5 km below CHIP acclimation pond",SCREWT,Screw Trap,219,1
384.3B23B0D0C1,TLM13324.AAZ,UWE - Upper Wenatchee River,11/23/2013 3:34:07 AM,11/23/2013 3:42:07 AM,IN-STREAM ARRAY,IN-STREAM ARRAY,11/20/2013,7,Bull Trout,R,Resident,W,Wild Fish or Natural Production,"CHIWAT - Chiwawa River Trap, 0.5 km below CHIP acclimation pond",SCREWT,Screw Trap,174,1
384.3B23B0D28F,NBD14254.AAZ,CHL - Lower Chiwawa River,6/17/2015 11:42:23 PM,9/26/2016 4:09:44 AM,LOWER IN-STREAM ARRAY,LOWER IN-STREAM ARRAY,9/11/2014,7,Bull Trout,R,Resident,W,Wild Fish or Natural Production,"CHIWAT - Chiwawa River Trap, 0.5 km below CHIP acclimation pond",SCREWT,Screw Trap,406,1
384.3B23B0D28F,NBD14254.AAZ,CHU - Upper Chiwawa River,6/21/2015 1:35:23 AM,9/26/2016 1:16:30 AM,LOWER IN-STREAM ARRAY,UPPER IN-STREAM ARRAY,9/11/2014,7,Bull Trout,R,Resident,W,Wild Fish or Natural Production,"CHIWAT - Chiwawa River Trap, 0.5 km below CHIP acclimation pond",SCREWT,Screw Trap,406,1
384.3B23B0D28F,NBD14254.AAZ,UWE - Upper Wenatchee River,11/20/2014 9:22:21 PM,12/13/2015 7:53:17 AM,IN-STREAM ARRAY,IN-STREAM ARRAY,9/11/2014,7,Bull Trout,R,Resident,W,Wild Fish or Natural Production,"CHIWAT - Chiwawa River Trap, 0.5 km below CHIP acclimation pond",SCREWT,Screw Trap,406,1
384.3B23B0E003,NBD14251.AAZ,UWE - Upper Wenatchee River,9/10/2014 7:40:15 PM,9/10/2014 7:40:15 PM,IN-STREAM ARRAY,IN-STREAM ARRAY,9/8/2014,7,Bull Trout,R,Resident,W,Wild Fish or Natural Production,"CHIWAT - Chiwawa River Trap, 0.5 km below CHIP acclimation pond",SCREWT,Screw Trap,225,1
384.3B23B0EAD9,NBD14246.AAZ,CHL - Lower Chiwawa River,7/14/2016 12:14:46 AM,8/30/2016 9:18:05 PM,LOWER IN-STREAM ARRAY,LOWER IN-STREAM ARRAY,9/3/2014,7,Bull Trout,R,Resident,W,Wild Fish or Natural Production,"CHIWAT - Chiwawa River Trap, 0.5 km below CHIP acclimation pond",SCREWT,Screw Trap,194,1
384.3B23B0EAD9,NBD14246.AAZ,CHW - Chiwaukum Creek,9/22/2014 8:59:15 AM,10/15/2014 10:53:14 PM,DOWNSTREAM ARRAY,DOWNSTREAM ARRAY,9/3/2014,7,Bull Trout,R,Resident,W,Wild Fish or Natural Production,"CHIWAT - Chiwawa River Trap, 0.5 km below CHIP acclimation pond",SCREWT,Screw Trap,194,1
384.3B23B0EAD9,NBD14246.AAZ,ENA - Upper Entiat River at rkm 17.1,8/26/2015 3:55:03 AM,10/30/2015 6:44:03 PM,DOWNSTREAM ANTENNA ARRAY,DOWNSTREAM ANTENNA ARRAY,9/3/2014,7,Bull Trout,R,Resident,W,Wild Fish or Natural Production,"CHIWAT - Chiwawa River Trap, 0.5 km below CHIP acclimation pond",SCREWT,Screw Trap,194,1
384.3B23B0EAD9,NBD14246.AAZ,ENF - Upper Entiat River at rkm 40.6,9/22/2015 8:14:51 AM,9/22/2015 2:17:39 PM,DOWNSTREAM ARRAY,DOWNSTREAM ARRAY,9/3/2014,7,Bull Trout,R,Resident,W,Wild Fish or Natural Production,"CHIWAT - Chiwawa River Trap, 0.5 km below CHIP acclimation pond",SCREWT,Screw Trap,194,1
384.3B23B0EAD9,NBD14246.AAZ,ENL - Lower Entiat River,8/22/2015 3:48:03 AM,8/22/2015 3:48:03 AM,UPPER IN-STREAM ARRAY,UPPER IN-STREAM ARRAY,9/3/2014,7,Bull Trout,R,Resident,W,Wild Fish or Natural Production,"CHIWAT - Chiwawa River Trap, 0.5 km below CHIP acclimation pond",SCREWT,Screw Trap,194,1
384.3B23B0EAD9,NBD14246.AAZ,ENM - Middle Entiat River,8/27/2015 11:18:33 PM,10/27/2015 8:02:45 PM,LOWER IN-STREAM ARRAY,UPPER IN-STREAM ARRAY,9/3/2014,7,Bull Trout,R,Resident,W,Wild Fish or Natural Production,"CHIWAT - Chiwawa River Trap, 0.5 km below CHIP acclimation pond",SCREWT,Screw Trap,194,1
384.3B23B0EAD9,NBD14246.AAZ,ENS - Upper Entiat River at rkm 35.7,8/29/2015 3:59:10 AM,10/6/2015 4:29:26 PM,DOWNSTREAM ARRAY,DOWNSTREAM ARRAY,9/3/2014,7,Bull Trout,R,Resident,W,Wild Fish or Natural Production,"CHIWAT - Chiwawa River Trap, 0.5 km below CHIP acclimation pond",SCREWT,Screw Trap,194,1
384.3B23B0EAD9,NBD14246.AAZ,NAL - Lower Nason Creek,7/11/2017 12:33:16 AM,7/11/2017 12:33:16 AM,UPPER IN-STREAM ARRAY,UPPER IN-STREAM ARRAY,9/3/2014,7,Bull Trout,R,Resident,W,Wild Fish or Natural Production,"CHIWAT - Chiwawa River Trap, 0.5 km below CHIP acclimation pond",SCREWT,Screw Trap,194,1
384.3B23B0EAD9,NBD14246.AAZ,NAU - Upper Nason Creek,7/13/2017 11:06:53 PM,7/13/2017 11:07:13 PM,LOWER IN-STREAM ARRAY,UPPER IN-STREAM ARRAY,9/3/2014,7,Bull Trout,R,Resident,W,Wild Fish or Natural Production,"CHIWAT - Chiwawa River Trap, 0.5 km below CHIP acclimation pond",SCREWT,Screw Trap,194,1
384.3B23B0EAD9,NBD14246.AAZ,RRF - Rocky Reach Fishway,11/18/2014 12:32:15 PM,12/4/2016 2:04:35 PM,Lower Weir,Upper Weir,9/3/2014,7,Bull Trout,R,Resident,W,Wild Fish or Natural Production,"CHIWAT - Chiwawa River Trap, 0.5 km below CHIP acclimation pond",SCREWT,Screw Trap,194,1
384.3B23B0EAD9,NBD14246.AAZ,TUF - Tumwater Dam Adult Fishway,7/8/2016 2:25:53 PM,7/5/2017 6:29:11 PM,WEIR 14,WEIR 17,9/3/2014,7,Bull Trout,R,Resident,W,Wild Fish or Natural Production,"CHIWAT - Chiwawa River Trap, 0.5 km below CHIP acclimation pond",SCREWT,Screw Trap,194,1
384.3B23B0EAD9,NBD14246.AAZ,UWE - Upper Wenatchee River,7/13/2016 1:14:43 AM,7/10/2017 2:58:47 AM,IN-STREAM ARRAY,IN-STREAM ARRAY,9/3/2014,7,Bull Trout,R,Resident,W,Wild Fish or Natural Production,"CHIWAT - Chiwawa River Trap, 0.5 km below CHIP acclimation pond",SCREWT,Screw Trap,194,1
384.3B23B0EAD9,NBD14246.AAZ,"WEA - Wells Dam, DCPUD Adult Ladders",12/1/2014 6:01:07 PM,12/3/2014 8:32:55 PM,RIGHT LADDER POOL 19,RIGHT LADDER POOL 19,9/3/2014,7,Bull Trout,R,Resident,W,Wild Fish or Natural Production,"CHIWAT - Chiwawa River Trap, 0.5 km below CHIP acclimation pond",SCREWT,Screw Trap,194,1
384.3B23B0EDD6,NBD14240.AAZ,CHL - Lower Chiwawa River,8/28/2014 9:40:06 PM,8/28/2014 9:40:06 PM,LOWER IN-STREAM ARRAY,LOWER IN-STREAM ARRAY,8/28/2014,7,Bull Trout,R,Resident,W,Wild Fish or Natural Production,"CHIWAT - Chiwawa River Trap, 0.5 km below CHIP acclimation pond",SCREWT,Screw Trap,123,1
384.3B23B0EEF2,NBD14262.AAZ,UWE - Upper Wenatchee River,9/19/2014 9:08:16 PM,9/19/2014 9:08:16 PM,IN-STREAM ARRAY,IN-STREAM ARRAY,9/19/2014,7,Bull Trout,R,Resident,W,Wild Fish or Natural Production,"CHIWAT - Chiwawa River Trap, 0.5 km below CHIP acclimation pond",SCREWT,Screw Trap,520,1
384.3B23B0FC7A,NBD14260.AAZ,UWE - Upper Wenatchee River,9/17/2014 10:53:23 PM,9/17/2014 10:53:23 PM,IN-STREAM ARRAY,IN-STREAM ARRAY,9/17/2014,7,Bull Trout,R,Resident,W,Wild Fish or Natural Production,"CHIWAT - Chiwawa River Trap, 0.5 km below CHIP acclimation pond",SCREWT,Screw Trap,242,1
384.3B23B0FC85,NBD14260.AAZ,CHL - Lower Chiwawa River,9/17/2014 7:02:18 PM,9/17/2014 7:45:28 PM,LOWER IN-STREAM ARRAY,UPPER IN-STREAM ARRAY,9/17/2014,7,Bull Trout,R,Resident,W,Wild Fish or Natural Production,"CHIWAT - Chiwawa River Trap, 0.5 km below CHIP acclimation pond",SCREWT,Screw Trap,590,1
384.3B23B10743,NBD14261.AAZ,CHL - Lower Chiwawa River,9/18/2014 11:19:03 AM,9/18/2014 7:32:28 PM,UPPER IN-STREAM ARRAY,LOWER IN-STREAM ARRAY,9/18/2014,7,Bull Trout,R,Resident,W,Wild Fish or Natural Production,"CHIWAT - Chiwawa River Trap, 0.5 km below CHIP acclimation pond",SCREWT,Screw Trap,182,1
384.3B23B10743,NBD14261.AAZ,UWE - Upper Wenatchee River,9/19/2014 12:47:02 AM,9/19/2014 12:47:02 AM,IN-STREAM ARRAY,IN-STREAM ARRAY,9/18/2014,7,Bull Trout,R,Resident,W,Wild Fish or Natural Production,"CHIWAT - Chiwawa River Trap, 0.5 km below CHIP acclimation pond",SCREWT,Screw Trap,182,1
384.3B23B107D1,NBD14157.AAZ,TUF - Tumwater Dam Adult Fishway,8/28/2014 12:03:53 PM,8/28/2014 12:22:36 PM,WEIR 14,WEIR 17,6/6/2014,7,Bull Trout,R,Resident,W,Wild Fish or Natural Production,"CHIWAT - Chiwawa River Trap, 0.5 km below CHIP acclimation pond",SCREWT,Screw Trap,172,1
384.3B23B1081B,NBD14239.AAZ,UWE - Upper Wenatchee River,8/28/2014 9:37:56 PM,8/28/2014 9:37:56 PM,IN-STREAM ARRAY,IN-STREAM ARRAY,8/27/2014,7,Bull Trout,R,Resident,W,Wild Fish or Natural Production,"CHIWAT - Chiwawa River Trap, 0.5 km below CHIP acclimation pond",SCREWT,Screw Trap,182,1
384.3B23B10976,NBD14246.AAZ,CHL - Lower Chiwawa River,8/29/2020 3:57:14 AM,8/1/2024 12:55:39 AM,UPPER IN-STREAM ARRAY,UPPER IN-STREAM ARRAY,9/3/2014,7,Bull Trout,R,Resident,W,Wild Fish or Natural Production,"CHIWAT - Chiwawa River Trap, 0.5 km below CHIP acclimation pond",SCREWT,Screw Trap,242,1
384.3B23B10976,NBD14246.AAZ,CHU - Upper Chiwawa River,8/31/2020 4:00:14 AM,8/2/2024 10:05:06 PM,LOWER IN-STREAM ARRAY,UPPER IN-STREAM ARRAY,9/3/2014,7,Bull Trout,R,Resident,W,Wild Fish or Natural Production,"CHIWAT - Chiwawa River Trap, 0.5 km below CHIP acclimation pond",SCREWT,Screw Trap,242,1
384.3B23B10976,NBD14246.AAZ,UWE - Upper Wenatchee River,9/5/2014 7:50:19 PM,9/5/2014 7:50:19 PM,IN-STREAM ARRAY,IN-STREAM ARRAY,9/3/2014,7,Bull Trout,R,Resident,W,Wild Fish or Natural Production,"CHIWAT - Chiwawa River Trap, 0.5 km below CHIP acclimation pond",SCREWT,Screw Trap,242,1
384.3B23B10976,NBD14246.AAZ,"WTL - White River, Wenatchee Basin",7/24/2018 5:29:49 AM,7/27/2024 9:48:39 PM,LOWER IN-STREAM ARRAY,UPPER IN-STREAM ARRAY,9/3/2014,7,Bull Trout,R,Resident,W,Wild Fish or Natural Production,"CHIWAT - Chiwawa River Trap, 0.5 km below CHIP acclimation pond",SCREWT,Screw Trap,242,1
384.3B23B10989,NBD14245.AAZ,CHU - Upper Chiwawa River,10/9/2017 1:15:18 AM,10/9/2017 1:15:29 AM,UPPER IN-STREAM ARRAY,LOWER IN-STREAM ARRAY,9/2/2014,7,Bull Trout,R,Resident,W,Wild Fish or Natural Production,"CHIWAT - Chiwawa River Trap, 0.5 km below CHIP acclimation pond",SCREWT,Screw Trap,234,1
384.3B23B10989,NBD14245.AAZ,UWE - Upper Wenatchee River,10/11/2017 1:30:01 AM,10/11/2017 1:30:01 AM,IN-STREAM ARRAY,IN-STREAM ARRAY,9/2/2014,7,Bull Trout,R,Resident,W,Wild Fish or Natural Production,"CHIWAT - Chiwawa River Trap, 0.5 km below CHIP acclimation pond",SCREWT,Screw Trap,234,1
384.3B23B10A2D,NBD14263.AAZ,CHL - Lower Chiwawa River,7/24/2015 11:06:39 PM,7/24/2015 11:07:04 PM,LOWER IN-STREAM ARRAY,UPPER IN-STREAM ARRAY,9/22/2014,7,Bull Trout,R,Resident,W,Wild Fish or Natural Production,"CHIWAT - Chiwawa River Trap, 0.5 km below CHIP acclimation pond",SCREWT,Screw Trap,570,1
384.3B23B10A2D,NBD14263.AAZ,CHU - Upper Chiwawa River,7/27/2015 1:51:42 AM,7/27/2015 1:52:14 AM,LOWER IN-STREAM ARRAY,UPPER IN-STREAM ARRAY,9/22/2014,7,Bull Trout,R,Resident,W,Wild Fish or Natural Production,"CHIWAT - Chiwawa River Trap, 0.5 km below CHIP acclimation pond",SCREWT,Screw Trap,570,1
384.3B23B10A2D,NBD14263.AAZ,UWE - Upper Wenatchee River,9/20/2014 9:58:13 PM,9/20/2014 9:58:13 PM,IN-STREAM ARRAY,IN-STREAM ARRAY,9/22/2014,7,Bull Trout,R,Resident,W,Wild Fish or Natural Production,"CHIWAT - Chiwawa River Trap, 0.5 km below CHIP acclimation pond",SCREWT,Screw Trap,570,1
384.3B23B10A48,NBD14246.AAZ,CHL - Lower Chiwawa River,9/3/2014 1:43:24 PM,9/7/2014 7:45:14 PM,LOWER IN-STREAM ARRAY,UPPER IN-STREAM ARRAY,9/3/2014,7,Bull Trout,R,Resident,W,Wild Fish or Natural Production,"CHIWAT - Chiwawa River Trap, 0.5 km below CHIP acclimation pond",SCREWT,Screw Trap,238,1
384.3B23B114E0,NBD14246.AAZ,CHW - Chiwaukum Creek,9/17/2014 2:24:50 PM,9/24/2014 5:03:15 PM,DOWNSTREAM ARRAY,DOWNSTREAM ARRAY,9/3/2014,7,Bull Trout,R,Resident,W,Wild Fish or Natural Production,"CHIWAT - Chiwawa River Trap, 0.5 km below CHIP acclimation pond",SCREWT,Screw Trap,210,1
384.3B23B11564,NBD14257.AAZ,CHU - Upper Chiwawa River,9/26/2017 9:53:30 PM,9/26/2017 9:53:38 PM,UPPER IN-STREAM ARRAY,LOWER IN-STREAM ARRAY,9/15/2014,7,Bull Trout,R,Resident,W,Wild Fish or Natural Production,"CHIWAT - Chiwawa River Trap, 0.5 km below CHIP acclimation pond",SCREWT,Screw Trap,252,1
384.3B23B11564,NBD14257.AAZ,UWE - Upper Wenatchee River,9/15/2014 4:21:31 AM,9/27/2017 8:40:59 PM,IN-STREAM ARRAY,IN-STREAM ARRAY,9/15/2014,7,Bull Trout,R,Resident,W,Wild Fish or Natural Production,"CHIWAT - Chiwawa River Trap, 0.5 km below CHIP acclimation pond",SCREWT,Screw Trap,252,1
384.3B23B115A0,NBD14248.AAZ,UWE - Upper Wenatchee River,9/6/2014 11:33:20 AM,9/6/2014 7:04:14 PM,IN-STREAM ARRAY,IN-STREAM ARRAY,9/5/2014,7,Bull Trout,R,Resident,W,Wild Fish or Natural Production,"CHIWAT - Chiwawa River Trap, 0.5 km below CHIP acclimation pond",SCREWT,Screw Trap,256,1
384.3B23B11EF1,NBD14234.AAZ,NAL - Lower Nason Creek,8/25/2014 4:41:03 AM,8/25/2014 8:30:44 PM,LOWER IN-STREAM ARRAY,LOWER IN-STREAM ARRAY,8/22/2014,7,Bull Trout,R,Resident,W,Wild Fish or Natural Production,"CHIWAT - Chiwawa River Trap, 0.5 km below CHIP acclimation pond",SCREWT,Screw Trap,161,1
384.3B23B11EF1,NBD14234.AAZ,"WTL - White River, Wenatchee Basin",10/20/2014 5:43:33 AM,10/20/2014 5:43:42 AM,UPPER IN-STREAM ARRAY,UPPER IN-STREAM ARRAY,8/22/2014,7,Bull Trout,R,Resident,W,Wild Fish or Natural Production,"CHIWAT - Chiwawa River Trap, 0.5 km below CHIP acclimation pond",SCREWT,Screw Trap,161,1
384.3B23B11F89,TLM13324.AAZ,UWE - Upper Wenatchee River,11/24/2013 7:12:03 AM,11/24/2013 5:00:03 PM,IN-STREAM ARRAY,IN-STREAM ARRAY,11/20/2013,7,Bull Trout,R,Resident,W,Wild Fish or Natural Production,"CHIWAT - Chiwawa River Trap, 0.5 km below CHIP acclimation pond",SCREWT,Screw Trap,180,1
384.3B23B12067,NBD14262.AAZ,UWE - Upper Wenatchee River,9/19/2014 9:18:35 PM,9/19/2014 9:18:35 PM,IN-STREAM ARRAY,IN-STREAM ARRAY,9/19/2014,7,Bull Trout,R,Resident,W,Wild Fish or Natural Production,"CHIWAT - Chiwawa River Trap, 0.5 km below CHIP acclimation pond",SCREWT,Screw Trap,620,1
384.3B23B12129,TNA15125.H12,HSL - Hancock Springs Lower,10/9/2015 12:28:19 AM,10/9/2015 5:04:37 AM,Hancock Springs 03,Hancock Springs 03,NA,7,Bull Trout,R,Resident,W,Wild Fish or Natural Production,- Unknown,SHOCK,Electro-Shock,139,1
384.3B23B12129,TNA15125.H12,HSM - Hancock Springs Middle,5/9/2015 2:18:03 AM,5/9/2015 2:18:03 AM,Hancock Springs 02,Hancock Springs 02,NA,7,Bull Trout,R,Resident,W,Wild Fish or Natural Production,- Unknown,SHOCK,Electro-Shock,139,1
384.3B23B12129,TNA15125.H12,HSU - Hancock Springs Upper,5/9/2015 12:01:12 AM,5/9/2015 12:01:46 AM,Hancock Springs 01,Hancock Springs 01,NA,7,Bull Trout,R,Resident,W,Wild Fish or Natural Production,- Unknown,SHOCK,Electro-Shock,139,1
384.3B23B12129,TNA15125.H12,MRW - Methow River at Winthrop,10/26/2015 6:00:04 PM,10/26/2015 6:00:04 PM,DOWNSTREAM ARRAY,DOWNSTREAM ARRAY,NA,7,Bull Trout,R,Resident,W,Wild Fish or Natural Production,- Unknown,SHOCK,Electro-Shock,139,1
384.3B23B1282D,NBD14231.AAZ,UWE - Upper Wenatchee River,8/21/2014 7:08:53 AM,8/21/2014 7:08:53 AM,IN-STREAM ARRAY,IN-STREAM ARRAY,8/19/2014,7,Bull Trout,R,Resident,W,Wild Fish or Natural Production,"CHIWAT - Chiwawa River Trap, 0.5 km below CHIP acclimation pond",SCREWT,Screw Trap,189,1
384.3B23B1285E,NBD14254.AAZ,UWE - Upper Wenatchee River,9/11/2014 11:10:45 PM,7/20/2015 3:40:56 AM,IN-STREAM ARRAY,IN-STREAM ARRAY,9/11/2014,7,Bull Trout,R,Resident,W,Wild Fish or Natural Production,"CHIWAT - Chiwawa River Trap, 0.5 km below CHIP acclimation pond",SCREWT,Screw Trap,280,1
384.3B23B13E3E,NBD14168.AAZ,CHL - Lower Chiwawa River,6/18/2014 7:03:44 AM,7/10/2024 8:51:38 PM,UPPER IN-STREAM ARRAY,UPPER IN-STREAM ARRAY,6/17/2014,7,Bull Trout,R,Resident,W,Wild Fish or Natural Production,"CHIWAT - Chiwawa River Trap, 0.5 km below CHIP acclimation pond",SCREWT,Screw Trap,210,1
384.3B23B13E3E,NBD14168.AAZ,CHU - Upper Chiwawa River,9/25/2018 3:27:44 AM,8/2/2020 10:16:01 PM,LOWER IN-STREAM ARRAY,LOWER IN-STREAM ARRAY,6/17/2014,7,Bull Trout,R,Resident,W,Wild Fish or Natural Production,"CHIWAT - Chiwawa River Trap, 0.5 km below CHIP acclimation pond",SCREWT,Screw Trap,210,1
384.3B23B13E3E,NBD14168.AAZ,UWE - Upper Wenatchee River,6/20/2014 1:28:47 PM,9/29/2019 9:30:12 PM,IN-STREAM ARRAY,IN-STREAM ARRAY,6/17/2014,7,Bull Trout,R,Resident,W,Wild Fish or Natural Production,"CHIWAT - Chiwawa River Trap, 0.5 km below CHIP acclimation pond",SCREWT,Screw Trap,210,1
384.3B23B13E3E,NBD14168.AAZ,"WTL - White River, Wenatchee Basin",7/29/2019 10:46:23 PM,8/19/2019 8:22:47 PM,LOWER IN-STREAM ARRAY,UPPER IN-STREAM ARRAY,6/17/2014,7,Bull Trout,R,Resident,W,Wild Fish or Natural Production,"CHIWAT - Chiwawa River Trap, 0.5 km below CHIP acclimation pond",SCREWT,Screw Trap,210,1
384.3B23B1402A,NBD14191.AAZ,UWE - Upper Wenatchee River,7/11/2014 2:35:19 PM,7/11/2014 2:35:19 PM,IN-STREAM ARRAY,IN-STREAM ARRAY,7/10/2014,7,Bull Trout,R,Resident,W,Wild Fish or Natural Production,"CHIWAT - Chiwawa River Trap, 0.5 km below CHIP acclimation pond",SCREWT,Screw Trap,195,1
384.3B23B14308,NBD14262.AAZ,CHL - Lower Chiwawa River,9/19/2014 11:39:17 AM,9/19/2014 7:06:32 PM,LOWER IN-STREAM ARRAY,LOWER IN-STREAM ARRAY,9/19/2014,7,Bull Trout,R,Resident,W,Wild Fish or Natural Production,"CHIWAT - Chiwawa River Trap, 0.5 km below CHIP acclimation pond",SCREWT,Screw Trap,237,1
384.3B23B14308,NBD14262.AAZ,CHU - Upper Chiwawa River,7/25/2017 4:01:28 AM,9/29/2017 2:17:37 AM,UPPER IN-STREAM ARRAY,LOWER IN-STREAM ARRAY,9/19/2014,7,Bull Trout,R,Resident,W,Wild Fish or Natural Production,"CHIWAT - Chiwawa River Trap, 0.5 km below CHIP acclimation pond",SCREWT,Screw Trap,237,1
384.3B23B14308,NBD14262.AAZ,UWE - Upper Wenatchee River,9/20/2014 2:35:50 AM,9/30/2017 4:47:17 AM,IN-STREAM ARRAY,IN-STREAM ARRAY,9/19/2014,7,Bull Trout,R,Resident,W,Wild Fish or Natural Production,"CHIWAT - Chiwawa River Trap, 0.5 km below CHIP acclimation pond",SCREWT,Screw Trap,237,1
384.3B23B14E69,NBD14257.AAZ,CHL - Lower Chiwawa River,9/30/2015 6:50:41 PM,9/30/2015 6:50:41 PM,UPPER IN-STREAM ARRAY,UPPER IN-STREAM ARRAY,9/15/2014,7,Bull Trout,R,Resident,W,Wild Fish or Natural Production,"CHIWAT - Chiwawa River Trap, 0.5 km below CHIP acclimation pond",SCREWT,Screw Trap,550,1
384.3B23B15154,TLM12298.AFZ,CHL - Lower Chiwawa River,2/17/2013 12:27:35 AM,7/9/2016 9:13:18 PM,LOWER IN-STREAM ARRAY,UPPER IN-STREAM ARRAY,10/24/2012,7,Bull Trout,R,Resident,W,Wild Fish or Natural Production,CHIWAR - Chiwawa River,SHOCK,Electro-Shock,142,1
384.3B23B15154,TLM12298.AFZ,CHU - Upper Chiwawa River,9/26/2016 9:55:07 PM,9/30/2018 8:45:16 PM,UPPER IN-STREAM ARRAY,LOWER IN-STREAM ARRAY,10/24/2012,7,Bull Trout,R,Resident,W,Wild Fish or Natural Production,CHIWAR - Chiwawa River,SHOCK,Electro-Shock,142,1
384.3B23B15154,TLM12298.AFZ,UWE - Upper Wenatchee River,6/19/2013 9:01:37 AM,10/2/2018 12:01:01 AM,IN-STREAM ARRAY,IN-STREAM ARRAY,10/24/2012,7,Bull Trout,R,Resident,W,Wild Fish or Natural Production,CHIWAR - Chiwawa River,SHOCK,Electro-Shock,142,1
384.3B23B1545B,NBD14244.AAZ,CHU - Upper Chiwawa River,9/28/2018 8:44:28 PM,9/28/2018 8:44:28 PM,LOWER IN-STREAM ARRAY,LOWER IN-STREAM ARRAY,9/1/2014,7,Bull Trout,R,Resident,W,Wild Fish or Natural Production,"CHIWAT - Chiwawa River Trap, 0.5 km below CHIP acclimation pond",SCREWT,Screw Trap,224,1
384.3B23B1545B,NBD14244.AAZ,UWE - Upper Wenatchee River,9/2/2014 7:42:13 PM,1/30/2019 11:07:36 PM,IN-STREAM ARRAY,IN-STREAM ARRAY,9/1/2014,7,Bull Trout,R,Resident,W,Wild Fish or Natural Production,"CHIWAT - Chiwawa River Trap, 0.5 km below CHIP acclimation pond",SCREWT,Screw Trap,224,1
384.3B23B15484,TLM13323.AAZ,CHL - Lower Chiwawa River,11/19/2013 7:13:13 PM,11/19/2013 9:48:04 PM,LOWER IN-STREAM ARRAY,LOWER IN-STREAM ARRAY,11/19/2013,7,Bull Trout,R,Resident,W,Wild Fish or Natural Production,"CHIWAT - Chiwawa River Trap, 0.5 km below CHIP acclimation pond",SCREWT,Screw Trap,226,1
384.3B23B15A24,NBD14243.AAZ,CHL - Lower Chiwawa River,8/31/2014 5:44:00 PM,9/1/2014 7:42:36 PM,LOWER IN-STREAM ARRAY,LOWER IN-STREAM ARRAY,8/31/2014,7,Bull Trout,R,Resident,W,Wild Fish or Natural Production,"CHIWAT - Chiwawa River Trap, 0.5 km below CHIP acclimation pond",SCREWT,Screw Trap,238,1
384.3B23B15A24,NBD14243.AAZ,CHU - Upper Chiwawa River,9/9/2017 10:37:02 PM,9/9/2017 10:37:02 PM,UPPER IN-STREAM ARRAY,UPPER IN-STREAM ARRAY,8/31/2014,7,Bull Trout,R,Resident,W,Wild Fish or Natural Production,"CHIWAT - Chiwawa River Trap, 0.5 km below CHIP acclimation pond",SCREWT,Screw Trap,238,1
384.3B23B15A24,NBD14243.AAZ,UWE - Upper Wenatchee River,5/2/2017 10:30:47 PM,9/11/2017 1:53:20 AM,IN-STREAM ARRAY,IN-STREAM ARRAY,8/31/2014,7,Bull Trout,R,Resident,W,Wild Fish or Natural Production,"CHIWAT - Chiwawa River Trap, 0.5 km below CHIP acclimation pond",SCREWT,Screw Trap,238,1
384.3B23B164BF,NBD14262.AAZ,UWE - Upper Wenatchee River,9/19/2014 9:34:00 PM,9/19/2014 9:34:00 PM,IN-STREAM ARRAY,IN-STREAM ARRAY,9/19/2014,7,Bull Trout,R,Resident,W,Wild Fish or Natural Production,"CHIWAT - Chiwawa River Trap, 0.5 km below CHIP acclimation pond",SCREWT,Screw Trap,540,1
384.3B23B16EEC,NBD14247.AAZ,CHL - Lower Chiwawa River,9/21/2015 10:51:20 PM,9/21/2015 10:51:20 PM,LOWER IN-STREAM ARRAY,LOWER IN-STREAM ARRAY,9/4/2014,7,Bull Trout,R,Resident,W,Wild Fish or Natural Production,"CHIWAT - Chiwawa River Trap, 0.5 km below CHIP acclimation pond",SCREWT,Screw Trap,530,1
384.3B23B16EEC,NBD14247.AAZ,CHU - Upper Chiwawa River,9/21/2015 5:02:54 AM,9/21/2015 5:32:40 AM,UPPER IN-STREAM ARRAY,LOWER IN-STREAM ARRAY,9/4/2014,7,Bull Trout,R,Resident,W,Wild Fish or Natural Production,"CHIWAT - Chiwawa River Trap, 0.5 km below CHIP acclimation pond",SCREWT,Screw Trap,530,1
384.3B23B16EEC,NBD14247.AAZ,UWE - Upper Wenatchee River,9/22/2015 2:31:13 AM,9/22/2015 2:31:13 AM,IN-STREAM ARRAY,IN-STREAM ARRAY,9/4/2014,7,Bull Trout,R,Resident,W,Wild Fish or Natural Production,"CHIWAT - Chiwawa River Trap, 0.5 km below CHIP acclimation pond",SCREWT,Screw Trap,530,1
384.3B23B17734,NBD14244.AAZ,CHL - Lower Chiwawa River,9/1/2014 2:46:12 PM,9/2/2014 7:33:26 PM,LOWER IN-STREAM ARRAY,LOWER IN-STREAM ARRAY,9/1/2014,7,Bull Trout,R,Resident,W,Wild Fish or Natural Production,"CHIWAT - Chiwawa River Trap, 0.5 km below CHIP acclimation pond",SCREWT,Screw Trap,237,1
384.3B23B17A96,NBD14262.AAZ,UWE - Upper Wenatchee River,9/20/2014 12:03:56 AM,9/20/2014 12:03:56 AM,IN-STREAM ARRAY,IN-STREAM ARRAY,9/19/2014,7,Bull Trout,R,Resident,W,Wild Fish or Natural Production,"CHIWAT - Chiwawa River Trap, 0.5 km below CHIP acclimation pond",SCREWT,Screw Trap,265,1
384.3B23B17CF2,NBD14249.AAZ,UWE - Upper Wenatchee River,9/9/2014 2:10:49 AM,9/9/2014 2:10:49 AM,IN-STREAM ARRAY,IN-STREAM ARRAY,9/8/2014,7,Bull Trout,R,Resident,W,Wild Fish or Natural Production,"CHIWAT - Chiwawa River Trap, 0.5 km below CHIP acclimation pond",SCREWT,Screw Trap,240,1
384.3B23B18FA8,NBD14256.AAZ,CHL - Lower Chiwawa River,10/4/2016 8:17:58 PM,10/4/2016 8:17:58 PM,LOWER IN-STREAM ARRAY,LOWER IN-STREAM ARRAY,9/15/2014,7,Bull Trout,R,Resident,W,Wild Fish or Natural Production,"CHIWAT - Chiwawa River Trap, 0.5 km below CHIP acclimation pond",SCREWT,Screw Trap,337,1
384.3B23B18FA8,NBD14256.AAZ,CHU - Upper Chiwawa River,6/2/2016 1:07:39 AM,10/4/2016 2:14:45 AM,UPPER IN-STREAM ARRAY,LOWER IN-STREAM ARRAY,9/15/2014,7,Bull Trout,R,Resident,W,Wild Fish or Natural Production,"CHIWAT - Chiwawa River Trap, 0.5 km below CHIP acclimation pond",SCREWT,Screw Trap,337,1
384.3B23B18FA8,NBD14256.AAZ,UWE - Upper Wenatchee River,9/15/2014 12:15:10 AM,10/5/2016 3:15:51 AM,IN-STREAM ARRAY,IN-STREAM ARRAY,9/15/2014,7,Bull Trout,R,Resident,W,Wild Fish or Natural Production,"CHIWAT - Chiwawa River Trap, 0.5 km below CHIP acclimation pond",SCREWT,Screw Trap,337,1
384.3B23B19214,NBD14250.AAZ,CHL - Lower Chiwawa River,9/13/2017 2:46:14 AM,10/5/2019 4:15:36 AM,UPPER IN-STREAM ARRAY,LOWER IN-STREAM ARRAY,9/8/2014,7,Bull Trout,R,Resident,W,Wild Fish or Natural Production,"CHIWAT - Chiwawa River Trap, 0.5 km below CHIP acclimation pond",SCREWT,Screw Trap,269,1
384.3B23B19214,NBD14250.AAZ,CHU - Upper Chiwawa River,10/4/2019 7:32:53 PM,9/27/2020 11:06:31 PM,UPPER IN-STREAM ARRAY,UPPER IN-STREAM ARRAY,9/8/2014,7,Bull Trout,R,Resident,W,Wild Fish or Natural Production,"CHIWAT - Chiwawa River Trap, 0.5 km below CHIP acclimation pond",SCREWT,Screw Trap,269,1
384.3B23B19214,NBD14250.AAZ,UWE - Upper Wenatchee River,9/11/2014 12:58:51 AM,9/28/2020 4:52:04 AM,IN-STREAM ARRAY,IN-STREAM ARRAY,9/8/2014,7,Bull Trout,R,Resident,W,Wild Fish or Natural Production,"CHIWAT - Chiwawa River Trap, 0.5 km below CHIP acclimation pond",SCREWT,Screw Trap,269,1
384.3B23B19214,NBD14250.AAZ,"WTL - White River, Wenatchee Basin",9/18/2016 7:32:20 AM,10/1/2020 6:36:31 PM,UPPER IN-STREAM ARRAY,UPPER IN-STREAM ARRAY,9/8/2014,7,Bull Trout,R,Resident,W,Wild Fish or Natural Production,"CHIWAT - Chiwawa River Trap, 0.5 km below CHIP acclimation pond",SCREWT,Screw Trap,269,1
384.3B23B198B5,NBD14186.AAZ,CHL - Lower Chiwawa River,7/6/2014 7:00:50 AM,7/6/2014 7:00:50 AM,UPPER IN-STREAM ARRAY,UPPER IN-STREAM ARRAY,7/5/2014,7,Bull Trout,R,Resident,W,Wild Fish or Natural Production,"CHIWAT - Chiwawa River Trap, 0.5 km below CHIP acclimation pond",SCREWT,Screw Trap,198,1
384.3B23B1AD74,NBD14257.AAZ,UWE - Upper Wenatchee River,9/15/2014 1:26:01 AM,9/15/2014 1:26:01 AM,IN-STREAM ARRAY,IN-STREAM ARRAY,9/15/2014,7,Bull Trout,R,Resident,W,Wild Fish or Natural Production,"CHIWAT - Chiwawa River Trap, 0.5 km below CHIP acclimation pond",SCREWT,Screw Trap,232,1
384.3B23B1B039,NBD14182.AAZ,CHL - Lower Chiwawa River,7/25/2014 6:46:12 PM,9/4/2015 10:03:41 PM,UPPER IN-STREAM ARRAY,LOWER IN-STREAM ARRAY,7/1/2014,7,Bull Trout,R,Resident,W,Wild Fish or Natural Production,"CHIWAT - Chiwawa River Trap, 0.5 km below CHIP acclimation pond",SCREWT,Screw Trap,191,1
384.3B23B1B039,NBD14182.AAZ,CHU - Upper Chiwawa River,7/8/2015 11:20:09 PM,9/4/2015 3:22:07 AM,LOWER IN-STREAM ARRAY,LOWER IN-STREAM ARRAY,7/1/2014,7,Bull Trout,R,Resident,W,Wild Fish or Natural Production,"CHIWAT - Chiwawa River Trap, 0.5 km below CHIP acclimation pond",SCREWT,Screw Trap,191,1
384.3B23B1B05F,NBD14245.AAZ,CHL - Lower Chiwawa River,8/2/2015 10:14:24 PM,9/19/2017 10:59:18 PM,LOWER IN-STREAM ARRAY,LOWER IN-STREAM ARRAY,9/2/2014,7,Bull Trout,R,Resident,W,Wild Fish or Natural Production,"CHIWAT - Chiwawa River Trap, 0.5 km below CHIP acclimation pond",SCREWT,Screw Trap,353,1
384.3B23B1B05F,NBD14245.AAZ,CHU - Upper Chiwawa River,9/21/2016 5:07:38 AM,9/19/2017 3:12:59 AM,UPPER IN-STREAM ARRAY,LOWER IN-STREAM ARRAY,9/2/2014,7,Bull Trout,R,Resident,W,Wild Fish or Natural Production,"CHIWAT - Chiwawa River Trap, 0.5 km below CHIP acclimation pond",SCREWT,Screw Trap,353,1
384.3B23B1B05F,NBD14245.AAZ,NAL - Lower Nason Creek,5/2/2017 12:02:54 AM,5/2/2017 12:02:54 AM,LOWER IN-STREAM ARRAY,LOWER IN-STREAM ARRAY,9/2/2014,7,Bull Trout,R,Resident,W,Wild Fish or Natural Production,"CHIWAT - Chiwawa River Trap, 0.5 km below CHIP acclimation pond",SCREWT,Screw Trap,353,1
384.3B23B1B05F,NBD14245.AAZ,UWE - Upper Wenatchee River,9/3/2014 8:24:22 PM,9/20/2017 2:13:34 AM,IN-STREAM ARRAY,IN-STREAM ARRAY,9/2/2014,7,Bull Trout,R,Resident,W,Wild Fish or Natural Production,"CHIWAT - Chiwawa River Trap, 0.5 km below CHIP acclimation pond",SCREWT,Screw Trap,353,1
384.3B23B1B05F,NBD14245.AAZ,"WTL - White River, Wenatchee Basin",10/3/2014 3:16:22 AM,10/4/2017 7:17:36 PM,UPPER IN-STREAM ARRAY,LOWER IN-STREAM ARRAY,9/2/2014,7,Bull Trout,R,Resident,W,Wild Fish or Natural Production,"CHIWAT - Chiwawa River Trap, 0.5 km below CHIP acclimation pond",SCREWT,Screw Trap,353,1
384.3B23B1C33E,NBD14248.AAZ,CHU - Upper Chiwawa River,10/17/2017 11:40:47 PM,10/17/2017 11:41:07 PM,UPPER IN-STREAM ARRAY,LOWER IN-STREAM ARRAY,9/5/2014,7,Bull Trout,R,Resident,W,Wild Fish or Natural Production,"CHIWAT - Chiwawa River Trap, 0.5 km below CHIP acclimation pond",SCREWT,Screw Trap,252,1
384.3B23B1C33E,NBD14248.AAZ,UWE - Upper Wenatchee River,9/6/2014 5:23:57 AM,9/6/2014 5:23:57 AM,IN-STREAM ARRAY,IN-STREAM ARRAY,9/5/2014,7,Bull Trout,R,Resident,W,Wild Fish or Natural Production,"CHIWAT - Chiwawa River Trap, 0.5 km below CHIP acclimation pond",SCREWT,Screw Trap,252,1
384.3B23B1C4E7,NBD14157.AAZ,CHL - Lower Chiwawa River,6/6/2014 11:41:14 AM,6/6/2014 11:41:14 AM,LOWER IN-STREAM ARRAY,LOWER IN-STREAM ARRAY,6/6/2014,7,Bull Trout,R,Resident,W,Wild Fish or Natural Production,"CHIWAT - Chiwawa River Trap, 0.5 km below CHIP acclimation pond",SCREWT,Screw Trap,173,1
384.3B23B1C5BE,NBD14248.AAZ,CHU - Upper Chiwawa River,10/2/2018 11:08:17 PM,10/2/2018 11:08:17 PM,LOWER IN-STREAM ARRAY,LOWER IN-STREAM ARRAY,9/5/2014,7,Bull Trout,R,Resident,W,Wild Fish or Natural Production,"CHIWAT - Chiwawa River Trap, 0.5 km below CHIP acclimation pond",SCREWT,Screw Trap,245,1
384.3B23B1C5BE,NBD14248.AAZ,NAL - Lower Nason Creek,9/7/2014 3:54:24 AM,9/30/2014 9:29:03 PM,UPPER IN-STREAM ARRAY,LOWER IN-STREAM ARRAY,9/5/2014,7,Bull Trout,R,Resident,W,Wild Fish or Natural Production,"CHIWAT - Chiwawa River Trap, 0.5 km below CHIP acclimation pond",SCREWT,Screw Trap,245,1
384.3B23B1C5BE,NBD14248.AAZ,UWE - Upper Wenatchee River,9/6/2014 7:29:47 PM,9/6/2014 7:29:47 PM,IN-STREAM ARRAY,IN-STREAM ARRAY,9/5/2014,7,Bull Trout,R,Resident,W,Wild Fish or Natural Production,"CHIWAT - Chiwawa River Trap, 0.5 km below CHIP acclimation pond",SCREWT,Screw Trap,245,1
384.3B23B26B4A,NBD14248.AAZ,UWE - Upper Wenatchee River,9/6/2014 4:10:55 AM,9/6/2014 4:10:55 AM,IN-STREAM ARRAY,IN-STREAM ARRAY,9/5/2014,7,Bull Trout,R,Resident,W,Wild Fish or Natural Production,"CHIWAT - Chiwawa River Trap, 0.5 km below CHIP acclimation pond",SCREWT,Screw Trap,184,1
3D6.00185E431D,CGS-2017-255-LFZ.xml,MRC - Methow River at Carlton,10/31/2019 3:02:30 AM,10/31/2019 3:02:30 AM,Single Array,Single Array,10/5/2017,7,Bull Trout,R,Resident,W,Wild Fish or Natural Production,TWISPR - Twisp River,SHOCK,Electro-Shock,64,1
3D6.1533C2857E,CGS-2025-174-LB1.xml,MRC - Methow River at Carlton,11/22/2025 2:24:08 AM,11/22/2025 2:24:08 AM,Single Array,Single Array,7/31/2025,7,Bull Trout,R,Resident,W,Wild Fish or Natural Production,TWISPR - Twisp River,HOOK,Hook and Line,243,1
3D6.1533C28A8E,CGS-2025-174-LB1.xml,ENL - Lower Entiat River,11/27/2025 7:08:40 AM,11/27/2025 7:10:53 AM,Downstream Array,Upstream Array,7/24/2025,7,Bull Trout,R,Resident,W,Wild Fish or Natural Production,TWISPR - Twisp River,HOOK,Hook and Line,199,1
3D6.1D5972B535,CGS-2019-263-LF1.xml,MRC - Methow River at Carlton,10/6/2022 4:01:34 AM,10/6/2022 6:00:41 AM,Single Array,Single Array,10/14/2019,7,Bull Trout,R,Resident,W,Wild Fish or Natural Production,TWISPR - Twisp River,SHOCK,Electro-Shock,56,1
3D6.1D5972B535,CGS-2019-263-LF1.xml,TWR - Lwr Twisp Rvr near MSRF Ponds,9/30/2022 11:52:42 PM,9/30/2022 11:52:42 PM,LOWER IN-STREAM ARRAY,LOWER IN-STREAM ARRAY,10/14/2019,7,Bull Trout,R,Resident,W,Wild Fish or Natural Production,TWISPR - Twisp River,SHOCK,Electro-Shock,56,1
3D9.1BF16B14D6,MRC07321.HB2,RRF - Rocky Reach Fishway,6/16/2009 5:33:15 PM,6/16/2009 5:33:15 PM,WEIR 6,WEIR 6,11/17/2007,7,Bull Trout,R,Resident,W,Wild Fish or Natural Production,ENTIAR - Entiat River,SCREWT,Screw Trap,200,1
3D9.1BF16B220E,MRC07318.HB2,"MAD - Mad River, Entiat River Basin",6/20/2009 11:56:50 PM,6/20/2009 11:56:50 PM,MIDDLE IN-STREAM ARRAY,MIDDLE IN-STREAM ARRAY,11/14/2007,7,Bull Trout,R,Resident,W,Wild Fish or Natural Production,ENTIAR - Entiat River,SCREWT,Screw Trap,242,1
3D9.1BF16B220E,MRC07318.HB2,RRF - Rocky Reach Fishway,6/6/2009 7:25:03 PM,6/8/2009 9:00:09 AM,WEIR 4,WEIR 6,11/14/2007,7,Bull Trout,R,Resident,W,Wild Fish or Natural Production,ENTIAR - Entiat River,SCREWT,Screw Trap,242,1
3D9.1BF192C7B2,KGM09287.WRE,CHL - Lower Chiwawa River,10/14/2012 9:57:41 PM,10/14/2012 9:57:41 PM,LOWER IN-STREAM ARRAY,LOWER IN-STREAM ARRAY,10/16/2009,7,Bull Trout,R,Resident,W,Wild Fish or Natural Production,"WHITER - White River, Wenatchee River Basin",SCREWT,Screw Trap,360,1
3D9.1BF192C7B2,KGM09287.WRE,"WTL - White River, Wenatchee Basin",10/14/2009 11:25:55 PM,10/14/2009 11:25:55 PM,UPPER IN-STREAM ARRAY,UPPER IN-STREAM ARRAY,10/16/2009,7,Bull Trout,R,Resident,W,Wild Fish or Natural Production,"WHITER - White River, Wenatchee River Basin",SCREWT,Screw Trap,360,1
3D9.1BF1943FDC,KGM09264.WRN,"WTL - White River, Wenatchee Basin",9/21/2009 11:02:39 PM,6/28/2010 6:35:52 PM,UPPER IN-STREAM ARRAY,LOWER IN-STREAM ARRAY,9/21/2009,7,Bull Trout,R,Resident,W,Wild Fish or Natural Production,"WHITER - White River, Wenatchee River Basin",SCREWT,Screw Trap,528,1
3D9.1BF194B218,CMK10291.BAC,NAL - Lower Nason Creek,10/18/2010 6:44:38 PM,10/18/2010 6:48:18 PM,UPPER IN-STREAM ARRAY,LOWER IN-STREAM ARRAY,10/18/2010,7,Bull Trout,R,Resident,W,Wild Fish or Natural Production,NASONC - Nason Creek (tributary to Wenatchee River),SCREWT,Screw Trap,177,1
3D9.1BF194CF3E,KGM08165.BAD,NAL - Lower Nason Creek,11/12/2008 7:16:46 PM,11/12/2008 7:16:46 PM,LOWER IN-STREAM ARRAY,LOWER IN-STREAM ARRAY,6/13/2008,7,Bull Trout,R,Resident,W,Wild Fish or Natural Production,NASONC - Nason Creek (tributary to Wenatchee River),SCREWT,Screw Trap,138,1
3D9.1BF194E6C0,CMK10153.BAD,NAL - Lower Nason Creek,6/2/2010 3:58:26 PM,6/2/2010 3:58:26 PM,UPPER IN-STREAM ARRAY,UPPER IN-STREAM ARRAY,6/3/2010,7,Bull Trout,R,Resident,W,Wild Fish or Natural Production,NASONC - Nason Creek (tributary to Wenatchee River),SCREWT,Screw Trap,146,1
3D9.1BF194E731,KGM09288.WRE,"WTL - White River, Wenatchee Basin",10/19/2009 1:20:13 PM,10/19/2009 1:34:42 PM,UPPER IN-STREAM ARRAY,UPPER IN-STREAM ARRAY,10/16/2009,7,Bull Trout,R,Resident,W,Wild Fish or Natural Production,"WHITER - White River, Wenatchee River Basin",SCREWT,Screw Trap,223,1
3D9.1BF1969FA5,SLH06276.AAF,CHL - Lower Chiwawa River,9/29/2011 3:13:12 AM,9/28/2012 12:16:45 AM,UPPER IN-STREAM ARRAY,LOWER IN-STREAM ARRAY,10/3/2006,7,Bull Trout,R,Resident,W,Wild Fish or Natural Production,"CHIWAT - Chiwawa River Trap, 0.5 km below CHIP acclimation pond",SCREWT,Screw Trap,252,1
3D9.1BF1969FA5,SLH06276.AAF,CHU - Upper Chiwawa River,9/27/2012 9:17:24 PM,9/27/2012 9:17:24 PM,UPPER IN-STREAM ARRAY,UPPER IN-STREAM ARRAY,10/3/2006,7,Bull Trout,R,Resident,W,Wild Fish or Natural Production,"CHIWAT - Chiwawa River Trap, 0.5 km below CHIP acclimation pond",SCREWT,Screw Trap,252,1
3D9.1BF1969FA5,SLH06276.AAF,"WTL - White River, Wenatchee Basin",9/1/2010 11:55:20 PM,9/1/2010 11:55:20 PM,UPPER IN-STREAM ARRAY,UPPER IN-STREAM ARRAY,10/3/2006,7,Bull Trout,R,Resident,W,Wild Fish or Natural Production,"CHIWAT - Chiwawa River Trap, 0.5 km below CHIP acclimation pond",SCREWT,Screw Trap,252,1
3D9.1BF196B4D3,ENT12243.579,3D1 - Top of 3D Side Channel,5/7/2013 1:41:00 PM,7/7/2013 4:57:00 AM,Pass Through Antenna,Pass Through Antenna,8/30/2012,7,Bull Trout,5,Unknown,W,Wild Fish or Natural Production,ENTIAR - Entiat River,SHOCK,Electro-Shock,135,1
3D9.1BF196B4D3,ENT12243.579,3D3 - Middle-2 of 3D Side Channel,5/20/2013 9:52:00 PM,6/18/2013 3:14:00 AM,Pass Through Antenna,Pass Through Antenna,8/30/2012,7,Bull Trout,5,Unknown,W,Wild Fish or Natural Production,ENTIAR - Entiat River,SHOCK,Electro-Shock,135,1
3D9.1BF196B4D3,ENT12243.579,3D4 - Bottom of 3D Side Channel,7/9/2013 4:05:00 AM,7/9/2013 6:16:00 AM,Pass Through Antenna,Pass Through Antenna,8/30/2012,7,Bull Trout,5,Unknown,W,Wild Fish or Natural Production,ENTIAR - Entiat River,SHOCK,Electro-Shock,135,1
3D9.1BF196B4D3,ENT12243.579,ENA - Upper Entiat River at rkm 17.1,7/31/2014 10:56:11 PM,9/11/2015 2:14:20 AM,DOWNSTREAM ANTENNA ARRAY,DOWNSTREAM ANTENNA ARRAY,8/30/2012,7,Bull Trout,5,Unknown,W,Wild Fish or Natural Production,ENTIAR - Entiat River,SHOCK,Electro-Shock,135,1
3D9.1BF196B4D3,ENT12243.579,ENF - Upper Entiat River at rkm 40.6,6/29/2015 11:34:58 PM,7/4/2017 5:22:02 PM,UPSTREAM ARRAY,UPSTREAM ARRAY,8/30/2012,7,Bull Trout,5,Unknown,W,Wild Fish or Natural Production,ENTIAR - Entiat River,SHOCK,Electro-Shock,135,1
3D9.1BF196B4D3,ENT12243.579,ENL - Lower Entiat River,6/9/2015 7:02:24 PM,10/11/2016 12:23:51 AM,UPPER IN-STREAM ARRAY,UPPER IN-STREAM ARRAY,8/30/2012,7,Bull Trout,5,Unknown,W,Wild Fish or Natural Production,ENTIAR - Entiat River,SHOCK,Electro-Shock,135,1
3D9.1BF196B4D3,ENT12243.579,ENM - Middle Entiat River,8/18/2014 3:49:20 PM,9/10/2015 8:56:57 PM,UPPER IN-STREAM ARRAY,LOWER IN-STREAM ARRAY,8/30/2012,7,Bull Trout,5,Unknown,W,Wild Fish or Natural Production,ENTIAR - Entiat River,SHOCK,Electro-Shock,135,1
3D9.1BF196B4D3,ENT12243.579,ENS - Upper Entiat River at rkm 35.7,6/28/2015 12:55:58 AM,10/9/2016 10:11:12 PM,DOWNSTREAM ARRAY,DOWNSTREAM ARRAY,8/30/2012,7,Bull Trout,5,Unknown,W,Wild Fish or Natural Production,ENTIAR - Entiat River,SHOCK,Electro-Shock,135,1
3D9.1BF1972EA2,ENT12248.131,ENS - Upper Entiat River at rkm 35.7,8/30/2013 3:00:02 AM,9/2/2013 1:22:15 AM,UPSTREAM ARRAY,UPSTREAM ARRAY,9/4/2012,7,Bull Trout,5,Unknown,W,Wild Fish or Natural Production,ENTIAR - Entiat River,SHOCK,Electro-Shock,120,1
3D9.1BF1973121,ENT12243.579,3D1 - Top of 3D Side Channel,5/12/2014 1:57:00 AM,5/26/2014 2:12:00 PM,Pass Through Antenna,Pass Through Antenna,8/30/2012,7,Bull Trout,5,Unknown,W,Wild Fish or Natural Production,ENTIAR - Entiat River,SHOCK,Electro-Shock,97,1
3D9.1BF19731F2,ENT12243.579,ENF - Upper Entiat River at rkm 40.6,5/9/2014 4:23:36 PM,9/18/2014 10:43:07 AM,UPSTREAM ARRAY,UPSTREAM ARRAY,8/30/2012,7,Bull Trout,5,Unknown,W,Wild Fish or Natural Production,ENTIAR - Entiat River,SHOCK,Electro-Shock,100,1
3D9.1BF197E47E,SLH07133.CBI,NAL - Lower Nason Creek,9/22/2008 7:07:38 AM,9/22/2008 7:08:03 AM,UPPER IN-STREAM ARRAY,LOWER IN-STREAM ARRAY,5/13/2007,7,Bull Trout,R,Resident,W,Wild Fish or Natural Production,WENA2T - Upper Wenatchee smolt trap just below Lake Wenatchee,SCREWT,Screw Trap,252,1
3D9.1BF197E745,ENT12248.131,TY1 - Low Flow Top of Tyee Channel,5/20/2014 4:00:00 AM,6/27/2014 1:28:00 AM,Low Flow Top,Low Flow Top,9/4/2012,7,Bull Trout,5,Unknown,W,Wild Fish or Natural Production,ENTIAR - Entiat River,SHOCK,Electro-Shock,125,1
3D9.1BF197E745,ENT12248.131,TY3 - Middle of Tyee Channel,6/18/2014 9:11:50 PM,6/18/2014 9:28:50 PM,Middle Channel,Middle Channel,9/4/2012,7,Bull Trout,5,Unknown,W,Wild Fish or Natural Production,ENTIAR - Entiat River,SHOCK,Electro-Shock,125,1
3D9.1BF197E7D8,ENT12244.579,3D4 - Bottom of 3D Side Channel,5/28/2014 8:17:00 PM,6/14/2014 10:20:00 PM,Pass Through Antenna,Pass Through Antenna,8/31/2012,7,Bull Trout,5,Unknown,W,Wild Fish or Natural Production,ENTIAR - Entiat River,SHOCK,Electro-Shock,131,1
3D9.1BF197F047,CFM-2013-060-TUM.xml,CHW - Chiwaukum Creek,7/14/2013 11:57:46 PM,7/14/2013 11:58:02 PM,DOWNSTREAM ARRAY,UPSTREAM ARRAY,7/8/2013,7,Bull Trout,R,Resident,W,Wild Fish or Natural Production,TUMFBY - TUM - Release into the Forebay within 0.5 km upstream of Dam,LADDER,Adult Passage Ladder,NA,1
3D9.1BF197F16E,ENT12243.579,ENA - Upper Entiat River at rkm 17.1,6/28/2015 12:39:32 AM,11/25/2015 7:16:58 PM,UPSTREAM ANTENNA ARRAY,UPSTREAM ANTENNA ARRAY,8/30/2012,7,Bull Trout,5,Unknown,W,Wild Fish or Natural Production,ENTIAR - Entiat River,SHOCK,Electro-Shock,98,1
3D9.1BF197F16E,ENT12243.579,ENL - Lower Entiat River,6/23/2015 10:11:59 PM,11/26/2015 5:10:05 AM,LOWER IN-STREAM ARRAY,LOWER IN-STREAM ARRAY,8/30/2012,7,Bull Trout,5,Unknown,W,Wild Fish or Natural Production,ENTIAR - Entiat River,SHOCK,Electro-Shock,98,1
3D9.1BF197F16E,ENT12243.579,ENM - Middle Entiat River,11/25/2015 5:13:28 PM,11/25/2015 5:13:28 PM,LOWER IN-STREAM ARRAY,LOWER IN-STREAM ARRAY,8/30/2012,7,Bull Trout,5,Unknown,W,Wild Fish or Natural Production,ENTIAR - Entiat River,SHOCK,Electro-Shock,98,1
3D9.1BF197F16E,ENT12243.579,ENS - Upper Entiat River at rkm 35.7,9/26/2014 3:22:51 PM,10/7/2015 3:26:47 AM,DOWNSTREAM ARRAY,DOWNSTREAM ARRAY,8/30/2012,7,Bull Trout,5,Unknown,W,Wild Fish or Natural Production,ENTIAR - Entiat River,SHOCK,Electro-Shock,98,1
3D9.1BF197F16E,ENT12243.579,RRF - Rocky Reach Fishway,6/18/2015 7:23:50 AM,6/18/2015 7:34:54 AM,Lower Weir,Trap,8/30/2012,7,Bull Trout,5,Unknown,W,Wild Fish or Natural Production,ENTIAR - Entiat River,SHOCK,Electro-Shock,98,1
3D9.1BF197F22C,ENT12243.579,RRJ - Rocky Reach Dam Juvenile,5/18/2013 1:46:07 PM,5/18/2013 1:46:07 PM,DSM BYPASS SURFACE COLLECTOR,DSM BYPASS SURFACE COLLECTOR,8/30/2012,7,Bull Trout,5,Unknown,W,Wild Fish or Natural Production,ENTIAR - Entiat River,SHOCK,Electro-Shock,144,1
3D9.1BF197F74C,ENT12243.579,ENL - Lower Entiat River,10/24/2014 1:42:35 AM,10/24/2014 1:42:35 AM,UPPER IN-STREAM ARRAY,UPPER IN-STREAM ARRAY,8/30/2012,7,Bull Trout,5,Unknown,W,Wild Fish or Natural Production,ENTIAR - Entiat River,SHOCK,Electro-Shock,131,1
3D9.1BF197F74C,ENT12243.579,LWE - Lower Wenatchee River,6/19/2015 4:42:55 AM,9/12/2015 1:28:09 AM,DOWNSTREAM ANTENNA ARRAY,UPSTREAM ANTENNA ARRAY,8/30/2012,7,Bull Trout,5,Unknown,W,Wild Fish or Natural Production,ENTIAR - Entiat River,SHOCK,Electro-Shock,131,1
3D9.1BF197F74C,ENT12243.579,RIA - Rock Island Adult,6/16/2015 11:00:37 AM,6/16/2015 11:01:59 AM,LEFT LADDER BAFFLE 2,LEFT LADDER BAFFLE 4,8/30/2012,7,Bull Trout,5,Unknown,W,Wild Fish or Natural Production,ENTIAR - Entiat River,SHOCK,Electro-Shock,131,1
3D9.1BF197F74C,ENT12243.579,RRF - Rocky Reach Fishway,5/25/2016 12:11:20 AM,5/25/2016 12:55:23 AM,Lower Weir,Trap,8/30/2012,7,Bull Trout,5,Unknown,W,Wild Fish or Natural Production,ENTIAR - Entiat River,SHOCK,Electro-Shock,131,1
3D9.1BF197FB82,ENT12249.131,ENA - Upper Entiat River at rkm 17.1,7/28/2014 10:32:22 PM,7/30/2014 9:35:57 PM,DOWNSTREAM ANTENNA ARRAY,DOWNSTREAM ANTENNA ARRAY,9/5/2012,7,Bull Trout,R,Resident,W,Wild Fish or Natural Production,ENTIAR - Entiat River,SHOCK,Electro-Shock,135,1
3D9.1BF197FB82,ENT12249.131,"MAD - Mad River, Entiat River Basin",7/28/2014 7:16:58 AM,7/28/2014 3:10:13 PM,UPPER IN-STREAM ARRAY,LOWER IN-STREAM ARRAY,9/5/2012,7,Bull Trout,R,Resident,W,Wild Fish or Natural Production,ENTIAR - Entiat River,SHOCK,Electro-Shock,135,1
3D9.1BF1986074,ENT12243.579,LWE - Lower Wenatchee River,8/10/2013 3:08:21 PM,8/10/2013 3:08:21 PM,DOWNSTREAM ANTENNA ARRAY,DOWNSTREAM ANTENNA ARRAY,8/30/2012,7,Bull Trout,5,Unknown,W,Wild Fish or Natural Production,ENTIAR - Entiat River,SHOCK,Electro-Shock,142,1
3D9.1BF198715F,CFM-2013-060-TUM.xml,CHW - Chiwaukum Creek,7/20/2013 3:58:55 AM,10/3/2013 3:29:08 AM,DOWNSTREAM ARRAY,DOWNSTREAM ARRAY,7/8/2013,7,Bull Trout,R,Resident,W,Wild Fish or Natural Production,TUMFBY - TUM - Release into the Forebay within 0.5 km upstream of Dam,LADDER,Adult Passage Ladder,NA,1
3D9.1BF198715F,CFM-2013-060-TUM.xml,RRF - Rocky Reach Fishway,11/4/2013 11:18:01 AM,11/4/2013 12:16:30 PM,WEIR 4,WEIR 6,7/8/2013,7,Bull Trout,R,Resident,W,Wild Fish or Natural Production,TUMFBY - TUM - Release into the Forebay within 0.5 km upstream of Dam,LADDER,Adult Passage Ladder,NA,1
3D9.1BF198715F,CFM-2013-060-TUM.xml,TUF - Tumwater Dam Adult Fishway,7/10/2013 10:34:03 PM,7/10/2013 10:44:35 PM,WEIR 14,WEIR 17,7/8/2013,7,Bull Trout,R,Resident,W,Wild Fish or Natural Production,TUMFBY - TUM - Release into the Forebay within 0.5 km upstream of Dam,LADDER,Adult Passage Ladder,NA,1
3D9.1BF198767C,CFM-2012-256-TUM.json,CHW - Chiwaukum Creek,7/15/2013 1:04:32 AM,7/11/2014 12:24:55 AM,DOWNSTREAM ARRAY,UPSTREAM ARRAY,10/18/2012,7,Bull Trout,R,Resident,W,Wild Fish or Natural Production,TUMFBY - TUM - Release into the Forebay within 0.5 km upstream of Dam,LADDER,Adult Passage Ladder,NA,1
3D9.1BF198767C,CFM-2012-256-TUM.json,MWE - Middle Wenatchee River,12/8/2012 7:51:06 AM,6/10/2013 4:35:12 PM,IN-STREAM ARRAY,IN-STREAM ARRAY,10/18/2012,7,Bull Trout,R,Resident,W,Wild Fish or Natural Production,TUMFBY - TUM - Release into the Forebay within 0.5 km upstream of Dam,LADDER,Adult Passage Ladder,NA,1
3D9.1BF1987B00,SLH06276.AAF,CHL - Lower Chiwawa River,9/30/2009 5:50:44 AM,8/1/2011 3:49:40 AM,UPPER IN-STREAM ARRAY,UPPER IN-STREAM ARRAY,10/3/2006,7,Bull Trout,R,Resident,W,Wild Fish or Natural Production,"CHIWAT - Chiwawa River Trap, 0.5 km below CHIP acclimation pond",SCREWT,Screw Trap,241,1
3D9.1BF1987B00,SLH06276.AAF,CHU - Upper Chiwawa River,9/30/2009 3:04:40 AM,8/3/2011 9:15:44 PM,LOWER IN-STREAM ARRAY,UPPER IN-STREAM ARRAY,10/3/2006,7,Bull Trout,R,Resident,W,Wild Fish or Natural Production,"CHIWAT - Chiwawa River Trap, 0.5 km below CHIP acclimation pond",SCREWT,Screw Trap,241,1
3D9.1BF19882CE,ENT12243.579,ENF - Upper Entiat River at rkm 40.6,6/6/2013 10:16:42 PM,6/6/2013 10:16:42 PM,UPSTREAM ARRAY,UPSTREAM ARRAY,8/30/2012,7,Bull Trout,5,Unknown,W,Wild Fish or Natural Production,ENTIAR - Entiat River,SHOCK,Electro-Shock,130,1
3D9.1BF19E1178,KGM09288.WRE,"WTL - White River, Wenatchee Basin",10/16/2009 4:12:38 AM,10/16/2009 4:12:38 AM,UPPER IN-STREAM ARRAY,UPPER IN-STREAM ARRAY,10/16/2009,7,Bull Trout,R,Resident,W,Wild Fish or Natural Production,"WHITER - White River, Wenatchee River Basin",SCREWT,Screw Trap,225,1
3D9.1BF19E5BDD,CMK10172.BAC,NAL - Lower Nason Creek,6/21/2010 11:08:23 AM,6/21/2010 11:08:49 AM,UPPER IN-STREAM ARRAY,LOWER IN-STREAM ARRAY,6/24/2010,7,Bull Trout,R,Resident,W,Wild Fish or Natural Production,NASONC - Nason Creek (tributary to Wenatchee River),SCREWT,Screw Trap,138,1
3D9.1BF19EB577,KGM09271.WRE,"WTL - White River, Wenatchee Basin",11/7/2014 6:02:16 AM,11/7/2014 6:10:55 AM,LOWER IN-STREAM ARRAY,LOWER IN-STREAM ARRAY,9/30/2009,7,Bull Trout,R,Resident,W,Wild Fish or Natural Production,"WHITER - White River, Wenatchee River Basin",SCREWT,Screw Trap,265,1
3D9.1BF1A4E371,KGM09267.WRE,CHL - Lower Chiwawa River,9/23/2010 1:17:49 AM,9/23/2010 1:18:03 AM,UPPER IN-STREAM ARRAY,LOWER IN-STREAM ARRAY,9/27/2009,7,Bull Trout,R,Resident,W,Wild Fish or Natural Production,"WHITER - White River, Wenatchee River Basin",SCREWT,Screw Trap,365,1
3D9.1BF1A8F1C0,CGS07206.JBZ,MRB - Methow River Basin,7/28/2007 5:38:16 PM,4/13/2008 2:05:36 AM,GOLD CREEK NEAR MOUTH,GOLD CREEK NEAR MOUTH,7/26/2007,7,Bull Trout,R,Resident,W,Wild Fish or Natural Production,METTRP - Methow Smolt Trap at McFarland Creek Road Bridge,SCREWT,Screw Trap,165,1
3D9.1BF1AB36B3,CMK10169.BAC,NAL - Lower Nason Creek,6/18/2010 8:34:42 PM,6/18/2010 8:35:07 PM,UPPER IN-STREAM ARRAY,LOWER IN-STREAM ARRAY,6/20/2010,7,Bull Trout,R,Resident,W,Wild Fish or Natural Production,NASONC - Nason Creek (tributary to Wenatchee River),SCREWT,Screw Trap,205,1
3D9.1BF1AB7103,CMK10168.BAC,NAL - Lower Nason Creek,6/17/2010 3:22:05 PM,6/17/2010 3:22:11 PM,UPPER IN-STREAM ARRAY,LOWER IN-STREAM ARRAY,6/20/2010,7,Bull Trout,R,Resident,W,Wild Fish or Natural Production,NASONC - Nason Creek (tributary to Wenatchee River),SCREWT,Screw Trap,185,1
3D9.1BF1AC5796,WEN12242.298,CHW - Chiwaukum Creek,4/1/2013 7:07:48 PM,4/1/2013 7:07:48 PM,DOWNSTREAM ARRAY,DOWNSTREAM ARRAY,8/29/2012,7,Bull Trout,5,Unknown,W,Wild Fish or Natural Production,"CHIWAC - Chiwaukum Creek, tributary to Wenatchee River",SHOCK,Electro-Shock,151,1
3D9.1BF1AC5D64,ENT12244.579,ENF - Upper Entiat River at rkm 40.6,11/2/2012 7:54:04 PM,11/2/2012 7:54:04 PM,DOWNSTREAM ARRAY,DOWNSTREAM ARRAY,8/31/2012,7,Bull Trout,5,Unknown,W,Wild Fish or Natural Production,ENTIAR - Entiat River,SHOCK,Electro-Shock,152,1
3D9.1BF1AC5E51,ENT12248.131,ENA - Upper Entiat River at rkm 17.1,1/7/2014 7:07:23 PM,1/7/2014 7:07:36 PM,UPSTREAM ANTENNA ARRAY,DOWNSTREAM ANTENNA ARRAY,9/4/2012,7,Bull Trout,5,Unknown,W,Wild Fish or Natural Production,ENTIAR - Entiat River,SHOCK,Electro-Shock,126,1
3D9.1BF1AC5E51,ENT12248.131,ENF - Upper Entiat River at rkm 40.6,5/29/2013 11:24:07 PM,5/29/2013 11:24:07 PM,UPSTREAM ARRAY,UPSTREAM ARRAY,9/4/2012,7,Bull Trout,5,Unknown,W,Wild Fish or Natural Production,ENTIAR - Entiat River,SHOCK,Electro-Shock,126,1
3D9.1BF1AC5E51,ENT12248.131,ENL - Lower Entiat River,1/26/2014 1:14:23 AM,1/26/2014 1:14:23 AM,LOWER IN-STREAM ARRAY,LOWER IN-STREAM ARRAY,9/4/2012,7,Bull Trout,5,Unknown,W,Wild Fish or Natural Production,ENTIAR - Entiat River,SHOCK,Electro-Shock,126,1
3D9.1BF1AC5E51,ENT12248.131,ENM - Middle Entiat River,9/23/2013 1:37:19 AM,9/23/2013 1:38:14 AM,UPPER IN-STREAM ARRAY,LOWER IN-STREAM ARRAY,9/4/2012,7,Bull Trout,5,Unknown,W,Wild Fish or Natural Production,ENTIAR - Entiat River,SHOCK,Electro-Shock,126,1
3D9.1BF1AFA957,CGS07282.KBZ,TWR - Lwr Twisp Rvr near MSRF Ponds,7/19/2009 8:59:26 PM,7/19/2009 8:59:50 PM,LOWER IN-STREAM ARRAY,UPPER IN-STREAM ARRAY,10/10/2007,7,Bull Trout,R,Resident,W,Wild Fish or Natural Production,TWISPR - Twisp River,SCREWT,Screw Trap,244,1
3D9.1BF1B2965F,MRC09268.ICL,CHW - Chiwaukum Creek,7/29/2011 6:44:20 AM,9/24/2011 5:04:10 AM,DOWNSTREAM ARRAY,DOWNSTREAM ARRAY,9/25/2009,7,Bull Trout,R,Resident,W,Wild Fish or Natural Production,ICICLC - Icicle Creek,HOOK,Hook and Line,450,1
3D9.1BF1B2965F,MRC09268.ICL,TUF - Tumwater Dam Adult Fishway,7/8/2010 10:40:28 AM,7/8/2010 10:56:45 AM,WEIR 14,WEIR 17,9/25/2009,7,Bull Trout,R,Resident,W,Wild Fish or Natural Production,ICICLC - Icicle Creek,HOOK,Hook and Line,450,1
3D9.1BF1B296D4,MRC08098.BLT,TUF - Tumwater Dam Adult Fishway,6/30/2009 1:47:23 PM,7/22/2009 12:36:24 PM,WEIR 14,WEIR 17,4/7/2008,7,Bull Trout,R,Resident,W,Wild Fish or Natural Production,ICICLC - Icicle Creek,HOOK,Hook and Line,455,1
3D9.1BF1B296F1,MRC07171.BLT,MRB - Methow River Basin,7/3/2007 10:45:18 PM,7/3/2007 10:45:18 PM,GOLD CREEK NEAR MOUTH,GOLD CREEK NEAR MOUTH,6/20/2007,7,Bull Trout,R,Resident,W,Wild Fish or Natural Production,METHR - Methow River,HOOK,Hook and Line,658,1
3D9.1BF1B29AFD,MRC07205.BLT,MRW - Methow River at Winthrop,4/3/2011 4:23:55 AM,5/10/2011 4:02:20 PM,UPSTREAM ARRAY,DOWNSTREAM ARRAY,7/24/2007,7,Bull Trout,R,Resident,W,Wild Fish or Natural Production,METHR - Methow River,HOOK,Hook and Line,500,1
3D9.1BF1B29AFD,MRC07205.BLT,"WFC - Wolf Creek, Methow River",10/23/2009 6:58:36 PM,1/21/2011 11:18:51 PM,SINGLE IN-STREAM ANTENNA,SINGLE IN-STREAM ANTENNA,7/24/2007,7,Bull Trout,R,Resident,W,Wild Fish or Natural Production,METHR - Methow River,HOOK,Hook and Line,500,1
3D9.1BF1B2A69A,MRC09271.ICL,CHW - Chiwaukum Creek,7/30/2011 12:05:26 AM,10/5/2011 2:09:44 AM,DOWNSTREAM ARRAY,DOWNSTREAM ARRAY,9/28/2009,7,Bull Trout,R,Resident,W,Wild Fish or Natural Production,ICICLC - Icicle Creek,HOOK,Hook and Line,470,1
3D9.1BF1B2A69A,MRC09271.ICL,LWE - Lower Wenatchee River,12/10/2010 2:46:33 AM,10/14/2011 2:12:00 PM,IN-STREAM ARRAY,UPSTREAM ANTENNA ARRAY,9/28/2009,7,Bull Trout,R,Resident,W,Wild Fish or Natural Production,ICICLC - Icicle Creek,HOOK,Hook and Line,470,1
3D9.1BF1B2A69A,MRC09271.ICL,TUF - Tumwater Dam Adult Fishway,8/13/2010 5:02:28 AM,7/16/2011 4:26:04 PM,WEIR 14,WEIR 17,9/28/2009,7,Bull Trout,R,Resident,W,Wild Fish or Natural Production,ICICLC - Icicle Creek,HOOK,Hook and Line,470,1
3D9.1BF1B2AA8F,MRC09271.ICL,CHW - Chiwaukum Creek,6/27/2011 9:45:02 AM,7/25/2011 6:46:31 AM,DOWNSTREAM ARRAY,UPSTREAM ARRAY,9/28/2009,7,Bull Trout,R,Resident,W,Wild Fish or Natural Production,ICICLC - Icicle Creek,HOOK,Hook and Line,550,1
3D9.1BF1B2AA8F,MRC09271.ICL,TUF - Tumwater Dam Adult Fishway,7/6/2010 5:06:00 PM,7/8/2010 10:00:11 AM,WEIR 14,WEIR 17,9/28/2009,7,Bull Trout,R,Resident,W,Wild Fish or Natural Production,ICICLC - Icicle Creek,HOOK,Hook and Line,550,1
3D9.1BF1B2DE1C,MRC09223.ICL,ENA - Upper Entiat River at rkm 17.1,7/15/2011 11:45:48 PM,10/15/2012 5:28:50 AM,UPSTREAM ANTENNA ARRAY,DOWNSTREAM ANTENNA ARRAY,8/11/2009,7,Bull Trout,R,Resident,W,Wild Fish or Natural Production,ICICLC - Icicle Creek,HOOK,Hook and Line,473,1
3D9.1BF1B2DE1C,MRC09223.ICL,ENF - Upper Entiat River at rkm 40.6,10/13/2010 7:43:21 PM,10/8/2012 7:57:32 PM,UPSTREAM ARRAY,UPSTREAM ARRAY,8/11/2009,7,Bull Trout,R,Resident,W,Wild Fish or Natural Production,ICICLC - Icicle Creek,HOOK,Hook and Line,473,1
3D9.1BF1B2DE1C,MRC09223.ICL,ENL - Lower Entiat River,11/2/2010 5:43:14 AM,10/27/2012 9:02:44 PM,LOWER IN-STREAM ARRAY,LOWER IN-STREAM ARRAY,8/11/2009,7,Bull Trout,R,Resident,W,Wild Fish or Natural Production,ICICLC - Icicle Creek,HOOK,Hook and Line,473,1
3D9.1BF1B2DE1C,MRC09223.ICL,ENM - Middle Entiat River,10/14/2010 6:48:01 AM,10/15/2012 12:44:11 AM,UPPER IN-STREAM ARRAY,UPPER IN-STREAM ARRAY,8/11/2009,7,Bull Trout,R,Resident,W,Wild Fish or Natural Production,ICICLC - Icicle Creek,HOOK,Hook and Line,473,1
3D9.1BF1B2DE1C,MRC09223.ICL,ENS - Upper Entiat River at rkm 35.7,10/12/2011 2:03:43 AM,10/14/2012 4:02:06 AM,UPSTREAM ARRAY,UPSTREAM ARRAY,8/11/2009,7,Bull Trout,R,Resident,W,Wild Fish or Natural Production,ICICLC - Icicle Creek,HOOK,Hook and Line,473,1
3D9.1BF1B2DE1C,MRC09223.ICL,RRF - Rocky Reach Fishway,6/9/2010 12:42:20 PM,6/15/2012 3:25:32 PM,WEIR 4,WEIR 6,8/11/2009,7,Bull Trout,R,Resident,W,Wild Fish or Natural Production,ICICLC - Icicle Creek,HOOK,Hook and Line,473,1
3D9.1BF1B2DF2C,MRC09201.ICL,LWE - Lower Wenatchee River,11/12/2011 8:13:11 PM,11/14/2011 9:28:18 PM,UPSTREAM ANTENNA ARRAY,UPSTREAM ANTENNA ARRAY,7/20/2009,7,Bull Trout,R,Resident,W,Wild Fish or Natural Production,ICICLC - Icicle Creek,HOOK,Hook and Line,598,1
3D9.1BF1B2DF2C,MRC09201.ICL,PES - Peshastin Creek,5/28/2010 2:43:18 PM,10/29/2011 5:54:55 AM,UPPER IN-STREAM ARRAY,LOWER IN-STREAM ARRAY,7/20/2009,7,Bull Trout,R,Resident,W,Wild Fish or Natural Production,ICICLC - Icicle Creek,HOOK,Hook and Line,598,1
3D9.1BF1CDD9AF,KGM09182.BAC,NAL - Lower Nason Creek,10/20/2009 7:52:49 PM,10/20/2009 7:52:57 PM,UPPER IN-STREAM ARRAY,LOWER IN-STREAM ARRAY,7/9/2009,7,Bull Trout,R,Resident,W,Wild Fish or Natural Production,NASONC - Nason Creek (tributary to Wenatchee River),SCREWT,Screw Trap,176,1
3D9.1BF1CDF39B,KGM09265.WRN,"WTL - White River, Wenatchee Basin",9/24/2009 7:31:54 PM,9/24/2009 7:31:54 PM,UPPER IN-STREAM ARRAY,UPPER IN-STREAM ARRAY,9/22/2009,7,Bull Trout,R,Resident,W,Wild Fish or Natural Production,"WHITER - White River, Wenatchee River Basin",SCREWT,Screw Trap,220,1
3D9.1BF1D6862A,KGM09270.WRE,CHL - Lower Chiwawa River,9/15/2012 2:30:54 AM,9/14/2019 8:54:05 PM,UPPER IN-STREAM ARRAY,UPPER IN-STREAM ARRAY,9/30/2009,7,Bull Trout,R,Resident,W,Wild Fish or Natural Production,"WHITER - White River, Wenatchee River Basin",SCREWT,Screw Trap,242,1
3D9.1BF1D6862A,KGM09270.WRE,CHU - Upper Chiwawa River,7/21/2013 8:28:37 PM,9/14/2019 3:34:04 AM,LOWER IN-STREAM ARRAY,LOWER IN-STREAM ARRAY,9/30/2009,7,Bull Trout,R,Resident,W,Wild Fish or Natural Production,"WHITER - White River, Wenatchee River Basin",SCREWT,Screw Trap,242,1
3D9.1BF1D6862A,KGM09270.WRE,UWE - Upper Wenatchee River,9/20/2014 10:01:36 PM,9/15/2019 12:27:49 AM,IN-STREAM ARRAY,IN-STREAM ARRAY,9/30/2009,7,Bull Trout,R,Resident,W,Wild Fish or Natural Production,"WHITER - White River, Wenatchee River Basin",SCREWT,Screw Trap,242,1
3D9.1BF1D6862A,KGM09270.WRE,"WTL - White River, Wenatchee Basin",10/2/2009 3:56:16 AM,8/7/2018 12:16:31 AM,UPPER IN-STREAM ARRAY,UPPER IN-STREAM ARRAY,9/30/2009,7,Bull Trout,R,Resident,W,Wild Fish or Natural Production,"WHITER - White River, Wenatchee River Basin",SCREWT,Screw Trap,242,1
3D9.1BF1DA51C1,KGM09273.WRE,"WTL - White River, Wenatchee Basin",10/9/2009 7:56:20 PM,10/9/2009 7:56:20 PM,UPPER IN-STREAM ARRAY,UPPER IN-STREAM ARRAY,9/30/2009,7,Bull Trout,R,Resident,W,Wild Fish or Natural Production,"WHITER - White River, Wenatchee River Basin",SCREWT,Screw Trap,207,1
3D9.1BF1DA8429,KGM09214.WRN,CHL - Lower Chiwawa River,7/18/2013 11:35:50 PM,7/18/2013 11:36:43 PM,LOWER IN-STREAM ARRAY,UPPER IN-STREAM ARRAY,8/2/2009,7,Bull Trout,R,Resident,W,Wild Fish or Natural Production,"WHITER - White River, Wenatchee River Basin",SCREWT,Screw Trap,200,1
3D9.1BF1DACB33,KGM09270.WRE,CHL - Lower Chiwawa River,9/25/2012 9:14:08 PM,9/25/2012 9:14:39 PM,UPPER IN-STREAM ARRAY,LOWER IN-STREAM ARRAY,9/30/2009,7,Bull Trout,R,Resident,W,Wild Fish or Natural Production,"WHITER - White River, Wenatchee River Basin",SCREWT,Screw Trap,248,1
3D9.1BF1DACB33,KGM09270.WRE,"WTL - White River, Wenatchee Basin",5/11/2010 12:17:04 AM,5/11/2010 12:17:04 AM,UPPER IN-STREAM ARRAY,UPPER IN-STREAM ARRAY,9/30/2009,7,Bull Trout,R,Resident,W,Wild Fish or Natural Production,"WHITER - White River, Wenatchee River Basin",SCREWT,Screw Trap,248,1
3D9.1BF1DACC77,CMK10162.BAD,NAL - Lower Nason Creek,6/11/2010 12:21:25 PM,6/11/2010 12:21:25 PM,UPPER IN-STREAM ARRAY,UPPER IN-STREAM ARRAY,6/11/2010,7,Bull Trout,R,Resident,W,Wild Fish or Natural Production,NASONC - Nason Creek (tributary to Wenatchee River),SCREWT,Screw Trap,177,1
3D9.1BF1DAF74B,CMK10290.BAC,NAL - Lower Nason Creek,10/17/2010 6:42:20 PM,10/17/2010 6:55:58 PM,UPPER IN-STREAM ARRAY,LOWER IN-STREAM ARRAY,9/9/2009,7,Bull Trout,R,Resident,W,Wild Fish or Natural Production,NASONC - Nason Creek (tributary to Wenatchee River),SCREWT,Screw Trap,214,1
3D9.1BF1DB49AE,KGM09272.WRE,"WTL - White River, Wenatchee Basin",9/30/2009 7:17:28 PM,9/30/2009 7:22:14 PM,UPPER IN-STREAM ARRAY,UPPER IN-STREAM ARRAY,9/30/2009,7,Bull Trout,R,Resident,W,Wild Fish or Natural Production,"WHITER - White River, Wenatchee River Basin",SCREWT,Screw Trap,247,1
3D9.1BF1DB6FEA,CMK10268.WRE,"WTL - White River, Wenatchee Basin",9/26/2010 2:32:19 AM,9/26/2010 2:32:32 AM,UPPER IN-STREAM ARRAY,UPPER IN-STREAM ARRAY,9/26/2010,7,Bull Trout,R,Resident,W,Wild Fish or Natural Production,"WHITER - White River, Wenatchee River Basin",SCREWT,Screw Trap,226,1
3D9.1BF1DB8BE6,CMK10269.WRE,"WTL - White River, Wenatchee Basin",9/27/2010 2:47:38 AM,10/22/2018 3:47:29 AM,UPPER IN-STREAM ARRAY,LOWER IN-STREAM ARRAY,9/27/2010,7,Bull Trout,R,Resident,W,Wild Fish or Natural Production,"WHITER - White River, Wenatchee River Basin",SCREWT,Screw Trap,220,1
3D9.1BF20A40BA,KDM04306.WBC,MRB - Methow River Basin,11/1/2004 9:43:14 PM,12/3/2004 4:17:03 PM,LOWER BEAVER CREEK AT RKM 2,LOWER BEAVER CREEK AT RKM 2,11/1/2004,7,Bull Trout,R,Resident,W,Wild Fish or Natural Production,"BEAV2C - Beaver Creek, Methow River",WTRAP,Weir Trap,194,1
3D9.1BF20B6C59,KDM04217.FDW,MRB - Methow River Basin,7/27/2005 7:34:14 PM,8/5/2005 10:43:57 AM,GOLD CREEK AT RKM 9,GOLD CREEK AT RKM 9,8/4/2004,7,Bull Trout,R,Resident,W,Wild Fish or Natural Production,"FOGDEW - Foggy Dew Creek, Methow River watershed",SHOCK,Electro-Shock,182,1
3D9.1BF20F3A39,KGM09273.WRE,"WTL - White River, Wenatchee Basin",10/2/2009 12:04:22 AM,10/2/2009 12:04:22 AM,UPPER IN-STREAM ARRAY,UPPER IN-STREAM ARRAY,9/30/2009,7,Bull Trout,R,Resident,W,Wild Fish or Natural Production,"WHITER - White River, Wenatchee River Basin",SCREWT,Screw Trap,300,1
3D9.1BF20F95A4,KGM09289.WRE,"WTL - White River, Wenatchee Basin",10/17/2009 12:58:01 AM,7/2/2015 8:12:44 AM,UPPER IN-STREAM ARRAY,UPPER IN-STREAM ARRAY,10/18/2009,7,Bull Trout,R,Resident,W,Wild Fish or Natural Production,"WHITER - White River, Wenatchee River Basin",SCREWT,Screw Trap,200,1
3D9.1BF2101232,CMK10184.BAC,NAL - Lower Nason Creek,7/3/2010 10:23:20 AM,7/3/2010 10:23:34 AM,UPPER IN-STREAM ARRAY,LOWER IN-STREAM ARRAY,7/6/2010,7,Bull Trout,R,Resident,W,Wild Fish or Natural Production,NASONC - Nason Creek (tributary to Wenatchee River),SCREWT,Screw Trap,157,1
3D9.1BF21038CF,KGM09198.BAC,NAL - Lower Nason Creek,7/18/2009 10:20:00 PM,7/18/2009 10:20:00 PM,UPPER IN-STREAM ARRAY,LOWER IN-STREAM ARRAY,7/17/2009,7,Bull Trout,R,Resident,W,Wild Fish or Natural Production,NASONC - Nason Creek (tributary to Wenatchee River),SCREWT,Screw Trap,210,1
3D9.1BF210D0BA,KGM09264.WRN,"WTL - White River, Wenatchee Basin",9/21/2009 11:20:47 PM,9/22/2010 9:26:07 PM,UPPER IN-STREAM ARRAY,LOWER IN-STREAM ARRAY,9/21/2009,7,Bull Trout,R,Resident,W,Wild Fish or Natural Production,"WHITER - White River, Wenatchee River Basin",SCREWT,Screw Trap,600,1
3D9.1C2C30E3B9,KDM07254.FGI,MRB - Methow River Basin,12/24/2007 7:50:34 AM,4/28/2008 3:50:20 AM,FOGGY DEW CREEK NEAR MOUTH,GOLD CREEK NEAR MOUTH,9/11/2007,7,Bull Trout,R,Resident,W,Wild Fish or Natural Production,"FOGDEW - Foggy Dew Creek, Methow River watershed",SHOCK,Electro-Shock,150,1
3D9.1C2C314FBD,KDM07255.FGI,MRB - Methow River Basin,5/15/2008 3:33:49 PM,5/17/2008 5:25:31 PM,FOGGY DEW CREEK NEAR MOUTH,GOLD CREEK NEAR MOUTH,9/12/2007,7,Bull Trout,R,Resident,W,Wild Fish or Natural Production,"FOGDEW - Foggy Dew Creek, Methow River watershed",SHOCK,Electro-Shock,171,1
3D9.1C2C315363,KDM07256.G4A,MRB - Methow River Basin,5/26/2008 9:11:37 PM,5/26/2008 9:11:37 PM,GOLD CREEK NEAR MOUTH,GOLD CREEK NEAR MOUTH,9/13/2007,7,Bull Trout,R,Resident,W,Wild Fish or Natural Production,"GOLD2C - Gold Creek, Methow River",SHOCK,Electro-Shock,143,1
3D9.1C2C31B751,KDM07254.FGI,MRB - Methow River Basin,4/10/2008 7:19:51 PM,4/10/2008 7:19:51 PM,FOGGY DEW CREEK NEAR MOUTH,FOGGY DEW CREEK NEAR MOUTH,9/11/2007,7,Bull Trout,R,Resident,W,Wild Fish or Natural Production,"FOGDEW - Foggy Dew Creek, Methow River watershed",SHOCK,Electro-Shock,137,1
3D9.1C2C44B93F,MRC08107.HA1,ENL - Lower Entiat River,4/24/2008 1:43:00 AM,4/24/2008 1:43:00 AM,LOWER IN-STREAM ARRAY,LOWER IN-STREAM ARRAY,4/17/2008,7,Bull Trout,R,Resident,W,Wild Fish or Natural Production,ENTIAR - Entiat River,SCREWT,Screw Trap,210,1
3D9.1C2C4F8FED,MCB14213.BLT,ICL - Lower Icicle Instream Array,10/11/2014 8:42:11 PM,10/11/2014 8:42:11 PM,INSTREAM ARRAY,INSTREAM ARRAY,10/9/2014,7,Bull Trout,R,Resident,W,Wild Fish or Natural Production,ICICLC - Icicle Creek,DIPNET,Dip Net,268,1
3D9.1C2C4F8FED,MCB14213.BLT,RRF - Rocky Reach Fishway,10/22/2014 9:21:38 AM,10/23/2014 10:20:48 AM,Lower Weir,Trap,10/9/2014,7,Bull Trout,R,Resident,W,Wild Fish or Natural Production,ICICLC - Icicle Creek,DIPNET,Dip Net,268,1
3D9.1C2C4F91A6,MCB15201.ING,MCL - Lower Mission Creek Instream,5/6/2016 10:07:54 AM,3/18/2017 7:54:06 PM,DOWNSTREAM ARRAY,UPSTREAM ARRAY,7/21/2015,7,Bull Trout,R,Resident,W,Wild Fish or Natural Production,PESHAR - Peshastin River,DIPNET,Dip Net,116,1
3D9.1C2C4FA545,MCB15201.ING,MCL - Lower Mission Creek Instream,5/2/2016 3:44:02 PM,5/2/2016 5:12:54 PM,DOWNSTREAM ARRAY,UPSTREAM ARRAY,8/6/2015,7,Bull Trout,R,Resident,W,Wild Fish or Natural Production,PESHAR - Peshastin River,DIPNET,Dip Net,121,1
3D9.1C2C4FAAFF,MCB13232.BLT,PES - Peshastin Creek,9/23/2013 8:57:11 PM,9/23/2013 8:57:15 PM,UPPER IN-STREAM ARRAY,LOWER IN-STREAM ARRAY,8/28/2013,7,Bull Trout,R,Resident,W,Wild Fish or Natural Production,"ETIENC - Etienne (formerly Negro) Creek, tributary to Peshastin Creek",DIPNET,Dip Net,186,1
3D9.1C2C4FAEC5,MCB13232.BLT,PES - Peshastin Creek,10/1/2013 12:23:50 AM,10/1/2013 12:23:59 AM,UPPER IN-STREAM ARRAY,LOWER IN-STREAM ARRAY,8/28/2013,7,Bull Trout,R,Resident,W,Wild Fish or Natural Production,"ETIENC - Etienne (formerly Negro) Creek, tributary to Peshastin Creek",DIPNET,Dip Net,195,1
3D9.1C2C502797,MCB15201.ING,PES - Peshastin Creek,11/17/2015 4:55:35 PM,11/17/2015 4:55:37 PM,UPPER IN-STREAM ARRAY,LOWER IN-STREAM ARRAY,8/10/2015,7,Bull Trout,R,Resident,W,Wild Fish or Natural Production,PESHAR - Peshastin River,DIPNET,Dip Net,130,1
3D9.1C2C5038B5,MCB13248.BLT,CHW - Chiwaukum Creek,7/11/2014 11:40:13 PM,7/19/2015 2:22:06 AM,DOWNSTREAM ARRAY,UPSTREAM ARRAY,9/5/2013,7,Bull Trout,R,Resident,W,Wild Fish or Natural Production,ICICLC - Icicle Creek,HOOK,Hook and Line,376,1
3D9.1C2C5038B5,MCB13248.BLT,TUF - Tumwater Dam Adult Fishway,7/4/2014 7:38:34 PM,7/15/2015 8:05:26 PM,WEIR 14,WEIR 17,9/5/2013,7,Bull Trout,R,Resident,W,Wild Fish or Natural Production,ICICLC - Icicle Creek,HOOK,Hook and Line,376,1
3D9.1C2C503A3F,MCB15201.ING,PES - Peshastin Creek,11/9/2015 10:11:04 PM,11/9/2015 10:11:06 PM,UPPER IN-STREAM ARRAY,LOWER IN-STREAM ARRAY,7/23/2015,7,Bull Trout,R,Resident,W,Wild Fish or Natural Production,PESHAR - Peshastin River,DIPNET,Dip Net,163,1
3D9.1C2C50425B,MCB15201.ING,PES - Peshastin Creek,7/8/2016 2:32:33 AM,7/8/2016 2:32:33 AM,LOWER IN-STREAM ARRAY,LOWER IN-STREAM ARRAY,8/10/2015,7,Bull Trout,R,Resident,W,Wild Fish or Natural Production,PESHAR - Peshastin River,DIPNET,Dip Net,121,1
3D9.1C2C506DA6,MCB13232.BLT,PES - Peshastin Creek,9/28/2014 10:45:14 PM,9/28/2014 10:45:20 PM,UPPER IN-STREAM ARRAY,LOWER IN-STREAM ARRAY,9/3/2013,7,Bull Trout,R,Resident,W,Wild Fish or Natural Production,"ETIENC - Etienne (formerly Negro) Creek, tributary to Peshastin Creek",DIPNET,Dip Net,177,1
3D9.1C2C507B89,MCB15105.BLT,ICL - Lower Icicle Instream Array,4/17/2015 2:33:52 AM,4/17/2015 2:33:52 AM,Upstream Array,Upstream Array,4/16/2015,7,Bull Trout,R,Resident,W,Wild Fish or Natural Production,ICICLC - Icicle Creek,DIPNET,Dip Net,177,1
3D9.1C2C50838E,MCB13248.BLT,ICL - Lower Icicle Instream Array,9/10/2013 2:18:30 AM,7/15/2014 9:53:18 PM,INSTREAM ARRAY,INSTREAM ARRAY,9/5/2013,7,Bull Trout,R,Resident,W,Wild Fish or Natural Production,ICICLC - Icicle Creek,HOOK,Hook and Line,437,1
3D9.1C2C50838E,MCB13248.BLT,RIA - Rock Island Adult,6/18/2014 7:59:07 PM,6/18/2014 7:59:07 PM,RIGHT LADDER BAFFLE 4,RIGHT LADDER BAFFLE 4,9/5/2013,7,Bull Trout,R,Resident,W,Wild Fish or Natural Production,ICICLC - Icicle Creek,HOOK,Hook and Line,437,1
3D9.1C2C509904,MCB15201.ING,PES - Peshastin Creek,5/30/2016 1:21:59 AM,5/30/2016 1:22:02 AM,UPPER IN-STREAM ARRAY,LOWER IN-STREAM ARRAY,7/30/2015,7,Bull Trout,R,Resident,W,Wild Fish or Natural Production,PESHAR - Peshastin River,DIPNET,Dip Net,117,1
3D9.1C2C509EFF,MCB15201.ING,PES - Peshastin Creek,10/8/2016 1:50:38 AM,10/8/2016 1:50:38 AM,LOWER IN-STREAM ARRAY,LOWER IN-STREAM ARRAY,7/23/2015,7,Bull Trout,R,Resident,W,Wild Fish or Natural Production,PESHAR - Peshastin River,DIPNET,Dip Net,114,1
3D9.1C2C50A0EA,MCB13248.BLT,ICL - Lower Icicle Instream Array,9/13/2013 4:31:39 AM,6/28/2014 2:57:57 AM,INSTREAM ARRAY,INSTREAM ARRAY,9/5/2013,7,Bull Trout,R,Resident,W,Wild Fish or Natural Production,ICICLC - Icicle Creek,HOOK,Hook and Line,381,1
3D9.1C2C50A167,MCB13232.BLT,PES - Peshastin Creek,3/28/2014 2:03:25 AM,3/28/2014 2:03:25 AM,UPPER IN-STREAM ARRAY,UPPER IN-STREAM ARRAY,9/4/2013,7,Bull Trout,R,Resident,W,Wild Fish or Natural Production,"ETIENC - Etienne (formerly Negro) Creek, tributary to Peshastin Creek",DIPNET,Dip Net,173,1
3D9.1C2C50CB75,MRC08322.HB2,ENL - Lower Entiat River,7/20/2009 11:26:13 PM,7/20/2009 11:28:26 PM,LOWER IN-STREAM ARRAY,UPPER IN-STREAM ARRAY,11/18/2008,7,Bull Trout,R,Resident,W,Wild Fish or Natural Production,ENTIAR - Entiat River,SCREWT,Screw Trap,225,1
3D9.1C2C50EDCE,MRC08324.HB2,RIA - Rock Island Adult,7/15/2009 7:51:33 AM,7/15/2009 7:51:33 AM,RIGHT LADDER BAFFLE 4,RIGHT LADDER BAFFLE 4,11/20/2008,7,Bull Trout,R,Resident,W,Wild Fish or Natural Production,ENTIAR - Entiat River,SCREWT,Screw Trap,256,1
3D9.1C2C50F967,MCB13248.BLT,CHL - Lower Chiwawa River,9/24/2015 7:12:51 PM,9/24/2015 7:12:59 PM,UPPER IN-STREAM ARRAY,LOWER IN-STREAM ARRAY,9/5/2013,7,Bull Trout,R,Resident,W,Wild Fish or Natural Production,ICICLC - Icicle Creek,HOOK,Hook and Line,325,1
3D9.1C2C50F967,MCB13248.BLT,CHU - Upper Chiwawa River,6/12/2015 8:47:11 PM,9/24/2015 1:39:08 AM,LOWER IN-STREAM ARRAY,LOWER IN-STREAM ARRAY,9/5/2013,7,Bull Trout,R,Resident,W,Wild Fish or Natural Production,ICICLC - Icicle Creek,HOOK,Hook and Line,325,1
3D9.1C2C50F967,MCB13248.BLT,ICL - Lower Icicle Instream Array,9/8/2013 6:09:17 AM,8/6/2014 1:46:57 AM,INSTREAM ARRAY,INSTREAM ARRAY,9/5/2013,7,Bull Trout,R,Resident,W,Wild Fish or Natural Production,ICICLC - Icicle Creek,HOOK,Hook and Line,325,1
3D9.1C2C50F967,MCB13248.BLT,TUF - Tumwater Dam Adult Fishway,8/10/2014 5:31:21 PM,8/10/2014 5:46:35 PM,WEIR 14,WEIR 17,9/5/2013,7,Bull Trout,R,Resident,W,Wild Fish or Natural Production,ICICLC - Icicle Creek,HOOK,Hook and Line,325,1
3D9.1C2C5105B6,MRC08324.HB4,RIA - Rock Island Adult,7/20/2009 1:47:48 PM,7/20/2009 1:53:13 PM,LEFT LADDER BAFFLE 2,LEFT LADDER BAFFLE 4,11/20/2008,7,Bull Trout,R,Resident,W,Wild Fish or Natural Production,ENTIAR - Entiat River,SCREWT,Screw Trap,246,1
3D9.1C2C51107E,MRC08240.HB2,ENL - Lower Entiat River,8/28/2008 3:25:00 AM,8/28/2008 3:25:00 AM,UPPER IN-STREAM ARRAY,UPPER IN-STREAM ARRAY,8/28/2008,7,Bull Trout,R,Resident,W,Wild Fish or Natural Production,ENTIAR - Entiat River,SCREWT,Screw Trap,201,1
3D9.1C2C5115B2,MRC08319.HB4,"MAD - Mad River, Entiat River Basin",7/5/2010 2:51:34 AM,7/5/2010 2:55:12 AM,LOWER IN-STREAM ARRAY,UPPER IN-STREAM ARRAY,11/15/2008,7,Bull Trout,R,Resident,W,Wild Fish or Natural Production,ENTIAR - Entiat River,SCREWT,Screw Trap,225,1
3D9.1C2C5115B2,MRC08319.HB4,RIA - Rock Island Adult,7/8/2009 5:55:49 PM,5/28/2010 8:43:14 AM,RIGHT LADDER BAFFLE 2,RIGHT LADDER BAFFLE 4,11/15/2008,7,Bull Trout,R,Resident,W,Wild Fish or Natural Production,ENTIAR - Entiat River,SCREWT,Screw Trap,225,1
3D9.1C2C5115B2,MRC08319.HB4,RRF - Rocky Reach Fishway,6/2/2010 11:13:09 AM,6/2/2010 11:26:15 AM,WEIR 4,WEIR 6,11/15/2008,7,Bull Trout,R,Resident,W,Wild Fish or Natural Production,ENTIAR - Entiat River,SCREWT,Screw Trap,225,1
3D9.1C2C512218,MRC08135.HB2,ENL - Lower Entiat River,5/15/2008 11:32:00 AM,5/15/2008 11:32:00 AM,UPPER IN-STREAM ARRAY,UPPER IN-STREAM ARRAY,5/15/2008,7,Bull Trout,R,Resident,W,Wild Fish or Natural Production,ENTIAR - Entiat River,SCREWT,Screw Trap,147,1
3D9.1C2C512AAF,MCB15201.ING,PES - Peshastin Creek,11/7/2015 8:34:33 PM,11/7/2015 8:34:36 PM,UPPER IN-STREAM ARRAY,LOWER IN-STREAM ARRAY,7/23/2015,7,Bull Trout,R,Resident,W,Wild Fish or Natural Production,PESHAR - Peshastin River,DIPNET,Dip Net,132,1
3D9.1C2C5138A3,MRC08325.HB2,ENL - Lower Entiat River,11/20/2008 8:18:00 PM,11/20/2008 8:18:00 PM,LOWER IN-STREAM ARRAY,LOWER IN-STREAM ARRAY,11/20/2008,7,Bull Trout,R,Resident,W,Wild Fish or Natural Production,ENTIAR - Entiat River,SCREWT,Screw Trap,246,1
3D9.1C2C513E3F,MRC08321.HB4,ENM - Middle Entiat River,7/7/2010 6:02:33 PM,7/7/2010 6:02:33 PM,LOWER IN-STREAM ARRAY,LOWER IN-STREAM ARRAY,11/17/2008,7,Bull Trout,R,Resident,W,Wild Fish or Natural Production,ENTIAR - Entiat River,SCREWT,Screw Trap,220,1
3D9.1C2C513E3F,MRC08321.HB4,RIA - Rock Island Adult,6/1/2010 5:58:51 PM,6/1/2010 6:07:08 PM,RIGHT LADDER BAFFLE 2,RIGHT LADDER BAFFLE 4,11/17/2008,7,Bull Trout,R,Resident,W,Wild Fish or Natural Production,ENTIAR - Entiat River,SCREWT,Screw Trap,220,1
3D9.1C2C513E3F,MRC08321.HB4,RRF - Rocky Reach Fishway,6/5/2010 1:25:49 PM,6/5/2010 1:28:39 PM,WEIR 4,WEIR 6,11/17/2008,7,Bull Trout,R,Resident,W,Wild Fish or Natural Production,ENTIAR - Entiat River,SCREWT,Screw Trap,220,1
3D9.1C2C51532E,MRC08180.HB4,ENL - Lower Entiat River,8/1/2008 3:28:00 PM,8/1/2008 3:31:00 PM,LOWER IN-STREAM ARRAY,UPPER IN-STREAM ARRAY,6/28/2008,7,Bull Trout,R,Resident,W,Wild Fish or Natural Production,ENTIAR - Entiat River,SCREWT,Screw Trap,197,1
3D9.1C2C51566C,MCB15148.BLT,ICM - Middle Icicle Instream Array,9/16/2015 10:47:12 PM,9/16/2015 10:47:37 PM,Upstream Array,Downstream Array,5/28/2015,7,Bull Trout,R,Resident,W,Wild Fish or Natural Production,ICICLC - Icicle Creek,DIPNET,Dip Net,197,1
3D9.1C2C517012,MRC08315.HB2,ENL - Lower Entiat River,11/10/2008 8:44:00 PM,11/10/2008 8:44:00 PM,UPPER IN-STREAM ARRAY,LOWER IN-STREAM ARRAY,11/11/2008,7,Bull Trout,R,Resident,W,Wild Fish or Natural Production,ENTIAR - Entiat River,SCREWT,Screw Trap,199,1
3D9.1C2C517148,MRC08316.HB4,ENA - Upper Entiat River at rkm 17.1,10/24/2011 12:21:21 AM,10/25/2013 8:41:02 PM,UPSTREAM ANTENNA ARRAY,DOWNSTREAM ANTENNA ARRAY,11/12/2008,7,Bull Trout,R,Resident,W,Wild Fish or Natural Production,ENTIAR - Entiat River,SCREWT,Screw Trap,248,1
3D9.1C2C517148,MRC08316.HB4,ENF - Upper Entiat River at rkm 40.6,9/14/2010 2:56:01 AM,6/30/2014 3:59:50 PM,UPSTREAM ARRAY,UPSTREAM ARRAY,11/12/2008,7,Bull Trout,R,Resident,W,Wild Fish or Natural Production,ENTIAR - Entiat River,SCREWT,Screw Trap,248,1
3D9.1C2C517148,MRC08316.HB4,ENL - Lower Entiat River,10/13/2010 3:39:01 AM,11/10/2013 1:24:11 AM,UPPER IN-STREAM ARRAY,LOWER IN-STREAM ARRAY,11/12/2008,7,Bull Trout,R,Resident,W,Wild Fish or Natural Production,ENTIAR - Entiat River,SCREWT,Screw Trap,248,1
3D9.1C2C517148,MRC08316.HB4,ENM - Middle Entiat River,7/10/2011 5:18:50 AM,10/22/2013 12:55:59 AM,UPPER IN-STREAM ARRAY,LOWER IN-STREAM ARRAY,11/12/2008,7,Bull Trout,R,Resident,W,Wild Fish or Natural Production,ENTIAR - Entiat River,SCREWT,Screw Trap,248,1
3D9.1C2C517148,MRC08316.HB4,ENS - Upper Entiat River at rkm 35.7,7/11/2011 2:16:17 PM,6/25/2014 12:59:32 AM,DOWNSTREAM ARRAY,UPSTREAM ARRAY,11/12/2008,7,Bull Trout,R,Resident,W,Wild Fish or Natural Production,ENTIAR - Entiat River,SCREWT,Screw Trap,248,1
3D9.1C2C517148,MRC08316.HB4,PD2 - Bot of Chelan PUD side channel,6/3/2013 12:37:00 AM,6/3/2013 12:38:00 AM,PASS THROUGH ANTENNA,PASS THROUGH ANTENNA,11/12/2008,7,Bull Trout,R,Resident,W,Wild Fish or Natural Production,ENTIAR - Entiat River,SCREWT,Screw Trap,248,1
3D9.1C2C517148,MRC08316.HB4,RRF - Rocky Reach Fishway,6/20/2010 1:32:35 PM,6/6/2014 12:53:53 PM,WEIR 4,Trap,11/12/2008,7,Bull Trout,R,Resident,W,Wild Fish or Natural Production,ENTIAR - Entiat River,SCREWT,Screw Trap,248,1
3D9.1C2C5172DE,MRC08314.HB4,ENL - Lower Entiat River,11/9/2008 10:50:00 AM,11/9/2008 6:10:00 PM,LOWER IN-STREAM ARRAY,LOWER IN-STREAM ARRAY,11/10/2008,7,Bull Trout,R,Resident,W,Wild Fish or Natural Production,ENTIAR - Entiat River,SCREWT,Screw Trap,243,1
3D9.1C2C5172DE,MRC08314.HB4,RRF - Rocky Reach Fishway,6/5/2010 3:01:37 PM,6/5/2010 3:02:49 PM,WEIR 4,WEIR 6,11/10/2008,7,Bull Trout,R,Resident,W,Wild Fish or Natural Production,ENTIAR - Entiat River,SCREWT,Screw Trap,243,1
3D9.1C2C51734C,MRC08314.HB4,ENA - Upper Entiat River at rkm 17.1,10/29/2012 1:24:31 AM,10/28/2013 9:04:49 PM,UPSTREAM ANTENNA ARRAY,DOWNSTREAM ANTENNA ARRAY,11/10/2008,7,Bull Trout,R,Resident,W,Wild Fish or Natural Production,ENTIAR - Entiat River,SCREWT,Screw Trap,231,1
3D9.1C2C51734C,MRC08314.HB4,ENF - Upper Entiat River at rkm 40.6,7/4/2011 7:47:46 PM,6/17/2014 9:37:54 PM,UPSTREAM ARRAY,UPSTREAM ARRAY,11/10/2008,7,Bull Trout,R,Resident,W,Wild Fish or Natural Production,ENTIAR - Entiat River,SCREWT,Screw Trap,231,1
3D9.1C2C51734C,MRC08314.HB4,ENL - Lower Entiat River,11/9/2008 12:14:00 PM,11/3/2013 4:39:09 AM,UPPER IN-STREAM ARRAY,LOWER IN-STREAM ARRAY,11/10/2008,7,Bull Trout,R,Resident,W,Wild Fish or Natural Production,ENTIAR - Entiat River,SCREWT,Screw Trap,231,1
3D9.1C2C51734C,MRC08314.HB4,ENM - Middle Entiat River,8/27/2010 3:05:38 AM,10/28/2013 3:33:30 AM,UPPER IN-STREAM ARRAY,UPPER IN-STREAM ARRAY,11/10/2008,7,Bull Trout,R,Resident,W,Wild Fish or Natural Production,ENTIAR - Entiat River,SCREWT,Screw Trap,231,1
3D9.1C2C51734C,MRC08314.HB4,ENS - Upper Entiat River at rkm 35.7,10/2/2011 2:25:58 AM,5/31/2013 5:42:46 PM,UPSTREAM ARRAY,UPSTREAM ARRAY,11/10/2008,7,Bull Trout,R,Resident,W,Wild Fish or Natural Production,ENTIAR - Entiat River,SCREWT,Screw Trap,231,1
3D9.1C2C51734C,MRC08314.HB4,RRF - Rocky Reach Fishway,6/6/2010 10:03:29 AM,5/23/2014 8:09:14 AM,WEIR 4,Trap,11/10/2008,7,Bull Trout,R,Resident,W,Wild Fish or Natural Production,ENTIAR - Entiat River,SCREWT,Screw Trap,231,1
3D9.1C2C5173B3,MRC08315.HB2,ENF - Upper Entiat River at rkm 40.6,7/27/2011 4:17:34 AM,7/27/2011 4:17:34 AM,DOWNSTREAM ARRAY,DOWNSTREAM ARRAY,11/11/2008,7,Bull Trout,R,Resident,W,Wild Fish or Natural Production,ENTIAR - Entiat River,SCREWT,Screw Trap,170,1
3D9.1C2C5173B3,MRC08315.HB2,ENL - Lower Entiat River,12/20/2009 8:10:56 AM,12/21/2009 6:56:59 AM,UPPER IN-STREAM ARRAY,LOWER IN-STREAM ARRAY,11/11/2008,7,Bull Trout,R,Resident,W,Wild Fish or Natural Production,ENTIAR - Entiat River,SCREWT,Screw Trap,170,1
3D9.1C2C5173B3,MRC08315.HB2,RRF - Rocky Reach Fishway,6/7/2011 10:03:33 PM,6/8/2011 1:54:13 AM,WEIR 4,WEIR 6,11/11/2008,7,Bull Trout,R,Resident,W,Wild Fish or Natural Production,ENTIAR - Entiat River,SCREWT,Screw Trap,170,1
3D9.1C2C517AA1,MRC08323.HB2,ENL - Lower Entiat River,11/22/2008 9:01:00 PM,11/22/2008 9:01:00 PM,LOWER IN-STREAM ARRAY,LOWER IN-STREAM ARRAY,11/19/2008,7,Bull Trout,R,Resident,W,Wild Fish or Natural Production,ENTIAR - Entiat River,SCREWT,Screw Trap,183,1
3D9.1C2C517CBD,MRC08315.HB2,RRF - Rocky Reach Fishway,6/18/2010 10:09:00 AM,6/18/2010 10:12:02 AM,WEIR 4,WEIR 6,11/11/2008,7,Bull Trout,R,Resident,W,Wild Fish or Natural Production,ENTIAR - Entiat River,SCREWT,Screw Trap,246,1
3D9.1C2C517F6B,MRC08134.HA1,ENL - Lower Entiat River,7/26/2008 12:20:00 PM,7/26/2008 12:20:00 PM,UPPER IN-STREAM ARRAY,UPPER IN-STREAM ARRAY,5/13/2008,7,Bull Trout,R,Resident,W,Wild Fish or Natural Production,ENTIAR - Entiat River,SCREWT,Screw Trap,150,1
3D9.1C2C517FBD,MRC08134.HA1,ENL - Lower Entiat River,8/15/2008 12:47:00 PM,8/15/2008 12:47:00 PM,UPPER IN-STREAM ARRAY,UPPER IN-STREAM ARRAY,5/13/2008,7,Bull Trout,R,Resident,W,Wild Fish or Natural Production,ENTIAR - Entiat River,SCREWT,Screw Trap,162,1
3D9.1C2C5181F7,FWE11266.HB4,ENL - Lower Entiat River,9/25/2011 10:55:27 AM,9/25/2011 10:57:47 AM,LOWER IN-STREAM ARRAY,UPPER IN-STREAM ARRAY,9/24/2011,7,Bull Trout,R,Resident,W,Wild Fish or Natural Production,ENTIAR - Entiat River,SCREWT,Screw Trap,258,1
3D9.1C2C66084B,RDN10302.HB4,ENA - Upper Entiat River at rkm 17.1,7/6/2013 1:15:02 AM,7/6/2013 1:15:02 AM,UPSTREAM ANTENNA ARRAY,UPSTREAM ANTENNA ARRAY,10/29/2010,7,Bull Trout,R,Resident,W,Wild Fish or Natural Production,ENTIAR - Entiat River,SCREWT,Screw Trap,256,1
3D9.1C2C66084B,RDN10302.HB4,ENF - Upper Entiat River at rkm 40.6,7/12/2013 10:23:21 PM,7/12/2013 10:23:21 PM,UPSTREAM ARRAY,UPSTREAM ARRAY,10/29/2010,7,Bull Trout,R,Resident,W,Wild Fish or Natural Production,ENTIAR - Entiat River,SCREWT,Screw Trap,256,1
3D9.1C2C66084B,RDN10302.HB4,ENL - Lower Entiat River,6/27/2013 2:15:00 AM,9/23/2013 2:53:13 AM,LOWER IN-STREAM ARRAY,LOWER IN-STREAM ARRAY,10/29/2010,7,Bull Trout,R,Resident,W,Wild Fish or Natural Production,ENTIAR - Entiat River,SCREWT,Screw Trap,256,1
3D9.1C2C66084B,RDN10302.HB4,ENM - Middle Entiat River,7/8/2013 9:37:10 PM,9/18/2013 3:40:07 AM,UPPER IN-STREAM ARRAY,LOWER IN-STREAM ARRAY,10/29/2010,7,Bull Trout,R,Resident,W,Wild Fish or Natural Production,ENTIAR - Entiat River,SCREWT,Screw Trap,256,1
3D9.1C2C66084B,RDN10302.HB4,ENS - Upper Entiat River at rkm 35.7,9/17/2013 8:41:19 PM,9/17/2013 8:41:19 PM,DOWNSTREAM ARRAY,DOWNSTREAM ARRAY,10/29/2010,7,Bull Trout,R,Resident,W,Wild Fish or Natural Production,ENTIAR - Entiat River,SCREWT,Screw Trap,256,1
3D9.1C2C660D61,RDN10312.HA3,ENA - Upper Entiat River at rkm 17.1,10/22/2011 10:14:22 PM,6/6/2015 6:04:31 PM,UPSTREAM ANTENNA ARRAY,UPSTREAM ANTENNA ARRAY,11/8/2010,7,Bull Trout,R,Resident,W,Wild Fish or Natural Production,ENTIAR - Entiat River,SCREWT,Screw Trap,312,1
3D9.1C2C660D61,RDN10312.HA3,ENF - Upper Entiat River at rkm 40.6,10/12/2011 5:31:41 AM,6/15/2015 12:02:20 AM,UPSTREAM ARRAY,DOWNSTREAM ARRAY,11/8/2010,7,Bull Trout,R,Resident,W,Wild Fish or Natural Production,ENTIAR - Entiat River,SCREWT,Screw Trap,312,1
3D9.1C2C660D61,RDN10312.HA3,ENL - Lower Entiat River,4/13/2011 3:09:33 AM,3/13/2014 10:47:59 PM,LOWER IN-STREAM ARRAY,UPPER IN-STREAM ARRAY,11/8/2010,7,Bull Trout,R,Resident,W,Wild Fish or Natural Production,ENTIAR - Entiat River,SCREWT,Screw Trap,312,1
3D9.1C2C660D61,RDN10312.HA3,ENM - Middle Entiat River,10/22/2011 5:40:47 AM,9/2/2014 9:31:13 PM,UPPER IN-STREAM ARRAY,LOWER IN-STREAM ARRAY,11/8/2010,7,Bull Trout,R,Resident,W,Wild Fish or Natural Production,ENTIAR - Entiat River,SCREWT,Screw Trap,312,1
3D9.1C2C660D61,RDN10312.HA3,ENS - Upper Entiat River at rkm 35.7,7/25/2011 1:33:48 PM,6/9/2015 8:15:45 PM,DOWNSTREAM ARRAY,DOWNSTREAM ARRAY,11/8/2010,7,Bull Trout,R,Resident,W,Wild Fish or Natural Production,ENTIAR - Entiat River,SCREWT,Screw Trap,312,1
3D9.1C2C662635,FWE11293.HB4,ENL - Lower Entiat River,10/21/2011 6:51:29 PM,10/21/2011 6:52:20 PM,UPPER IN-STREAM ARRAY,LOWER IN-STREAM ARRAY,10/21/2011,7,Bull Trout,R,Resident,W,Wild Fish or Natural Production,ENTIAR - Entiat River,SCREWT,Screw Trap,690,1
3D9.1C2C66E762,RDN10303.HB4,ENA - Upper Entiat River at rkm 17.1,6/16/2013 4:07:35 AM,10/18/2013 6:43:28 PM,UPSTREAM ANTENNA ARRAY,DOWNSTREAM ANTENNA ARRAY,10/30/2010,7,Bull Trout,R,Resident,W,Wild Fish or Natural Production,ENTIAR - Entiat River,SCREWT,Screw Trap,279,1
3D9.1C2C66E762,RDN10303.HB4,ENF - Upper Entiat River at rkm 40.6,10/17/2013 7:58:54 PM,10/17/2013 7:58:54 PM,UPSTREAM ARRAY,UPSTREAM ARRAY,10/30/2010,7,Bull Trout,R,Resident,W,Wild Fish or Natural Production,ENTIAR - Entiat River,SCREWT,Screw Trap,279,1
3D9.1C2C66E762,RDN10303.HB4,ENL - Lower Entiat River,11/1/2013 4:15:28 AM,11/1/2013 4:15:37 AM,UPPER IN-STREAM ARRAY,LOWER IN-STREAM ARRAY,10/30/2010,7,Bull Trout,R,Resident,W,Wild Fish or Natural Production,ENTIAR - Entiat River,SCREWT,Screw Trap,279,1
3D9.1C2C66E762,RDN10303.HB4,ENM - Middle Entiat River,10/18/2013 2:27:41 AM,10/18/2013 2:27:44 AM,UPPER IN-STREAM ARRAY,LOWER IN-STREAM ARRAY,10/30/2010,7,Bull Trout,R,Resident,W,Wild Fish or Natural Production,ENTIAR - Entiat River,SCREWT,Screw Trap,279,1
3D9.1C2C66E762,RDN10303.HB4,ENS - Upper Entiat River at rkm 35.7,6/23/2013 1:06:54 AM,10/17/2013 9:35:12 PM,DOWNSTREAM ARRAY,DOWNSTREAM ARRAY,10/30/2010,7,Bull Trout,R,Resident,W,Wild Fish or Natural Production,ENTIAR - Entiat River,SCREWT,Screw Trap,279,1
3D9.1C2C66E762,RDN10303.HB4,ICL - Lower Icicle Instream Array,8/6/2012 9:59:18 PM,8/6/2012 9:59:18 PM,INSTREAM ARRAY,INSTREAM ARRAY,10/30/2010,7,Bull Trout,R,Resident,W,Wild Fish or Natural Production,ENTIAR - Entiat River,SCREWT,Screw Trap,279,1
3D9.1C2C66E762,RDN10303.HB4,LWE - Lower Wenatchee River,7/19/2012 10:24:42 PM,10/15/2012 11:55:02 PM,DOWNSTREAM ANTENNA ARRAY,DOWNSTREAM ANTENNA ARRAY,10/30/2010,7,Bull Trout,R,Resident,W,Wild Fish or Natural Production,ENTIAR - Entiat River,SCREWT,Screw Trap,279,1
3D9.1C2C66E762,RDN10303.HB4,RRF - Rocky Reach Fishway,5/20/2013 6:37:58 AM,5/29/2014 3:14:53 PM,WEIR 4,Trap,10/30/2010,7,Bull Trout,R,Resident,W,Wild Fish or Natural Production,ENTIAR - Entiat River,SCREWT,Screw Trap,279,1
3D9.1C2C67D3D3,FWE11275.HB4,LWE - Lower Wenatchee River,10/14/2011 1:50:52 PM,10/14/2011 1:53:57 PM,UPSTREAM ANTENNA ARRAY,DOWNSTREAM ANTENNA ARRAY,10/3/2011,7,Bull Trout,R,Resident,W,Wild Fish or Natural Production,ENTIAR - Entiat River,SCREWT,Screw Trap,215,1
3D9.1C2CBC3557,RDN10148.HB4,ENL - Lower Entiat River,8/15/2010 1:40:32 PM,8/15/2010 8:44:02 PM,UPPER IN-STREAM ARRAY,UPPER IN-STREAM ARRAY,5/28/2010,7,Bull Trout,R,Resident,W,Wild Fish or Natural Production,ENTIAR - Entiat River,SCREWT,Screw Trap,225,1
3D9.1C2CBC3DD1,MRC10133.HB4,ENL - Lower Entiat River,5/13/2010 4:18:37 PM,5/13/2010 4:18:37 PM,LOWER IN-STREAM ARRAY,LOWER IN-STREAM ARRAY,5/13/2010,7,Bull Trout,R,Resident,W,Wild Fish or Natural Production,ENTIAR - Entiat River,SCREWT,Screw Trap,130,1
3D9.1C2CBC43FB,RDN10148.HB4,ENL - Lower Entiat River,8/26/2010 8:19:27 PM,8/26/2010 8:19:27 PM,UPPER IN-STREAM ARRAY,UPPER IN-STREAM ARRAY,5/28/2010,7,Bull Trout,R,Resident,W,Wild Fish or Natural Production,ENTIAR - Entiat River,SCREWT,Screw Trap,183,1
3D9.1C2CBFA526,CGS10159.TBT,TWR - Lwr Twisp Rvr near MSRF Ponds,9/30/2010 7:43:51 PM,9/30/2010 7:44:38 PM,UPPER IN-STREAM ARRAY,LOWER IN-STREAM ARRAY,7/12/2010,7,Bull Trout,R,Resident,W,Wild Fish or Natural Production,TWISPW - Twisp River Weir (WDFW),WTRAP,Weir Trap,660,1
3D9.1C2CBFC3AB,CGS10159.TBT,TWR - Lwr Twisp Rvr near MSRF Ponds,9/23/2010 2:52:43 AM,9/23/2010 2:53:22 AM,UPPER IN-STREAM ARRAY,LOWER IN-STREAM ARRAY,7/10/2010,7,Bull Trout,R,Resident,W,Wild Fish or Natural Production,TWISPW - Twisp River Weir (WDFW),WTRAP,Weir Trap,650,1
3D9.1C2CBFC5DD,CGS10159.TBT,TWR - Lwr Twisp Rvr near MSRF Ponds,9/20/2010 3:12:17 AM,9/13/2011 9:54:31 PM,UPPER IN-STREAM ARRAY,LOWER IN-STREAM ARRAY,6/19/2010,7,Bull Trout,R,Resident,W,Wild Fish or Natural Production,TWISPW - Twisp River Weir (WDFW),WTRAP,Weir Trap,570,1
3D9.1C2CBFCA83,CGS10159.TBT,TWR - Lwr Twisp Rvr near MSRF Ponds,7/27/2010 12:09:01 AM,7/31/2010 3:12:07 PM,UPPER IN-STREAM ARRAY,UPPER IN-STREAM ARRAY,7/2/2010,7,Bull Trout,R,Resident,W,Wild Fish or Natural Production,TWISPW - Twisp River Weir (WDFW),WTRAP,Weir Trap,520,1
3D9.1C2CBFE156,CGS10013.BT1,MRT - Methow River at Twisp,9/13/2010 10:05:50 PM,1/19/2011 6:55:41 PM,UPSTREAM ARRAY,UPSTREAM ARRAY,1/19/2010,7,Bull Trout,R,Resident,W,Wild Fish or Natural Production,METHR - Methow River,HOOK,Hook and Line,410,1
3D9.1C2CBFE68E,CGS10013.BT1,CRW - Chewuch River above Winthrop,6/20/2010 4:33:17 PM,6/20/2010 4:33:17 PM,DOWNSTREAM ARRAY,DOWNSTREAM ARRAY,2/10/2010,7,Bull Trout,R,Resident,W,Wild Fish or Natural Production,METHR - Methow River,HOOK,Hook and Line,720,1
3D9.1C2CBFF789,CGS10159.TBT,TWR - Lwr Twisp Rvr near MSRF Ponds,10/10/2010 8:05:09 PM,10/30/2012 3:23:35 AM,UPPER IN-STREAM ARRAY,UPPER IN-STREAM ARRAY,6/29/2010,7,Bull Trout,R,Resident,W,Wild Fish or Natural Production,TWISPW - Twisp River Weir (WDFW),WTRAP,Weir Trap,600,1
3D9.1C2CBFFAED,CGS10159.TBT,"GLC - Gold Creek, Methow River",7/28/2010 1:58:40 AM,7/28/2010 1:58:40 AM,UPPER IN-STREAM ARRAY,UPPER IN-STREAM ARRAY,7/11/2010,7,Bull Trout,R,Resident,W,Wild Fish or Natural Production,TWISPW - Twisp River Weir (WDFW),WTRAP,Weir Trap,440,1
3D9.1C2CBFFAED,CGS10159.TBT,TWR - Lwr Twisp Rvr near MSRF Ponds,7/18/2010 4:28:14 AM,7/25/2010 8:17:51 AM,UPPER IN-STREAM ARRAY,UPPER IN-STREAM ARRAY,7/11/2010,7,Bull Trout,R,Resident,W,Wild Fish or Natural Production,TWISPW - Twisp River Weir (WDFW),WTRAP,Weir Trap,440,1
3D9.1C2CBFFFBC,CGS10159.TBT,TWR - Lwr Twisp Rvr near MSRF Ponds,7/29/2010 11:20:15 PM,7/31/2010 1:00:10 AM,UPPER IN-STREAM ARRAY,UPPER IN-STREAM ARRAY,6/26/2010,7,Bull Trout,R,Resident,W,Wild Fish or Natural Production,TWISPW - Twisp River Weir (WDFW),WTRAP,Weir Trap,600,1
3D9.1C2CC012E9,CGS10159.TBT,LMR - Lower Methow River at Pateros,10/4/2010 10:59:45 PM,10/5/2010 3:52:48 AM,IN-STREAM ARRAY,IN-STREAM ARRAY,6/12/2010,7,Bull Trout,R,Resident,W,Wild Fish or Natural Production,TWISPW - Twisp River Weir (WDFW),WTRAP,Weir Trap,720,1
3D9.1C2CC012E9,CGS10159.TBT,TWR - Lwr Twisp Rvr near MSRF Ponds,9/19/2010 11:52:22 PM,9/19/2010 11:52:22 PM,UPPER IN-STREAM ARRAY,UPPER IN-STREAM ARRAY,6/12/2010,7,Bull Trout,R,Resident,W,Wild Fish or Natural Production,TWISPW - Twisp River Weir (WDFW),WTRAP,Weir Trap,720,1
3D9.1C2CC02D7C,CGS10159.TBT,LMR - Lower Methow River at Pateros,9/23/2010 10:49:30 PM,4/7/2011 9:02:43 PM,IN-STREAM ARRAY,UPSTREAM FULL-WIDTH ARRAY,6/29/2010,7,Bull Trout,R,Resident,W,Wild Fish or Natural Production,TWISPW - Twisp River Weir (WDFW),WTRAP,Weir Trap,650,1
3D9.1C2CC02D7C,CGS10159.TBT,TWR - Lwr Twisp Rvr near MSRF Ponds,9/19/2010 3:45:21 AM,9/17/2011 12:14:14 AM,UPPER IN-STREAM ARRAY,LOWER IN-STREAM ARRAY,6/29/2010,7,Bull Trout,R,Resident,W,Wild Fish or Natural Production,TWISPW - Twisp River Weir (WDFW),WTRAP,Weir Trap,650,1
3D9.1C2CC03145,CGS10159.TBT,"GLC - Gold Creek, Methow River",10/10/2010 9:05:15 AM,10/10/2010 11:33:53 AM,MIDDLE IN-STREAM ARRAY,LOWER IN-STREAM ARRAY,6/18/2010,7,Bull Trout,R,Resident,W,Wild Fish or Natural Production,TWISPW - Twisp River Weir (WDFW),WTRAP,Weir Trap,570,1
3D9.1C2CC03145,CGS10159.TBT,TWR - Lwr Twisp Rvr near MSRF Ponds,9/30/2010 10:44:23 PM,9/30/2010 10:44:42 PM,UPPER IN-STREAM ARRAY,LOWER IN-STREAM ARRAY,6/18/2010,7,Bull Trout,R,Resident,W,Wild Fish or Natural Production,TWISPW - Twisp River Weir (WDFW),WTRAP,Weir Trap,570,1
3D9.1C2CC04E88,MRC09292.HB2,ENL - Lower Entiat River,10/20/2009 6:27:48 AM,10/20/2009 6:27:48 AM,LOWER IN-STREAM ARRAY,LOWER IN-STREAM ARRAY,10/20/2009,7,Bull Trout,R,Resident,W,Wild Fish or Natural Production,ENTIAR - Entiat River,SCREWT,Screw Trap,251,1
3D9.1C2CC04F34,CGS08219.LAI,TWR - Lwr Twisp Rvr near MSRF Ponds,8/6/2008 11:56:09 AM,8/6/2008 11:56:09 AM,UPPER IN-STREAM ARRAY,UPPER IN-STREAM ARRAY,8/6/2008,7,Bull Trout,R,Resident,W,Wild Fish or Natural Production,TWISPR - Twisp River,SCREWT,Screw Trap,160,1
3D9.1C2CC053C3,MRC09288.HB2,"MAD - Mad River, Entiat River Basin",7/11/2011 10:35:52 PM,7/11/2011 10:40:26 PM,LOWER IN-STREAM ARRAY,MIDDLE IN-STREAM ARRAY,10/16/2009,7,Bull Trout,R,Resident,W,Wild Fish or Natural Production,ENTIAR - Entiat River,SCREWT,Screw Trap,228,1
3D9.1C2CC053C3,MRC09288.HB2,RIA - Rock Island Adult,7/21/2010 6:24:40 AM,7/21/2010 6:33:13 AM,LEFT LADDER BAFFLE 2,LEFT LADDER BAFFLE 4,10/16/2009,7,Bull Trout,R,Resident,W,Wild Fish or Natural Production,ENTIAR - Entiat River,SCREWT,Screw Trap,228,1
3D9.1C2CC053C3,MRC09288.HB2,RRF - Rocky Reach Fishway,6/7/2011 5:01:20 PM,6/7/2011 5:05:44 PM,WEIR 4,WEIR 6,10/16/2009,7,Bull Trout,R,Resident,W,Wild Fish or Natural Production,ENTIAR - Entiat River,SCREWT,Screw Trap,228,1
3D9.1C2CC07CC8,CGS10159.TBT,MRT - Methow River at Twisp,9/3/2010 11:05:55 PM,9/3/2010 11:05:55 PM,DOWNSTREAM ARRAY,DOWNSTREAM ARRAY,7/6/2010,7,Bull Trout,R,Resident,W,Wild Fish or Natural Production,TWISPW - Twisp River Weir (WDFW),WTRAP,Weir Trap,700,1
3D9.1C2CC07CC8,CGS10159.TBT,TWR - Lwr Twisp Rvr near MSRF Ponds,7/12/2010 10:31:57 AM,9/29/2011 10:13:46 PM,UPPER IN-STREAM ARRAY,LOWER IN-STREAM ARRAY,7/6/2010,7,Bull Trout,R,Resident,W,Wild Fish or Natural Production,TWISPW - Twisp River Weir (WDFW),WTRAP,Weir Trap,700,1
3D9.1C2CC07E19,CGS10159.TBT,LMR - Lower Methow River at Pateros,11/13/2010 11:58:13 PM,9/21/2013 2:55:25 PM,IN-STREAM ARRAY,UPSTREAM FULL-WIDTH ARRAY,7/7/2010,7,Bull Trout,R,Resident,W,Wild Fish or Natural Production,TWISPW - Twisp River Weir (WDFW),WTRAP,Weir Trap,640,1
3D9.1C2CC07E19,CGS10159.TBT,TWR - Lwr Twisp Rvr near MSRF Ponds,9/24/2010 9:41:35 PM,9/13/2013 11:27:40 PM,UPPER IN-STREAM ARRAY,LOWER IN-STREAM ARRAY,7/7/2010,7,Bull Trout,R,Resident,W,Wild Fish or Natural Production,TWISPW - Twisp River Weir (WDFW),WTRAP,Weir Trap,640,1
3D9.1C2CC08408,CGS10159.TBT,TWR - Lwr Twisp Rvr near MSRF Ponds,10/3/2010 2:58:27 AM,9/15/2013 12:50:25 AM,UPPER IN-STREAM ARRAY,LOWER IN-STREAM ARRAY,7/10/2010,7,Bull Trout,R,Resident,W,Wild Fish or Natural Production,TWISPW - Twisp River Weir (WDFW),WTRAP,Weir Trap,540,1
3D9.1C2CC09E20,MRC09295.HB2,ENA - Upper Entiat River at rkm 17.1,7/15/2011 11:23:03 PM,10/9/2011 3:29:55 AM,UPSTREAM ANTENNA ARRAY,UPSTREAM ANTENNA ARRAY,10/23/2009,7,Bull Trout,R,Resident,W,Wild Fish or Natural Production,ENTIAR - Entiat River,SCREWT,Screw Trap,276,1
3D9.1C2CC09E20,MRC09295.HB2,ENF - Upper Entiat River at rkm 40.6,7/27/2011 9:02:54 PM,10/7/2011 8:49:39 PM,UPSTREAM ARRAY,UPSTREAM ARRAY,10/23/2009,7,Bull Trout,R,Resident,W,Wild Fish or Natural Production,ENTIAR - Entiat River,SCREWT,Screw Trap,276,1
3D9.1C2CC09E20,MRC09295.HB2,ENL - Lower Entiat River,10/13/2011 10:50:03 PM,10/13/2011 10:50:59 PM,UPPER IN-STREAM ARRAY,LOWER IN-STREAM ARRAY,10/23/2009,7,Bull Trout,R,Resident,W,Wild Fish or Natural Production,ENTIAR - Entiat River,SCREWT,Screw Trap,276,1
3D9.1C2CC09E20,MRC09295.HB2,ENM - Middle Entiat River,10/9/2011 12:23:23 AM,10/9/2011 12:23:23 AM,LOWER IN-STREAM ARRAY,LOWER IN-STREAM ARRAY,10/23/2009,7,Bull Trout,R,Resident,W,Wild Fish or Natural Production,ENTIAR - Entiat River,SCREWT,Screw Trap,276,1
3D9.1C2CC09E20,MRC09295.HB2,ENS - Upper Entiat River at rkm 35.7,10/8/2011 1:12:04 AM,10/8/2011 1:12:04 AM,DOWNSTREAM ARRAY,DOWNSTREAM ARRAY,10/23/2009,7,Bull Trout,R,Resident,W,Wild Fish or Natural Production,ENTIAR - Entiat River,SCREWT,Screw Trap,276,1
3D9.1C2CC09E20,MRC09295.HB2,RRF - Rocky Reach Fishway,6/12/2011 6:56:09 AM,6/12/2011 6:57:27 AM,WEIR 4,WEIR 6,10/23/2009,7,Bull Trout,R,Resident,W,Wild Fish or Natural Production,ENTIAR - Entiat River,SCREWT,Screw Trap,276,1
3D9.1C2CC0A1F5,MRC09296.HB2,ENA - Upper Entiat River at rkm 17.1,10/10/2013 4:28:28 AM,10/10/2013 4:28:28 AM,UPSTREAM ANTENNA ARRAY,UPSTREAM ANTENNA ARRAY,10/24/2009,7,Bull Trout,R,Resident,W,Wild Fish or Natural Production,ENTIAR - Entiat River,SCREWT,Screw Trap,234,1
3D9.1C2CC0A1F5,MRC09296.HB2,ENF - Upper Entiat River at rkm 40.6,7/26/2011 3:40:46 PM,6/18/2013 9:51:26 PM,UPSTREAM ARRAY,UPSTREAM ARRAY,10/24/2009,7,Bull Trout,R,Resident,W,Wild Fish or Natural Production,ENTIAR - Entiat River,SCREWT,Screw Trap,234,1
3D9.1C2CC0A1F5,MRC09296.HB2,ENL - Lower Entiat River,10/24/2010 6:57:22 AM,10/12/2013 9:14:06 PM,UPPER IN-STREAM ARRAY,LOWER IN-STREAM ARRAY,10/24/2009,7,Bull Trout,R,Resident,W,Wild Fish or Natural Production,ENTIAR - Entiat River,SCREWT,Screw Trap,234,1
3D9.1C2CC0A1F5,MRC09296.HB2,ENM - Middle Entiat River,8/20/2011 7:48:28 PM,6/13/2013 3:01:18 PM,LOWER IN-STREAM ARRAY,UPPER IN-STREAM ARRAY,10/24/2009,7,Bull Trout,R,Resident,W,Wild Fish or Natural Production,ENTIAR - Entiat River,SCREWT,Screw Trap,234,1
3D9.1C2CC0A1F5,MRC09296.HB2,ENS - Upper Entiat River at rkm 35.7,7/23/2011 4:42:37 PM,6/22/2014 3:53:06 AM,DOWNSTREAM ARRAY,UPSTREAM ARRAY,10/24/2009,7,Bull Trout,R,Resident,W,Wild Fish or Natural Production,ENTIAR - Entiat River,SCREWT,Screw Trap,234,1
3D9.1C2CC0AB9C,MRC09295.HB2,ENA - Upper Entiat River at rkm 17.1,11/5/2011 7:24:31 PM,6/17/2014 2:04:24 AM,UPSTREAM ANTENNA ARRAY,UPSTREAM ANTENNA ARRAY,10/23/2009,7,Bull Trout,R,Resident,W,Wild Fish or Natural Production,ENTIAR - Entiat River,SCREWT,Screw Trap,540,1
3D9.1C2CC0AB9C,MRC09295.HB2,ENF - Upper Entiat River at rkm 40.6,9/27/2010 9:40:43 PM,6/30/2014 3:15:28 PM,UPSTREAM ARRAY,UPSTREAM ARRAY,10/23/2009,7,Bull Trout,R,Resident,W,Wild Fish or Natural Production,ENTIAR - Entiat River,SCREWT,Screw Trap,540,1
3D9.1C2CC0AB9C,MRC09295.HB2,ENL - Lower Entiat River,10/23/2009 10:24:28 PM,10/27/2013 9:57:20 PM,UPPER IN-STREAM ARRAY,LOWER IN-STREAM ARRAY,10/23/2009,7,Bull Trout,R,Resident,W,Wild Fish or Natural Production,ENTIAR - Entiat River,SCREWT,Screw Trap,540,1
3D9.1C2CC0AB9C,MRC09295.HB2,ENM - Middle Entiat River,10/1/2010 9:58:16 PM,11/5/2011 3:36:40 AM,UPPER IN-STREAM ARRAY,LOWER IN-STREAM ARRAY,10/23/2009,7,Bull Trout,R,Resident,W,Wild Fish or Natural Production,ENTIAR - Entiat River,SCREWT,Screw Trap,540,1
3D9.1C2CC0AB9C,MRC09295.HB2,ENS - Upper Entiat River at rkm 35.7,11/4/2011 10:02:44 PM,6/18/2013 8:43:22 PM,UPSTREAM ARRAY,UPSTREAM ARRAY,10/23/2009,7,Bull Trout,R,Resident,W,Wild Fish or Natural Production,ENTIAR - Entiat River,SCREWT,Screw Trap,540,1
3D9.1C2CC0AB9C,MRC09295.HB2,RRF - Rocky Reach Fishway,5/10/2011 5:40:59 PM,5/14/2014 8:26:34 AM,WEIR 4,Trap,10/23/2009,7,Bull Trout,R,Resident,W,Wild Fish or Natural Production,ENTIAR - Entiat River,SCREWT,Screw Trap,540,1
3D9.1C2CC0B36F,CGS10159.TBT,TWR - Lwr Twisp Rvr near MSRF Ponds,10/11/2011 3:47:55 AM,10/14/2013 3:55:28 AM,UPPER IN-STREAM ARRAY,LOWER IN-STREAM ARRAY,7/11/2010,7,Bull Trout,R,Resident,W,Wild Fish or Natural Production,TWISPW - Twisp River Weir (WDFW),WTRAP,Weir Trap,550,1
3D9.1C2CC0B6E4,CGS10159.TBT,TWR - Lwr Twisp Rvr near MSRF Ponds,9/18/2010 3:50:35 AM,7/17/2014 11:27:14 PM,UPPER IN-STREAM ARRAY,LOWER IN-STREAM ARRAY,7/11/2010,7,Bull Trout,R,Resident,W,Wild Fish or Natural Production,TWISPW - Twisp River Weir (WDFW),WTRAP,Weir Trap,600,1
3D9.1C2CC0D39E,CGS10159.TBT,TWR - Lwr Twisp Rvr near MSRF Ponds,9/19/2010 12:24:20 AM,9/19/2010 12:26:10 AM,UPPER IN-STREAM ARRAY,LOWER IN-STREAM ARRAY,6/26/2010,7,Bull Trout,R,Resident,W,Wild Fish or Natural Production,TWISPW - Twisp River Weir (WDFW),WTRAP,Weir Trap,570,1
3D9.1C2CC0D905,CGS08319.LAI,TWR - Lwr Twisp Rvr near MSRF Ponds,11/14/2008 8:24:32 PM,11/14/2008 8:24:41 PM,UPPER IN-STREAM ARRAY,LOWER IN-STREAM ARRAY,11/14/2008,7,Bull Trout,R,Resident,W,Wild Fish or Natural Production,TWISPR - Twisp River,SCREWT,Screw Trap,264,1
3D9.1C2CC5AB92,TLM12256.AAZ,BCP - Butcher Creek Acclimation Pond,5/18/2017 12:45:27 AM,6/12/2017 11:19:36 PM,POND EXIT,POND EXIT,9/12/2012,7,Bull Trout,R,Resident,W,Wild Fish or Natural Production,"CHIWAT - Chiwawa River Trap, 0.5 km below CHIP acclimation pond",SCREWT,Screw Trap,262,1
3D9.1C2CC5AB92,TLM12256.AAZ,CHL - Lower Chiwawa River,10/4/2016 7:22:57 PM,10/7/2017 6:17:22 PM,LOWER IN-STREAM ARRAY,LOWER IN-STREAM ARRAY,9/12/2012,7,Bull Trout,R,Resident,W,Wild Fish or Natural Production,"CHIWAT - Chiwawa River Trap, 0.5 km below CHIP acclimation pond",SCREWT,Screw Trap,262,1
3D9.1C2CC5AB92,TLM12256.AAZ,CHU - Upper Chiwawa River,10/3/2016 10:51:33 PM,10/5/2017 9:59:00 PM,UPPER IN-STREAM ARRAY,UPPER IN-STREAM ARRAY,9/12/2012,7,Bull Trout,R,Resident,W,Wild Fish or Natural Production,"CHIWAT - Chiwawa River Trap, 0.5 km below CHIP acclimation pond",SCREWT,Screw Trap,262,1
3D9.1C2CC5AB92,TLM12256.AAZ,NAL - Lower Nason Creek,3/14/2018 8:59:38 PM,3/14/2018 9:00:01 PM,LOWER IN-STREAM ARRAY,UPPER IN-STREAM ARRAY,9/12/2012,7,Bull Trout,R,Resident,W,Wild Fish or Natural Production,"CHIWAT - Chiwawa River Trap, 0.5 km below CHIP acclimation pond",SCREWT,Screw Trap,262,1
3D9.1C2CC5AB92,TLM12256.AAZ,UWE - Upper Wenatchee River,5/18/2015 11:48:24 PM,10/8/2017 1:23:45 AM,IN-STREAM ARRAY,IN-STREAM ARRAY,9/12/2012,7,Bull Trout,R,Resident,W,Wild Fish or Natural Production,"CHIWAT - Chiwawa River Trap, 0.5 km below CHIP acclimation pond",SCREWT,Screw Trap,262,1
3D9.1C2CC7F7F1,CMK11138.BAC,NAL - Lower Nason Creek,11/5/2012 6:50:01 PM,11/5/2012 6:50:01 PM,LOWER IN-STREAM ARRAY,LOWER IN-STREAM ARRAY,5/21/2011,7,Bull Trout,R,Resident,W,Wild Fish or Natural Production,NASONC - Nason Creek (tributary to Wenatchee River),SCREWT,Screw Trap,139,1
3D9.1C2CC925C9,MRC08283.HB4,ENA - Upper Entiat River at rkm 17.1,11/3/2011 9:47:16 PM,11/3/2011 9:47:16 PM,UPSTREAM ANTENNA ARRAY,UPSTREAM ANTENNA ARRAY,10/10/2008,7,Bull Trout,R,Resident,W,Wild Fish or Natural Production,ENTIAR - Entiat River,SCREWT,Screw Trap,400,1
3D9.1C2CC925C9,MRC08283.HB4,ENF - Upper Entiat River at rkm 40.6,9/1/2010 11:39:34 PM,10/31/2011 3:28:47 AM,UPSTREAM ARRAY,UPSTREAM ARRAY,10/10/2008,7,Bull Trout,R,Resident,W,Wild Fish or Natural Production,ENTIAR - Entiat River,SCREWT,Screw Trap,400,1
3D9.1C2CC925C9,MRC08283.HB4,ENL - Lower Entiat River,10/28/2009 5:10:38 AM,10/31/2010 11:23:10 PM,LOWER IN-STREAM ARRAY,UPPER IN-STREAM ARRAY,10/10/2008,7,Bull Trout,R,Resident,W,Wild Fish or Natural Production,ENTIAR - Entiat River,SCREWT,Screw Trap,400,1
3D9.1C2CC925C9,MRC08283.HB4,ENM - Middle Entiat River,7/4/2009 4:44:04 AM,11/3/2011 5:20:30 AM,LOWER IN-STREAM ARRAY,LOWER IN-STREAM ARRAY,10/10/2008,7,Bull Trout,R,Resident,W,Wild Fish or Natural Production,ENTIAR - Entiat River,SCREWT,Screw Trap,400,1
3D9.1C2CC925C9,MRC08283.HB4,ENS - Upper Entiat River at rkm 35.7,11/1/2011 9:19:47 PM,11/1/2011 9:19:50 PM,UPSTREAM ARRAY,DOWNSTREAM ARRAY,10/10/2008,7,Bull Trout,R,Resident,W,Wild Fish or Natural Production,ENTIAR - Entiat River,SCREWT,Screw Trap,400,1
3D9.1C2CCC78B0,CGS08319.LAI,TWR - Lwr Twisp Rvr near MSRF Ponds,11/14/2008 7:18:36 PM,11/14/2008 7:18:39 PM,UPPER IN-STREAM ARRAY,LOWER IN-STREAM ARRAY,11/14/2008,7,Bull Trout,R,Resident,W,Wild Fish or Natural Production,TWISPR - Twisp River,SCREWT,Screw Trap,216,1
3D9.1C2CCD33DD,MRC09292.HB2,ENL - Lower Entiat River,10/6/2010 12:36:38 AM,10/21/2010 9:55:38 AM,UPPER IN-STREAM ARRAY,LOWER IN-STREAM ARRAY,10/20/2009,7,Bull Trout,R,Resident,W,Wild Fish or Natural Production,ENTIAR - Entiat River,SCREWT,Screw Trap,410,1
3D9.1C2CCD33DD,MRC09292.HB2,"MAD - Mad River, Entiat River Basin",7/7/2010 8:43:46 AM,10/3/2010 2:03:55 AM,MIDDLE IN-STREAM ARRAY,LOWER IN-STREAM ARRAY,10/20/2009,7,Bull Trout,R,Resident,W,Wild Fish or Natural Production,ENTIAR - Entiat River,SCREWT,Screw Trap,410,1
3D9.1C2CCD3657,MRC09292.HB2,ENL - Lower Entiat River,10/21/2009 7:16:22 AM,10/21/2009 7:16:22 AM,UPPER IN-STREAM ARRAY,UPPER IN-STREAM ARRAY,10/20/2009,7,Bull Trout,R,Resident,W,Wild Fish or Natural Production,ENTIAR - Entiat River,SCREWT,Screw Trap,264,1
3D9.1C2CCD38F1,MRC09201.X01,ENM - Middle Entiat River,7/31/2009 1:23:04 AM,7/31/2009 1:23:07 AM,UPPER IN-STREAM ARRAY,LOWER IN-STREAM ARRAY,7/20/2009,7,Bull Trout,R,Resident,W,Wild Fish or Natural Production,ENTIAR - Entiat River,BSEINE,Beach Seine,157,1
3D9.1C2CCD42DD,MRC09265.HB2,ENA - Upper Entiat River at rkm 17.1,6/19/2013 2:15:49 AM,11/7/2013 9:43:23 PM,UPSTREAM ANTENNA ARRAY,UPSTREAM ANTENNA ARRAY,9/23/2009,7,Bull Trout,R,Resident,W,Wild Fish or Natural Production,ENTIAR - Entiat River,SCREWT,Screw Trap,243,1
3D9.1C2CCD42DD,MRC09265.HB2,ENF - Upper Entiat River at rkm 40.6,7/8/2012 9:22:22 AM,6/28/2013 2:30:34 AM,DOWNSTREAM ARRAY,UPSTREAM ARRAY,9/23/2009,7,Bull Trout,R,Resident,W,Wild Fish or Natural Production,ENTIAR - Entiat River,SCREWT,Screw Trap,243,1
3D9.1C2CCD42DD,MRC09265.HB2,ENL - Lower Entiat River,9/24/2009 12:57:38 AM,9/24/2009 12:57:38 AM,UPPER IN-STREAM ARRAY,UPPER IN-STREAM ARRAY,9/23/2009,7,Bull Trout,R,Resident,W,Wild Fish or Natural Production,ENTIAR - Entiat River,SCREWT,Screw Trap,243,1
3D9.1C2CCD42DD,MRC09265.HB2,ENM - Middle Entiat River,10/19/2012 3:48:29 AM,10/12/2013 10:16:55 AM,UPPER IN-STREAM ARRAY,UPPER IN-STREAM ARRAY,9/23/2009,7,Bull Trout,R,Resident,W,Wild Fish or Natural Production,ENTIAR - Entiat River,SCREWT,Screw Trap,243,1
3D9.1C2CCD42DD,MRC09265.HB2,ENS - Upper Entiat River at rkm 35.7,10/11/2012 1:28:28 AM,10/11/2012 1:28:28 AM,UPSTREAM ARRAY,UPSTREAM ARRAY,9/23/2009,7,Bull Trout,R,Resident,W,Wild Fish or Natural Production,ENTIAR - Entiat River,SCREWT,Screw Trap,243,1
3D9.1C2CCD42DD,MRC09265.HB2,RIA - Rock Island Adult,7/1/2010 2:43:58 PM,6/4/2013 5:16:13 PM,LEFT LADDER BAFFLE 2,RIGHT LADDER BAFFLE 4,9/23/2009,7,Bull Trout,R,Resident,W,Wild Fish or Natural Production,ENTIAR - Entiat River,SCREWT,Screw Trap,243,1
3D9.1C2CCD42DD,MRC09265.HB2,RRF - Rocky Reach Fishway,6/3/2012 5:57:20 PM,6/6/2013 8:14:12 AM,WEIR 4,WEIR 6,9/23/2009,7,Bull Trout,R,Resident,W,Wild Fish or Natural Production,ENTIAR - Entiat River,SCREWT,Screw Trap,243,1
3D9.1C2CCD6F9B,MRC09128.HA3,RIA - Rock Island Adult,8/5/2009 5:48:02 PM,8/5/2009 7:02:57 PM,LEFT LADDER BAFFLE 2,LEFT LADDER BAFFLE 2,5/8/2009,7,Bull Trout,R,Resident,W,Wild Fish or Natural Production,ENTIAR - Entiat River,SCREWT,Screw Trap,191,1
3D9.1C2CCD7273,MRC09203.AV1,"MAD - Mad River, Entiat River Basin",10/31/2009 6:49:25 AM,10/31/2009 6:49:48 AM,UPPER IN-STREAM ARRAY,LOWER IN-STREAM ARRAY,7/22/2009,7,Bull Trout,R,Resident,W,Wild Fish or Natural Production,MADRVR - Mad River (Entiat River watershed),SHOCK,Electro-Shock,152,1
3D9.1C2CCD79E2,MRC09173.HB2,PES - Peshastin Creek,7/26/2009 1:42:57 PM,10/18/2009 2:04:11 AM,UPPER IN-STREAM ARRAY,LOWER IN-STREAM ARRAY,6/22/2009,7,Bull Trout,R,Resident,W,Wild Fish or Natural Production,ENTIAR - Entiat River,SCREWT,Screw Trap,158,1
3D9.1C2CCDA1E4,MRC09068.HB2,ENL - Lower Entiat River,3/17/2009 5:57:34 PM,3/17/2009 5:57:55 PM,UPPER IN-STREAM ARRAY,LOWER IN-STREAM ARRAY,3/10/2009,7,Bull Trout,R,Resident,W,Wild Fish or Natural Production,ENTIAR - Entiat River,SCREWT,Screw Trap,166,1
3D9.1C2CCDD7EE,MRC09203.AV1,"MAD - Mad River, Entiat River Basin",10/18/2010 4:20:33 AM,10/18/2010 4:21:06 AM,UPPER IN-STREAM ARRAY,LOWER IN-STREAM ARRAY,7/22/2009,7,Bull Trout,R,Resident,W,Wild Fish or Natural Production,MADRVR - Mad River (Entiat River watershed),SHOCK,Electro-Shock,155,1
3D9.1C2CCDE67F,CGS08239.LAI,"GLC - Gold Creek, Methow River",9/14/2009 2:31:26 PM,9/14/2009 2:34:52 PM,LOWER IN-STREAM ARRAY,MIDDLE IN-STREAM ARRAY,8/27/2008,7,Bull Trout,R,Resident,W,Wild Fish or Natural Production,TWISPR - Twisp River,SCREWT,Screw Trap,213,1
3D9.1C2CCE0CDC,MRC09212.HB2,ENL - Lower Entiat River,8/3/2009 3:08:36 AM,8/3/2009 3:08:36 AM,LOWER IN-STREAM ARRAY,LOWER IN-STREAM ARRAY,7/31/2009,7,Bull Trout,R,Resident,W,Wild Fish or Natural Production,ENTIAR - Entiat River,SCREWT,Screw Trap,183,1
3D9.1C2CCE1597,CGS08169.LAD,MRB - Methow River Basin,6/30/2008 10:33:30 AM,11/8/2008 7:50:11 PM,BEAVER CREEK MUX AT RKM 5,LOWER BEAVER CREEK AT RKM 2,6/17/2008,7,Bull Trout,R,Resident,W,Wild Fish or Natural Production,TWISPR - Twisp River,SCREWT,Screw Trap,142,1
3D9.1C2CCE1CAB,CGS08319.LAI,TWR - Lwr Twisp Rvr near MSRF Ponds,11/14/2008 7:45:28 PM,11/14/2008 7:45:33 PM,UPPER IN-STREAM ARRAY,LOWER IN-STREAM ARRAY,11/14/2008,7,Bull Trout,R,Resident,W,Wild Fish or Natural Production,TWISPR - Twisp River,SCREWT,Screw Trap,222,1
3D9.1C2CD776B5,CGS08212.LB1,TWR - Lwr Twisp Rvr near MSRF Ponds,11/14/2008 7:38:59 PM,11/4/2014 3:12:36 AM,UPPER IN-STREAM ARRAY,LOWER IN-STREAM ARRAY,7/30/2008,7,Bull Trout,R,Resident,W,Wild Fish or Natural Production,TWISPR - Twisp River,HOOK,Hook and Line,201,1
3D9.1C2CD9EEFC,KDM09266.SNM,LMR - Lower Methow River at Pateros,11/16/2009 12:44:10 AM,10/19/2011 3:23:00 AM,IN-STREAM ARRAY,UPSTREAM FULL-WIDTH ARRAY,9/23/2009,7,Bull Trout,R,Resident,W,Wild Fish or Natural Production,METHR - Methow River,GILNET,Gillnet Fishery or Research,476,1
3D9.1C2CD9EEFC,KDM09266.SNM,TWR - Lwr Twisp Rvr near MSRF Ponds,10/11/2010 2:29:44 AM,10/6/2011 5:10:55 AM,LOWER IN-STREAM ARRAY,LOWER IN-STREAM ARRAY,9/23/2009,7,Bull Trout,R,Resident,W,Wild Fish or Natural Production,METHR - Methow River,GILNET,Gillnet Fishery or Research,476,1
3D9.1C2CDB3509,MRC08302.HB2,"MAD - Mad River, Entiat River Basin",6/29/2009 5:05:37 AM,6/21/2010 12:43:43 PM,UPPER IN-STREAM ARRAY,UPPER IN-STREAM ARRAY,10/29/2008,7,Bull Trout,R,Resident,W,Wild Fish or Natural Production,ENTIAR - Entiat River,SCREWT,Screw Trap,327,1
3D9.1C2CDBFFD7,MRC08312.HB2,ENL - Lower Entiat River,11/8/2008 6:31:00 PM,11/8/2008 6:31:00 PM,UPPER IN-STREAM ARRAY,UPPER IN-STREAM ARRAY,11/8/2008,7,Bull Trout,R,Resident,W,Wild Fish or Natural Production,ENTIAR - Entiat River,SCREWT,Screw Trap,205,1
3D9.1C2CDC0107,MRC08282.HB4,RRF - Rocky Reach Fishway,6/3/2009 8:46:17 PM,6/3/2009 9:21:15 PM,WEIR 4,WEIR 6,10/9/2008,7,Bull Trout,R,Resident,W,Wild Fish or Natural Production,ENTIAR - Entiat River,SCREWT,Screw Trap,382,1
3D9.1C2CDC0107,MRC08282.HB4,TWR - Lwr Twisp Rvr near MSRF Ponds,7/21/2009 12:40:17 AM,10/13/2013 3:40:13 AM,LOWER IN-STREAM ARRAY,LOWER IN-STREAM ARRAY,10/9/2008,7,Bull Trout,R,Resident,W,Wild Fish or Natural Production,ENTIAR - Entiat River,SCREWT,Screw Trap,382,1
3D9.1C2CDC0107,MRC08282.HB4,"WEA - Wells Dam, DCPUD Adult Ladders",6/10/2009 1:27:27 PM,7/13/2009 2:56:40 PM,RIGHT LADDER POOL 67,RIGHT LADDER POOL 68,10/9/2008,7,Bull Trout,R,Resident,W,Wild Fish or Natural Production,ENTIAR - Entiat River,SCREWT,Screw Trap,382,1
3D9.1C2CDC01D1,MRC08320.HB2,ENL - Lower Entiat River,11/15/2008 9:33:00 PM,11/15/2008 9:33:00 PM,LOWER IN-STREAM ARRAY,LOWER IN-STREAM ARRAY,11/16/2008,7,Bull Trout,R,Resident,W,Wild Fish or Natural Production,ENTIAR - Entiat River,SCREWT,Screw Trap,245,1
3D9.1C2CDC25E0,MRC08296.HB2,ENL - Lower Entiat River,10/28/2008 10:19:00 PM,10/28/2008 10:19:00 PM,UPPER IN-STREAM ARRAY,UPPER IN-STREAM ARRAY,10/23/2008,7,Bull Trout,R,Resident,W,Wild Fish or Natural Production,ENTIAR - Entiat River,SCREWT,Screw Trap,190,1
3D9.1C2CDC428F,MRC08303.HB2,ENL - Lower Entiat River,10/31/2008 9:00:00 PM,10/31/2008 9:00:00 PM,UPPER IN-STREAM ARRAY,UPPER IN-STREAM ARRAY,10/30/2008,7,Bull Trout,R,Resident,W,Wild Fish or Natural Production,ENTIAR - Entiat River,SCREWT,Screw Trap,227,1
3D9.1C2CDC445F,MRC08320.HB4,ENA - Upper Entiat River at rkm 17.1,10/27/2011 11:46:29 PM,10/18/2012 8:54:23 PM,UPSTREAM ANTENNA ARRAY,DOWNSTREAM ANTENNA ARRAY,11/16/2008,7,Bull Trout,R,Resident,W,Wild Fish or Natural Production,ENTIAR - Entiat River,SCREWT,Screw Trap,217,1
3D9.1C2CDC445F,MRC08320.HB4,ENF - Upper Entiat River at rkm 40.6,10/24/2011 7:33:45 PM,6/30/2013 3:26:55 AM,UPSTREAM ARRAY,UPSTREAM ARRAY,11/16/2008,7,Bull Trout,R,Resident,W,Wild Fish or Natural Production,ENTIAR - Entiat River,SCREWT,Screw Trap,217,1
3D9.1C2CDC445F,MRC08320.HB4,ENL - Lower Entiat River,11/16/2011 10:55:42 PM,11/15/2013 5:04:02 AM,LOWER IN-STREAM ARRAY,LOWER IN-STREAM ARRAY,11/16/2008,7,Bull Trout,R,Resident,W,Wild Fish or Natural Production,ENTIAR - Entiat River,SCREWT,Screw Trap,217,1
3D9.1C2CDC445F,MRC08320.HB4,ENM - Middle Entiat River,10/27/2011 7:39:27 PM,10/31/2013 9:53:28 PM,UPPER IN-STREAM ARRAY,LOWER IN-STREAM ARRAY,11/16/2008,7,Bull Trout,R,Resident,W,Wild Fish or Natural Production,ENTIAR - Entiat River,SCREWT,Screw Trap,217,1
3D9.1C2CDC445F,MRC08320.HB4,ENS - Upper Entiat River at rkm 35.7,7/19/2011 12:14:02 AM,7/1/2014 9:43:30 PM,UPSTREAM ARRAY,UPSTREAM ARRAY,11/16/2008,7,Bull Trout,R,Resident,W,Wild Fish or Natural Production,ENTIAR - Entiat River,SCREWT,Screw Trap,217,1
3D9.1C2CDC445F,MRC08320.HB4,RIA - Rock Island Adult,7/18/2009 9:53:09 AM,7/9/2010 6:12:21 AM,RIGHT LADDER BAFFLE 2,RIGHT LADDER BAFFLE 4,11/16/2008,7,Bull Trout,R,Resident,W,Wild Fish or Natural Production,ENTIAR - Entiat River,SCREWT,Screw Trap,217,1
3D9.1C2CDC445F,MRC08320.HB4,RRF - Rocky Reach Fishway,5/29/2011 7:16:59 PM,5/29/2011 7:18:50 PM,WEIR 4,WEIR 6,11/16/2008,7,Bull Trout,R,Resident,W,Wild Fish or Natural Production,ENTIAR - Entiat River,SCREWT,Screw Trap,217,1
3D9.1C2CDD73AD,MRC09269.HB2,ENL - Lower Entiat River,9/27/2009 4:34:45 AM,9/27/2009 4:34:45 AM,UPPER IN-STREAM ARRAY,UPPER IN-STREAM ARRAY,9/27/2009,7,Bull Trout,R,Resident,W,Wild Fish or Natural Production,ENTIAR - Entiat River,SCREWT,Screw Trap,231,1
3D9.1C2CDD8332,MRC09114.HA3,ENL - Lower Entiat River,4/24/2009 10:47:03 PM,4/24/2009 10:47:03 PM,LOWER IN-STREAM ARRAY,LOWER IN-STREAM ARRAY,4/25/2009,7,Bull Trout,R,Resident,W,Wild Fish or Natural Production,ENTIAR - Entiat River,SCREWT,Screw Trap,165,1
3D9.1C2CDD835E,MRC09285.HA3,ENF - Upper Entiat River at rkm 40.6,9/25/2010 12:27:36 AM,9/25/2010 12:27:36 AM,UPSTREAM ARRAY,UPSTREAM ARRAY,10/12/2009,7,Bull Trout,R,Resident,W,Wild Fish or Natural Production,ENTIAR - Entiat River,SCREWT,Screw Trap,480,1
3D9.1C2CDD835E,MRC09285.HA3,ENL - Lower Entiat River,10/12/2009 7:11:29 PM,10/12/2009 7:23:05 PM,UPPER IN-STREAM ARRAY,UPPER IN-STREAM ARRAY,10/12/2009,7,Bull Trout,R,Resident,W,Wild Fish or Natural Production,ENTIAR - Entiat River,SCREWT,Screw Trap,480,1
3D9.1C2CDD835E,MRC09285.HA3,ENM - Middle Entiat River,10/1/2010 1:53:28 AM,10/1/2010 1:53:34 AM,UPPER IN-STREAM ARRAY,LOWER IN-STREAM ARRAY,10/12/2009,7,Bull Trout,R,Resident,W,Wild Fish or Natural Production,ENTIAR - Entiat River,SCREWT,Screw Trap,480,1
3D9.1C2CDD835E,MRC09285.HA3,RRF - Rocky Reach Fishway,5/30/2010 7:59:35 AM,5/30/2010 8:01:17 AM,WEIR 4,WEIR 6,10/12/2009,7,Bull Trout,R,Resident,W,Wild Fish or Natural Production,ENTIAR - Entiat River,SCREWT,Screw Trap,480,1
3D9.1C2CDD949F,CGS10159.TBT,LMR - Lower Methow River at Pateros,11/14/2011 6:15:17 PM,11/14/2011 6:15:52 PM,UPSTREAM FULL-WIDTH ARRAY,DOWNSTREAM FULL-WIDTH ARRAY,7/5/2010,7,Bull Trout,R,Resident,W,Wild Fish or Natural Production,TWISPW - Twisp River Weir (WDFW),WTRAP,Weir Trap,640,1
3D9.1C2CDD949F,CGS10159.TBT,TWR - Lwr Twisp Rvr near MSRF Ponds,9/28/2010 11:31:59 PM,10/26/2011 5:14:51 AM,UPPER IN-STREAM ARRAY,LOWER IN-STREAM ARRAY,7/5/2010,7,Bull Trout,R,Resident,W,Wild Fish or Natural Production,TWISPW - Twisp River Weir (WDFW),WTRAP,Weir Trap,640,1
3D9.1C2CDDAEFC,MRC09292.HB2,ENL - Lower Entiat River,10/23/2009 2:21:29 AM,10/23/2009 2:21:29 AM,LOWER IN-STREAM ARRAY,LOWER IN-STREAM ARRAY,10/20/2009,7,Bull Trout,R,Resident,W,Wild Fish or Natural Production,ENTIAR - Entiat River,SCREWT,Screw Trap,284,1
3D9.1C2CDDB983,CGS08136.LAA,LMR - Lower Methow River at Pateros,4/23/2009 3:52:25 PM,4/23/2009 3:52:25 PM,IN-STREAM ARRAY,IN-STREAM ARRAY,5/15/2008,7,Bull Trout,R,Resident,W,Wild Fish or Natural Production,TWISPR - Twisp River,SCREWT,Screw Trap,180,1
3D9.1C2CDDCD27,CGS08319.LAI,TWR - Lwr Twisp Rvr near MSRF Ponds,11/14/2008 8:45:22 PM,11/14/2008 8:45:33 PM,UPPER IN-STREAM ARRAY,LOWER IN-STREAM ARRAY,11/14/2008,7,Bull Trout,R,Resident,W,Wild Fish or Natural Production,TWISPR - Twisp River,SCREWT,Screw Trap,275,1
3D9.1C2CDDE50C,CGS10159.TBT,"GLC - Gold Creek, Methow River",7/24/2010 4:17:09 AM,7/24/2010 6:10:22 PM,UPPER IN-STREAM ARRAY,UPPER IN-STREAM ARRAY,7/12/2010,7,Bull Trout,R,Resident,W,Wild Fish or Natural Production,TWISPW - Twisp River Weir (WDFW),WTRAP,Weir Trap,790,1
3D9.1C2CDDE9A3,CGS10013.BT1,TWR - Lwr Twisp Rvr near MSRF Ponds,5/28/2010 7:07:34 AM,9/26/2010 8:33:30 PM,LOWER IN-STREAM ARRAY,LOWER IN-STREAM ARRAY,1/20/2010,7,Bull Trout,R,Resident,W,Wild Fish or Natural Production,METHR - Methow River,HOOK,Hook and Line,500,1
3D9.1C2CDE00C1,CGS10013.BT1,EWC - Early Winters Creek rkm 0.36,7/5/2013 12:34:56 AM,9/18/2016 2:38:04 AM,Downstream Array,Downstream Array,2/10/2010,7,Bull Trout,R,Resident,W,Wild Fish or Natural Production,METHR - Methow River,HOOK,Hook and Line,510,1
3D9.1C2CDE00C1,CGS10013.BT1,MRT - Methow River at Twisp,3/26/2011 10:36:51 PM,10/23/2014 9:35:11 PM,UPSTREAM ARRAY,Upstream array,2/10/2010,7,Bull Trout,R,Resident,W,Wild Fish or Natural Production,METHR - Methow River,HOOK,Hook and Line,510,1
3D9.1C2CDE00C1,CGS10013.BT1,MRW - Methow River at Winthrop,9/18/2014 8:01:09 PM,10/31/2017 9:22:42 PM,DOWNSTREAM ARRAY,DOWNSTREAM ARRAY,2/10/2010,7,Bull Trout,R,Resident,W,Wild Fish or Natural Production,METHR - Methow River,HOOK,Hook and Line,510,1
3D9.1C2CDE1A48,MRC09299.HB2,ENA - Upper Entiat River at rkm 17.1,11/1/2011 1:56:15 AM,11/1/2011 1:56:15 AM,UPSTREAM ANTENNA ARRAY,UPSTREAM ANTENNA ARRAY,10/27/2009,7,Bull Trout,R,Resident,W,Wild Fish or Natural Production,ENTIAR - Entiat River,SCREWT,Screw Trap,640,1
3D9.1C2CDE1A48,MRC09299.HB2,ENF - Upper Entiat River at rkm 40.6,10/22/2010 11:07:45 PM,10/22/2010 11:07:48 PM,UPSTREAM ARRAY,DOWNSTREAM ARRAY,10/27/2009,7,Bull Trout,R,Resident,W,Wild Fish or Natural Production,ENTIAR - Entiat River,SCREWT,Screw Trap,640,1
3D9.1C2CDE1A48,MRC09299.HB2,ENL - Lower Entiat River,11/4/2009 10:13:11 PM,11/9/2011 5:45:35 AM,UPPER IN-STREAM ARRAY,LOWER IN-STREAM ARRAY,10/27/2009,7,Bull Trout,R,Resident,W,Wild Fish or Natural Production,ENTIAR - Entiat River,SCREWT,Screw Trap,640,1
3D9.1C2CDE1A48,MRC09299.HB2,ENM - Middle Entiat River,10/23/2010 4:07:47 AM,10/31/2011 9:27:36 PM,UPPER IN-STREAM ARRAY,LOWER IN-STREAM ARRAY,10/27/2009,7,Bull Trout,R,Resident,W,Wild Fish or Natural Production,ENTIAR - Entiat River,SCREWT,Screw Trap,640,1
3D9.1C2CDE1A48,MRC09299.HB2,ENS - Upper Entiat River at rkm 35.7,10/31/2011 2:32:45 AM,10/31/2011 2:32:45 AM,DOWNSTREAM ARRAY,DOWNSTREAM ARRAY,10/27/2009,7,Bull Trout,R,Resident,W,Wild Fish or Natural Production,ENTIAR - Entiat River,SCREWT,Screw Trap,640,1
3D9.1C2CDE1C82,MRC09294.HB2,ENA - Upper Entiat River at rkm 17.1,9/20/2011 2:55:03 AM,9/27/2016 11:52:33 PM,UPSTREAM ANTENNA ARRAY,DOWNSTREAM ANTENNA ARRAY,10/22/2009,7,Bull Trout,R,Resident,W,Wild Fish or Natural Production,ENTIAR - Entiat River,SCREWT,Screw Trap,225,1
3D9.1C2CDE1C82,MRC09294.HB2,ENF - Upper Entiat River at rkm 40.6,6/26/2014 11:35:00 AM,9/23/2016 12:05:10 AM,UPSTREAM ARRAY,DOWNSTREAM ARRAY,10/22/2009,7,Bull Trout,R,Resident,W,Wild Fish or Natural Production,ENTIAR - Entiat River,SCREWT,Screw Trap,225,1
3D9.1C2CDE1C82,MRC09294.HB2,ENL - Lower Entiat River,9/23/2011 11:33:12 PM,9/29/2016 8:58:29 PM,LOWER IN-STREAM ARRAY,LOWER IN-STREAM ARRAY,10/22/2009,7,Bull Trout,R,Resident,W,Wild Fish or Natural Production,ENTIAR - Entiat River,SCREWT,Screw Trap,225,1
3D9.1C2CDE1C82,MRC09294.HB2,ENM - Middle Entiat River,6/22/2014 5:06:00 PM,9/27/2016 7:27:12 PM,LOWER IN-STREAM ARRAY,UPPER IN-STREAM ARRAY,10/22/2009,7,Bull Trout,R,Resident,W,Wild Fish or Natural Production,ENTIAR - Entiat River,SCREWT,Screw Trap,225,1
3D9.1C2CDE1C82,MRC09294.HB2,ENS - Upper Entiat River at rkm 35.7,9/25/2012 1:53:25 AM,9/24/2016 8:24:46 PM,UPSTREAM ARRAY,DOWNSTREAM ARRAY,10/22/2009,7,Bull Trout,R,Resident,W,Wild Fish or Natural Production,ENTIAR - Entiat River,SCREWT,Screw Trap,225,1
3D9.1C2CDE1C82,MRC09294.HB2,RRF - Rocky Reach Fishway,10/26/2015 8:10:27 PM,10/26/2015 8:30:15 PM,Lower Weir,Trap,10/22/2009,7,Bull Trout,R,Resident,W,Wild Fish or Natural Production,ENTIAR - Entiat River,SCREWT,Screw Trap,225,1
3D9.1C2CDF5A03,CGS10013.BT1,TWR - Lwr Twisp Rvr near MSRF Ponds,7/6/2010 5:53:42 AM,10/23/2012 4:10:53 AM,UPPER IN-STREAM ARRAY,LOWER IN-STREAM ARRAY,1/29/2010,7,Bull Trout,R,Resident,W,Wild Fish or Natural Production,METHR - Methow River,HOOK,Hook and Line,690,1
3D9.1C2CDF5A9C,CGS10013.BT1,LMR - Lower Methow River at Pateros,9/17/2010 1:23:10 PM,9/17/2010 1:23:10 PM,IN-STREAM ARRAY,IN-STREAM ARRAY,2/10/2010,7,Bull Trout,R,Resident,W,Wild Fish or Natural Production,METHR - Methow River,HOOK,Hook and Line,640,1
3D9.1C2CDF5A9C,CGS10013.BT1,MRT - Methow River at Twisp,4/6/2010 11:02:40 PM,4/6/2010 11:02:40 PM,UPSTREAM ARRAY,UPSTREAM ARRAY,2/10/2010,7,Bull Trout,R,Resident,W,Wild Fish or Natural Production,METHR - Methow River,HOOK,Hook and Line,640,1
3D9.1C2CDF5B5B,CGS10013.BT1,TWR - Lwr Twisp Rvr near MSRF Ponds,9/18/2010 12:40:40 AM,9/26/2011 11:24:39 PM,UPPER IN-STREAM ARRAY,LOWER IN-STREAM ARRAY,1/20/2010,7,Bull Trout,R,Resident,W,Wild Fish or Natural Production,METHR - Methow River,HOOK,Hook and Line,710,1
3D9.1C2CDF7B0B,CGS10159.TBT,"GLC - Gold Creek, Methow River",8/5/2010 4:38:12 AM,8/5/2010 4:38:12 AM,UPPER IN-STREAM ARRAY,UPPER IN-STREAM ARRAY,7/2/2010,7,Bull Trout,R,Resident,W,Wild Fish or Natural Production,TWISPW - Twisp River Weir (WDFW),WTRAP,Weir Trap,490,1
3D9.1C2CDF7B0B,CGS10159.TBT,TWR - Lwr Twisp Rvr near MSRF Ponds,7/26/2010 11:48:36 PM,9/29/2011 8:54:55 PM,UPPER IN-STREAM ARRAY,LOWER IN-STREAM ARRAY,7/2/2010,7,Bull Trout,R,Resident,W,Wild Fish or Natural Production,TWISPW - Twisp River Weir (WDFW),WTRAP,Weir Trap,490,1
3D9.1C2CDF7F4B,CGS10159.TBT,TWR - Lwr Twisp Rvr near MSRF Ponds,10/4/2010 3:23:12 AM,10/4/2010 3:23:17 AM,UPPER IN-STREAM ARRAY,LOWER IN-STREAM ARRAY,6/29/2010,7,Bull Trout,R,Resident,W,Wild Fish or Natural Production,TWISPW - Twisp River Weir (WDFW),WTRAP,Weir Trap,550,1
3D9.1C2CDF7F62,CGS10013.BT1,MRW - Methow River at Winthrop,9/15/2011 7:41:36 PM,9/15/2011 7:41:36 PM,DOWNSTREAM ARRAY,DOWNSTREAM ARRAY,1/20/2010,7,Bull Trout,R,Resident,W,Wild Fish or Natural Production,METHR - Methow River,HOOK,Hook and Line,530,1
3D9.1C2CDF7F62,CGS10013.BT1,"WFC - Wolf Creek, Methow River",9/15/2011 7:17:54 PM,9/15/2011 7:17:54 PM,SINGLE IN-STREAM ANTENNA,SINGLE IN-STREAM ANTENNA,1/20/2010,7,Bull Trout,R,Resident,W,Wild Fish or Natural Production,METHR - Methow River,HOOK,Hook and Line,530,1
3D9.1C2CDF81DE,CGS10159.TBT,TWR - Lwr Twisp Rvr near MSRF Ponds,7/12/2010 4:15:00 AM,7/12/2010 4:15:00 AM,UPPER IN-STREAM ARRAY,UPPER IN-STREAM ARRAY,7/1/2010,7,Bull Trout,R,Resident,W,Wild Fish or Natural Production,TWISPW - Twisp River Weir (WDFW),WTRAP,Weir Trap,590,1
3D9.1C2CDF8524,CGS10159.TBT,TWR - Lwr Twisp Rvr near MSRF Ponds,9/27/2010 9:08:21 PM,6/14/2016 11:24:53 PM,UPPER IN-STREAM ARRAY,UPPER IN-STREAM ARRAY,7/6/2010,7,Bull Trout,R,Resident,W,Wild Fish or Natural Production,TWISPW - Twisp River Weir (WDFW),WTRAP,Weir Trap,450,1
3D9.1C2CDF9124,CGS10159.TBT,TWR - Lwr Twisp Rvr near MSRF Ponds,10/11/2010 4:38:25 AM,10/11/2010 4:38:29 AM,UPPER IN-STREAM ARRAY,LOWER IN-STREAM ARRAY,7/6/2010,7,Bull Trout,R,Resident,W,Wild Fish or Natural Production,TWISPW - Twisp River Weir (WDFW),WTRAP,Weir Trap,600,1
3D9.1C2CDF9402,CGS10013.BT1,TWR - Lwr Twisp Rvr near MSRF Ponds,7/3/2010 9:51:46 PM,10/5/2013 8:04:33 PM,UPPER IN-STREAM ARRAY,LOWER IN-STREAM ARRAY,1/21/2010,7,Bull Trout,R,Resident,W,Wild Fish or Natural Production,METHR - Methow River,HOOK,Hook and Line,620,1
3D9.1C2CDF9964,CGS10159.TBT,TWR - Lwr Twisp Rvr near MSRF Ponds,10/5/2010 3:39:10 AM,6/27/2014 1:27:31 PM,UPPER IN-STREAM ARRAY,UPPER IN-STREAM ARRAY,6/11/2010,7,Bull Trout,R,Resident,W,Wild Fish or Natural Production,TWISPW - Twisp River Weir (WDFW),WTRAP,Weir Trap,560,1
3D9.1C2CDF9E8B,CGS10013.BT1,"GLC - Gold Creek, Methow River",6/22/2010 4:04:43 AM,6/22/2010 4:04:43 AM,UPPER IN-STREAM ARRAY,UPPER IN-STREAM ARRAY,2/3/2010,7,Bull Trout,R,Resident,W,Wild Fish or Natural Production,METHR - Methow River,HOOK,Hook and Line,520,1
3D9.1C2CE277F7,KDM10270.8MB,CRW - Chewuch River above Winthrop,2/11/2012 12:21:40 AM,2/11/2012 12:21:40 AM,DOWNSTREAM ARRAY,DOWNSTREAM ARRAY,9/27/2010,7,Bull Trout,R,Resident,W,Wild Fish or Natural Production,"EIGHTC - Eightmile Creek, Chewuch River",SHOCK,Electro-Shock,153,1
3D9.1C2CE277F7,KDM10270.8MB,"EMC - Eightmile Creek, Methow River",3/20/2011 7:56:41 PM,4/23/2011 2:53:17 PM,SINGLE IN-STREAM ANTENNA,SINGLE IN-STREAM ANTENNA,9/27/2010,7,Bull Trout,R,Resident,W,Wild Fish or Natural Production,"EIGHTC - Eightmile Creek, Chewuch River",SHOCK,Electro-Shock,153,1
3D9.1C2CE365A9,KDM10125.CRC,SCP - Spring Creek Acclimation Pond,5/21/2011 4:52:32 AM,5/21/2011 4:52:32 AM,MIDDLE ANTENNA,MIDDLE ANTENNA,5/5/2010,7,Bull Trout,R,Resident,W,Wild Fish or Natural Production,CHEWUR - Chewuch River,SHOCK,Electro-Shock,160,1
3D9.1C2CE3BDBB,KDM09293.SNM,MRW - Methow River at Winthrop,11/17/2009 7:37:27 PM,11/17/2009 9:49:33 PM,UPSTREAM ARRAY,UPSTREAM ARRAY,10/20/2009,7,Bull Trout,R,Resident,W,Wild Fish or Natural Production,METHR - Methow River,GILNET,Gillnet Fishery or Research,351,1
3D9.1C2CE9E447,KDM08274.8MI,CRW - Chewuch River above Winthrop,12/29/2010 6:29:14 PM,6/15/2012 5:33:42 PM,UPSTREAM ARRAY,UPSTREAM ARRAY,9/30/2008,7,Bull Trout,R,Resident,W,Wild Fish or Natural Production,"EIGHTC - Eightmile Creek, Chewuch River",SHOCK,Electro-Shock,162,1
3D9.1C2CEBAAF8,KDM08276.8MI,"EMC - Eightmile Creek, Methow River",12/6/2008 10:49:05 AM,4/20/2009 11:12:17 PM,SINGLE IN-STREAM ANTENNA,SINGLE IN-STREAM ANTENNA,10/2/2008,7,Bull Trout,R,Resident,W,Wild Fish or Natural Production,"EIGHTC - Eightmile Creek, Chewuch River",SHOCK,Electro-Shock,182,1
3D9.1C2CEBAAF8,KDM08276.8MI,MRT - Methow River at Twisp,9/18/2010 3:31:19 AM,9/26/2010 9:34:49 PM,UPSTREAM ARRAY,UPSTREAM ARRAY,10/2/2008,7,Bull Trout,R,Resident,W,Wild Fish or Natural Production,"EIGHTC - Eightmile Creek, Chewuch River",SHOCK,Electro-Shock,182,1
3D9.1C2CEBC662,KDM10224.P14,"GLC - Gold Creek, Methow River",8/17/2010 12:51:58 AM,8/18/2010 8:56:05 PM,UPPER IN-STREAM ARRAY,UPPER IN-STREAM ARRAY,8/12/2010,7,Bull Trout,R,Resident,W,Wild Fish or Natural Production,METHR - Methow River,GILNET,Gillnet Fishery or Research,262,1
3D9.1C2CED2297,KDM10280.P16,TWR - Lwr Twisp Rvr near MSRF Ponds,9/23/2011 3:38:28 AM,9/25/2012 9:24:02 PM,UPPER IN-STREAM ARRAY,LOWER IN-STREAM ARRAY,10/7/2010,7,Bull Trout,R,Resident,W,Wild Fish or Natural Production,METHR - Methow River,GILNET,Gillnet Fishery or Research,655,1
3D9.1C2CED685B,KDM10280.P19,CRW - Chewuch River above Winthrop,6/16/2012 1:28:41 PM,6/16/2012 1:28:41 PM,UPSTREAM ARRAY,UPSTREAM ARRAY,10/7/2010,7,Bull Trout,R,Resident,W,Wild Fish or Natural Production,METHR - Methow River,GILNET,Gillnet Fishery or Research,374,1
3D9.1C2CED685B,KDM10280.P19,LMR - Lower Methow River at Pateros,4/11/2011 8:10:36 PM,4/11/2011 8:14:04 PM,DOWNSTREAM FULL-WIDTH ARRAY,UPSTREAM FULL-WIDTH ARRAY,10/7/2010,7,Bull Trout,R,Resident,W,Wild Fish or Natural Production,METHR - Methow River,GILNET,Gillnet Fishery or Research,374,1
3D9.1C2CED7BF4,KDM11265.WCI,MRT - Methow River at Twisp,8/14/2013 12:19:48 AM,8/14/2013 12:19:48 AM,Upstream array,Upstream array,9/22/2011,7,Bull Trout,R,Resident,W,Wild Fish or Natural Production,"WOLFC - Wolf Creek, Methow River",SHOCK,Electro-Shock,185,1
3D9.1C2CED7BF4,KDM11265.WCI,MWF - Whitefish SC in Methow River,4/14/2014 3:35:34 AM,4/14/2014 9:45:47 PM,Lower Site - Lower Array,Upper Site - Upper Array,9/22/2011,7,Bull Trout,R,Resident,W,Wild Fish or Natural Production,"WOLFC - Wolf Creek, Methow River",SHOCK,Electro-Shock,185,1
3D9.1C2CEE3B99,KDM10243.P14,MRT - Methow River at Twisp,11/6/2010 7:29:56 PM,11/6/2010 7:29:56 PM,UPSTREAM ARRAY,UPSTREAM ARRAY,8/31/2010,7,Bull Trout,R,Resident,W,Wild Fish or Natural Production,METHR - Methow River,GILNET,Gillnet Fishery or Research,367,1
3D9.1C2CEE3B99,KDM10243.P14,"WEA - Wells Dam, DCPUD Adult Ladders",6/8/2011 6:33:18 PM,6/11/2012 12:30:43 PM,RIGHT LADDER POOL 67,LEFT LADDER POOL 68,8/31/2010,7,Bull Trout,R,Resident,W,Wild Fish or Natural Production,METHR - Methow River,GILNET,Gillnet Fishery or Research,367,1
3D9.1C2CEF618C,KDM10300.MHL,MRT - Methow River at Twisp,10/31/2010 1:54:48 AM,10/31/2010 1:54:48 AM,DOWNSTREAM ARRAY,DOWNSTREAM ARRAY,10/27/2010,7,Bull Trout,R,Resident,W,Wild Fish or Natural Production,METHR - Methow River,HOOK,Hook and Line,513,1
3D9.1C2CEF618C,KDM10300.MHL,MRW - Methow River at Winthrop,9/27/2011 8:56:26 PM,9/27/2011 8:56:26 PM,DOWNSTREAM ARRAY,DOWNSTREAM ARRAY,10/27/2010,7,Bull Trout,R,Resident,W,Wild Fish or Natural Production,METHR - Methow River,HOOK,Hook and Line,513,1
3D9.1C2CEF9E68,KDM09294.SNM,EWC - Early Winters Creek rkm 0.36,5/28/2013 4:02:57 PM,5/28/2013 4:03:04 PM,Downstream Array,Upstream Array,10/21/2009,7,Bull Trout,R,Resident,W,Wild Fish or Natural Production,METHR - Methow River,GILNET,Gillnet Fishery or Research,401,1
3D9.1C2CEF9E68,KDM09294.SNM,MRW - Methow River at Winthrop,8/13/2012 12:42:30 AM,8/13/2012 12:42:30 AM,DOWNSTREAM ARRAY,DOWNSTREAM ARRAY,10/21/2009,7,Bull Trout,R,Resident,W,Wild Fish or Natural Production,METHR - Methow River,GILNET,Gillnet Fishery or Research,401,1
3D9.1C2CF08733,KDM10244.P22,CRW - Chewuch River above Winthrop,10/31/2012 5:46:10 AM,6/16/2014 12:46:44 PM,UPSTREAM ARRAY,UPSTREAM ARRAY,9/1/2010,7,Bull Trout,R,Resident,W,Wild Fish or Natural Production,METHR - Methow River,GILNET,Gillnet Fishery or Research,416,1
3D9.1C2CF4222E,MRC09319.HA7,ENL - Lower Entiat River,11/21/2009 1:07:32 AM,11/21/2009 1:07:32 AM,LOWER IN-STREAM ARRAY,LOWER IN-STREAM ARRAY,11/15/2009,7,Bull Trout,R,Resident,W,Wild Fish or Natural Production,MADRVR - Mad River (Entiat River watershed),SCREWT,Screw Trap,226,1
3D9.1C2CF4222E,MRC09319.HA7,"MAD - Mad River, Entiat River Basin",7/12/2011 12:19:52 AM,10/5/2011 11:57:26 PM,LOWER IN-STREAM ARRAY,LOWER IN-STREAM ARRAY,11/15/2009,7,Bull Trout,R,Resident,W,Wild Fish or Natural Production,MADRVR - Mad River (Entiat River watershed),SCREWT,Screw Trap,226,1
3D9.1C2CF4222E,MRC09319.HA7,RIA - Rock Island Adult,7/12/2010 12:12:41 PM,7/12/2010 6:15:09 PM,RIGHT LADDER BAFFLE 2,RIGHT LADDER BAFFLE 4,11/15/2009,7,Bull Trout,R,Resident,W,Wild Fish or Natural Production,MADRVR - Mad River (Entiat River watershed),SCREWT,Screw Trap,226,1
3D9.1C2CF4222E,MRC09319.HA7,RRF - Rocky Reach Fishway,6/17/2011 4:15:49 PM,6/17/2011 4:18:17 PM,WEIR 4,WEIR 6,11/15/2009,7,Bull Trout,R,Resident,W,Wild Fish or Natural Production,MADRVR - Mad River (Entiat River watershed),SCREWT,Screw Trap,226,1
3D9.1C2CF42271,MRC09312.HA8,ENL - Lower Entiat River,11/10/2009 8:01:24 PM,11/10/2009 8:01:24 PM,LOWER IN-STREAM ARRAY,LOWER IN-STREAM ARRAY,11/8/2009,7,Bull Trout,R,Resident,W,Wild Fish or Natural Production,ENTIAR - Entiat River,SCREWT,Screw Trap,166,1
3D9.1C2CF42858,MRC09320.HB2,ENL - Lower Entiat River,11/28/2009 4:06:04 AM,11/28/2009 4:06:04 AM,UPPER IN-STREAM ARRAY,UPPER IN-STREAM ARRAY,11/17/2009,7,Bull Trout,R,Resident,W,Wild Fish or Natural Production,ENTIAR - Entiat River,SCREWT,Screw Trap,237,1
3D9.1C2CF4350D,MRC09316.HA3,ENL - Lower Entiat River,10/15/2011 8:23:15 PM,5/30/2012 11:54:12 PM,LOWER IN-STREAM ARRAY,UPPER IN-STREAM ARRAY,11/12/2009,7,Bull Trout,R,Resident,W,Wild Fish or Natural Production,ENTIAR - Entiat River,SCREWT,Screw Trap,234,1
3D9.1C2CF4350D,MRC09316.HA3,"MAD - Mad River, Entiat River Basin",7/17/2011 4:11:25 PM,6/5/2013 4:39:48 AM,LOWER IN-STREAM ARRAY,UPPER IN-STREAM ARRAY,11/12/2009,7,Bull Trout,R,Resident,W,Wild Fish or Natural Production,ENTIAR - Entiat River,SCREWT,Screw Trap,234,1
3D9.1C2CF4350D,MRC09316.HA3,RRF - Rocky Reach Fishway,6/16/2011 7:47:24 PM,6/16/2011 8:16:05 PM,WEIR 4,WEIR 4,11/12/2009,7,Bull Trout,R,Resident,W,Wild Fish or Natural Production,ENTIAR - Entiat River,SCREWT,Screw Trap,234,1
3D9.1C2CF56B1C,MRC09313.HA1,ENL - Lower Entiat River,1/4/2010 6:01:00 PM,1/4/2010 6:08:10 PM,UPPER IN-STREAM ARRAY,LOWER IN-STREAM ARRAY,11/11/2009,7,Bull Trout,R,Resident,W,Wild Fish or Natural Production,ENTIAR - Entiat River,SCREWT,Screw Trap,194,1
3D9.1C2CF5B348,KDM09267.SNB,MRT - Methow River at Twisp,10/30/2009 9:02:09 PM,3/14/2011 7:21:28 PM,UPSTREAM ARRAY,UPSTREAM ARRAY,9/24/2009,7,Bull Trout,R,Resident,W,Wild Fish or Natural Production,METHR - Methow River,GILNET,Gillnet Fishery or Research,459,1
3D9.1C2CF5C308,MRC09308.HA3,ENL - Lower Entiat River,11/16/2011 1:13:27 AM,11/16/2011 1:13:27 AM,UPPER IN-STREAM ARRAY,UPPER IN-STREAM ARRAY,11/4/2009,7,Bull Trout,R,Resident,W,Wild Fish or Natural Production,ENTIAR - Entiat River,SCREWT,Screw Trap,351,1
3D9.1C2CF5C308,MRC09308.HA3,"MAD - Mad River, Entiat River Basin",7/7/2010 3:33:23 AM,7/6/2012 11:19:24 PM,LOWER IN-STREAM ARRAY,UPPER IN-STREAM ARRAY,11/4/2009,7,Bull Trout,R,Resident,W,Wild Fish or Natural Production,ENTIAR - Entiat River,SCREWT,Screw Trap,351,1
3D9.1C2CF5C308,MRC09308.HA3,RIA - Rock Island Adult,5/26/2010 10:12:42 AM,5/26/2012 6:28:14 PM,LEFT LADDER BAFFLE 2,LEFT LADDER BAFFLE 4,11/4/2009,7,Bull Trout,R,Resident,W,Wild Fish or Natural Production,ENTIAR - Entiat River,SCREWT,Screw Trap,351,1
3D9.1C2CF5C308,MRC09308.HA3,RRF - Rocky Reach Fishway,5/31/2010 9:25:17 AM,5/31/2012 11:21:00 AM,WEIR 4,WEIR 6,11/4/2009,7,Bull Trout,R,Resident,W,Wild Fish or Natural Production,ENTIAR - Entiat River,SCREWT,Screw Trap,351,1
3D9.1C2CF5C6E6,MRC09299.HB2,ENA - Upper Entiat River at rkm 17.1,8/15/2011 10:18:03 PM,10/9/2014 1:00:07 AM,UPSTREAM ANTENNA ARRAY,UPSTREAM ANTENNA ARRAY,10/27/2009,7,Bull Trout,R,Resident,W,Wild Fish or Natural Production,ENTIAR - Entiat River,SCREWT,Screw Trap,279,1
3D9.1C2CF5C6E6,MRC09299.HB2,ENF - Upper Entiat River at rkm 40.6,8/21/2011 8:01:58 PM,10/8/2014 1:18:52 AM,UPSTREAM ARRAY,UPSTREAM ARRAY,10/27/2009,7,Bull Trout,R,Resident,W,Wild Fish or Natural Production,ENTIAR - Entiat River,SCREWT,Screw Trap,279,1
3D9.1C2CF5C6E6,MRC09299.HB2,ENL - Lower Entiat River,8/12/2011 9:13:39 PM,10/11/2014 8:04:46 PM,UPPER IN-STREAM ARRAY,UPPER IN-STREAM ARRAY,10/27/2009,7,Bull Trout,R,Resident,W,Wild Fish or Natural Production,ENTIAR - Entiat River,SCREWT,Screw Trap,279,1
3D9.1C2CF5C6E6,MRC09299.HB2,ENM - Middle Entiat River,8/17/2011 7:49:29 PM,6/16/2015 9:44:57 AM,LOWER IN-STREAM ARRAY,UPPER IN-STREAM ARRAY,10/27/2009,7,Bull Trout,R,Resident,W,Wild Fish or Natural Production,ENTIAR - Entiat River,SCREWT,Screw Trap,279,1
3D9.1C2CF5C6E6,MRC09299.HB2,ENS - Upper Entiat River at rkm 35.7,8/18/2011 11:57:40 PM,6/20/2015 5:22:56 PM,DOWNSTREAM ARRAY,DOWNSTREAM ARRAY,10/27/2009,7,Bull Trout,R,Resident,W,Wild Fish or Natural Production,ENTIAR - Entiat River,SCREWT,Screw Trap,279,1
3D9.1C2CF5C6E6,MRC09299.HB2,LWE - Lower Wenatchee River,7/25/2012 11:19:10 PM,7/25/2012 11:19:15 PM,UPSTREAM ANTENNA ARRAY,UPSTREAM ANTENNA ARRAY,10/27/2009,7,Bull Trout,R,Resident,W,Wild Fish or Natural Production,ENTIAR - Entiat River,SCREWT,Screw Trap,279,1
3D9.1C2CF5C6E6,MRC09299.HB2,RRF - Rocky Reach Fishway,7/22/2011 4:34:33 AM,6/1/2013 7:25:03 AM,WEIR 4,WEIR 6,10/27/2009,7,Bull Trout,R,Resident,W,Wild Fish or Natural Production,ENTIAR - Entiat River,SCREWT,Screw Trap,279,1
3D9.1C2CF5C7D7,MRC09314.HA1,ENL - Lower Entiat River,11/11/2009 10:13:45 PM,11/11/2009 10:13:45 PM,LOWER IN-STREAM ARRAY,LOWER IN-STREAM ARRAY,11/11/2009,7,Bull Trout,R,Resident,W,Wild Fish or Natural Production,ENTIAR - Entiat River,SCREWT,Screw Trap,146,1
3D9.1C2CF652E6,MRC09305.HA8,ENL - Lower Entiat River,12/21/2009 7:38:56 PM,12/21/2009 7:38:56 PM,LOWER IN-STREAM ARRAY,LOWER IN-STREAM ARRAY,11/1/2009,7,Bull Trout,R,Resident,W,Wild Fish or Natural Production,ENTIAR - Entiat River,SCREWT,Screw Trap,195,1
3D9.1C2CF70417,MRC09312.HA8,ENA - Upper Entiat River at rkm 17.1,6/14/2012 2:00:25 PM,10/8/2012 1:19:54 AM,UPSTREAM ANTENNA ARRAY,DOWNSTREAM ANTENNA ARRAY,11/8/2009,7,Bull Trout,R,Resident,W,Wild Fish or Natural Production,ENTIAR - Entiat River,SCREWT,Screw Trap,216,1
3D9.1C2CF70417,MRC09312.HA8,ENF - Upper Entiat River at rkm 40.6,10/1/2012 1:00:04 AM,10/1/2012 1:00:09 AM,UPSTREAM ARRAY,DOWNSTREAM ARRAY,11/8/2009,7,Bull Trout,R,Resident,W,Wild Fish or Natural Production,ENTIAR - Entiat River,SCREWT,Screw Trap,216,1
3D9.1C2CF70417,MRC09312.HA8,ENL - Lower Entiat River,1/8/2010 7:26:58 PM,11/1/2012 7:50:04 PM,LOWER IN-STREAM ARRAY,UPPER IN-STREAM ARRAY,11/8/2009,7,Bull Trout,R,Resident,W,Wild Fish or Natural Production,ENTIAR - Entiat River,SCREWT,Screw Trap,216,1
3D9.1C2CF70417,MRC09312.HA8,ENM - Middle Entiat River,10/7/2012 12:53:38 AM,9/30/2013 7:47:27 AM,UPPER IN-STREAM ARRAY,LOWER IN-STREAM ARRAY,11/8/2009,7,Bull Trout,R,Resident,W,Wild Fish or Natural Production,ENTIAR - Entiat River,SCREWT,Screw Trap,216,1
3D9.1C2CF70417,MRC09312.HA8,ENS - Upper Entiat River at rkm 35.7,10/1/2012 7:24:30 PM,9/25/2013 9:26:50 PM,UPSTREAM ARRAY,DOWNSTREAM ARRAY,11/8/2009,7,Bull Trout,R,Resident,W,Wild Fish or Natural Production,ENTIAR - Entiat River,SCREWT,Screw Trap,216,1
3D9.1C2CF70417,MRC09312.HA8,RRF - Rocky Reach Fishway,5/23/2012 6:05:25 PM,5/19/2013 2:28:58 PM,WEIR 4,WEIR 6,11/8/2009,7,Bull Trout,R,Resident,W,Wild Fish or Natural Production,ENTIAR - Entiat River,SCREWT,Screw Trap,216,1
3D9.1C2CF709EE,MRC09319.HA7,RIA - Rock Island Adult,11/23/2009 3:12:08 PM,11/24/2009 11:15:09 AM,LEFT LADDER BAFFLE 2,LEFT LADDER BAFFLE 4,11/15/2009,7,Bull Trout,R,Resident,W,Wild Fish or Natural Production,MADRVR - Mad River (Entiat River watershed),SCREWT,Screw Trap,241,1
3D9.1C2CF71EFF,MRC09320.HB2,ENL - Lower Entiat River,11/17/2009 2:17:03 AM,11/17/2009 2:17:03 AM,LOWER IN-STREAM ARRAY,LOWER IN-STREAM ARRAY,11/17/2009,7,Bull Trout,R,Resident,W,Wild Fish or Natural Production,ENTIAR - Entiat River,SCREWT,Screw Trap,193,1
3D9.1C2CF722FC,MRC09308.HA1,ENL - Lower Entiat River,11/18/2009 4:13:50 AM,11/18/2009 4:13:50 AM,LOWER IN-STREAM ARRAY,LOWER IN-STREAM ARRAY,11/4/2009,7,Bull Trout,R,Resident,W,Wild Fish or Natural Production,ENTIAR - Entiat River,SCREWT,Screw Trap,183,1
3D9.1C2CF727AE,MRC09307.HA1,ENL - Lower Entiat River,11/6/2009 8:25:24 PM,12/16/2009 5:32:45 PM,UPPER IN-STREAM ARRAY,UPPER IN-STREAM ARRAY,11/4/2009,7,Bull Trout,R,Resident,W,Wild Fish or Natural Production,ENTIAR - Entiat River,SCREWT,Screw Trap,270,1
3D9.1C2CF727AE,MRC09307.HA1,RIA - Rock Island Adult,6/28/2010 4:01:16 AM,6/28/2010 4:11:52 AM,MIDDLE LADDER BAFFLE 2,MIDDLE LADDER BAFFLE 4,11/4/2009,7,Bull Trout,R,Resident,W,Wild Fish or Natural Production,ENTIAR - Entiat River,SCREWT,Screw Trap,270,1
3D9.1C2CF728EB,MRC09317.HA6,ENL - Lower Entiat River,11/25/2009 3:22:12 AM,11/25/2009 3:22:12 AM,UPPER IN-STREAM ARRAY,UPPER IN-STREAM ARRAY,11/14/2009,7,Bull Trout,R,Resident,W,Wild Fish or Natural Production,ENTIAR - Entiat River,SCREWT,Screw Trap,231,1
3D9.1C2CF728EB,MRC09317.HA6,RIA - Rock Island Adult,6/1/2011 3:06:32 PM,6/3/2011 9:29:56 AM,RIGHT LADDER BAFFLE 2,RIGHT LADDER BAFFLE 4,11/14/2009,7,Bull Trout,R,Resident,W,Wild Fish or Natural Production,ENTIAR - Entiat River,SCREWT,Screw Trap,231,1
3D9.1C2CF728EB,MRC09317.HA6,RRF - Rocky Reach Fishway,6/6/2011 8:58:15 PM,6/6/2011 8:58:15 PM,WEIR 6,WEIR 6,11/14/2009,7,Bull Trout,R,Resident,W,Wild Fish or Natural Production,ENTIAR - Entiat River,SCREWT,Screw Trap,231,1
3D9.1C2CF72BFE,MRC09320.HB2,ENL - Lower Entiat River,12/20/2009 4:52:52 PM,12/20/2009 9:56:10 PM,UPPER IN-STREAM ARRAY,UPPER IN-STREAM ARRAY,11/17/2009,7,Bull Trout,R,Resident,W,Wild Fish or Natural Production,ENTIAR - Entiat River,SCREWT,Screw Trap,223,1
3D9.1C2CF72F3A,MRC09313.HA1,ENL - Lower Entiat River,9/17/2010 11:53:09 PM,11/7/2010 7:22:56 AM,UPPER IN-STREAM ARRAY,UPPER IN-STREAM ARRAY,11/11/2009,7,Bull Trout,R,Resident,W,Wild Fish or Natural Production,ENTIAR - Entiat River,SCREWT,Screw Trap,197,1
3D9.1C2CF75CF2,MRC09305.HA8,ENA - Upper Entiat River at rkm 17.1,10/17/2012 12:46:00 AM,10/29/2013 11:59:08 PM,UPSTREAM ANTENNA ARRAY,DOWNSTREAM ANTENNA ARRAY,11/1/2009,7,Bull Trout,R,Resident,W,Wild Fish or Natural Production,ENTIAR - Entiat River,SCREWT,Screw Trap,267,1
3D9.1C2CF75CF2,MRC09305.HA8,ENF - Upper Entiat River at rkm 40.6,6/25/2012 9:09:53 PM,5/25/2013 6:52:46 PM,UPSTREAM ARRAY,UPSTREAM ARRAY,11/1/2009,7,Bull Trout,R,Resident,W,Wild Fish or Natural Production,ENTIAR - Entiat River,SCREWT,Screw Trap,267,1
3D9.1C2CF75CF2,MRC09305.HA8,ENL - Lower Entiat River,8/23/2011 1:47:44 AM,10/31/2013 9:56:13 PM,UPPER IN-STREAM ARRAY,UPPER IN-STREAM ARRAY,11/1/2009,7,Bull Trout,R,Resident,W,Wild Fish or Natural Production,ENTIAR - Entiat River,SCREWT,Screw Trap,267,1
3D9.1C2CF75CF2,MRC09305.HA8,ENM - Middle Entiat River,6/12/2012 1:17:03 PM,10/16/2012 10:08:35 PM,LOWER IN-STREAM ARRAY,LOWER IN-STREAM ARRAY,11/1/2009,7,Bull Trout,R,Resident,W,Wild Fish or Natural Production,ENTIAR - Entiat River,SCREWT,Screw Trap,267,1
3D9.1C2CF75CF2,MRC09305.HA8,ENS - Upper Entiat River at rkm 35.7,10/16/2012 6:17:59 PM,6/3/2014 1:32:55 PM,UPSTREAM ARRAY,UPSTREAM ARRAY,11/1/2009,7,Bull Trout,R,Resident,W,Wild Fish or Natural Production,ENTIAR - Entiat River,SCREWT,Screw Trap,267,1
3D9.1C2CF7D357,MRC09312.HA8,ENA - Upper Entiat River at rkm 17.1,6/28/2012 3:33:07 PM,6/28/2012 3:33:07 PM,UPSTREAM ANTENNA ARRAY,UPSTREAM ANTENNA ARRAY,11/8/2009,7,Bull Trout,R,Resident,W,Wild Fish or Natural Production,ENTIAR - Entiat River,SCREWT,Screw Trap,177,1
3D9.1C2CF7D357,MRC09312.HA8,ENF - Upper Entiat River at rkm 40.6,7/12/2012 12:36:36 PM,7/12/2012 12:36:36 PM,UPSTREAM ARRAY,UPSTREAM ARRAY,11/8/2009,7,Bull Trout,R,Resident,W,Wild Fish or Natural Production,ENTIAR - Entiat River,SCREWT,Screw Trap,177,1
3D9.1C2CF7D357,MRC09312.HA8,ENL - Lower Entiat River,10/10/2010 7:52:29 PM,6/8/2012 11:41:39 PM,LOWER IN-STREAM ARRAY,UPPER IN-STREAM ARRAY,11/8/2009,7,Bull Trout,R,Resident,W,Wild Fish or Natural Production,ENTIAR - Entiat River,SCREWT,Screw Trap,177,1
3D9.1C2CF7D357,MRC09312.HA8,RIA - Rock Island Adult,5/29/2011 9:09:47 AM,5/15/2012 10:06:54 AM,RIGHT LADDER BAFFLE 2,RIGHT LADDER BAFFLE 4,11/8/2009,7,Bull Trout,R,Resident,W,Wild Fish or Natural Production,ENTIAR - Entiat River,SCREWT,Screw Trap,177,1
3D9.1C2CF7D357,MRC09312.HA8,RRF - Rocky Reach Fishway,5/27/2012 6:35:31 PM,5/27/2012 6:46:51 PM,WEIR 4,WEIR 6,11/8/2009,7,Bull Trout,R,Resident,W,Wild Fish or Natural Production,ENTIAR - Entiat River,SCREWT,Screw Trap,177,1
3D9.1C2CF87BF7,KDM11195.MHL,LOR - Lost River at rkm 0.81,10/16/2014 6:33:56 PM,11/13/2015 5:06:30 PM,Downstream Array,Downstream Array,7/14/2011,7,Bull Trout,R,Resident,W,Wild Fish or Natural Production,METHR - Methow River,HOOK,Hook and Line,340,1
3D9.1C2CF90309,KDM10243.P15,TWR - Lwr Twisp Rvr near MSRF Ponds,10/23/2012 12:24:53 AM,11/7/2015 6:39:05 PM,UPPER IN-STREAM ARRAY,LOWER IN-STREAM ARRAY,8/31/2010,7,Bull Trout,R,Resident,W,Wild Fish or Natural Production,METHR - Methow River,GILNET,Gillnet Fishery or Research,313,1
3D9.1C2CFAF214,KDM09267.SNB,TWR - Lwr Twisp Rvr near MSRF Ponds,9/27/2011 11:39:22 PM,10/18/2012 10:24:29 PM,UPPER IN-STREAM ARRAY,LOWER IN-STREAM ARRAY,9/24/2009,7,Bull Trout,R,Resident,W,Wild Fish or Natural Production,METHR - Methow River,GILNET,Gillnet Fishery or Research,418,1
3D9.1C2CFB3067,KDM09267.SNB,MRT - Methow River at Twisp,12/17/2009 10:26:43 PM,12/17/2009 10:26:43 PM,UPSTREAM ARRAY,UPSTREAM ARRAY,9/24/2009,7,Bull Trout,R,Resident,W,Wild Fish or Natural Production,METHR - Methow River,GILNET,Gillnet Fishery or Research,381,1
3D9.1C2CFB3067,KDM09267.SNB,TWR - Lwr Twisp Rvr near MSRF Ponds,7/26/2010 1:25:42 AM,7/3/2014 4:32:32 AM,UPPER IN-STREAM ARRAY,UPPER IN-STREAM ARRAY,9/24/2009,7,Bull Trout,R,Resident,W,Wild Fish or Natural Production,METHR - Methow River,GILNET,Gillnet Fishery or Research,381,1
3D9.1C2CFB4372,KDM09267.SNB,MRT - Methow River at Twisp,10/18/2009 2:29:11 AM,10/18/2009 2:29:11 AM,DOWNSTREAM ARRAY,DOWNSTREAM ARRAY,9/24/2009,7,Bull Trout,R,Resident,W,Wild Fish or Natural Production,METHR - Methow River,GILNET,Gillnet Fishery or Research,608,1
3D9.1C2CFC3DE3,KDM09267.SNB,CRW - Chewuch River above Winthrop,10/27/2012 3:01:06 AM,10/27/2012 3:01:47 AM,UPSTREAM ARRAY,DOWNSTREAM ARRAY,9/24/2009,7,Bull Trout,R,Resident,W,Wild Fish or Natural Production,METHR - Methow River,GILNET,Gillnet Fishery or Research,386,1
3D9.1C2CFCF576,KDM09253.8MI,LMR - Lower Methow River at Pateros,11/3/2010 9:55:30 PM,11/3/2010 9:55:30 PM,IN-STREAM ARRAY,IN-STREAM ARRAY,9/10/2009,7,Bull Trout,R,Resident,W,Wild Fish or Natural Production,"EIGHTC - Eightmile Creek, Chewuch River",SHOCK,Electro-Shock,192,1
3D9.1C2CFCF576,KDM09253.8MI,MRT - Methow River at Twisp,9/5/2010 5:13:37 AM,9/5/2010 5:13:37 AM,DOWNSTREAM ARRAY,DOWNSTREAM ARRAY,9/10/2009,7,Bull Trout,R,Resident,W,Wild Fish or Natural Production,"EIGHTC - Eightmile Creek, Chewuch River",SHOCK,Electro-Shock,192,1
3D9.1C2CFDBB8A,KDM10222.P05,"GLC - Gold Creek, Methow River",8/15/2010 7:02:33 PM,8/15/2010 7:02:33 PM,UPPER IN-STREAM ARRAY,UPPER IN-STREAM ARRAY,8/10/2010,7,Bull Trout,R,Resident,W,Wild Fish or Natural Production,METHR - Methow River,GILNET,Gillnet Fishery or Research,578,1
3D9.1C2CFEA298,KDM09265.SNM,EWC - Early Winters Creek rkm 0.36,7/3/2013 2:29:13 PM,7/3/2013 2:29:19 PM,Downstream Array,Upstream Array,9/22/2009,7,Bull Trout,R,Resident,W,Wild Fish or Natural Production,METHR - Methow River,GILNET,Gillnet Fishery or Research,304,1
3D9.1C2CFEA298,KDM09265.SNM,LMR - Lower Methow River at Pateros,4/13/2011 11:41:40 PM,3/12/2013 7:54:45 PM,DOWNSTREAM FULL-WIDTH ARRAY,UPSTREAM FULL-WIDTH ARRAY,9/22/2009,7,Bull Trout,R,Resident,W,Wild Fish or Natural Production,METHR - Methow River,GILNET,Gillnet Fishery or Research,304,1
3D9.1C2CFEA298,KDM09265.SNM,MRT - Methow River at Twisp,9/28/2009 11:27:52 PM,9/28/2009 11:28:02 PM,UPSTREAM ARRAY,DOWNSTREAM ARRAY,9/22/2009,7,Bull Trout,R,Resident,W,Wild Fish or Natural Production,METHR - Methow River,GILNET,Gillnet Fishery or Research,304,1
3D9.1C2CFEA298,KDM09265.SNM,MRW - Methow River at Winthrop,9/29/2011 12:08:52 AM,9/29/2011 12:09:04 AM,UPSTREAM ARRAY,DOWNSTREAM ARRAY,9/22/2009,7,Bull Trout,R,Resident,W,Wild Fish or Natural Production,METHR - Methow River,GILNET,Gillnet Fishery or Research,304,1
3D9.1C2CFEA298,KDM09265.SNM,"WEA - Wells Dam, DCPUD Adult Ladders",11/17/2012 2:15:05 PM,11/18/2012 1:46:13 PM,RIGHT LADDER POOL 19,RIGHT LADDER POOL 68,9/22/2009,7,Bull Trout,R,Resident,W,Wild Fish or Natural Production,METHR - Methow River,GILNET,Gillnet Fishery or Research,304,1
3D9.1C2CFF5C25,KDM10222.P07,CRW - Chewuch River above Winthrop,10/10/2011 5:30:29 AM,10/10/2011 5:31:21 AM,UPSTREAM ARRAY,DOWNSTREAM ARRAY,8/10/2010,7,Bull Trout,R,Resident,W,Wild Fish or Natural Production,METHR - Methow River,GILNET,Gillnet Fishery or Research,472,1
3D9.1C2CFF5C25,KDM10222.P07,LMR - Lower Methow River at Pateros,10/29/2014 2:03:40 PM,10/29/2014 2:03:40 PM,UPSTREAM FULL-WIDTH ARRAY,UPSTREAM FULL-WIDTH ARRAY,8/10/2010,7,Bull Trout,R,Resident,W,Wild Fish or Natural Production,METHR - Methow River,GILNET,Gillnet Fishery or Research,472,1
3D9.1C2CFF5C25,KDM10222.P07,TWR - Lwr Twisp Rvr near MSRF Ponds,9/29/2013 10:27:49 AM,9/29/2013 10:27:56 AM,UPPER IN-STREAM ARRAY,LOWER IN-STREAM ARRAY,8/10/2010,7,Bull Trout,R,Resident,W,Wild Fish or Natural Production,METHR - Methow River,GILNET,Gillnet Fishery or Research,472,1
3D9.1C2CFF5C25,KDM10222.P07,"WFC - Wolf Creek, Methow River",10/16/2014 2:44:03 AM,10/16/2014 2:44:03 AM,SINGLE IN-STREAM ANTENNA,SINGLE IN-STREAM ANTENNA,8/10/2010,7,Bull Trout,R,Resident,W,Wild Fish or Natural Production,METHR - Methow River,GILNET,Gillnet Fishery or Research,472,1
3D9.1C2D01F550,CGS09112.LAI,TWR - Lwr Twisp Rvr near MSRF Ponds,4/22/2009 12:06:56 PM,4/22/2009 12:06:59 PM,UPPER IN-STREAM ARRAY,LOWER IN-STREAM ARRAY,4/22/2009,7,Bull Trout,R,Resident,W,Wild Fish or Natural Production,TWISPR - Twisp River,SCREWT,Screw Trap,144,1
3D9.1C2D020424,CGS09133.LAI,TWR - Lwr Twisp Rvr near MSRF Ponds,5/13/2009 6:37:04 AM,5/14/2009 8:29:23 PM,LOWER IN-STREAM ARRAY,LOWER IN-STREAM ARRAY,5/13/2009,7,Bull Trout,R,Resident,W,Wild Fish or Natural Production,TWISPR - Twisp River,SCREWT,Screw Trap,151,1
3D9.1C2D0206BB,CGS09112.LAI,TWR - Lwr Twisp Rvr near MSRF Ponds,4/22/2009 8:47:52 PM,4/22/2009 8:47:57 PM,UPPER IN-STREAM ARRAY,LOWER IN-STREAM ARRAY,4/22/2009,7,Bull Trout,R,Resident,W,Wild Fish or Natural Production,TWISPR - Twisp River,SCREWT,Screw Trap,135,1
3D9.1C2D020A0A,CGS09112.LAI,TWR - Lwr Twisp Rvr near MSRF Ponds,4/22/2009 7:15:51 AM,4/22/2009 7:15:54 AM,UPPER IN-STREAM ARRAY,LOWER IN-STREAM ARRAY,4/22/2009,7,Bull Trout,R,Resident,W,Wild Fish or Natural Production,TWISPR - Twisp River,SCREWT,Screw Trap,140,1
3D9.1C2D021A8D,CGS09139.KAI,"GLC - Gold Creek, Methow River",7/20/2009 12:03:01 PM,10/19/2009 1:12:06 AM,LOWER IN-STREAM ARRAY,MIDDLE IN-STREAM ARRAY,5/19/2009,7,Bull Trout,R,Resident,W,Wild Fish or Natural Production,METHR - Methow River,SCREWT,Screw Trap,124,1
3D9.1C2D024D68,CGS08333.LAI,LMR - Lower Methow River at Pateros,3/31/2009 3:10:23 AM,3/31/2009 3:10:23 AM,IN-STREAM ARRAY,IN-STREAM ARRAY,11/29/2008,7,Bull Trout,R,Resident,W,Wild Fish or Natural Production,TWISPR - Twisp River,SCREWT,Screw Trap,195,1
3D9.1C2D024D68,CGS08333.LAI,TWR - Lwr Twisp Rvr near MSRF Ponds,11/29/2008 6:22:45 PM,11/29/2008 6:23:04 PM,UPPER IN-STREAM ARRAY,LOWER IN-STREAM ARRAY,11/29/2008,7,Bull Trout,R,Resident,W,Wild Fish or Natural Production,TWISPR - Twisp River,SCREWT,Screw Trap,195,1
3D9.1C2D029EB8,KDM10224.P21,EWC - Early Winters Creek rkm 0.36,6/28/2014 11:16:41 PM,6/28/2014 11:16:41 PM,Downstream Array,Downstream Array,8/12/2010,7,Bull Trout,R,Resident,W,Wild Fish or Natural Production,METHR - Methow River,GILNET,Gillnet Fishery or Research,539,1
3D9.1C2D029EB8,KDM10224.P21,MRW - Methow River at Winthrop,10/6/2011 12:49:02 AM,10/6/2011 12:49:02 AM,UPSTREAM ARRAY,UPSTREAM ARRAY,8/12/2010,7,Bull Trout,R,Resident,W,Wild Fish or Natural Production,METHR - Methow River,GILNET,Gillnet Fishery or Research,539,1
3D9.1C2D0388A0,CGS09305.LAI,"GLC - Gold Creek, Methow River",7/7/2013 8:00:31 AM,7/7/2013 8:00:31 AM,UPPER IN-STREAM ARRAY,UPPER IN-STREAM ARRAY,11/1/2009,7,Bull Trout,R,Resident,W,Wild Fish or Natural Production,TWISPR - Twisp River,SCREWT,Screw Trap,227,1
3D9.1C2D0388A0,CGS09305.LAI,TWR - Lwr Twisp Rvr near MSRF Ponds,6/13/2012 5:25:36 AM,7/3/2013 10:29:44 PM,UPPER IN-STREAM ARRAY,LOWER IN-STREAM ARRAY,11/1/2009,7,Bull Trout,R,Resident,W,Wild Fish or Natural Production,TWISPR - Twisp River,SCREWT,Screw Trap,227,1
3D9.1C2D038F19,CGS09112.LAI,LMR - Lower Methow River at Pateros,11/11/2010 4:37:20 AM,12/7/2010 10:48:40 PM,IN-STREAM ARRAY,UPSTREAM FULL-WIDTH ARRAY,4/22/2009,7,Bull Trout,R,Resident,W,Wild Fish or Natural Production,TWISPR - Twisp River,SCREWT,Screw Trap,163,1
3D9.1C2D038F19,CGS09112.LAI,TWR - Lwr Twisp Rvr near MSRF Ponds,4/22/2009 7:16:30 AM,10/10/2012 11:53:03 PM,UPPER IN-STREAM ARRAY,LOWER IN-STREAM ARRAY,4/22/2009,7,Bull Trout,R,Resident,W,Wild Fish or Natural Production,TWISPR - Twisp River,SCREWT,Screw Trap,163,1
3D9.1C2D038F19,CGS09112.LAI,"WEA - Wells Dam, DCPUD Adult Ladders",6/20/2011 7:11:32 PM,6/7/2012 6:14:40 PM,LEFT LADDER POOL 67,LEFT LADDER POOL 68,4/22/2009,7,Bull Trout,R,Resident,W,Wild Fish or Natural Production,TWISPR - Twisp River,SCREWT,Screw Trap,163,1
3D9.1C2D0423ED,CGS09133.LAI,TWR - Lwr Twisp Rvr near MSRF Ponds,5/13/2009 9:21:19 AM,5/13/2009 9:29:11 AM,LOWER IN-STREAM ARRAY,UPPER IN-STREAM ARRAY,5/13/2009,7,Bull Trout,R,Resident,W,Wild Fish or Natural Production,TWISPR - Twisp River,SCREWT,Screw Trap,149,1
3D9.1C2D04288D,CGS09114.LAC,LMR - Lower Methow River at Pateros,12/7/2010 7:01:26 PM,12/7/2010 9:07:38 PM,UPSTREAM FULL-WIDTH ARRAY,UPSTREAM FULL-WIDTH ARRAY,4/25/2009,7,Bull Trout,R,Resident,W,Wild Fish or Natural Production,TWISPR - Twisp River,SCREWT,Screw Trap,158,1
3D9.1C2D047DDA,CGS09117.LAI,TWR - Lwr Twisp Rvr near MSRF Ponds,4/29/2009 3:07:27 AM,4/29/2009 3:07:27 AM,LOWER IN-STREAM ARRAY,LOWER IN-STREAM ARRAY,4/28/2009,7,Bull Trout,R,Resident,W,Wild Fish or Natural Production,TWISPR - Twisp River,SCREWT,Screw Trap,165,1
3D9.1C2D05BE84,KDM10244.P22,MRT - Methow River at Twisp,2/26/2011 8:38:05 PM,9/14/2014 1:29:34 AM,DOWNSTREAM ARRAY,Upstream array,9/1/2010,7,Bull Trout,R,Resident,W,Wild Fish or Natural Production,METHR - Methow River,GILNET,Gillnet Fishery or Research,342,1
3D9.1C2D05BE84,KDM10244.P22,TWR - Lwr Twisp Rvr near MSRF Ponds,7/8/2014 12:16:03 AM,8/25/2019 12:41:28 AM,LOWER IN-STREAM ARRAY,UPPER IN-STREAM ARRAY,9/1/2010,7,Bull Trout,R,Resident,W,Wild Fish or Natural Production,METHR - Methow River,GILNET,Gillnet Fishery or Research,342,1
3D9.1C2D06B51F,KDM10216.WCI,MRW - Methow River at Winthrop,10/4/2010 9:01:01 PM,10/4/2010 9:01:01 PM,UPSTREAM ARRAY,UPSTREAM ARRAY,8/4/2010,7,Bull Trout,R,Resident,W,Wild Fish or Natural Production,"WOLFC - Wolf Creek, Methow River",SHOCK,Electro-Shock,173,1
3D9.1C2D06B51F,KDM10216.WCI,"WFC - Wolf Creek, Methow River",9/1/2010 1:13:42 AM,9/25/2010 12:53:53 AM,SINGLE IN-STREAM ANTENNA,SINGLE IN-STREAM ANTENNA,8/4/2010,7,Bull Trout,R,Resident,W,Wild Fish or Natural Production,"WOLFC - Wolf Creek, Methow River",SHOCK,Electro-Shock,173,1
3D9.1C2D06F21E,KDM10216.WCI,MRW - Methow River at Winthrop,4/1/2011 1:17:24 AM,4/1/2011 1:17:24 AM,UPSTREAM ARRAY,UPSTREAM ARRAY,8/4/2010,7,Bull Trout,R,Resident,W,Wild Fish or Natural Production,"WOLFC - Wolf Creek, Methow River",SHOCK,Electro-Shock,268,1
3D9.1C2D06F21E,KDM10216.WCI,"WFC - Wolf Creek, Methow River",8/16/2010 7:40:48 PM,8/16/2010 7:40:48 PM,SINGLE IN-STREAM ANTENNA,SINGLE IN-STREAM ANTENNA,8/4/2010,7,Bull Trout,R,Resident,W,Wild Fish or Natural Production,"WOLFC - Wolf Creek, Methow River",SHOCK,Electro-Shock,268,1
3D9.1C2D09B653,RDN10295.HA3,ENL - Lower Entiat River,10/22/2010 3:26:46 AM,10/22/2010 3:33:35 AM,UPPER IN-STREAM ARRAY,UPPER IN-STREAM ARRAY,10/22/2010,7,Bull Trout,R,Resident,W,Wild Fish or Natural Production,ENTIAR - Entiat River,SCREWT,Screw Trap,800,1
3D9.1C2D0AED77,RDN10298.HA3,ENL - Lower Entiat River,10/24/2010 10:04:49 PM,10/31/2010 2:48:37 PM,UPPER IN-STREAM ARRAY,UPPER IN-STREAM ARRAY,10/26/2010,7,Bull Trout,R,Resident,W,Wild Fish or Natural Production,ENTIAR - Entiat River,SCREWT,Screw Trap,455,1
3D9.1C2D0C48C6,FWE11234.M04,"MAD - Mad River, Entiat River Basin",9/23/2011 12:04:58 PM,11/23/2011 5:37:51 PM,UPPER IN-STREAM ARRAY,LOWER IN-STREAM ARRAY,8/22/2011,7,Bull Trout,R,Resident,W,Wild Fish or Natural Production,MADRVR - Mad River (Entiat River watershed),SHOCK,Electro-Shock,180,1
3D9.1C2D100698,MRC10114.HA3,ENF - Upper Entiat River at rkm 40.6,7/23/2011 5:32:08 PM,7/23/2011 5:32:08 PM,UPSTREAM ARRAY,UPSTREAM ARRAY,4/24/2010,7,Bull Trout,R,Resident,W,Wild Fish or Natural Production,ENTIAR - Entiat River,SCREWT,Screw Trap,225,1
3D9.1C2D100698,MRC10114.HA3,ENL - Lower Entiat River,8/5/2010 11:43:41 PM,8/5/2010 11:44:27 PM,LOWER IN-STREAM ARRAY,UPPER IN-STREAM ARRAY,4/24/2010,7,Bull Trout,R,Resident,W,Wild Fish or Natural Production,ENTIAR - Entiat River,SCREWT,Screw Trap,225,1
3D9.1C2D100698,MRC10114.HA3,ENM - Middle Entiat River,8/17/2010 3:44:21 AM,10/9/2010 11:05:08 PM,LOWER IN-STREAM ARRAY,LOWER IN-STREAM ARRAY,4/24/2010,7,Bull Trout,R,Resident,W,Wild Fish or Natural Production,ENTIAR - Entiat River,SCREWT,Screw Trap,225,1
3D9.1C2D100698,MRC10114.HA3,ENS - Upper Entiat River at rkm 35.7,7/21/2011 1:50:33 AM,7/21/2011 1:50:44 AM,DOWNSTREAM ARRAY,UPSTREAM ARRAY,4/24/2010,7,Bull Trout,R,Resident,W,Wild Fish or Natural Production,ENTIAR - Entiat River,SCREWT,Screw Trap,225,1
3D9.1C2D1006EF,RDN10199.HA3,RRJ - Rocky Reach Dam Juvenile,7/20/2010 7:50:39 PM,7/20/2010 7:50:39 PM,DSM BYPASS SURFACE COLLECTOR,DSM BYPASS SURFACE COLLECTOR,7/20/2010,7,Bull Trout,R,Resident,W,Wild Fish or Natural Production,ENTIAR - Entiat River,SCREWT,Screw Trap,123,1
3D9.1C2D106736,FWE11234.M04,"MAD - Mad River, Entiat River Basin",11/24/2011 1:26:25 AM,11/24/2011 1:26:37 AM,UPPER IN-STREAM ARRAY,LOWER IN-STREAM ARRAY,8/22/2011,7,Bull Trout,R,Resident,W,Wild Fish or Natural Production,MADRVR - Mad River (Entiat River watershed),SHOCK,Electro-Shock,178,1
3D9.1C2D1095C2,FWE11245.3D2,ENF - Upper Entiat River at rkm 40.6,8/25/2012 10:10:15 PM,10/2/2012 2:46:22 AM,DOWNSTREAM ARRAY,UPSTREAM ARRAY,9/2/2011,7,Bull Trout,R,Resident,W,Wild Fish or Natural Production,ENTIAR - Entiat River,SHOCK,Electro-Shock,187,1
3D9.1C2D113D18,MRC10133.HB4,ENL - Lower Entiat River,5/13/2010 7:19:19 AM,5/13/2010 7:19:19 AM,LOWER IN-STREAM ARRAY,LOWER IN-STREAM ARRAY,5/13/2010,7,Bull Trout,R,Resident,W,Wild Fish or Natural Production,ENTIAR - Entiat River,SCREWT,Screw Trap,156,1
3D9.1C2D113D18,MRC10133.HB4,RRJ - Rocky Reach Dam Juvenile,5/17/2010 8:44:54 AM,5/17/2010 8:44:54 AM,DSM BYPASS SURFACE COLLECTOR,DSM BYPASS SURFACE COLLECTOR,5/13/2010,7,Bull Trout,R,Resident,W,Wild Fish or Natural Production,ENTIAR - Entiat River,SCREWT,Screw Trap,156,1
3D9.1C2D1141D6,MRC10121.HA3,ENA - Upper Entiat River at rkm 17.1,6/30/2012 11:32:03 PM,6/30/2012 11:32:03 PM,UPSTREAM ANTENNA ARRAY,UPSTREAM ANTENNA ARRAY,5/3/2010,7,Bull Trout,R,Resident,W,Wild Fish or Natural Production,ENTIAR - Entiat River,SCREWT,Screw Trap,162,1
3D9.1C2D1141D6,MRC10121.HA3,ENF - Upper Entiat River at rkm 40.6,7/15/2012 4:04:06 AM,10/14/2012 7:06:28 PM,UPSTREAM ARRAY,DOWNSTREAM ARRAY,5/3/2010,7,Bull Trout,R,Resident,W,Wild Fish or Natural Production,ENTIAR - Entiat River,SCREWT,Screw Trap,162,1
3D9.1C2D1141D6,MRC10121.HA3,ENL - Lower Entiat River,6/13/2012 5:10:01 AM,10/28/2012 9:58:41 PM,LOWER IN-STREAM ARRAY,LOWER IN-STREAM ARRAY,5/3/2010,7,Bull Trout,R,Resident,W,Wild Fish or Natural Production,ENTIAR - Entiat River,SCREWT,Screw Trap,162,1
3D9.1C2D1141D6,MRC10121.HA3,ENM - Middle Entiat River,10/15/2012 1:18:34 AM,10/15/2012 1:18:37 AM,UPPER IN-STREAM ARRAY,LOWER IN-STREAM ARRAY,5/3/2010,7,Bull Trout,R,Resident,W,Wild Fish or Natural Production,ENTIAR - Entiat River,SCREWT,Screw Trap,162,1
3D9.1C2D1141D6,MRC10121.HA3,ENS - Upper Entiat River at rkm 35.7,7/12/2012 6:48:55 AM,7/12/2012 6:49:48 AM,DOWNSTREAM ARRAY,UPSTREAM ARRAY,5/3/2010,7,Bull Trout,R,Resident,W,Wild Fish or Natural Production,ENTIAR - Entiat River,SCREWT,Screw Trap,162,1
3D9.1C2D1141D6,MRC10121.HA3,LWE - Lower Wenatchee River,8/31/2011 11:04:37 PM,8/31/2011 11:04:41 PM,DOWNSTREAM ANTENNA ARRAY,DOWNSTREAM ANTENNA ARRAY,5/3/2010,7,Bull Trout,R,Resident,W,Wild Fish or Natural Production,ENTIAR - Entiat River,SCREWT,Screw Trap,162,1
3D9.1C2D1141D6,MRC10121.HA3,RRF - Rocky Reach Fishway,5/27/2012 5:49:24 AM,5/27/2012 5:52:52 AM,WEIR 4,WEIR 6,5/3/2010,7,Bull Trout,R,Resident,W,Wild Fish or Natural Production,ENTIAR - Entiat River,SCREWT,Screw Trap,162,1
3D9.1C2D116702,MRC10115.HA3,ENA - Upper Entiat River at rkm 17.1,6/28/2012 9:16:29 PM,6/28/2012 9:16:29 PM,UPSTREAM ANTENNA ARRAY,UPSTREAM ANTENNA ARRAY,4/26/2010,7,Bull Trout,R,Resident,W,Wild Fish or Natural Production,ENTIAR - Entiat River,SCREWT,Screw Trap,229,1
3D9.1C2D116702,MRC10115.HA3,RIA - Rock Island Adult,7/29/2010 4:04:27 PM,7/29/2010 4:07:46 PM,LEFT LADDER BAFFLE 2,LEFT LADDER BAFFLE 4,4/26/2010,7,Bull Trout,R,Resident,W,Wild Fish or Natural Production,ENTIAR - Entiat River,SCREWT,Screw Trap,229,1
3D9.1C2D116702,MRC10115.HA3,RRF - Rocky Reach Fishway,7/25/2011 6:54:43 PM,5/23/2012 5:52:48 PM,WEIR 4,WEIR 6,4/26/2010,7,Bull Trout,R,Resident,W,Wild Fish or Natural Production,ENTIAR - Entiat River,SCREWT,Screw Trap,229,1
3D9.1C2D118D03,CGS10115.LAI,LMR - Lower Methow River at Pateros,10/4/2010 5:24:35 AM,10/4/2010 5:24:35 AM,IN-STREAM ARRAY,IN-STREAM ARRAY,4/25/2010,7,Bull Trout,R,Resident,W,Wild Fish or Natural Production,TWISPR - Twisp River,SCREWT,Screw Trap,157,1
3D9.1C2D118D03,CGS10115.LAI,TWR - Lwr Twisp Rvr near MSRF Ponds,4/25/2010 7:58:39 PM,4/25/2010 7:58:39 PM,LOWER IN-STREAM ARRAY,LOWER IN-STREAM ARRAY,4/25/2010,7,Bull Trout,R,Resident,W,Wild Fish or Natural Production,TWISPR - Twisp River,SCREWT,Screw Trap,157,1
3D9.1C2D1C9F5A,CGS09183.LAI,TWR - Lwr Twisp Rvr near MSRF Ponds,7/2/2009 10:23:29 AM,7/2/2009 10:23:29 AM,LOWER IN-STREAM ARRAY,LOWER IN-STREAM ARRAY,7/2/2009,7,Bull Trout,R,Resident,W,Wild Fish or Natural Production,TWISPR - Twisp River,SCREWT,Screw Trap,164,1
3D9.1C2D28AC99,CGS09180.LAI,TWR - Lwr Twisp Rvr near MSRF Ponds,6/30/2009 10:16:54 AM,6/30/2009 10:16:54 AM,LOWER IN-STREAM ARRAY,LOWER IN-STREAM ARRAY,6/30/2009,7,Bull Trout,R,Resident,W,Wild Fish or Natural Production,TWISPR - Twisp River,SCREWT,Screw Trap,157,1
3D9.1C2D342288,CGS09175.LAI,TWR - Lwr Twisp Rvr near MSRF Ponds,6/25/2009 9:56:15 AM,6/25/2009 9:56:15 AM,LOWER IN-STREAM ARRAY,LOWER IN-STREAM ARRAY,6/25/2009,7,Bull Trout,R,Resident,W,Wild Fish or Natural Production,TWISPR - Twisp River,SCREWT,Screw Trap,208,1
3D9.1C2D3C3E2D,CGS10130.LAI,TWR - Lwr Twisp Rvr near MSRF Ponds,5/10/2010 8:34:34 AM,5/10/2010 8:34:34 AM,UPPER IN-STREAM ARRAY,UPPER IN-STREAM ARRAY,5/10/2010,7,Bull Trout,R,Resident,W,Wild Fish or Natural Production,TWISPR - Twisp River,SCREWT,Screw Trap,152,1
3D9.1C2D3C5321,CGS10129.LAI,TWR - Lwr Twisp Rvr near MSRF Ponds,5/10/2010 2:03:27 PM,5/10/2010 2:18:27 PM,LOWER IN-STREAM ARRAY,LOWER IN-STREAM ARRAY,5/9/2010,7,Bull Trout,R,Resident,W,Wild Fish or Natural Production,TWISPR - Twisp River,SCREWT,Screw Trap,132,1
3D9.1C2D3D9E99,CGS10144.LAI,LMR - Lower Methow River at Pateros,11/7/2010 10:57:42 PM,11/7/2010 10:57:42 PM,IN-STREAM ARRAY,IN-STREAM ARRAY,5/24/2010,7,Bull Trout,R,Resident,W,Wild Fish or Natural Production,TWISPR - Twisp River,SCREWT,Screw Trap,214,1
3D9.1C2D3D9E99,CGS10144.LAI,MRT - Methow River at Twisp,9/1/2010 8:40:11 PM,10/13/2010 12:46:52 AM,DOWNSTREAM ARRAY,DOWNSTREAM ARRAY,5/24/2010,7,Bull Trout,R,Resident,W,Wild Fish or Natural Production,TWISPR - Twisp River,SCREWT,Screw Trap,214,1
3D9.1C2D3DA998,CGS11291.LAI,LMR - Lower Methow River at Pateros,10/11/2013 7:55:33 AM,11/2/2013 3:37:48 PM,UPSTREAM FULL-WIDTH ARRAY,UPSTREAM FULL-WIDTH ARRAY,10/18/2011,7,Bull Trout,R,Resident,W,Wild Fish or Natural Production,TWISPR - Twisp River,SCREWT,Screw Trap,239,1
3D9.1C2D3DA998,CGS11291.LAI,"WFC - Wolf Creek, Methow River",9/26/2014 2:47:47 AM,6/10/2015 1:07:44 AM,SINGLE IN-STREAM ANTENNA,SINGLE IN-STREAM ANTENNA,10/18/2011,7,Bull Trout,R,Resident,W,Wild Fish or Natural Production,TWISPR - Twisp River,SCREWT,Screw Trap,239,1
3D9.1C2D3DBE7D,CGS10262.LAI,LMR - Lower Methow River at Pateros,10/9/2010 11:53:12 PM,10/9/2010 11:53:12 PM,IN-STREAM ARRAY,IN-STREAM ARRAY,9/19/2010,7,Bull Trout,R,Resident,W,Wild Fish or Natural Production,TWISPR - Twisp River,SCREWT,Screw Trap,232,1
3D9.1C2D3DBE7D,CGS10262.LAI,TWR - Lwr Twisp Rvr near MSRF Ponds,9/19/2010 10:19:27 AM,9/19/2010 10:19:53 AM,UPPER IN-STREAM ARRAY,LOWER IN-STREAM ARRAY,9/19/2010,7,Bull Trout,R,Resident,W,Wild Fish or Natural Production,TWISPR - Twisp River,SCREWT,Screw Trap,232,1
3D9.1C2D3F64D6,CGS10144.LAI,"BVC - Beaver Creek, Methow River",9/7/2010 4:43:43 AM,9/7/2010 4:43:43 AM,MIDDLE IN-STREAM ARRAY,MIDDLE IN-STREAM ARRAY,5/24/2010,7,Bull Trout,R,Resident,W,Wild Fish or Natural Production,TWISPR - Twisp River,SCREWT,Screw Trap,189,1
3D9.1C2D3F6A30,CGS10285.LAI,LMR - Lower Methow River at Pateros,10/28/2010 8:39:30 PM,10/28/2010 8:39:30 PM,IN-STREAM ARRAY,IN-STREAM ARRAY,10/12/2010,7,Bull Trout,R,Resident,W,Wild Fish or Natural Production,TWISPR - Twisp River,SCREWT,Screw Trap,187,1
3D9.1C2D3F6A30,CGS10285.LAI,TWR - Lwr Twisp Rvr near MSRF Ponds,10/13/2010 7:50:49 AM,10/13/2010 6:42:19 PM,LOWER IN-STREAM ARRAY,LOWER IN-STREAM ARRAY,10/12/2010,7,Bull Trout,R,Resident,W,Wild Fish or Natural Production,TWISPR - Twisp River,SCREWT,Screw Trap,187,1
3D9.1C2D3F9CCE,CGS11249.LAI,TWR - Lwr Twisp Rvr near MSRF Ponds,9/7/2011 7:19:53 PM,9/7/2011 8:52:13 PM,UPPER IN-STREAM ARRAY,LOWER IN-STREAM ARRAY,9/7/2011,7,Bull Trout,R,Resident,W,Wild Fish or Natural Production,TWISPR - Twisp River,SCREWT,Screw Trap,200,1
3D9.1C2D41947F,CGS11082.LAI,MRT - Methow River at Twisp,3/31/2011 7:29:11 AM,3/31/2011 7:35:00 AM,UPSTREAM ARRAY,UPSTREAM ARRAY,3/25/2011,7,Bull Trout,R,Resident,W,Wild Fish or Natural Production,TWISPR - Twisp River,SCREWT,Screw Trap,162,1
3D9.1C2D41947F,CGS11082.LAI,TWR - Lwr Twisp Rvr near MSRF Ponds,3/25/2011 2:58:27 PM,3/30/2011 9:31:02 PM,LOWER IN-STREAM ARRAY,LOWER IN-STREAM ARRAY,3/25/2011,7,Bull Trout,R,Resident,W,Wild Fish or Natural Production,TWISPR - Twisp River,SCREWT,Screw Trap,162,1
3D9.1C2D41B712,CGS11247.LAI,"LBC - Libby Creek, Methow River",9/19/2011 6:14:26 AM,9/19/2011 6:14:26 AM,SINGLE IN-STREAM ANTENNA,SINGLE IN-STREAM ANTENNA,9/4/2011,7,Bull Trout,R,Resident,W,Wild Fish or Natural Production,TWISPR - Twisp River,SCREWT,Screw Trap,209,1
3D9.1C2D41B712,CGS11247.LAI,TWR - Lwr Twisp Rvr near MSRF Ponds,9/4/2011 11:45:12 PM,9/4/2011 11:45:12 PM,LOWER IN-STREAM ARRAY,LOWER IN-STREAM ARRAY,9/4/2011,7,Bull Trout,R,Resident,W,Wild Fish or Natural Production,TWISPR - Twisp River,SCREWT,Screw Trap,209,1
3D9.1C2D41CA16,CGS10144.LAI,TWR - Lwr Twisp Rvr near MSRF Ponds,5/24/2010 8:58:30 PM,5/24/2010 8:58:30 PM,UPPER IN-STREAM ARRAY,UPPER IN-STREAM ARRAY,5/24/2010,7,Bull Trout,R,Resident,W,Wild Fish or Natural Production,TWISPR - Twisp River,SCREWT,Screw Trap,151,1
3D9.1C2D453F80,RDN11068.3F2,ENS - Upper Entiat River at rkm 35.7,7/24/2011 1:42:31 AM,7/24/2011 1:42:34 AM,UPSTREAM ARRAY,DOWNSTREAM ARRAY,3/9/2011,7,Bull Trout,R,Resident,W,Wild Fish or Natural Production,ENTIAR - Entiat River,DIPNET,Dip Net,116,1
3D9.1C2D45D3E6,CEJ11209.046,PES - Peshastin Creek,4/26/2012 6:01:51 PM,4/26/2012 6:01:51 PM,LOWER IN-STREAM ARRAY,LOWER IN-STREAM ARRAY,7/28/2011,7,Bull Trout,R,Resident,W,Wild Fish or Natural Production,"ETIENC - Etienne (formerly Negro) Creek, tributary to Peshastin Creek",SHOCK,Electro-Shock,143,1
3D9.1C2D45F630,CGS10137.EL1,"WEA - Wells Dam, DCPUD Adult Ladders",6/1/2010 3:39:05 PM,6/2/2010 3:57:10 PM,LEFT LADDER POOL 67,LEFT LADDER POOL 67,6/1/2010,7,Bull Trout,R,Resident,W,Wild Fish or Natural Production,WELLD1 - WEL - Release into the East Adult Fish Ladder,LADDER,Adult Passage Ladder,640,1
3D9.1C2D45FE4E,CGS10159.TBT,TWR - Lwr Twisp Rvr near MSRF Ponds,8/3/2010 12:24:07 AM,8/6/2010 12:28:20 AM,UPPER IN-STREAM ARRAY,UPPER IN-STREAM ARRAY,7/4/2010,7,Bull Trout,R,Resident,W,Wild Fish or Natural Production,TWISPW - Twisp River Weir (WDFW),WTRAP,Weir Trap,640,1
3D9.1C2D4606D5,CGS10159.TBT,TWR - Lwr Twisp Rvr near MSRF Ponds,10/1/2010 3:44:02 AM,10/10/2011 2:54:33 AM,UPPER IN-STREAM ARRAY,LOWER IN-STREAM ARRAY,7/4/2010,7,Bull Trout,R,Resident,W,Wild Fish or Natural Production,TWISPW - Twisp River Weir (WDFW),WTRAP,Weir Trap,590,1
3D9.1C2D4607ED,CGS11132.WL1,"GLC - Gold Creek, Methow River",9/28/2011 3:22:14 AM,6/16/2013 4:17:14 AM,UPPER IN-STREAM ARRAY,UPPER IN-STREAM ARRAY,6/13/2011,7,Bull Trout,R,Resident,W,Wild Fish or Natural Production,WELLD2 - WEL - Release into the West Adult Fish Ladder,LADDER,Adult Passage Ladder,610,1
3D9.1C2D4607ED,CGS11132.WL1,"WEA - Wells Dam, DCPUD Adult Ladders",6/14/2011 4:28:59 PM,5/29/2013 5:27:36 AM,RIGHT LADDER POOL 67,Left Ladder Pool 68,6/13/2011,7,Bull Trout,R,Resident,W,Wild Fish or Natural Production,WELLD2 - WEL - Release into the West Adult Fish Ladder,LADDER,Adult Passage Ladder,610,1
3D9.1C2D460D02,CGS10120.LAI,LMR - Lower Methow River at Pateros,10/20/2013 2:16:53 AM,10/13/2014 8:42:40 PM,UPSTREAM FULL-WIDTH ARRAY,UPSTREAM FULL-WIDTH ARRAY,4/30/2010,7,Bull Trout,R,Resident,W,Wild Fish or Natural Production,TWISPR - Twisp River,SCREWT,Screw Trap,130,1
3D9.1C2D460D02,CGS10120.LAI,TWR - Lwr Twisp Rvr near MSRF Ponds,4/30/2010 4:03:33 PM,9/29/2014 2:51:35 AM,LOWER IN-STREAM ARRAY,LOWER IN-STREAM ARRAY,4/30/2010,7,Bull Trout,R,Resident,W,Wild Fish or Natural Production,TWISPR - Twisp River,SCREWT,Screw Trap,130,1
3D9.1C2D460D02,CGS10120.LAI,"WEA - Wells Dam, DCPUD Adult Ladders",5/28/2013 1:39:41 PM,5/25/2014 2:43:58 PM,LEFT LADDER POOL 19,Left Ladder Pool 68,4/30/2010,7,Bull Trout,R,Resident,W,Wild Fish or Natural Production,TWISPR - Twisp River,SCREWT,Screw Trap,130,1
3D9.1C2D4611A8,CGS10123.WL1,MRW - Methow River at Winthrop,10/10/2010 12:19:00 AM,10/10/2010 12:19:11 AM,UPSTREAM ARRAY,DOWNSTREAM ARRAY,6/28/2010,7,Bull Trout,R,Resident,W,Wild Fish or Natural Production,WELFBY - WEL - Release into the Forebay within 0.5 km upstream of Dam,LADDER,Adult Passage Ladder,570,1
3D9.1C2D461422,CGS10159.TBT,TWR - Lwr Twisp Rvr near MSRF Ponds,9/26/2010 4:02:33 AM,6/21/2014 4:05:45 AM,UPPER IN-STREAM ARRAY,UPPER IN-STREAM ARRAY,7/4/2010,7,Bull Trout,R,Resident,W,Wild Fish or Natural Production,TWISPW - Twisp River Weir (WDFW),WTRAP,Weir Trap,570,1
3D9.1C2D461B1A,CGS11284.LFZ,TWR - Lwr Twisp Rvr near MSRF Ponds,1/9/2012 10:21:02 PM,1/9/2012 10:21:02 PM,UPPER IN-STREAM ARRAY,UPPER IN-STREAM ARRAY,10/11/2011,7,Bull Trout,R,Resident,W,Wild Fish or Natural Production,TWISPR - Twisp River,SHOCK,Electro-Shock,178,1
3D9.1C2D46203C,CGS10159.TBT,LMR - Lower Methow River at Pateros,9/14/2013 12:50:49 AM,10/29/2013 6:02:59 AM,UPSTREAM FULL-WIDTH ARRAY,UPSTREAM FULL-WIDTH ARRAY,7/4/2010,7,Bull Trout,R,Resident,W,Wild Fish or Natural Production,TWISPW - Twisp River Weir (WDFW),WTRAP,Weir Trap,610,1
3D9.1C2D46203C,CGS10159.TBT,TWR - Lwr Twisp Rvr near MSRF Ponds,9/23/2010 3:48:57 AM,7/12/2014 7:25:01 PM,UPPER IN-STREAM ARRAY,LOWER IN-STREAM ARRAY,7/4/2010,7,Bull Trout,R,Resident,W,Wild Fish or Natural Production,TWISPW - Twisp River Weir (WDFW),WTRAP,Weir Trap,610,1
3D9.1C2D462291,CGS11283.MF1,CRW - Chewuch River above Winthrop,10/28/2011 11:43:37 PM,10/28/2011 11:43:37 PM,DOWNSTREAM ARRAY,DOWNSTREAM ARRAY,10/10/2011,7,Bull Trout,R,Resident,W,Wild Fish or Natural Production,CHEWUR - Chewuch River,SHOCK,Electro-Shock,165,1
3D9.1C2D462A95,CGS10283.LAI,LMR - Lower Methow River at Pateros,11/27/2013 1:52:58 PM,11/27/2013 1:52:58 PM,UPSTREAM FULL-WIDTH ARRAY,UPSTREAM FULL-WIDTH ARRAY,10/10/2010,7,Bull Trout,R,Resident,W,Wild Fish or Natural Production,TWISPR - Twisp River,SCREWT,Screw Trap,198,1
3D9.1C2D462A95,CGS10283.LAI,TWR - Lwr Twisp Rvr near MSRF Ponds,10/3/2013 11:09:00 PM,6/8/2015 3:04:22 AM,UPPER IN-STREAM ARRAY,UPPER IN-STREAM ARRAY,10/10/2010,7,Bull Trout,R,Resident,W,Wild Fish or Natural Production,TWISPR - Twisp River,SCREWT,Screw Trap,198,1
3D9.1C2D462A95,CGS10283.LAI,"WEA - Wells Dam, DCPUD Adult Ladders",6/8/2013 4:12:31 AM,5/15/2015 9:16:33 PM,RIGHT LADDER POOL 19,RIGHT LADDER POOL 68,10/10/2010,7,Bull Trout,R,Resident,W,Wild Fish or Natural Production,TWISPR - Twisp River,SCREWT,Screw Trap,198,1
3D9.1C2D462AE0,CGS10220.LAI,TWR - Lwr Twisp Rvr near MSRF Ponds,8/9/2010 10:05:11 AM,8/9/2010 10:08:54 AM,LOWER IN-STREAM ARRAY,UPPER IN-STREAM ARRAY,8/9/2010,7,Bull Trout,R,Resident,W,Wild Fish or Natural Production,TWISPR - Twisp River,SCREWT,Screw Trap,174,1
3D9.1C2D46315C,CGS10123.WL1,LMR - Lower Methow River at Pateros,10/4/2010 9:58:09 PM,10/4/2010 9:58:09 PM,IN-STREAM ARRAY,IN-STREAM ARRAY,6/8/2010,7,Bull Trout,R,Resident,W,Wild Fish or Natural Production,WELFBY - WEL - Release into the Forebay within 0.5 km upstream of Dam,LADDER,Adult Passage Ladder,600,1
3D9.1C2D46315C,CGS10123.WL1,RRF - Rocky Reach Fishway,7/9/2011 7:38:54 PM,7/11/2011 11:02:32 AM,WEIR 4,WEIR 6,6/8/2010,7,Bull Trout,R,Resident,W,Wild Fish or Natural Production,WELFBY - WEL - Release into the Forebay within 0.5 km upstream of Dam,LADDER,Adult Passage Ladder,600,1
3D9.1C2D46315C,CGS10123.WL1,TWR - Lwr Twisp Rvr near MSRF Ponds,7/5/2010 10:20:34 PM,10/4/2011 1:26:19 AM,UPPER IN-STREAM ARRAY,LOWER IN-STREAM ARRAY,6/8/2010,7,Bull Trout,R,Resident,W,Wild Fish or Natural Production,WELFBY - WEL - Release into the Forebay within 0.5 km upstream of Dam,LADDER,Adult Passage Ladder,600,1
3D9.1C2D46315C,CGS10123.WL1,"WEA - Wells Dam, DCPUD Adult Ladders",7/15/2011 7:42:42 AM,7/15/2011 7:46:21 AM,RIGHT LADDER POOL 67,RIGHT LADDER POOL 68,6/8/2010,7,Bull Trout,R,Resident,W,Wild Fish or Natural Production,WELFBY - WEL - Release into the Forebay within 0.5 km upstream of Dam,LADDER,Adult Passage Ladder,600,1
3D9.1C2D465A34,RDN10305.HB4,RIA - Rock Island Adult,6/19/2011 6:11:29 PM,6/19/2011 7:18:51 PM,RIGHT LADDER BAFFLE 4,RIGHT LADDER BAFFLE 4,11/1/2010,7,Bull Trout,R,Resident,W,Wild Fish or Natural Production,ENTIAR - Entiat River,SCREWT,Screw Trap,261,1
3D9.1C2D465A34,RDN10305.HB4,RRF - Rocky Reach Fishway,7/14/2011 3:54:24 PM,7/14/2011 3:56:51 PM,WEIR 4,WEIR 6,11/1/2010,7,Bull Trout,R,Resident,W,Wild Fish or Natural Production,ENTIAR - Entiat River,SCREWT,Screw Trap,261,1
3D9.1C2D4743C2,RDN10306.HA3,"MAD - Mad River, Entiat River Basin",7/19/2012 9:44:58 PM,7/19/2012 9:45:21 PM,LOWER IN-STREAM ARRAY,UPPER IN-STREAM ARRAY,11/2/2010,7,Bull Trout,R,Resident,W,Wild Fish or Natural Production,ENTIAR - Entiat River,SCREWT,Screw Trap,251,1
3D9.1C2D4743C2,RDN10306.HA3,RIA - Rock Island Adult,8/16/2011 10:59:12 AM,6/21/2012 9:19:05 AM,RIGHT LADDER BAFFLE 2,LEFT LADDER BAFFLE 2,11/2/2010,7,Bull Trout,R,Resident,W,Wild Fish or Natural Production,ENTIAR - Entiat River,SCREWT,Screw Trap,251,1
3D9.1C2D4743C2,RDN10306.HA3,RRF - Rocky Reach Fishway,6/23/2012 9:34:57 AM,6/23/2012 9:36:20 AM,WEIR 4,WEIR 6,11/2/2010,7,Bull Trout,R,Resident,W,Wild Fish or Natural Production,ENTIAR - Entiat River,SCREWT,Screw Trap,251,1
3D9.1C2D479325,RDN10231.3F2,RRJ - Rocky Reach Dam Juvenile,6/23/2011 1:07:29 AM,6/23/2011 1:07:29 AM,DSM BYPASS SURFACE COLLECTOR,DSM BYPASS SURFACE COLLECTOR,8/20/2010,7,Bull Trout,R,Resident,W,Wild Fish or Natural Production,ENTIAR - Entiat River,SHOCK,Electro-Shock,116,1
3D9.1C2D4826B1,FWE11236.3C2,ENA - Upper Entiat River at rkm 17.1,9/5/2011 12:57:56 AM,9/5/2011 12:57:56 AM,UPSTREAM ANTENNA ARRAY,UPSTREAM ANTENNA ARRAY,8/24/2011,7,Bull Trout,R,Resident,W,Wild Fish or Natural Production,ENTIAR - Entiat River,SHOCK,Electro-Shock,184,1
3D9.1C2D4826B1,FWE11236.3C2,ENL - Lower Entiat River,12/20/2011 11:28:03 PM,12/20/2011 11:29:09 PM,UPPER IN-STREAM ARRAY,LOWER IN-STREAM ARRAY,8/24/2011,7,Bull Trout,R,Resident,W,Wild Fish or Natural Production,ENTIAR - Entiat River,SHOCK,Electro-Shock,184,1
3D9.1C2D4826B1,FWE11236.3C2,ENS - Upper Entiat River at rkm 35.7,8/25/2011 1:49:02 AM,8/25/2011 1:49:02 AM,DOWNSTREAM ARRAY,DOWNSTREAM ARRAY,8/24/2011,7,Bull Trout,R,Resident,W,Wild Fish or Natural Production,ENTIAR - Entiat River,SHOCK,Electro-Shock,184,1
3D9.1C2D4826B1,FWE11236.3C2,"MAD - Mad River, Entiat River Basin",9/5/2011 5:42:50 AM,11/13/2011 7:29:19 PM,MIDDLE IN-STREAM ARRAY,LOWER IN-STREAM ARRAY,8/24/2011,7,Bull Trout,R,Resident,W,Wild Fish or Natural Production,ENTIAR - Entiat River,SHOCK,Electro-Shock,184,1
3D9.1C2D4CF59A,CEJ11229.291,"MAD - Mad River, Entiat River Basin",10/23/2011 7:33:29 AM,10/23/2011 7:33:29 AM,UPPER IN-STREAM ARRAY,UPPER IN-STREAM ARRAY,8/17/2011,7,Bull Trout,R,Resident,W,Wild Fish or Natural Production,MADRVR - Mad River (Entiat River watershed),SHOCK,Electro-Shock,235,1
3D9.1C2D5C2058,CGS10159.TBT,TWR - Lwr Twisp Rvr near MSRF Ponds,9/30/2010 7:11:26 PM,9/30/2010 7:12:01 PM,UPPER IN-STREAM ARRAY,LOWER IN-STREAM ARRAY,7/19/2010,7,Bull Trout,R,Resident,W,Wild Fish or Natural Production,TWISPW - Twisp River Weir (WDFW),WTRAP,Weir Trap,740,1
3D9.1C2D5C2793,CGS10159.TBT,MRT - Methow River at Twisp,9/8/2010 10:13:11 PM,9/8/2010 10:13:11 PM,UPSTREAM ARRAY,UPSTREAM ARRAY,7/22/2010,7,Bull Trout,R,Resident,W,Wild Fish or Natural Production,TWISPW - Twisp River Weir (WDFW),WTRAP,Weir Trap,510,1
3D9.1C2D5C2793,CGS10159.TBT,TWR - Lwr Twisp Rvr near MSRF Ponds,9/30/2011 12:56:42 AM,9/13/2013 8:10:35 PM,UPPER IN-STREAM ARRAY,LOWER IN-STREAM ARRAY,7/22/2010,7,Bull Trout,R,Resident,W,Wild Fish or Natural Production,TWISPW - Twisp River Weir (WDFW),WTRAP,Weir Trap,510,1
3D9.1C2D5C3E4B,CGS10159.TBT,LMR - Lower Methow River at Pateros,10/9/2010 3:17:47 PM,10/9/2010 3:17:47 PM,IN-STREAM ARRAY,IN-STREAM ARRAY,7/9/2010,7,Bull Trout,R,Resident,W,Wild Fish or Natural Production,TWISPW - Twisp River Weir (WDFW),WTRAP,Weir Trap,700,1
3D9.1C2D5C3E4B,CGS10159.TBT,TWR - Lwr Twisp Rvr near MSRF Ponds,9/30/2010 12:51:54 AM,9/30/2010 12:52:03 AM,UPPER IN-STREAM ARRAY,LOWER IN-STREAM ARRAY,7/9/2010,7,Bull Trout,R,Resident,W,Wild Fish or Natural Production,TWISPW - Twisp River Weir (WDFW),WTRAP,Weir Trap,700,1
3D9.1C2D5CADAE,CGS10159.TBT,TWR - Lwr Twisp Rvr near MSRF Ponds,9/13/2010 4:26:11 AM,9/21/2011 7:44:23 PM,UPPER IN-STREAM ARRAY,LOWER IN-STREAM ARRAY,7/8/2010,7,Bull Trout,R,Resident,W,Wild Fish or Natural Production,TWISPW - Twisp River Weir (WDFW),WTRAP,Weir Trap,550,1
3D9.1C2D5CB16A,CGS10159.TBT,TWR - Lwr Twisp Rvr near MSRF Ponds,9/26/2010 8:25:19 PM,9/26/2010 8:25:30 PM,UPPER IN-STREAM ARRAY,LOWER IN-STREAM ARRAY,7/16/2010,7,Bull Trout,R,Resident,W,Wild Fish or Natural Production,TWISPW - Twisp River Weir (WDFW),WTRAP,Weir Trap,640,1
3D9.1C2D5CCBD0,CGS10159.TBT,TWR - Lwr Twisp Rvr near MSRF Ponds,10/4/2010 7:00:10 PM,10/4/2010 7:15:00 PM,UPPER IN-STREAM ARRAY,LOWER IN-STREAM ARRAY,7/20/2010,7,Bull Trout,R,Resident,W,Wild Fish or Natural Production,TWISPW - Twisp River Weir (WDFW),WTRAP,Weir Trap,500,1
3D9.1C2D5CD4EA,CGS10159.TBT,TWR - Lwr Twisp Rvr near MSRF Ponds,10/13/2010 12:06:28 AM,7/27/2011 10:14:42 PM,UPPER IN-STREAM ARRAY,UPPER IN-STREAM ARRAY,7/15/2010,7,Bull Trout,R,Resident,W,Wild Fish or Natural Production,TWISPW - Twisp River Weir (WDFW),WTRAP,Weir Trap,450,1
3D9.1C2D5CDB20,CGS10159.TBT,MRT - Methow River at Twisp,9/8/2010 9:09:25 PM,9/21/2010 8:32:52 AM,DOWNSTREAM ARRAY,UPSTREAM ARRAY,7/14/2010,7,Bull Trout,R,Resident,W,Wild Fish or Natural Production,TWISPW - Twisp River Weir (WDFW),WTRAP,Weir Trap,640,1
3D9.1C2D5CDB20,CGS10159.TBT,TWR - Lwr Twisp Rvr near MSRF Ponds,9/8/2010 5:03:47 AM,9/8/2010 5:03:51 AM,UPPER IN-STREAM ARRAY,LOWER IN-STREAM ARRAY,7/14/2010,7,Bull Trout,R,Resident,W,Wild Fish or Natural Production,TWISPW - Twisp River Weir (WDFW),WTRAP,Weir Trap,640,1
3D9.1C2D5CEC91,CGS10159.TBT,LMR - Lower Methow River at Pateros,10/14/2010 7:34:25 AM,11/23/2010 7:47:43 PM,IN-STREAM ARRAY,IN-STREAM ARRAY,7/23/2010,7,Bull Trout,R,Resident,W,Wild Fish or Natural Production,TWISPW - Twisp River Weir (WDFW),WTRAP,Weir Trap,610,1
3D9.1C2D5CEC91,CGS10159.TBT,TWR - Lwr Twisp Rvr near MSRF Ponds,9/21/2010 3:28:21 AM,9/21/2010 3:34:26 AM,UPPER IN-STREAM ARRAY,LOWER IN-STREAM ARRAY,7/23/2010,7,Bull Trout,R,Resident,W,Wild Fish or Natural Production,TWISPW - Twisp River Weir (WDFW),WTRAP,Weir Trap,610,1
3D9.1C2D5CF158,CGS10159.TBT,TWR - Lwr Twisp Rvr near MSRF Ponds,9/22/2010 8:06:03 PM,9/20/2011 10:26:30 PM,UPPER IN-STREAM ARRAY,LOWER IN-STREAM ARRAY,7/8/2010,7,Bull Trout,R,Resident,W,Wild Fish or Natural Production,TWISPW - Twisp River Weir (WDFW),WTRAP,Weir Trap,640,1
3D9.1C2D5CF74D,CGS10159.TBT,TWR - Lwr Twisp Rvr near MSRF Ponds,8/15/2010 1:45:52 PM,8/15/2010 1:46:02 PM,UPPER IN-STREAM ARRAY,LOWER IN-STREAM ARRAY,7/19/2010,7,Bull Trout,R,Resident,W,Wild Fish or Natural Production,TWISPW - Twisp River Weir (WDFW),WTRAP,Weir Trap,530,1
3D9.1C2D5CFE01,CGS10159.TBT,TWR - Lwr Twisp Rvr near MSRF Ponds,9/19/2010 8:08:25 PM,9/18/2013 11:10:36 PM,UPPER IN-STREAM ARRAY,LOWER IN-STREAM ARRAY,7/12/2010,7,Bull Trout,R,Resident,W,Wild Fish or Natural Production,TWISPW - Twisp River Weir (WDFW),WTRAP,Weir Trap,600,1
3D9.1C2D5D015D,CGS10159.TBT,LMR - Lower Methow River at Pateros,3/13/2011 7:37:38 PM,3/13/2011 7:37:38 PM,UPSTREAM FULL-WIDTH ARRAY,UPSTREAM FULL-WIDTH ARRAY,7/15/2010,7,Bull Trout,R,Resident,W,Wild Fish or Natural Production,TWISPW - Twisp River Weir (WDFW),WTRAP,Weir Trap,630,1
3D9.1C2D5D015D,CGS10159.TBT,TWR - Lwr Twisp Rvr near MSRF Ponds,9/20/2010 1:07:29 AM,9/18/2011 12:51:45 AM,UPPER IN-STREAM ARRAY,LOWER IN-STREAM ARRAY,7/15/2010,7,Bull Trout,R,Resident,W,Wild Fish or Natural Production,TWISPW - Twisp River Weir (WDFW),WTRAP,Weir Trap,630,1
3D9.1C2D5D06DA,CGS10159.TBT,TWR - Lwr Twisp Rvr near MSRF Ponds,10/12/2010 10:40:12 PM,7/1/2012 4:45:27 PM,UPPER IN-STREAM ARRAY,UPPER IN-STREAM ARRAY,7/18/2010,7,Bull Trout,R,Resident,W,Wild Fish or Natural Production,TWISPW - Twisp River Weir (WDFW),WTRAP,Weir Trap,630,1
3D9.1C2D5D0A66,CGS10159.TBT,LMR - Lower Methow River at Pateros,2/11/2011 3:02:24 AM,10/5/2015 11:08:46 AM,UPSTREAM FULL-WIDTH ARRAY,UPSTREAM FULL-WIDTH ARRAY,7/13/2010,7,Bull Trout,R,Resident,W,Wild Fish or Natural Production,TWISPW - Twisp River Weir (WDFW),WTRAP,Weir Trap,680,1
3D9.1C2D5D0A66,CGS10159.TBT,TWR - Lwr Twisp Rvr near MSRF Ponds,7/22/2010 5:06:56 AM,9/29/2015 10:21:25 PM,UPPER IN-STREAM ARRAY,LOWER IN-STREAM ARRAY,7/13/2010,7,Bull Trout,R,Resident,W,Wild Fish or Natural Production,TWISPW - Twisp River Weir (WDFW),WTRAP,Weir Trap,680,1
3D9.1C2D5D0C78,CGS10159.TBT,LMR - Lower Methow River at Pateros,9/26/2010 7:00:07 PM,9/27/2010 2:35:29 AM,IN-STREAM ARRAY,IN-STREAM ARRAY,7/23/2010,7,Bull Trout,R,Resident,W,Wild Fish or Natural Production,TWISPW - Twisp River Weir (WDFW),WTRAP,Weir Trap,690,1
3D9.1C2D5D0C78,CGS10159.TBT,TWR - Lwr Twisp Rvr near MSRF Ponds,9/22/2010 12:26:59 AM,9/22/2010 12:27:04 AM,UPPER IN-STREAM ARRAY,LOWER IN-STREAM ARRAY,7/23/2010,7,Bull Trout,R,Resident,W,Wild Fish or Natural Production,TWISPW - Twisp River Weir (WDFW),WTRAP,Weir Trap,690,1
3D9.1C2D5D14AA,CGS10159.TBT,LMR - Lower Methow River at Pateros,9/22/2010 6:07:40 AM,9/22/2010 6:07:40 AM,IN-STREAM ARRAY,IN-STREAM ARRAY,7/14/2010,7,Bull Trout,R,Resident,W,Wild Fish or Natural Production,TWISPW - Twisp River Weir (WDFW),WTRAP,Weir Trap,600,1
3D9.1C2D5D14AA,CGS10159.TBT,TWR - Lwr Twisp Rvr near MSRF Ponds,9/16/2010 2:59:12 AM,9/16/2010 2:59:17 AM,UPPER IN-STREAM ARRAY,LOWER IN-STREAM ARRAY,7/14/2010,7,Bull Trout,R,Resident,W,Wild Fish or Natural Production,TWISPW - Twisp River Weir (WDFW),WTRAP,Weir Trap,600,1
3D9.1C2D5D19F1,CGS10159.TBT,TWR - Lwr Twisp Rvr near MSRF Ponds,9/14/2010 1:38:18 AM,9/14/2010 1:38:22 AM,UPPER IN-STREAM ARRAY,LOWER IN-STREAM ARRAY,7/8/2010,7,Bull Trout,R,Resident,W,Wild Fish or Natural Production,TWISPW - Twisp River Weir (WDFW),WTRAP,Weir Trap,580,1
3D9.1C2D5D1BDB,CGS10159.TBT,LMR - Lower Methow River at Pateros,3/25/2011 11:08:27 PM,3/23/2014 7:39:52 PM,DOWNSTREAM FULL-WIDTH ARRAY,UPSTREAM FULL-WIDTH ARRAY,7/20/2010,7,Bull Trout,R,Resident,W,Wild Fish or Natural Production,TWISPW - Twisp River Weir (WDFW),WTRAP,Weir Trap,440,1
3D9.1C2D5D1BDB,CGS10159.TBT,TWR - Lwr Twisp Rvr near MSRF Ponds,9/30/2010 7:19:29 PM,9/25/2013 10:46:29 PM,UPPER IN-STREAM ARRAY,LOWER IN-STREAM ARRAY,7/20/2010,7,Bull Trout,R,Resident,W,Wild Fish or Natural Production,TWISPW - Twisp River Weir (WDFW),WTRAP,Weir Trap,440,1
3D9.1C2D5D2CB0,CGS10159.TBT,TWR - Lwr Twisp Rvr near MSRF Ponds,10/15/2010 4:32:44 AM,10/2/2011 8:28:00 PM,UPPER IN-STREAM ARRAY,LOWER IN-STREAM ARRAY,7/17/2010,7,Bull Trout,R,Resident,W,Wild Fish or Natural Production,TWISPW - Twisp River Weir (WDFW),WTRAP,Weir Trap,520,1
3D9.1C2D5D2D72,CGS10159.TBT,TWR - Lwr Twisp Rvr near MSRF Ponds,9/22/2010 12:19:54 AM,9/22/2010 12:19:59 AM,UPPER IN-STREAM ARRAY,LOWER IN-STREAM ARRAY,7/16/2010,7,Bull Trout,R,Resident,W,Wild Fish or Natural Production,TWISPW - Twisp River Weir (WDFW),WTRAP,Weir Trap,620,1
3D9.1C2D5D349F,CGS10159.TBT,TWR - Lwr Twisp Rvr near MSRF Ponds,9/29/2010 9:08:13 PM,10/6/2013 2:00:49 AM,UPPER IN-STREAM ARRAY,UPPER IN-STREAM ARRAY,7/15/2010,7,Bull Trout,R,Resident,W,Wild Fish or Natural Production,TWISPW - Twisp River Weir (WDFW),WTRAP,Weir Trap,580,1
3D9.1C2D60AAF6,CGS11273.LAI,TWR - Lwr Twisp Rvr near MSRF Ponds,9/30/2011 6:33:41 PM,7/14/2012 12:49:10 AM,UPPER IN-STREAM ARRAY,LOWER IN-STREAM ARRAY,9/30/2011,7,Bull Trout,R,Resident,W,Wild Fish or Natural Production,TWISPR - Twisp River,SCREWT,Screw Trap,556,1
3D9.1C2D60ACF0,CGS11286.LF1,TWR - Lwr Twisp Rvr near MSRF Ponds,11/17/2011 4:53:53 AM,12/30/2011 6:54:38 PM,UPPER IN-STREAM ARRAY,LOWER IN-STREAM ARRAY,10/13/2011,7,Bull Trout,R,Resident,W,Wild Fish or Natural Production,TWISPR - Twisp River,SHOCK,Electro-Shock,198,1
3D9.1C2D60B879,CGS10272.Q70,RRJ - Rocky Reach Dam Juvenile,5/24/2011 3:26:19 PM,5/24/2011 3:26:19 PM,DSM BYPASS SURFACE COLLECTOR,DSM BYPASS SURFACE COLLECTOR,9/29/2010,7,Bull Trout,R,Resident,W,Wild Fish or Natural Production,TWISPR - Twisp River,SHOCK,Electro-Shock,174,1
3D9.1C2D60CAF7,CGS11256.LAI,TWR - Lwr Twisp Rvr near MSRF Ponds,9/14/2011 6:25:02 PM,9/14/2011 6:25:55 PM,UPPER IN-STREAM ARRAY,LOWER IN-STREAM ARRAY,9/14/2011,7,Bull Trout,R,Resident,W,Wild Fish or Natural Production,TWISPR - Twisp River,SCREWT,Screw Trap,225,1
3D9.1C2D6153F5,CGS11280.MFZ,CRW - Chewuch River above Winthrop,2/26/2012 8:48:01 AM,2/26/2012 8:48:28 AM,UPSTREAM ARRAY,DOWNSTREAM ARRAY,10/7/2011,7,Bull Trout,R,Resident,W,Wild Fish or Natural Production,CHEWUR - Chewuch River,SHOCK,Electro-Shock,163,1
3D9.1C2D615775,CGS10207.D92,TWR - Lwr Twisp Rvr near MSRF Ponds,9/14/2010 7:30:50 PM,9/14/2010 7:31:11 PM,UPPER IN-STREAM ARRAY,LOWER IN-STREAM ARRAY,7/26/2010,7,Bull Trout,R,Resident,W,Wild Fish or Natural Production,TWISPR - Twisp River,DIPNET,Dip Net,218,1
3D9.1C2D61E1B8,CGS11132.EL2,LMR - Lower Methow River at Pateros,10/17/2013 2:22:28 AM,10/20/2013 7:01:29 PM,UPSTREAM FULL-WIDTH ARRAY,UPSTREAM FULL-WIDTH ARRAY,6/22/2011,7,Bull Trout,R,Resident,W,Wild Fish or Natural Production,WELLD1 - WEL - Release into the East Adult Fish Ladder,LADDER,Adult Passage Ladder,520,1
3D9.1C2D61E1B8,CGS11132.EL2,RRJ - Rocky Reach Dam Juvenile,5/18/2013 6:15:22 PM,5/18/2013 6:15:22 PM,DSM BYPASS SURFACE COLLECTOR,DSM BYPASS SURFACE COLLECTOR,6/22/2011,7,Bull Trout,R,Resident,W,Wild Fish or Natural Production,WELLD1 - WEL - Release into the East Adult Fish Ladder,LADDER,Adult Passage Ladder,520,1
3D9.1C2D61E1B8,CGS11132.EL2,TWR - Lwr Twisp Rvr near MSRF Ponds,9/25/2012 9:03:20 PM,9/21/2013 10:56:10 PM,UPPER IN-STREAM ARRAY,LOWER IN-STREAM ARRAY,6/22/2011,7,Bull Trout,R,Resident,W,Wild Fish or Natural Production,WELLD1 - WEL - Release into the East Adult Fish Ladder,LADDER,Adult Passage Ladder,520,1
3D9.1C2D61E1B8,CGS11132.EL2,"WEA - Wells Dam, DCPUD Adult Ladders",7/11/2012 6:50:21 AM,6/8/2013 11:39:58 AM,RIGHT LADDER POOL 67,RIGHT LADDER POOL 68,6/22/2011,7,Bull Trout,R,Resident,W,Wild Fish or Natural Production,WELLD1 - WEL - Release into the East Adult Fish Ladder,LADDER,Adult Passage Ladder,520,1
3D9.1C2D61EE00,CGS11241.LB1,LBT - Little Bridge Creek (Twisp R.),8/7/2012 9:52:23 PM,10/13/2012 7:24:38 PM,Downstream,Downstream,8/29/2011,7,Bull Trout,R,Resident,W,Wild Fish or Natural Production,TWISPR - Twisp River,HOOK,Hook and Line,172,1
3D9.1C2D61EE00,CGS11241.LB1,TWR - Lwr Twisp Rvr near MSRF Ponds,10/14/2012 7:31:05 PM,10/14/2012 7:31:09 PM,UPPER IN-STREAM ARRAY,LOWER IN-STREAM ARRAY,8/29/2011,7,Bull Trout,R,Resident,W,Wild Fish or Natural Production,TWISPR - Twisp River,HOOK,Hook and Line,172,1
3D9.1C2D61F26F,CGS11132.WL1,"WEA - Wells Dam, DCPUD Adult Ladders",6/3/2011 4:09:11 PM,6/3/2011 4:14:19 PM,RIGHT LADDER POOL 67,RIGHT LADDER POOL 68,6/2/2011,7,Bull Trout,R,Resident,W,Wild Fish or Natural Production,WELLD2 - WEL - Release into the West Adult Fish Ladder,LADDER,Adult Passage Ladder,510,1
3D9.1C2D625BC4,CGS11132.WL1,TWR - Lwr Twisp Rvr near MSRF Ponds,10/12/2011 1:51:28 AM,10/12/2011 1:51:43 AM,UPPER IN-STREAM ARRAY,LOWER IN-STREAM ARRAY,6/1/2011,7,Bull Trout,R,Resident,W,Wild Fish or Natural Production,WELLD2 - WEL - Release into the West Adult Fish Ladder,LADDER,Adult Passage Ladder,670,1
3D9.1C2D625BC4,CGS11132.WL1,"WEA - Wells Dam, DCPUD Adult Ladders",6/2/2011 2:33:04 PM,6/2/2011 2:33:04 PM,RIGHT LADDER POOL 68,RIGHT LADDER POOL 68,6/1/2011,7,Bull Trout,R,Resident,W,Wild Fish or Natural Production,WELLD2 - WEL - Release into the West Adult Fish Ladder,LADDER,Adult Passage Ladder,670,1
3D9.1C2D629895,CGS11276.KAI,LMR - Lower Methow River at Pateros,10/6/2011 12:56:40 AM,10/6/2011 12:56:40 AM,UPSTREAM FULL-WIDTH ARRAY,UPSTREAM FULL-WIDTH ARRAY,10/3/2011,7,Bull Trout,R,Resident,W,Wild Fish or Natural Production,METTRP - Methow Smolt Trap at McFarland Creek Road Bridge,SCREWT,Screw Trap,222,1
3D9.1C2D66CD76,CGS13182.TW3,TWR - Lwr Twisp Rvr near MSRF Ponds,10/24/2014 3:32:40 AM,6/13/2015 12:58:56 AM,LOWER IN-STREAM ARRAY,UPPER IN-STREAM ARRAY,7/1/2013,7,Bull Trout,R,Resident,W,Wild Fish or Natural Production,TWISPW - Twisp River Weir (WDFW),WTRAP,Weir Trap,620,1
3D9.1C2D66EBB4,CGS13148.TW2,TWR - Lwr Twisp Rvr near MSRF Ponds,9/26/2013 7:27:30 PM,11/2/2016 3:15:47 AM,UPPER IN-STREAM ARRAY,LOWER IN-STREAM ARRAY,6/23/2013,7,Bull Trout,R,Resident,W,Wild Fish or Natural Production,TWISPW - Twisp River Weir (WDFW),WTRAP,Weir Trap,550,1
3D9.1C2D687E2D,CGS10159.TBT,TWR - Lwr Twisp Rvr near MSRF Ponds,7/26/2010 12:06:18 AM,7/26/2010 12:06:18 AM,UPPER IN-STREAM ARRAY,UPPER IN-STREAM ARRAY,7/16/2010,7,Bull Trout,R,Resident,W,Wild Fish or Natural Production,TWISPW - Twisp River Weir (WDFW),WTRAP,Weir Trap,630,1
3D9.1C2D687F91,CGS10159.TBT,LMR - Lower Methow River at Pateros,10/21/2011 2:00:15 AM,10/8/2016 5:24:19 PM,UPSTREAM FULL-WIDTH ARRAY,DOWNSTREAM FULL-WIDTH ARRAY,7/9/2010,7,Bull Trout,R,Resident,W,Wild Fish or Natural Production,TWISPW - Twisp River Weir (WDFW),WTRAP,Weir Trap,590,1
3D9.1C2D687F91,CGS10159.TBT,MRC - Methow River at Carlton,6/14/2016 2:57:46 AM,10/5/2016 8:11:01 PM,Single Array,Single Array,7/9/2010,7,Bull Trout,R,Resident,W,Wild Fish or Natural Production,TWISPW - Twisp River Weir (WDFW),WTRAP,Weir Trap,590,1
3D9.1C2D687F91,CGS10159.TBT,TWR - Lwr Twisp Rvr near MSRF Ponds,10/1/2010 2:44:18 AM,10/2/2016 7:33:41 PM,UPPER IN-STREAM ARRAY,LOWER IN-STREAM ARRAY,7/9/2010,7,Bull Trout,R,Resident,W,Wild Fish or Natural Production,TWISPW - Twisp River Weir (WDFW),WTRAP,Weir Trap,590,1
3D9.1C2D68815D,CGS10159.TBT,TWR - Lwr Twisp Rvr near MSRF Ponds,8/5/2010 4:37:35 AM,10/25/2014 6:15:31 AM,LOWER IN-STREAM ARRAY,LOWER IN-STREAM ARRAY,7/23/2010,7,Bull Trout,R,Resident,W,Wild Fish or Natural Production,TWISPW - Twisp River Weir (WDFW),WTRAP,Weir Trap,480,1
3D9.1C2D68815D,CGS10159.TBT,"WEA - Wells Dam, DCPUD Adult Ladders",6/4/2011 2:49:25 PM,6/19/2014 12:12:26 PM,RIGHT LADDER POOL 67,Left Ladder Pool 68,7/23/2010,7,Bull Trout,R,Resident,W,Wild Fish or Natural Production,TWISPW - Twisp River Weir (WDFW),WTRAP,Weir Trap,480,1
3D9.1C2D68A5FA,CGS10159.TBT,TWR - Lwr Twisp Rvr near MSRF Ponds,9/21/2010 7:49:24 PM,9/17/2011 7:59:06 PM,UPPER IN-STREAM ARRAY,UPPER IN-STREAM ARRAY,7/9/2010,7,Bull Trout,R,Resident,W,Wild Fish or Natural Production,TWISPW - Twisp River Weir (WDFW),WTRAP,Weir Trap,550,1
3D9.1C2D68B832,CGS10159.TBT,LMR - Lower Methow River at Pateros,4/4/2011 7:11:31 PM,4/10/2014 9:14:52 PM,UPSTREAM FULL-WIDTH ARRAY,UPSTREAM FULL-WIDTH ARRAY,7/23/2010,7,Bull Trout,R,Resident,W,Wild Fish or Natural Production,TWISPW - Twisp River Weir (WDFW),WTRAP,Weir Trap,470,1
3D9.1C2D68B832,CGS10159.TBT,TWR - Lwr Twisp Rvr near MSRF Ponds,7/28/2010 9:58:19 PM,6/30/2014 11:56:16 PM,UPPER IN-STREAM ARRAY,UPPER IN-STREAM ARRAY,7/23/2010,7,Bull Trout,R,Resident,W,Wild Fish or Natural Production,TWISPW - Twisp River Weir (WDFW),WTRAP,Weir Trap,470,1
3D9.1C2D68BACF,CGS10159.TBT,TWR - Lwr Twisp Rvr near MSRF Ponds,7/29/2010 6:40:57 AM,7/29/2010 6:40:57 AM,UPPER IN-STREAM ARRAY,UPPER IN-STREAM ARRAY,7/21/2010,7,Bull Trout,R,Resident,W,Wild Fish or Natural Production,TWISPW - Twisp River Weir (WDFW),WTRAP,Weir Trap,510,1
3D9.1C2D68E374,CGS10159.TBT,"GLC - Gold Creek, Methow River",7/29/2010 6:24:46 AM,7/29/2010 6:24:46 AM,UPPER IN-STREAM ARRAY,UPPER IN-STREAM ARRAY,7/23/2010,7,Bull Trout,R,Resident,W,Wild Fish or Natural Production,TWISPW - Twisp River Weir (WDFW),WTRAP,Weir Trap,560,1
3D9.1C2D68FF07,CGS10159.TBT,TWR - Lwr Twisp Rvr near MSRF Ponds,10/12/2012 5:59:37 AM,6/17/2013 4:09:17 AM,UPPER IN-STREAM ARRAY,LOWER IN-STREAM ARRAY,7/19/2010,7,Bull Trout,R,Resident,W,Wild Fish or Natural Production,TWISPW - Twisp River Weir (WDFW),WTRAP,Weir Trap,450,1
3D9.1C2D690796,CGS10159.TBT,TWR - Lwr Twisp Rvr near MSRF Ponds,9/26/2010 9:30:13 PM,9/29/2011 11:34:24 PM,UPPER IN-STREAM ARRAY,LOWER IN-STREAM ARRAY,7/9/2010,7,Bull Trout,R,Resident,W,Wild Fish or Natural Production,TWISPW - Twisp River Weir (WDFW),WTRAP,Weir Trap,560,1
3D9.1C2D69089B,CGS10159.TBT,LMR - Lower Methow River at Pateros,3/29/2011 7:20:10 PM,1/13/2012 10:27:16 AM,DOWNSTREAM FULL-WIDTH ARRAY,UPSTREAM FULL-WIDTH ARRAY,7/20/2010,7,Bull Trout,R,Resident,W,Wild Fish or Natural Production,TWISPW - Twisp River Weir (WDFW),WTRAP,Weir Trap,450,1
3D9.1C2D69089B,CGS10159.TBT,TWR - Lwr Twisp Rvr near MSRF Ponds,10/12/2010 6:38:29 PM,10/1/2011 1:47:52 AM,UPPER IN-STREAM ARRAY,UPPER IN-STREAM ARRAY,7/20/2010,7,Bull Trout,R,Resident,W,Wild Fish or Natural Production,TWISPW - Twisp River Weir (WDFW),WTRAP,Weir Trap,450,1
3D9.1C2D69EE0D,KDM12221.BR2,"BVC - Beaver Creek, Methow River",1/13/2014 5:13:23 AM,1/13/2014 5:13:23 AM,MIDDLE IN-STREAM ARRAY,MIDDLE IN-STREAM ARRAY,8/8/2012,7,Bull Trout,R,Resident,W,Wild Fish or Natural Production,"BEAV2C - Beaver Creek, Methow River",SHOCK,Electro-Shock,172,1
3D9.1C2D69F7C6,CMK12160.GCN,NAL - Lower Nason Creek,6/8/2012 8:45:26 AM,6/8/2012 8:45:35 AM,UPPER IN-STREAM ARRAY,LOWER IN-STREAM ARRAY,6/8/2012,7,Bull Trout,R,Resident,W,Wild Fish or Natural Production,NASONC - Nason Creek (tributary to Wenatchee River),SCREWT,Screw Trap,142,1
3D9.1C2D69FEF5,CMK12313.GCN,NAL - Lower Nason Creek,11/8/2012 6:09:35 PM,11/8/2012 6:15:27 PM,UPPER IN-STREAM ARRAY,LOWER IN-STREAM ARRAY,11/11/2012,7,Bull Trout,R,Resident,W,Wild Fish or Natural Production,NASONC - Nason Creek (tributary to Wenatchee River),SCREWT,Screw Trap,166,1
3D9.1C2D6A094F,KDM12243.LBT,LBT - Little Bridge Creek (Twisp R.),10/15/2012 5:48:03 AM,10/15/2012 5:48:03 AM,Downstream,Downstream,8/30/2012,7,Bull Trout,R,Resident,W,Wild Fish or Natural Production,"LBRIC - Little Bridge Creek,tributary to Twisp River",SHOCK,Electro-Shock,212,1
3D9.1C2D6A094F,KDM12243.LBT,TWR - Lwr Twisp Rvr near MSRF Ponds,10/17/2012 6:30:57 AM,10/17/2012 6:32:01 AM,UPPER IN-STREAM ARRAY,LOWER IN-STREAM ARRAY,8/30/2012,7,Bull Trout,R,Resident,W,Wild Fish or Natural Production,"LBRIC - Little Bridge Creek,tributary to Twisp River",SHOCK,Electro-Shock,212,1
3D9.1C2D6A1A50,CGS14113.KAI,"GLC - Gold Creek, Methow River",7/30/2014 11:11:03 AM,9/26/2014 1:56:59 AM,LOWER IN-STREAM ARRAY,UPPER IN-STREAM ARRAY,4/23/2014,7,Bull Trout,R,Resident,W,Wild Fish or Natural Production,METTRP - Methow Smolt Trap at McFarland Creek Road Bridge,SCREWT,Screw Trap,145,1
3D9.1C2D6A78D7,KDM12256.LBT,LBT - Little Bridge Creek (Twisp R.),9/9/2013 10:32:28 PM,9/9/2013 10:32:28 PM,Downstream,Downstream,9/12/2012,7,Bull Trout,R,Resident,W,Wild Fish or Natural Production,"LBRIC - Little Bridge Creek,tributary to Twisp River",SHOCK,Electro-Shock,201,1
3D9.1C2D6A78D7,KDM12256.LBT,TWR - Lwr Twisp Rvr near MSRF Ponds,9/23/2013 9:26:23 PM,9/23/2013 9:26:26 PM,UPPER IN-STREAM ARRAY,LOWER IN-STREAM ARRAY,9/12/2012,7,Bull Trout,R,Resident,W,Wild Fish or Natural Production,"LBRIC - Little Bridge Creek,tributary to Twisp River",SHOCK,Electro-Shock,201,1
3D9.1C2D6A7E90,CMK12199.GCN,NAL - Lower Nason Creek,7/17/2012 9:41:02 PM,7/17/2012 9:41:02 PM,UPPER IN-STREAM ARRAY,UPPER IN-STREAM ARRAY,7/17/2012,7,Bull Trout,R,Resident,W,Wild Fish or Natural Production,NASONC - Nason Creek (tributary to Wenatchee River),SCREWT,Screw Trap,156,1
3D9.1C2D6AF004,CMK12307.BAC,NAL - Lower Nason Creek,11/2/2012 12:36:05 PM,11/2/2012 12:36:21 PM,UPPER IN-STREAM ARRAY,LOWER IN-STREAM ARRAY,11/3/2012,7,Bull Trout,R,Resident,W,Wild Fish or Natural Production,NASONC - Nason Creek (tributary to Wenatchee River),SCREWT,Screw Trap,214,1
3D9.1C2D6B8C31,CGS11194.TW1,TWR - Lwr Twisp Rvr near MSRF Ponds,10/5/2011 8:31:09 PM,6/25/2013 3:29:04 AM,UPPER IN-STREAM ARRAY,UPPER IN-STREAM ARRAY,7/23/2011,7,Bull Trout,R,Resident,W,Wild Fish or Natural Production,TWISPW - Twisp River Weir (WDFW),WTRAP,Weir Trap,500,1
3D9.1C2D6C02D4,CGS11194.TW1,TWR - Lwr Twisp Rvr near MSRF Ponds,10/3/2011 5:14:14 AM,9/25/2014 2:08:22 AM,UPPER IN-STREAM ARRAY,LOWER IN-STREAM ARRAY,7/19/2011,7,Bull Trout,R,Resident,W,Wild Fish or Natural Production,TWISPW - Twisp River Weir (WDFW),WTRAP,Weir Trap,480,1
3D9.1C2D6C044E,CGS11194.TW1,TWR - Lwr Twisp Rvr near MSRF Ponds,10/8/2011 7:39:14 PM,10/8/2011 7:39:19 PM,UPPER IN-STREAM ARRAY,LOWER IN-STREAM ARRAY,7/16/2011,7,Bull Trout,R,Resident,W,Wild Fish or Natural Production,TWISPW - Twisp River Weir (WDFW),WTRAP,Weir Trap,440,1
3D9.1C2D6C15C7,CGS11194.TW1,"GLC - Gold Creek, Methow River",7/5/2012 3:42:42 AM,7/5/2012 3:42:42 AM,LOWER IN-STREAM ARRAY,LOWER IN-STREAM ARRAY,7/14/2011,7,Bull Trout,R,Resident,W,Wild Fish or Natural Production,TWISPW - Twisp River Weir (WDFW),WTRAP,Weir Trap,520,1
3D9.1C2D6C15C7,CGS11194.TW1,TWR - Lwr Twisp Rvr near MSRF Ponds,9/25/2011 12:07:46 AM,6/20/2012 4:17:47 PM,UPPER IN-STREAM ARRAY,LOWER IN-STREAM ARRAY,7/14/2011,7,Bull Trout,R,Resident,W,Wild Fish or Natural Production,TWISPW - Twisp River Weir (WDFW),WTRAP,Weir Trap,520,1
3D9.1C2D6C3C89,CGS11194.TW1,TWR - Lwr Twisp Rvr near MSRF Ponds,9/29/2011 8:08:13 PM,6/13/2015 4:13:26 AM,UPPER IN-STREAM ARRAY,UPPER IN-STREAM ARRAY,7/16/2011,7,Bull Trout,R,Resident,W,Wild Fish or Natural Production,TWISPW - Twisp River Weir (WDFW),WTRAP,Weir Trap,480,1
3D9.1C2D6C5358,CGS11194.TW1,TWR - Lwr Twisp Rvr near MSRF Ponds,10/2/2011 1:21:06 AM,11/11/2015 4:19:26 AM,UPPER IN-STREAM ARRAY,LOWER IN-STREAM ARRAY,7/13/2011,7,Bull Trout,R,Resident,W,Wild Fish or Natural Production,TWISPW - Twisp River Weir (WDFW),WTRAP,Weir Trap,540,1
3D9.1C2D6C59D4,CGS11194.TW1,TWR - Lwr Twisp Rvr near MSRF Ponds,9/21/2011 11:18:49 PM,10/1/2013 10:44:29 PM,UPPER IN-STREAM ARRAY,LOWER IN-STREAM ARRAY,7/22/2011,7,Bull Trout,R,Resident,W,Wild Fish or Natural Production,TWISPW - Twisp River Weir (WDFW),WTRAP,Weir Trap,600,1
3D9.1C2D6C6E96,CGS11006.BBT,TWR - Lwr Twisp Rvr near MSRF Ponds,10/7/2011 4:39:09 AM,10/21/2012 2:56:49 AM,UPPER IN-STREAM ARRAY,LOWER IN-STREAM ARRAY,1/13/2011,7,Bull Trout,R,Resident,W,Wild Fish or Natural Production,METHR - Methow River,HOOK,Hook and Line,430,1
3D9.1C2D6CC36E,CGS11194.TW1,TWR - Lwr Twisp Rvr near MSRF Ponds,10/15/2011 7:46:46 PM,9/23/2013 2:27:53 AM,UPPER IN-STREAM ARRAY,LOWER IN-STREAM ARRAY,7/14/2011,7,Bull Trout,R,Resident,W,Wild Fish or Natural Production,TWISPW - Twisp River Weir (WDFW),WTRAP,Weir Trap,460,1
3D9.1C2D6CC46E,CGS11194.TW1,TWR - Lwr Twisp Rvr near MSRF Ponds,10/8/2011 2:48:08 AM,7/9/2014 11:44:36 PM,UPPER IN-STREAM ARRAY,UPPER IN-STREAM ARRAY,7/21/2011,7,Bull Trout,R,Resident,W,Wild Fish or Natural Production,TWISPW - Twisp River Weir (WDFW),WTRAP,Weir Trap,560,1
3D9.1C2D6CEE6C,CGS11194.TW1,TWR - Lwr Twisp Rvr near MSRF Ponds,10/1/2011 9:26:12 PM,6/30/2014 10:55:20 PM,UPPER IN-STREAM ARRAY,UPPER IN-STREAM ARRAY,7/15/2011,7,Bull Trout,R,Resident,W,Wild Fish or Natural Production,TWISPW - Twisp River Weir (WDFW),WTRAP,Weir Trap,560,1
3D9.1C2D6CF11C,CGS11194.TW1,TWR - Lwr Twisp Rvr near MSRF Ponds,9/28/2011 7:25:19 PM,7/4/2017 3:36:20 AM,UPPER IN-STREAM ARRAY,UPPER IN-STREAM ARRAY,7/21/2011,7,Bull Trout,R,Resident,W,Wild Fish or Natural Production,TWISPW - Twisp River Weir (WDFW),WTRAP,Weir Trap,490,1
3D9.1C2D6CF661,CGS11194.TW1,TWR - Lwr Twisp Rvr near MSRF Ponds,10/8/2011 1:48:12 AM,6/12/2015 11:39:02 PM,UPPER IN-STREAM ARRAY,UPPER IN-STREAM ARRAY,7/13/2011,7,Bull Trout,R,Resident,W,Wild Fish or Natural Production,TWISPW - Twisp River Weir (WDFW),WTRAP,Weir Trap,510,1
3D9.1C2D6D0422,CGS11194.TW1,TWR - Lwr Twisp Rvr near MSRF Ponds,4/23/2012 12:53:03 AM,10/22/2016 3:40:17 AM,LOWER IN-STREAM ARRAY,UPPER IN-STREAM ARRAY,7/28/2011,7,Bull Trout,R,Resident,W,Wild Fish or Natural Production,TWISPW - Twisp River Weir (WDFW),WTRAP,Weir Trap,420,1
3D9.1C2D6D41B5,CMK12204.GCN,NAL - Lower Nason Creek,7/22/2012 9:45:26 PM,7/22/2012 9:45:26 PM,UPPER IN-STREAM ARRAY,UPPER IN-STREAM ARRAY,7/22/2012,7,Bull Trout,R,Resident,W,Wild Fish or Natural Production,NASONC - Nason Creek (tributary to Wenatchee River),SCREWT,Screw Trap,95,1
3D9.1C2D6D7682,CMK12119.GCN,CHL - Lower Chiwawa River,9/28/2019 11:36:36 PM,9/28/2019 11:36:38 PM,UPPER IN-STREAM ARRAY,UPPER IN-STREAM ARRAY,5/1/2012,7,Bull Trout,R,Resident,W,Wild Fish or Natural Production,NASONC - Nason Creek (tributary to Wenatchee River),SCREWT,Screw Trap,172,1
3D9.1C2D6D7682,CMK12119.GCN,CHU - Upper Chiwawa River,9/28/2019 7:30:52 PM,9/28/2019 7:31:01 PM,UPPER IN-STREAM ARRAY,LOWER IN-STREAM ARRAY,5/1/2012,7,Bull Trout,R,Resident,W,Wild Fish or Natural Production,NASONC - Nason Creek (tributary to Wenatchee River),SCREWT,Screw Trap,172,1
3D9.1C2D6D7682,CMK12119.GCN,UWE - Upper Wenatchee River,9/30/2019 12:59:53 AM,9/30/2019 1:26:26 AM,IN-STREAM ARRAY,IN-STREAM ARRAY,5/1/2012,7,Bull Trout,R,Resident,W,Wild Fish or Natural Production,NASONC - Nason Creek (tributary to Wenatchee River),SCREWT,Screw Trap,172,1
3D9.1C2D6DAAE8,TQI13240.79R,ENS - Upper Entiat River at rkm 35.7,5/20/2014 11:24:37 PM,5/20/2014 11:24:37 PM,DOWNSTREAM ARRAY,DOWNSTREAM ARRAY,8/28/2013,7,Bull Trout,5,Unknown,W,Wild Fish or Natural Production,ENTIAR - Entiat River,SHOCK,Electro-Shock,153,1
3D9.1C2D6DCA60,TQI13238.579,ENS - Upper Entiat River at rkm 35.7,4/25/2014 4:55:31 AM,4/25/2014 4:55:31 AM,UPSTREAM ARRAY,UPSTREAM ARRAY,8/26/2013,7,Bull Trout,5,Unknown,W,Wild Fish or Natural Production,ENTIAR - Entiat River,SHOCK,Electro-Shock,153,1
3D9.1C2D6E8197,TQI13240.79M,"MAD - Mad River, Entiat River Basin",5/19/2015 6:38:20 PM,5/19/2015 6:38:20 PM,LOWER IN-STREAM ARRAY,LOWER IN-STREAM ARRAY,8/28/2013,7,Bull Trout,5,Unknown,W,Wild Fish or Natural Production,ENTIAR - Entiat River,SHOCK,Electro-Shock,61,1
3D9.1C2D6F19C0,TQI13206.71M,BMT - Big Meadow Temporary Array,5/16/2014 10:33:09 AM,5/16/2014 10:33:34 AM,Single Antenna,Single Antenna,7/25/2013,7,Bull Trout,5,Unknown,W,Wild Fish or Natural Production,"ROCK3C - Rock Creek, tributary to Chiwawa River",SHOCK,Electro-Shock,144,1
3D9.1C2D6F6D68,TQI13240.79R,ENL - Lower Entiat River,7/30/2014 2:33:05 PM,7/30/2014 2:33:05 PM,UPPER IN-STREAM ARRAY,UPPER IN-STREAM ARRAY,8/28/2013,7,Bull Trout,5,Unknown,W,Wild Fish or Natural Production,ENTIAR - Entiat River,SHOCK,Electro-Shock,172,1
3D9.1C2D6F6D68,TQI13240.79R,ENS - Upper Entiat River at rkm 35.7,7/19/2014 12:13:20 AM,7/19/2014 12:13:24 AM,UPSTREAM ARRAY,DOWNSTREAM ARRAY,8/28/2013,7,Bull Trout,5,Unknown,W,Wild Fish or Natural Production,ENTIAR - Entiat River,SHOCK,Electro-Shock,172,1
3D9.1C2D6F6D68,TQI13240.79R,"MAD - Mad River, Entiat River Basin",7/20/2014 2:20:25 AM,7/22/2014 3:19:39 AM,LOWER IN-STREAM ARRAY,LOWER IN-STREAM ARRAY,8/28/2013,7,Bull Trout,5,Unknown,W,Wild Fish or Natural Production,ENTIAR - Entiat River,SHOCK,Electro-Shock,172,1
3D9.1C2D6FC397,CGS12135.EL2,"GLC - Gold Creek, Methow River",7/8/2014 11:15:53 AM,7/8/2014 11:17:02 AM,UPPER IN-STREAM ARRAY,LOWER IN-STREAM ARRAY,6/19/2012,7,Bull Trout,R,Resident,W,Wild Fish or Natural Production,WELLD1 - WEL - Release into the East Adult Fish Ladder,LADDER,Adult Passage Ladder,600,1
3D9.1C2D6FC397,CGS12135.EL2,TWR - Lwr Twisp Rvr near MSRF Ponds,9/23/2012 2:41:43 AM,6/24/2014 2:20:51 AM,UPPER IN-STREAM ARRAY,UPPER IN-STREAM ARRAY,6/19/2012,7,Bull Trout,R,Resident,W,Wild Fish or Natural Production,WELLD1 - WEL - Release into the East Adult Fish Ladder,LADDER,Adult Passage Ladder,600,1
3D9.1C2D6FC397,CGS12135.EL2,"WEA - Wells Dam, DCPUD Adult Ladders",6/19/2012 12:49:43 PM,5/27/2014 2:29:10 PM,LEFT LADDER POOL 67,Left Ladder Pool 68,6/19/2012,7,Bull Trout,R,Resident,W,Wild Fish or Natural Production,WELLD1 - WEL - Release into the East Adult Fish Ladder,LADDER,Adult Passage Ladder,600,1
3D9.1C2D700990,TQI13240.79M,ENA - Upper Entiat River at rkm 17.1,1/11/2016 5:45:11 AM,7/29/2016 11:32:00 AM,UPSTREAM ANTENNA ARRAY,DOWNSTREAM ANTENNA ARRAY,8/28/2013,7,Bull Trout,5,Unknown,W,Wild Fish or Natural Production,ENTIAR - Entiat River,SHOCK,Electro-Shock,157,1
3D9.1C2D700990,TQI13240.79M,ENF - Upper Entiat River at rkm 40.6,1/8/2016 1:38:11 AM,10/19/2017 5:26:43 AM,UPSTREAM ARRAY,UPSTREAM ARRAY,8/28/2013,7,Bull Trout,5,Unknown,W,Wild Fish or Natural Production,ENTIAR - Entiat River,SHOCK,Electro-Shock,157,1
3D9.1C2D700990,TQI13240.79M,ENL - Lower Entiat River,1/12/2016 4:32:06 AM,12/13/2017 6:12:03 PM,UPPER IN-STREAM ARRAY,LOWER IN-STREAM ARRAY,8/28/2013,7,Bull Trout,5,Unknown,W,Wild Fish or Natural Production,ENTIAR - Entiat River,SHOCK,Electro-Shock,157,1
3D9.1C2D700990,TQI13240.79M,ENM - Middle Entiat River,10/16/2016 1:54:59 PM,10/16/2016 1:54:59 PM,UPPER IN-STREAM ARRAY,UPPER IN-STREAM ARRAY,8/28/2013,7,Bull Trout,5,Unknown,W,Wild Fish or Natural Production,ENTIAR - Entiat River,SHOCK,Electro-Shock,157,1
3D9.1C2D700990,TQI13240.79M,ENS - Upper Entiat River at rkm 35.7,1/9/2016 6:30:40 AM,10/22/2017 12:24:22 AM,DOWNSTREAM ARRAY,DOWNSTREAM ARRAY,8/28/2013,7,Bull Trout,5,Unknown,W,Wild Fish or Natural Production,ENTIAR - Entiat River,SHOCK,Electro-Shock,157,1
3D9.1C2D701823,TQI13238.211,ENF - Upper Entiat River at rkm 40.6,11/28/2014 10:08:49 AM,11/28/2014 10:08:54 AM,UPSTREAM ARRAY,DOWNSTREAM ARRAY,8/26/2013,7,Bull Trout,5,Unknown,W,Wild Fish or Natural Production,ENTIAR - Entiat River,SHOCK,Electro-Shock,66,1
3D9.1C2D704FB1,CSS14133.HA3,RRJ - Rocky Reach Dam Juvenile,5/18/2014 8:55:06 PM,5/18/2014 8:55:06 PM,DSM BYPASS SURFACE COLLECTOR,DSM BYPASS SURFACE COLLECTOR,5/15/2014,7,Bull Trout,R,Resident,W,Wild Fish or Natural Production,ENTIAR - Entiat River,SCREWT,Screw Trap,158,1
3D9.1C2D705628,TQI13231.98M,CHW - Chiwaukum Creek,3/10/2014 11:21:19 AM,3/10/2014 11:21:30 AM,UPSTREAM ARRAY,DOWNSTREAM ARRAY,8/19/2013,7,Bull Trout,5,Unknown,W,Wild Fish or Natural Production,"CHIWAC - Chiwaukum Creek, tributary to Wenatchee River",SHOCK,Electro-Shock,133,1
3D9.1C2D707CEF,TQI13206.71M,CHL - Lower Chiwawa River,1/3/2014 5:27:04 AM,1/3/2014 5:27:04 AM,UPPER IN-STREAM ARRAY,UPPER IN-STREAM ARRAY,7/25/2013,7,Bull Trout,5,Unknown,W,Wild Fish or Natural Production,"ROCK3C - Rock Creek, tributary to Chiwawa River",SHOCK,Electro-Shock,140,1
3D9.1C2D707CEF,TQI13206.71M,CHU - Upper Chiwawa River,1/2/2014 6:15:45 PM,1/2/2014 6:15:45 PM,LOWER IN-STREAM ARRAY,LOWER IN-STREAM ARRAY,7/25/2013,7,Bull Trout,5,Unknown,W,Wild Fish or Natural Production,"ROCK3C - Rock Creek, tributary to Chiwawa River",SHOCK,Electro-Shock,140,1
3D9.1C2D7093FF,TQI13231.98M,CHW - Chiwaukum Creek,8/20/2013 5:20:26 AM,8/20/2013 7:47:24 AM,UPSTREAM ARRAY,DOWNSTREAM ARRAY,8/19/2013,7,Bull Trout,5,Unknown,W,Wild Fish or Natural Production,"CHIWAC - Chiwaukum Creek, tributary to Wenatchee River",SHOCK,Electro-Shock,186,1
3D9.1C2D709964,TQI14263.323,"MAD - Mad River, Entiat River Basin",12/8/2014 6:22:42 PM,12/8/2014 6:22:42 PM,MIDDLE IN-STREAM ARRAY,MIDDLE IN-STREAM ARRAY,9/20/2014,7,Bull Trout,2,Summer,W,Wild Fish or Natural Production,"TILLIC - Tillicum Creek, tributary to Mad River",SHOCK,Electro-Shock,213,1
3D9.1C2D70A0CC,FWE14251.HA3,ENL - Lower Entiat River,9/8/2014 8:16:55 AM,9/8/2014 8:17:13 AM,UPPER IN-STREAM ARRAY,LOWER IN-STREAM ARRAY,9/9/2014,7,Bull Trout,R,Resident,W,Wild Fish or Natural Production,ENTIAR - Entiat River,SCREWT,Screw Trap,421,1
3D9.1C2D764605,CMK11189.BAC,LWN - Little Wenatchee River,6/26/2018 10:42:08 PM,6/26/2018 10:42:08 PM,LOWER IN-STREAM ARRAY,LOWER IN-STREAM ARRAY,7/8/2011,7,Bull Trout,R,Resident,W,Wild Fish or Natural Production,NASONC - Nason Creek (tributary to Wenatchee River),SCREWT,Screw Trap,180,1
3D9.1C2D764605,CMK11189.BAC,NAL - Lower Nason Creek,7/29/2011 9:20:11 PM,7/29/2011 9:20:11 PM,LOWER IN-STREAM ARRAY,LOWER IN-STREAM ARRAY,7/8/2011,7,Bull Trout,R,Resident,W,Wild Fish or Natural Production,NASONC - Nason Creek (tributary to Wenatchee River),SCREWT,Screw Trap,180,1
3D9.1C2D76D325,FWE12227.3F2,ENA - Upper Entiat River at rkm 17.1,10/17/2012 12:42:11 AM,10/17/2012 12:42:11 AM,UPSTREAM ANTENNA ARRAY,UPSTREAM ANTENNA ARRAY,8/14/2012,7,Bull Trout,R,Resident,W,Wild Fish or Natural Production,ENTIAR - Entiat River,BSEINE,Beach Seine,213,1
3D9.1C2D76D325,FWE12227.3F2,ENL - Lower Entiat River,11/16/2013 9:08:37 PM,11/16/2013 9:08:40 PM,UPPER IN-STREAM ARRAY,UPPER IN-STREAM ARRAY,8/14/2012,7,Bull Trout,R,Resident,W,Wild Fish or Natural Production,ENTIAR - Entiat River,BSEINE,Beach Seine,213,1
3D9.1C2D76D325,FWE12227.3F2,ENM - Middle Entiat River,8/16/2012 10:56:56 PM,10/14/2012 6:18:39 PM,UPPER IN-STREAM ARRAY,UPPER IN-STREAM ARRAY,8/14/2012,7,Bull Trout,R,Resident,W,Wild Fish or Natural Production,ENTIAR - Entiat River,BSEINE,Beach Seine,213,1
3D9.1C2D76D325,FWE12227.3F2,"MAD - Mad River, Entiat River Basin",7/19/2013 11:50:19 PM,9/22/2013 5:28:58 AM,UPPER IN-STREAM ARRAY,LOWER IN-STREAM ARRAY,8/14/2012,7,Bull Trout,R,Resident,W,Wild Fish or Natural Production,ENTIAR - Entiat River,BSEINE,Beach Seine,213,1
3D9.1C2D76D325,FWE12227.3F2,RRF - Rocky Reach Fishway,5/16/2013 10:38:55 AM,5/16/2013 10:47:10 AM,WEIR 4,WEIR 6,8/14/2012,7,Bull Trout,R,Resident,W,Wild Fish or Natural Production,ENTIAR - Entiat River,BSEINE,Beach Seine,213,1
3D9.1C2D7702B3,FWE11309.HB4,ENL - Lower Entiat River,11/6/2011 5:56:45 PM,11/6/2011 5:56:45 PM,LOWER IN-STREAM ARRAY,LOWER IN-STREAM ARRAY,11/5/2011,7,Bull Trout,R,Resident,W,Wild Fish or Natural Production,ENTIAR - Entiat River,SCREWT,Screw Trap,454,1
3D9.1C2D77443C,FWE11319.HA3,ENF - Upper Entiat River at rkm 40.6,7/23/2012 9:14:45 PM,7/23/2012 9:14:45 PM,DOWNSTREAM ARRAY,DOWNSTREAM ARRAY,11/15/2011,7,Bull Trout,R,Resident,W,Wild Fish or Natural Production,ENTIAR - Entiat River,SCREWT,Screw Trap,450,1
3D9.1C2D77443C,FWE11319.HA3,ENL - Lower Entiat River,11/14/2011 10:05:06 PM,6/27/2012 4:38:52 AM,UPPER IN-STREAM ARRAY,UPPER IN-STREAM ARRAY,11/15/2011,7,Bull Trout,R,Resident,W,Wild Fish or Natural Production,ENTIAR - Entiat River,SCREWT,Screw Trap,450,1
3D9.1C2D77443C,FWE11319.HA3,ENS - Upper Entiat River at rkm 35.7,7/20/2012 8:35:01 AM,7/20/2012 4:20:55 PM,DOWNSTREAM ARRAY,UPSTREAM ARRAY,11/15/2011,7,Bull Trout,R,Resident,W,Wild Fish or Natural Production,ENTIAR - Entiat River,SCREWT,Screw Trap,450,1
3D9.1C2D778C83,FWE11235.M04,ENA - Upper Entiat River at rkm 17.1,11/9/2011 10:51:12 PM,11/9/2011 10:51:12 PM,DOWNSTREAM ANTENNA ARRAY,DOWNSTREAM ANTENNA ARRAY,8/24/2011,7,Bull Trout,R,Resident,W,Wild Fish or Natural Production,MADRVR - Mad River (Entiat River watershed),SHOCK,Electro-Shock,182,1
3D9.1C2D778C83,FWE11235.M04,ENL - Lower Entiat River,11/28/2011 7:18:10 PM,11/28/2011 7:18:10 PM,LOWER IN-STREAM ARRAY,LOWER IN-STREAM ARRAY,8/24/2011,7,Bull Trout,R,Resident,W,Wild Fish or Natural Production,MADRVR - Mad River (Entiat River watershed),SHOCK,Electro-Shock,182,1
3D9.1C2D778C83,FWE11235.M04,"MAD - Mad River, Entiat River Basin",10/30/2011 8:15:51 AM,10/30/2011 6:25:11 PM,UPPER IN-STREAM ARRAY,LOWER IN-STREAM ARRAY,8/24/2011,7,Bull Trout,R,Resident,W,Wild Fish or Natural Production,MADRVR - Mad River (Entiat River watershed),SHOCK,Electro-Shock,182,1
3D9.1C2D77A45F,FWE11305.HA3,ENA - Upper Entiat River at rkm 17.1,6/29/2012 2:37:54 PM,11/6/2016 5:53:07 PM,UPSTREAM ANTENNA ARRAY,UPSTREAM ANTENNA ARRAY,11/1/2011,7,Bull Trout,R,Resident,W,Wild Fish or Natural Production,ENTIAR - Entiat River,SCREWT,Screw Trap,510,1
3D9.1C2D77A45F,FWE11305.HA3,ENF - Upper Entiat River at rkm 40.6,7/11/2012 5:39:20 PM,7/3/2017 5:41:43 PM,UPSTREAM ARRAY,UPSTREAM ARRAY,11/1/2011,7,Bull Trout,R,Resident,W,Wild Fish or Natural Production,ENTIAR - Entiat River,SCREWT,Screw Trap,510,1
3D9.1C2D77A45F,FWE11305.HA3,ENL - Lower Entiat River,11/1/2011 1:46:42 AM,11/9/2015 7:07:47 PM,UPPER IN-STREAM ARRAY,LOWER IN-STREAM ARRAY,11/1/2011,7,Bull Trout,R,Resident,W,Wild Fish or Natural Production,ENTIAR - Entiat River,SCREWT,Screw Trap,510,1
3D9.1C2D77A45F,FWE11305.HA3,ENM - Middle Entiat River,10/27/2012 8:20:59 PM,10/28/2012 6:31:10 AM,UPPER IN-STREAM ARRAY,UPPER IN-STREAM ARRAY,11/1/2011,7,Bull Trout,R,Resident,W,Wild Fish or Natural Production,ENTIAR - Entiat River,SCREWT,Screw Trap,510,1
3D9.1C2D77A45F,FWE11305.HA3,ENS - Upper Entiat River at rkm 35.7,7/7/2012 7:22:43 PM,10/13/2016 5:45:28 PM,DOWNSTREAM ARRAY,DOWNSTREAM ARRAY,11/1/2011,7,Bull Trout,R,Resident,W,Wild Fish or Natural Production,ENTIAR - Entiat River,SCREWT,Screw Trap,510,1
3D9.1C2D77A45F,FWE11305.HA3,RRF - Rocky Reach Fishway,6/10/2012 12:11:33 PM,6/10/2012 12:42:48 PM,WEIR 6,WEIR 4,11/1/2011,7,Bull Trout,R,Resident,W,Wild Fish or Natural Production,ENTIAR - Entiat River,SCREWT,Screw Trap,510,1
3D9.1C2D77A6ED,CGS13182.TW3,TWR - Lwr Twisp Rvr near MSRF Ponds,6/12/2015 2:24:24 AM,6/12/2015 2:24:24 AM,LOWER IN-STREAM ARRAY,LOWER IN-STREAM ARRAY,7/1/2013,7,Bull Trout,R,Resident,W,Wild Fish or Natural Production,TWISPW - Twisp River Weir (WDFW),WTRAP,Weir Trap,600,1
3D9.1C2D77D049,CGS13148.TW2,TWR - Lwr Twisp Rvr near MSRF Ponds,9/23/2013 3:11:59 AM,10/24/2014 12:59:21 AM,UPPER IN-STREAM ARRAY,LOWER IN-STREAM ARRAY,6/29/2013,7,Bull Trout,R,Resident,W,Wild Fish or Natural Production,TWISPW - Twisp River Weir (WDFW),WTRAP,Weir Trap,540,1
3D9.1C2D7822E2,CGS13148.TW2,TWR - Lwr Twisp Rvr near MSRF Ponds,7/6/2013 2:05:11 AM,7/6/2013 2:05:47 AM,LOWER IN-STREAM ARRAY,UPPER IN-STREAM ARRAY,6/25/2013,7,Bull Trout,R,Resident,W,Wild Fish or Natural Production,TWISPW - Twisp River Weir (WDFW),WTRAP,Weir Trap,460,1
3D9.1C2D7957D7,TQI14262.435,"MAD - Mad River, Entiat River Basin",12/12/2014 9:30:58 PM,12/12/2014 9:30:58 PM,UPPER IN-STREAM ARRAY,UPPER IN-STREAM ARRAY,9/19/2014,7,Bull Trout,2,Summer,W,Wild Fish or Natural Production,MADRVR - Mad River (Entiat River watershed),SHOCK,Electro-Shock,185,1
3D9.1C2D7A981B,CGS11306.KFZ,LMR - Lower Methow River at Pateros,12/21/2011 8:33:12 AM,12/21/2011 8:33:12 AM,UPSTREAM FULL-WIDTH ARRAY,UPSTREAM FULL-WIDTH ARRAY,11/2/2011,7,Bull Trout,R,Resident,W,Wild Fish or Natural Production,METHR - Methow River,SHOCK,Electro-Shock,300,1
3D9.1C2D7D5EEA,CMK13306.WRN,"WTL - White River, Wenatchee Basin",10/4/2018 6:38:40 PM,10/4/2018 6:38:52 PM,UPPER IN-STREAM ARRAY,LOWER IN-STREAM ARRAY,11/3/2013,7,Bull Trout,R,Resident,W,Wild Fish or Natural Production,"WHITER - White River, Wenatchee River Basin",SCREWT,Screw Trap,216,1
3D9.1C2D7E9AFF,CMK13331.BAC,LWN - Little Wenatchee River,6/11/2014 9:17:23 PM,7/16/2014 2:46:39 AM,UPPER IN-STREAM ARRAY,UPPER IN-STREAM ARRAY,11/27/2013,7,Bull Trout,R,Resident,W,Wild Fish or Natural Production,NASONC - Nason Creek (tributary to Wenatchee River),SCREWT,Screw Trap,230,1
3D9.1C2D7E9AFF,CMK13331.BAC,NAU - Upper Nason Creek,7/28/2017 11:12:30 PM,7/28/2017 11:13:01 PM,LOWER IN-STREAM ARRAY,UPPER IN-STREAM ARRAY,11/27/2013,7,Bull Trout,R,Resident,W,Wild Fish or Natural Production,NASONC - Nason Creek (tributary to Wenatchee River),SCREWT,Screw Trap,230,1
3D9.1C2D7EB51F,CGS13148.TW2,TWR - Lwr Twisp Rvr near MSRF Ponds,10/4/2013 2:14:08 AM,6/20/2014 1:46:13 AM,LOWER IN-STREAM ARRAY,UPPER IN-STREAM ARRAY,6/24/2013,7,Bull Trout,R,Resident,W,Wild Fish or Natural Production,TWISPW - Twisp River Weir (WDFW),WTRAP,Weir Trap,490,1
3D9.1C2D8073F3,CGS13148.TW2,"GLC - Gold Creek, Methow River",7/24/2013 3:32:34 AM,7/25/2013 6:27:37 PM,UPPER IN-STREAM ARRAY,UPPER IN-STREAM ARRAY,6/30/2013,7,Bull Trout,R,Resident,W,Wild Fish or Natural Production,TWISPW - Twisp River Weir (WDFW),WTRAP,Weir Trap,510,1
3D9.1C2D8073F3,CGS13148.TW2,TWR - Lwr Twisp Rvr near MSRF Ponds,7/21/2013 10:36:02 PM,7/21/2013 10:36:11 PM,UPPER IN-STREAM ARRAY,LOWER IN-STREAM ARRAY,6/30/2013,7,Bull Trout,R,Resident,W,Wild Fish or Natural Production,TWISPW - Twisp River Weir (WDFW),WTRAP,Weir Trap,510,1
3D9.1C2D8136F7,CGS12160.TW2,"GLC - Gold Creek, Methow River",8/7/2013 9:23:25 PM,8/7/2013 10:31:08 PM,UPPER IN-STREAM ARRAY,UPPER IN-STREAM ARRAY,6/11/2012,7,Bull Trout,R,Resident,W,Wild Fish or Natural Production,TWISPW - Twisp River Weir (WDFW),WTRAP,Weir Trap,530,1
3D9.1C2D8136F7,CGS12160.TW2,TWR - Lwr Twisp Rvr near MSRF Ponds,7/28/2012 3:25:22 AM,6/9/2015 1:36:42 PM,LOWER IN-STREAM ARRAY,UPPER IN-STREAM ARRAY,6/11/2012,7,Bull Trout,R,Resident,W,Wild Fish or Natural Production,TWISPW - Twisp River Weir (WDFW),WTRAP,Weir Trap,530,1
3D9.1C2D824F9C,CGS13148.TW2,LMR - Lower Methow River at Pateros,12/25/2013 9:27:08 PM,12/25/2013 9:27:10 PM,UPSTREAM FULL-WIDTH ARRAY,UPSTREAM FULL-WIDTH ARRAY,6/24/2013,7,Bull Trout,R,Resident,W,Wild Fish or Natural Production,TWISPW - Twisp River Weir (WDFW),WTRAP,Weir Trap,450,1
3D9.1C2D836804,CGS12131.LAI,LTP - Lower Twisp Acclimation Pond,5/10/2012 10:37:05 PM,5/11/2012 3:13:39 AM,DOWNSTREAM ANTENNA,DOWNSTREAM ANTENNA,5/10/2012,7,Bull Trout,R,Resident,W,Wild Fish or Natural Production,TWISPR - Twisp River,SCREWT,Screw Trap,183,1
3D9.1C2D8384C7,CGS11306.LAI,TWR - Lwr Twisp Rvr near MSRF Ponds,11/3/2011 12:14:11 AM,11/3/2011 12:14:11 AM,LOWER IN-STREAM ARRAY,LOWER IN-STREAM ARRAY,11/2/2011,7,Bull Trout,R,Resident,W,Wild Fish or Natural Production,TWISPR - Twisp River,SCREWT,Screw Trap,218,1
3D9.1C2D83A75A,CGS13127.EL1,CRW - Chewuch River above Winthrop,6/27/2013 9:52:54 PM,6/27/2013 9:52:54 PM,UPSTREAM ARRAY,UPSTREAM ARRAY,5/20/2013,7,Bull Trout,R,Resident,W,Wild Fish or Natural Production,WELLD1 - WEL - Release into the East Adult Fish Ladder,LADDER,Adult Passage Ladder,530,1
3D9.1C2D83A75A,CGS13127.EL1,"WEA - Wells Dam, DCPUD Adult Ladders",5/20/2013 3:22:40 PM,5/20/2013 3:23:04 PM,Left Ladder Pool 67,Left Ladder Pool 68,5/20/2013,7,Bull Trout,R,Resident,W,Wild Fish or Natural Production,WELLD1 - WEL - Release into the East Adult Fish Ladder,LADDER,Adult Passage Ladder,530,1
3D9.1C2D83ADC4,CGS11304.LAI,TWR - Lwr Twisp Rvr near MSRF Ponds,11/1/2011 8:34:01 AM,11/1/2011 8:34:46 AM,UPPER IN-STREAM ARRAY,LOWER IN-STREAM ARRAY,11/1/2011,7,Bull Trout,R,Resident,W,Wild Fish or Natural Production,TWISPR - Twisp River,SCREWT,Screw Trap,248,1
3D9.1C2D849404,CGS12205.LAI,TWR - Lwr Twisp Rvr near MSRF Ponds,10/14/2012 11:45:58 PM,10/14/2012 11:46:02 PM,UPPER IN-STREAM ARRAY,LOWER IN-STREAM ARRAY,7/24/2012,7,Bull Trout,R,Resident,W,Wild Fish or Natural Production,TWISPR - Twisp River,SCREWT,Screw Trap,188,1
3D9.1C2D8505AE,CGS12311.LAI,TWR - Lwr Twisp Rvr near MSRF Ponds,11/6/2012 4:34:07 PM,11/6/2012 4:34:07 PM,LOWER IN-STREAM ARRAY,LOWER IN-STREAM ARRAY,11/6/2012,7,Bull Trout,R,Resident,W,Wild Fish or Natural Production,TWISPR - Twisp River,SCREWT,Screw Trap,217,1
3D9.1C2D8599DA,CGS11305.LFZ,TWR - Lwr Twisp Rvr near MSRF Ponds,2/14/2012 7:40:25 PM,2/14/2012 7:40:25 PM,LOWER IN-STREAM ARRAY,LOWER IN-STREAM ARRAY,11/1/2011,7,Bull Trout,R,Resident,W,Wild Fish or Natural Production,TWISPR - Twisp River,SHOCK,Electro-Shock,173,1
3D9.1C2D8623DE,CGS13182.TW3,TWR - Lwr Twisp Rvr near MSRF Ponds,10/24/2014 10:52:09 PM,6/13/2015 2:20:01 AM,LOWER IN-STREAM ARRAY,UPPER IN-STREAM ARRAY,7/1/2013,7,Bull Trout,R,Resident,W,Wild Fish or Natural Production,TWISPW - Twisp River Weir (WDFW),WTRAP,Weir Trap,610,1
3D9.1C2D8739C9,CGS13148.TW2,TWR - Lwr Twisp Rvr near MSRF Ponds,10/3/2013 2:27:25 AM,10/24/2014 5:36:50 AM,UPPER IN-STREAM ARRAY,LOWER IN-STREAM ARRAY,6/24/2013,7,Bull Trout,R,Resident,W,Wild Fish or Natural Production,TWISPW - Twisp River Weir (WDFW),WTRAP,Weir Trap,570,1
3D9.1C2D8A6AB6,CGS12311.LAI,TWR - Lwr Twisp Rvr near MSRF Ponds,11/6/2012 4:34:03 PM,11/6/2012 4:34:13 PM,LOWER IN-STREAM ARRAY,LOWER IN-STREAM ARRAY,11/6/2012,7,Bull Trout,R,Resident,W,Wild Fish or Natural Production,TWISPR - Twisp River,SCREWT,Screw Trap,192,1
3D9.1C2D8A7A34,CGS12133.LAI,LTP - Lower Twisp Acclimation Pond,5/14/2012 11:55:57 PM,5/15/2012 2:46:53 AM,DOWNSTREAM ANTENNA,DOWNSTREAM ANTENNA,5/12/2012,7,Bull Trout,R,Resident,W,Wild Fish or Natural Production,TWISPR - Twisp River,SCREWT,Screw Trap,155,1
3D9.1C2D8A7A34,CGS12133.LAI,TWR - Lwr Twisp Rvr near MSRF Ponds,5/12/2012 11:28:46 AM,5/12/2012 1:04:50 PM,LOWER IN-STREAM ARRAY,LOWER IN-STREAM ARRAY,5/12/2012,7,Bull Trout,R,Resident,W,Wild Fish or Natural Production,TWISPR - Twisp River,SCREWT,Screw Trap,155,1
3D9.1C2D8CD490,CFM-2012-086-TUM.xml,CHL - Lower Chiwawa River,9/21/2012 12:34:33 AM,9/21/2012 12:34:44 AM,UPPER IN-STREAM ARRAY,LOWER IN-STREAM ARRAY,6/23/2012,7,Bull Trout,R,Resident,W,Wild Fish or Natural Production,TUMFBY - TUM - Release into the Forebay within 0.5 km upstream of Dam,LADDER,Adult Passage Ladder,NA,1
3D9.1C2D8CD490,CFM-2012-086-TUM.xml,CHU - Upper Chiwawa River,9/20/2012 9:29:37 PM,9/20/2012 9:29:45 PM,UPPER IN-STREAM ARRAY,LOWER IN-STREAM ARRAY,6/23/2012,7,Bull Trout,R,Resident,W,Wild Fish or Natural Production,TUMFBY - TUM - Release into the Forebay within 0.5 km upstream of Dam,LADDER,Adult Passage Ladder,NA,1
3D9.1C2D8CE14A,CFM-2012-086-TUM.xml,CHW - Chiwaukum Creek,7/11/2012 4:13:14 PM,7/11/2012 4:13:14 PM,DOWNSTREAM ARRAY,DOWNSTREAM ARRAY,6/11/2012,7,Bull Trout,R,Resident,W,Wild Fish or Natural Production,TUMFBY - TUM - Release into the Forebay within 0.5 km upstream of Dam,LADDER,Adult Passage Ladder,NA,1
3D9.1C2D8CE14A,CFM-2012-086-TUM.xml,TUF - Tumwater Dam Adult Fishway,6/29/2012 5:53:46 AM,7/6/2012 11:37:20 AM,WEIR 14,WEIR 17,6/11/2012,7,Bull Trout,R,Resident,W,Wild Fish or Natural Production,TUMFBY - TUM - Release into the Forebay within 0.5 km upstream of Dam,LADDER,Adult Passage Ladder,NA,1
3D9.1C2D8DF919,CFM-2012-086-TUM.xml,MWE - Middle Wenatchee River,10/25/2012 11:47:26 AM,6/21/2013 7:43:29 AM,IN-STREAM ARRAY,IN-STREAM ARRAY,4/24/2012,7,Bull Trout,R,Resident,W,Wild Fish or Natural Production,TUMFBY - TUM - Release into the Forebay within 0.5 km upstream of Dam,LADDER,Adult Passage Ladder,NA,1
3D9.1C2D8F8985,CFM-2012-086-TUM.xml,CHL - Lower Chiwawa River,9/21/2012 9:23:28 PM,6/27/2016 3:58:24 AM,UPPER IN-STREAM ARRAY,UPPER IN-STREAM ARRAY,6/20/2012,7,Bull Trout,R,Resident,W,Wild Fish or Natural Production,TUMFBY - TUM - Release into the Forebay within 0.5 km upstream of Dam,LADDER,Adult Passage Ladder,NA,1
3D9.1C2D8F8985,CFM-2012-086-TUM.xml,CHU - Upper Chiwawa River,9/21/2012 4:33:26 AM,9/17/2016 9:52:10 PM,UPPER IN-STREAM ARRAY,LOWER IN-STREAM ARRAY,6/20/2012,7,Bull Trout,R,Resident,W,Wild Fish or Natural Production,TUMFBY - TUM - Release into the Forebay within 0.5 km upstream of Dam,LADDER,Adult Passage Ladder,NA,1
3D9.1C2D8F8985,CFM-2012-086-TUM.xml,TUF - Tumwater Dam Adult Fishway,6/21/2013 11:39:56 AM,6/18/2016 12:08:12 PM,WEIR 14,WEIR 17,6/20/2012,7,Bull Trout,R,Resident,W,Wild Fish or Natural Production,TUMFBY - TUM - Release into the Forebay within 0.5 km upstream of Dam,LADDER,Adult Passage Ladder,NA,1
3D9.1C2D925452,CGS12311.LF1,TWR - Lwr Twisp Rvr near MSRF Ponds,7/1/2015 10:03:47 PM,7/1/2015 10:03:47 PM,LOWER IN-STREAM ARRAY,LOWER IN-STREAM ARRAY,11/6/2012,7,Bull Trout,R,Resident,W,Wild Fish or Natural Production,TWISPR - Twisp River,SHOCK,Electro-Shock,140,1
3D9.1C2D925452,CGS12311.LF1,"WEA - Wells Dam, DCPUD Adult Ladders",1/6/2015 3:44:50 PM,6/14/2015 8:03:13 PM,RIGHT LADDER POOL 19,Left Ladder Pool 68,11/6/2012,7,Bull Trout,R,Resident,W,Wild Fish or Natural Production,TWISPR - Twisp River,SHOCK,Electro-Shock,140,1
3D9.1C2D925AAC,CGS13148.TW2,TWR - Lwr Twisp Rvr near MSRF Ponds,6/26/2014 12:33:39 AM,10/17/2015 12:00:48 AM,UPPER IN-STREAM ARRAY,LOWER IN-STREAM ARRAY,6/22/2013,7,Bull Trout,R,Resident,W,Wild Fish or Natural Production,TWISPW - Twisp River Weir (WDFW),WTRAP,Weir Trap,620,1
3D9.1C2D92679B,CGS13127.WL1,"WEA - Wells Dam, DCPUD Adult Ladders",6/7/2013 5:19:36 PM,6/7/2013 5:19:36 PM,RIGHT LADDER POOL 67,RIGHT LADDER POOL 67,5/30/2013,7,Bull Trout,R,Resident,W,Wild Fish or Natural Production,WELLD2 - WEL - Release into the West Adult Fish Ladder,LADDER,Adult Passage Ladder,490,1
3D9.1C2D92715E,CGS13127.WL1,ENF - Upper Entiat River at rkm 40.6,11/3/2014 7:06:11 PM,11/3/2014 7:06:11 PM,DOWNSTREAM ARRAY,DOWNSTREAM ARRAY,5/31/2013,7,Bull Trout,R,Resident,W,Wild Fish or Natural Production,WELLD2 - WEL - Release into the West Adult Fish Ladder,LADDER,Adult Passage Ladder,560,1
3D9.1C2D92715E,CGS13127.WL1,ENS - Upper Entiat River at rkm 35.7,10/30/2014 12:18:53 PM,11/3/2014 6:19:53 AM,DOWNSTREAM ARRAY,UPSTREAM ARRAY,5/31/2013,7,Bull Trout,R,Resident,W,Wild Fish or Natural Production,WELLD2 - WEL - Release into the West Adult Fish Ladder,LADDER,Adult Passage Ladder,560,1
3D9.1C2D92715E,CGS13127.WL1,"MAD - Mad River, Entiat River Basin",7/25/2013 12:15:03 AM,11/7/2014 9:44:29 PM,LOWER IN-STREAM ARRAY,UPPER IN-STREAM ARRAY,5/31/2013,7,Bull Trout,R,Resident,W,Wild Fish or Natural Production,WELLD2 - WEL - Release into the West Adult Fish Ladder,LADDER,Adult Passage Ladder,560,1
3D9.1C2D92715E,CGS13127.WL1,RRF - Rocky Reach Fishway,6/15/2013 4:20:54 PM,6/15/2013 4:40:58 PM,WEIR 6,WEIR 4,5/31/2013,7,Bull Trout,R,Resident,W,Wild Fish or Natural Production,WELLD2 - WEL - Release into the West Adult Fish Ladder,LADDER,Adult Passage Ladder,560,1
3D9.1C2D92715E,CGS13127.WL1,"WEA - Wells Dam, DCPUD Adult Ladders",5/21/2015 11:54:46 AM,5/21/2015 3:51:16 PM,RIGHT LADDER POOL 19,RIGHT LADDER POOL 68,5/31/2013,7,Bull Trout,R,Resident,W,Wild Fish or Natural Production,WELLD2 - WEL - Release into the West Adult Fish Ladder,LADDER,Adult Passage Ladder,560,1
3D9.1C2D927B6C,CGS13148.TW2,RIA - Rock Island Adult,5/17/2014 8:39:56 AM,5/17/2014 10:25:04 AM,LEFT LADDER BAFFLE 2,LEFT LADDER BAFFLE 2,6/24/2013,7,Bull Trout,R,Resident,W,Wild Fish or Natural Production,TWISPW - Twisp River Weir (WDFW),WTRAP,Weir Trap,600,1
3D9.1C2D927B6C,CGS13148.TW2,RRF - Rocky Reach Fishway,5/24/2014 1:26:00 PM,5/24/2014 1:26:00 PM,Upper Weir,Upper Weir,6/24/2013,7,Bull Trout,R,Resident,W,Wild Fish or Natural Production,TWISPW - Twisp River Weir (WDFW),WTRAP,Weir Trap,600,1
3D9.1C2D927B6C,CGS13148.TW2,"WEA - Wells Dam, DCPUD Adult Ladders",5/27/2014 10:27:41 AM,5/27/2014 2:14:45 PM,LEFT LADDER POOL 19,Left Ladder Pool 67,6/24/2013,7,Bull Trout,R,Resident,W,Wild Fish or Natural Production,TWISPW - Twisp River Weir (WDFW),WTRAP,Weir Trap,600,1
3D9.1C2D927EEE,FWE11244.1FX,ENL - Lower Entiat River,9/3/2011 3:38:47 AM,9/3/2011 3:38:47 AM,LOWER IN-STREAM ARRAY,LOWER IN-STREAM ARRAY,9/1/2011,7,Bull Trout,R,Resident,W,Wild Fish or Natural Production,ENTIAR - Entiat River,SHOCK,Electro-Shock,235,1
3D9.1C2D927F75,CGS13148.TW2,TWR - Lwr Twisp Rvr near MSRF Ponds,6/24/2014 2:43:32 AM,6/24/2014 2:43:32 AM,LOWER IN-STREAM ARRAY,LOWER IN-STREAM ARRAY,6/30/2013,7,Bull Trout,R,Resident,W,Wild Fish or Natural Production,TWISPW - Twisp River Weir (WDFW),WTRAP,Weir Trap,560,1
3D9.1C2D928A6B,FWE12296.HA8,ENL - Lower Entiat River,10/28/2012 4:42:25 AM,11/22/2013 8:45:04 PM,UPPER IN-STREAM ARRAY,LOWER IN-STREAM ARRAY,10/23/2012,7,Bull Trout,R,Resident,W,Wild Fish or Natural Production,ENTIAR - Entiat River,SCREWT,Screw Trap,501,1
3D9.1C2D928A6B,FWE12296.HA8,"MAD - Mad River, Entiat River Basin",6/17/2013 11:28:54 PM,11/19/2013 4:53:21 PM,UPPER IN-STREAM ARRAY,MIDDLE IN-STREAM ARRAY,10/23/2012,7,Bull Trout,R,Resident,W,Wild Fish or Natural Production,ENTIAR - Entiat River,SCREWT,Screw Trap,501,1
3D9.1C2D928A6B,FWE12296.HA8,RRF - Rocky Reach Fishway,6/10/2013 8:06:23 PM,6/10/2013 8:07:49 PM,WEIR 4,WEIR 6,10/23/2012,7,Bull Trout,R,Resident,W,Wild Fish or Natural Production,ENTIAR - Entiat River,SCREWT,Screw Trap,501,1
3D9.1C2D92A2D3,CGS13127.WL1,"WEA - Wells Dam, DCPUD Adult Ladders",5/30/2013 1:38:56 PM,5/30/2013 1:41:19 PM,RIGHT LADDER POOL 67,RIGHT LADDER POOL 68,5/30/2013,7,Bull Trout,R,Resident,W,Wild Fish or Natural Production,WELLD2 - WEL - Release into the West Adult Fish Ladder,LADDER,Adult Passage Ladder,600,1
3D9.1C2D92A363,CGS13148.TW2,TWR - Lwr Twisp Rvr near MSRF Ponds,7/26/2013 2:18:50 AM,8/7/2013 3:04:59 AM,LOWER IN-STREAM ARRAY,UPPER IN-STREAM ARRAY,6/24/2013,7,Bull Trout,R,Resident,W,Wild Fish or Natural Production,TWISPW - Twisp River Weir (WDFW),WTRAP,Weir Trap,680,1
3D9.1C2D92A363,CGS13148.TW2,"WEA - Wells Dam, DCPUD Adult Ladders",6/16/2014 8:38:03 AM,6/17/2014 1:38:03 PM,RIGHT LADDER POOL 19,RIGHT LADDER POOL 67,6/24/2013,7,Bull Trout,R,Resident,W,Wild Fish or Natural Production,TWISPW - Twisp River Weir (WDFW),WTRAP,Weir Trap,680,1
3D9.1C2D92A381,CGS13127.WL1,TWR - Lwr Twisp Rvr near MSRF Ponds,7/6/2013 10:26:58 PM,7/6/2013 10:26:58 PM,LOWER IN-STREAM ARRAY,LOWER IN-STREAM ARRAY,5/21/2013,7,Bull Trout,R,Resident,W,Wild Fish or Natural Production,WELLD2 - WEL - Release into the West Adult Fish Ladder,LADDER,Adult Passage Ladder,760,1
3D9.1C2D92A381,CGS13127.WL1,"WEA - Wells Dam, DCPUD Adult Ladders",6/24/2013 8:29:42 AM,6/24/2013 10:22:55 AM,LEFT LADDER POOL 19,East Trap,5/21/2013,7,Bull Trout,R,Resident,W,Wild Fish or Natural Production,WELLD2 - WEL - Release into the West Adult Fish Ladder,LADDER,Adult Passage Ladder,760,1
3D9.1C2D92A7EC,CGS13148.TW2,MRC - Methow River at Carlton,6/20/2016 9:43:21 PM,6/20/2016 9:43:21 PM,Single Array,Single Array,6/24/2013,7,Bull Trout,R,Resident,W,Wild Fish or Natural Production,TWISPW - Twisp River Weir (WDFW),WTRAP,Weir Trap,550,1
3D9.1C2D92A7EC,CGS13148.TW2,TWR - Lwr Twisp Rvr near MSRF Ponds,8/22/2014 5:53:01 AM,6/26/2016 1:56:40 AM,LOWER IN-STREAM ARRAY,UPPER IN-STREAM ARRAY,6/24/2013,7,Bull Trout,R,Resident,W,Wild Fish or Natural Production,TWISPW - Twisp River Weir (WDFW),WTRAP,Weir Trap,550,1
3D9.1C2D92B622,CGS13148.TW2,TWR - Lwr Twisp Rvr near MSRF Ponds,10/7/2014 11:53:25 PM,9/22/2016 10:10:56 PM,LOWER IN-STREAM ARRAY,LOWER IN-STREAM ARRAY,6/23/2013,7,Bull Trout,R,Resident,W,Wild Fish or Natural Production,TWISPW - Twisp River Weir (WDFW),WTRAP,Weir Trap,680,1
3D9.1C2D92C285,CGS13148.TW2,TWR - Lwr Twisp Rvr near MSRF Ponds,9/30/2013 1:31:39 AM,9/30/2013 1:31:39 AM,UPPER IN-STREAM ARRAY,UPPER IN-STREAM ARRAY,6/27/2013,7,Bull Trout,R,Resident,W,Wild Fish or Natural Production,TWISPW - Twisp River Weir (WDFW),WTRAP,Weir Trap,510,1
3D9.1C2D92C285,CGS13148.TW2,"WEA - Wells Dam, DCPUD Adult Ladders",6/6/2014 11:51:12 AM,6/6/2014 11:52:34 AM,RIGHT LADDER POOL 67,RIGHT LADDER POOL 68,6/27/2013,7,Bull Trout,R,Resident,W,Wild Fish or Natural Production,TWISPW - Twisp River Weir (WDFW),WTRAP,Weir Trap,510,1
3D9.1C2D92C338,CGS13182.TW3,TWR - Lwr Twisp Rvr near MSRF Ponds,6/22/2015 9:02:46 PM,6/22/2015 9:02:46 PM,UPPER IN-STREAM ARRAY,UPPER IN-STREAM ARRAY,7/1/2013,7,Bull Trout,R,Resident,W,Wild Fish or Natural Production,TWISPW - Twisp River Weir (WDFW),WTRAP,Weir Trap,520,1
3D9.1C2D92C3B4,CGS13148.TW2,SCP - Spring Creek Acclimation Pond,7/15/2014 12:47:41 AM,7/15/2014 9:28:57 PM,Middle Antennas,Middle Antennas,6/28/2013,7,Bull Trout,R,Resident,W,Wild Fish or Natural Production,TWISPW - Twisp River Weir (WDFW),WTRAP,Weir Trap,550,1
3D9.1C2D92CF8B,CGS13148.TW2,"GLC - Gold Creek, Methow River",7/11/2014 2:09:17 PM,7/12/2014 8:48:16 AM,UPPER IN-STREAM ARRAY,UPPER IN-STREAM ARRAY,6/29/2013,7,Bull Trout,R,Resident,W,Wild Fish or Natural Production,TWISPW - Twisp River Weir (WDFW),WTRAP,Weir Trap,580,1
3D9.1C2D92D9BF,CGS13148.TW2,TWR - Lwr Twisp Rvr near MSRF Ponds,7/18/2014 10:51:46 PM,7/18/2014 10:51:46 PM,UPPER IN-STREAM ARRAY,UPPER IN-STREAM ARRAY,6/30/2013,7,Bull Trout,R,Resident,W,Wild Fish or Natural Production,TWISPW - Twisp River Weir (WDFW),WTRAP,Weir Trap,530,1
3D9.1C2D92DADA,CGS13114.LAI,TWR - Lwr Twisp Rvr near MSRF Ponds,4/24/2013 7:34:56 PM,4/24/2013 7:35:04 PM,UPPER IN-STREAM ARRAY,UPPER IN-STREAM ARRAY,4/24/2013,7,Bull Trout,R,Resident,W,Wild Fish or Natural Production,TWISPR - Twisp River,SCREWT,Screw Trap,154,1
3D9.1C2D92DB04,CGS13148.TW2,TWR - Lwr Twisp Rvr near MSRF Ponds,9/8/2013 11:12:30 PM,9/8/2013 11:12:30 PM,UPPER IN-STREAM ARRAY,UPPER IN-STREAM ARRAY,6/30/2013,7,Bull Trout,R,Resident,W,Wild Fish or Natural Production,TWISPW - Twisp River Weir (WDFW),WTRAP,Weir Trap,610,1
3D9.1C2D9310F2,FWE12300.HB4,ENF - Upper Entiat River at rkm 40.6,7/7/2013 9:46:31 PM,7/7/2013 9:46:31 PM,UPSTREAM ARRAY,UPSTREAM ARRAY,10/27/2012,7,Bull Trout,R,Resident,W,Wild Fish or Natural Production,ENTIAR - Entiat River,SCREWT,Screw Trap,520,1
3D9.1C2D9310F2,FWE12300.HB4,ENM - Middle Entiat River,6/29/2013 4:51:01 AM,6/29/2013 4:51:01 AM,LOWER IN-STREAM ARRAY,LOWER IN-STREAM ARRAY,10/27/2012,7,Bull Trout,R,Resident,W,Wild Fish or Natural Production,ENTIAR - Entiat River,SCREWT,Screw Trap,520,1
3D9.1C2D9310F2,FWE12300.HB4,ENS - Upper Entiat River at rkm 35.7,7/5/2013 1:14:38 AM,7/5/2013 1:14:38 AM,UPSTREAM ARRAY,UPSTREAM ARRAY,10/27/2012,7,Bull Trout,R,Resident,W,Wild Fish or Natural Production,ENTIAR - Entiat River,SCREWT,Screw Trap,520,1
3D9.1C2D9310F2,FWE12300.HB4,RIA - Rock Island Adult,5/20/2013 1:00:45 PM,5/20/2013 1:13:32 PM,LEFT LADDER BAFFLE 2,LEFT LADDER BAFFLE 4,10/27/2012,7,Bull Trout,R,Resident,W,Wild Fish or Natural Production,ENTIAR - Entiat River,SCREWT,Screw Trap,520,1
3D9.1C2D9310F2,FWE12300.HB4,RRF - Rocky Reach Fishway,5/25/2013 12:41:33 PM,5/25/2013 12:48:45 PM,WEIR 4,WEIR 6,10/27/2012,7,Bull Trout,R,Resident,W,Wild Fish or Natural Production,ENTIAR - Entiat River,SCREWT,Screw Trap,520,1
3D9.1C2D9331E4,KDM11257.MMC,EWC - Early Winters Creek rkm 0.36,7/4/2014 12:36:13 PM,10/8/2015 3:03:31 AM,Upstream Array,Downstream Array,9/14/2011,7,Bull Trout,R,Resident,W,Wild Fish or Natural Production,METHR - Methow River,SHOCK,Electro-Shock,225,1
3D9.1C2D9458FA,ENT12214.420,"MAD - Mad River, Entiat River Basin",10/22/2012 11:05:42 PM,11/5/2012 11:07:48 AM,LOWER IN-STREAM ARRAY,LOWER IN-STREAM ARRAY,8/2/2012,7,Bull Trout,5,Unknown,W,Wild Fish or Natural Production,MADRVR - Mad River (Entiat River watershed),SHOCK,Electro-Shock,175,1
3D9.1C2D946775,FWE12297.HB4,ENL - Lower Entiat River,10/22/2012 7:55:59 PM,10/22/2012 7:55:59 PM,LOWER IN-STREAM ARRAY,LOWER IN-STREAM ARRAY,10/24/2012,7,Bull Trout,R,Resident,W,Wild Fish or Natural Production,ENTIAR - Entiat River,SCREWT,Screw Trap,650,1
3D9.1C2D9467F3,TQI13213.216,NAL - Lower Nason Creek,8/11/2014 9:44:28 PM,8/11/2014 9:44:28 PM,UPPER IN-STREAM ARRAY,UPPER IN-STREAM ARRAY,8/1/2013,7,Bull Trout,5,Unknown,W,Wild Fish or Natural Production,NASONC - Nason Creek (tributary to Wenatchee River),SHOCK,Electro-Shock,82,1
3D9.1C2D9493BB,FWE11297.HA3,ENA - Upper Entiat River at rkm 17.1,3/29/2013 3:15:32 AM,12/1/2013 4:47:32 PM,DOWNSTREAM ANTENNA ARRAY,UPSTREAM ANTENNA ARRAY,10/25/2011,7,Bull Trout,R,Resident,W,Wild Fish or Natural Production,ENTIAR - Entiat River,SCREWT,Screw Trap,684,1
3D9.1C2D9493BB,FWE11297.HA3,ENF - Upper Entiat River at rkm 40.6,7/26/2012 1:57:26 AM,7/10/2013 5:08:26 PM,DOWNSTREAM ARRAY,UPSTREAM ARRAY,10/25/2011,7,Bull Trout,R,Resident,W,Wild Fish or Natural Production,ENTIAR - Entiat River,SCREWT,Screw Trap,684,1
3D9.1C2D9493BB,FWE11297.HA3,ENL - Lower Entiat River,10/24/2011 2:40:01 AM,3/2/2013 1:59:39 AM,LOWER IN-STREAM ARRAY,UPPER IN-STREAM ARRAY,10/25/2011,7,Bull Trout,R,Resident,W,Wild Fish or Natural Production,ENTIAR - Entiat River,SCREWT,Screw Trap,684,1
3D9.1C2D9493BB,FWE11297.HA3,ENS - Upper Entiat River at rkm 35.7,7/25/2012 5:58:03 AM,7/8/2013 11:12:20 PM,DOWNSTREAM ARRAY,DOWNSTREAM ARRAY,10/25/2011,7,Bull Trout,R,Resident,W,Wild Fish or Natural Production,ENTIAR - Entiat River,SCREWT,Screw Trap,684,1
3D9.1C2D94AEC1,FWE12280.HB2,ENL - Lower Entiat River,10/7/2012 2:06:31 AM,10/18/2012 7:29:34 PM,UPPER IN-STREAM ARRAY,LOWER IN-STREAM ARRAY,10/7/2012,7,Bull Trout,R,Resident,W,Wild Fish or Natural Production,ENTIAR - Entiat River,SCREWT,Screw Trap,700,1
3D9.1C2D94D9FF,TQI13213.216,CHL - Lower Chiwawa River,6/22/2015 10:48:30 PM,6/22/2015 10:48:30 PM,UPPER IN-STREAM ARRAY,UPPER IN-STREAM ARRAY,8/1/2013,7,Bull Trout,5,Unknown,W,Wild Fish or Natural Production,NASONC - Nason Creek (tributary to Wenatchee River),SHOCK,Electro-Shock,93,1
3D9.1C2D94D9FF,TQI13213.216,NAL - Lower Nason Creek,6/21/2015 12:22:41 AM,6/21/2015 8:40:57 PM,UPPER IN-STREAM ARRAY,LOWER IN-STREAM ARRAY,8/1/2013,7,Bull Trout,5,Unknown,W,Wild Fish or Natural Production,NASONC - Nason Creek (tributary to Wenatchee River),SHOCK,Electro-Shock,93,1
3D9.1C2D94D9FF,TQI13213.216,NAU - Upper Nason Creek,6/17/2015 1:53:23 AM,6/17/2015 1:53:23 AM,LOWER IN-STREAM ARRAY,LOWER IN-STREAM ARRAY,8/1/2013,7,Bull Trout,5,Unknown,W,Wild Fish or Natural Production,NASONC - Nason Creek (tributary to Wenatchee River),SHOCK,Electro-Shock,93,1
3D9.1C2D951B18,CEJ11252.579,ENS - Upper Entiat River at rkm 35.7,6/28/2013 10:42:03 PM,6/28/2013 10:44:00 PM,UPSTREAM ARRAY,UPSTREAM ARRAY,9/9/2011,7,Bull Trout,R,Resident,W,Wild Fish or Natural Production,ENTIAR - Entiat River,SHOCK,Electro-Shock,102,1
3D9.1C2D958310,CEJ11256.298,CHW - Chiwaukum Creek,9/26/2011 9:43:45 PM,9/26/2011 9:43:52 PM,UPSTREAM ARRAY,DOWNSTREAM ARRAY,9/13/2011,7,Bull Trout,R,Resident,W,Wild Fish or Natural Production,"CHIWAC - Chiwaukum Creek, tributary to Wenatchee River",SHOCK,Electro-Shock,210,1
3D9.1C2D958310,CEJ11256.298,ENL - Lower Entiat River,8/19/2012 9:05:04 PM,8/26/2012 1:28:23 AM,LOWER IN-STREAM ARRAY,LOWER IN-STREAM ARRAY,9/13/2011,7,Bull Trout,R,Resident,W,Wild Fish or Natural Production,"CHIWAC - Chiwaukum Creek, tributary to Wenatchee River",SHOCK,Electro-Shock,210,1
3D9.1C2D958310,CEJ11256.298,RRF - Rocky Reach Fishway,8/16/2012 6:56:34 PM,8/16/2012 6:59:57 PM,WEIR 4,WEIR 6,9/13/2011,7,Bull Trout,R,Resident,W,Wild Fish or Natural Production,"CHIWAC - Chiwaukum Creek, tributary to Wenatchee River",SHOCK,Electro-Shock,210,1
3D9.1C2D958C1A,CEJ11262.016,CHL - Lower Chiwawa River,3/23/2012 10:59:45 PM,4/16/2012 12:19:32 AM,LOWER IN-STREAM ARRAY,LOWER IN-STREAM ARRAY,9/19/2011,7,Bull Trout,R,Resident,W,Wild Fish or Natural Production,"NAPEEC - Napeequa River, tributary to White River",SHOCK,Electro-Shock,129,1
3D9.1C2D958C1A,CEJ11262.016,"WTL - White River, Wenatchee Basin",2/7/2012 7:18:03 PM,2/7/2012 7:18:03 PM,UPPER IN-STREAM ARRAY,UPPER IN-STREAM ARRAY,9/19/2011,7,Bull Trout,R,Resident,W,Wild Fish or Natural Production,"NAPEEC - Napeequa River, tributary to White River",SHOCK,Electro-Shock,129,1
3D9.1C2D958C5A,CEJ11252.579,ENL - Lower Entiat River,8/25/2012 1:06:07 AM,8/25/2012 1:06:14 AM,UPPER IN-STREAM ARRAY,LOWER IN-STREAM ARRAY,9/9/2011,7,Bull Trout,R,Resident,W,Wild Fish or Natural Production,ENTIAR - Entiat River,SHOCK,Electro-Shock,148,1
3D9.1C2D958C5A,CEJ11252.579,ENM - Middle Entiat River,8/11/2012 9:08:18 PM,8/11/2012 9:08:20 PM,UPPER IN-STREAM ARRAY,LOWER IN-STREAM ARRAY,9/9/2011,7,Bull Trout,R,Resident,W,Wild Fish or Natural Production,ENTIAR - Entiat River,SHOCK,Electro-Shock,148,1
3D9.1C2D958C5A,CEJ11252.579,"MAD - Mad River, Entiat River Basin",8/12/2012 2:17:54 AM,8/13/2012 2:36:53 AM,LOWER IN-STREAM ARRAY,LOWER IN-STREAM ARRAY,9/9/2011,7,Bull Trout,R,Resident,W,Wild Fish or Natural Production,ENTIAR - Entiat River,SHOCK,Electro-Shock,148,1
3D9.1C2D959979,TQI13213.216,NAL - Lower Nason Creek,6/23/2015 11:10:13 PM,6/23/2015 11:10:18 PM,UPPER IN-STREAM ARRAY,LOWER IN-STREAM ARRAY,8/1/2013,7,Bull Trout,5,Unknown,W,Wild Fish or Natural Production,NASONC - Nason Creek (tributary to Wenatchee River),SHOCK,Electro-Shock,86,1
3D9.1C2D959979,TQI13213.216,NAU - Upper Nason Creek,6/18/2015 9:44:35 PM,6/18/2015 9:44:46 PM,UPPER IN-STREAM ARRAY,LOWER IN-STREAM ARRAY,8/1/2013,7,Bull Trout,5,Unknown,W,Wild Fish or Natural Production,NASONC - Nason Creek (tributary to Wenatchee River),SHOCK,Electro-Shock,86,1
3D9.1C2D95BD5C,CEJ11255.032,NAL - Lower Nason Creek,11/26/2011 3:04:15 AM,11/26/2011 3:04:25 AM,UPPER IN-STREAM ARRAY,LOWER IN-STREAM ARRAY,9/12/2011,7,Bull Trout,R,Resident,W,Wild Fish or Natural Production,NASONC - Nason Creek (tributary to Wenatchee River),SHOCK,Electro-Shock,192,1
3D9.1C2D95BDE9,FWE11301.HB4,ENA - Upper Entiat River at rkm 17.1,6/19/2013 7:46:34 PM,6/19/2013 7:46:34 PM,UPSTREAM ANTENNA ARRAY,UPSTREAM ANTENNA ARRAY,10/28/2011,7,Bull Trout,R,Resident,W,Wild Fish or Natural Production,ENTIAR - Entiat River,SCREWT,Screw Trap,740,1
3D9.1C2D95BDE9,FWE11301.HB4,ENF - Upper Entiat River at rkm 40.6,7/6/2012 1:10:36 PM,10/31/2012 2:42:19 AM,UPSTREAM ARRAY,DOWNSTREAM ARRAY,10/28/2011,7,Bull Trout,R,Resident,W,Wild Fish or Natural Production,ENTIAR - Entiat River,SCREWT,Screw Trap,740,1
3D9.1C2D95BDE9,FWE11301.HB4,ENL - Lower Entiat River,10/28/2011 1:44:52 AM,6/11/2013 7:00:15 AM,LOWER IN-STREAM ARRAY,UPPER IN-STREAM ARRAY,10/28/2011,7,Bull Trout,R,Resident,W,Wild Fish or Natural Production,ENTIAR - Entiat River,SCREWT,Screw Trap,740,1
3D9.1C2D95BDE9,FWE11301.HB4,ENS - Upper Entiat River at rkm 35.7,6/28/2013 10:05:10 AM,6/28/2013 10:09:09 AM,DOWNSTREAM ARRAY,UPSTREAM ARRAY,10/28/2011,7,Bull Trout,R,Resident,W,Wild Fish or Natural Production,ENTIAR - Entiat River,SCREWT,Screw Trap,740,1
3D9.1C2D95BDE9,FWE11301.HB4,RRF - Rocky Reach Fishway,6/16/2012 11:18:29 AM,6/9/2013 7:50:14 AM,WEIR 4,WEIR 6,10/28/2011,7,Bull Trout,R,Resident,W,Wild Fish or Natural Production,ENTIAR - Entiat River,SCREWT,Screw Trap,740,1
3D9.1C2D95BDE9,FWE11301.HB4,RRJ - Rocky Reach Dam Juvenile,4/17/2012 5:18:55 AM,4/17/2012 5:18:55 AM,DSM BYPASS SURFACE COLLECTOR,DSM BYPASS SURFACE COLLECTOR,10/28/2011,7,Bull Trout,R,Resident,W,Wild Fish or Natural Production,ENTIAR - Entiat River,SCREWT,Screw Trap,740,1
3D9.1C2D95C536,FWE12227.3F2,ENA - Upper Entiat River at rkm 17.1,10/30/2012 7:34:52 PM,10/30/2012 7:34:52 PM,UPSTREAM ANTENNA ARRAY,UPSTREAM ANTENNA ARRAY,8/14/2012,7,Bull Trout,R,Resident,W,Wild Fish or Natural Production,ENTIAR - Entiat River,BSEINE,Beach Seine,209,1
3D9.1C2D95C536,FWE12227.3F2,ENF - Upper Entiat River at rkm 40.6,10/27/2012 2:44:47 AM,10/27/2012 2:44:47 AM,UPSTREAM ARRAY,UPSTREAM ARRAY,8/14/2012,7,Bull Trout,R,Resident,W,Wild Fish or Natural Production,ENTIAR - Entiat River,BSEINE,Beach Seine,209,1
3D9.1C2D95C536,FWE12227.3F2,ENS - Upper Entiat River at rkm 35.7,10/27/2012 6:17:56 AM,10/27/2012 6:17:59 AM,UPSTREAM ARRAY,DOWNSTREAM ARRAY,8/14/2012,7,Bull Trout,R,Resident,W,Wild Fish or Natural Production,ENTIAR - Entiat River,BSEINE,Beach Seine,209,1
3D9.1C2D95C6FA,FWE11312.HA3,"WEA - Wells Dam, DCPUD Adult Ladders",7/25/2012 9:07:19 AM,6/5/2013 12:29:52 PM,LEFT LADDER POOL 67,Left Ladder Pool 68,11/8/2011,7,Bull Trout,R,Resident,W,Wild Fish or Natural Production,ENTIAR - Entiat River,SCREWT,Screw Trap,292,1
3D9.1C2D95CCB7,CEJ11255.032,NAL - Lower Nason Creek,2/3/2012 8:27:03 PM,2/3/2012 8:27:12 PM,UPPER IN-STREAM ARRAY,LOWER IN-STREAM ARRAY,9/12/2011,7,Bull Trout,R,Resident,W,Wild Fish or Natural Production,NASONC - Nason Creek (tributary to Wenatchee River),SHOCK,Electro-Shock,257,1
3D9.1C2D95CCED,TQI13213.216,NAL - Lower Nason Creek,7/4/2015 12:09:52 AM,7/4/2015 12:10:00 AM,UPPER IN-STREAM ARRAY,LOWER IN-STREAM ARRAY,8/1/2013,7,Bull Trout,5,Unknown,W,Wild Fish or Natural Production,NASONC - Nason Creek (tributary to Wenatchee River),SHOCK,Electro-Shock,79,1
3D9.1C2D95CCED,TQI13213.216,NAU - Upper Nason Creek,6/30/2015 10:11:04 PM,6/30/2015 10:11:22 PM,UPPER IN-STREAM ARRAY,LOWER IN-STREAM ARRAY,8/1/2013,7,Bull Trout,5,Unknown,W,Wild Fish or Natural Production,NASONC - Nason Creek (tributary to Wenatchee River),SHOCK,Electro-Shock,79,1
3D9.1C2D95E805,ENT12201.331,"MAD - Mad River, Entiat River Basin",10/29/2013 4:41:27 AM,10/29/2013 4:41:35 AM,UPPER IN-STREAM ARRAY,LOWER IN-STREAM ARRAY,7/19/2012,7,Bull Trout,5,Unknown,W,Wild Fish or Natural Production,"TILLIC - Tillicum Creek, tributary to Mad River",SHOCK,Electro-Shock,169,1
3D9.1C2D95F9E9,FWE11320.HA3,LWE - Lower Wenatchee River,11/21/2011 8:48:47 AM,11/21/2011 8:58:07 AM,DOWNSTREAM ANTENNA ARRAY,UPSTREAM ANTENNA ARRAY,11/16/2011,7,Bull Trout,R,Resident,W,Wild Fish or Natural Production,ENTIAR - Entiat River,SCREWT,Screw Trap,220,1
3D9.1C2D960492,CEJ11252.579,TY4 - Bottom of Tyee Channel,9/3/2013 9:39:00 PM,9/4/2013 2:12:00 AM,Bottom Channel,Bottom Channel,9/9/2011,7,Bull Trout,R,Resident,W,Wild Fish or Natural Production,ENTIAR - Entiat River,SHOCK,Electro-Shock,103,1
3D9.1C2D960A0D,CEJ11256.298,CHW - Chiwaukum Creek,4/16/2012 10:15:48 PM,4/16/2012 10:15:48 PM,DOWNSTREAM ARRAY,DOWNSTREAM ARRAY,9/13/2011,7,Bull Trout,R,Resident,W,Wild Fish or Natural Production,"CHIWAC - Chiwaukum Creek, tributary to Wenatchee River",SHOCK,Electro-Shock,152,1
3D9.1C2D9802DC,ENT12248.131,ENL - Lower Entiat River,1/15/2015 6:29:59 PM,1/15/2015 6:29:59 PM,LOWER IN-STREAM ARRAY,LOWER IN-STREAM ARRAY,9/4/2012,7,Bull Trout,5,Unknown,W,Wild Fish or Natural Production,ENTIAR - Entiat River,SHOCK,Electro-Shock,93,1
3D9.1C2D9802DC,ENT12248.131,ENS - Upper Entiat River at rkm 35.7,7/1/2014 1:23:28 AM,7/1/2014 1:23:28 AM,DOWNSTREAM ARRAY,DOWNSTREAM ARRAY,9/4/2012,7,Bull Trout,5,Unknown,W,Wild Fish or Natural Production,ENTIAR - Entiat River,SHOCK,Electro-Shock,93,1
3D9.1C2D9802DC,ENT12248.131,"MAD - Mad River, Entiat River Basin",7/3/2014 8:03:55 AM,1/15/2015 2:19:32 AM,UPPER IN-STREAM ARRAY,UPPER IN-STREAM ARRAY,9/4/2012,7,Bull Trout,5,Unknown,W,Wild Fish or Natural Production,ENTIAR - Entiat River,SHOCK,Electro-Shock,93,1
3D9.1C2D98033E,MRC11294.ICL,ICL - Lower Icicle Instream Array,6/9/2020 6:35:51 AM,6/9/2020 7:37:02 AM,Upstream Array,Downstream Array,10/21/2011,7,Bull Trout,R,Resident,W,Wild Fish or Natural Production,ICICLC - Icicle Creek,DIPNET,Dip Net,385,1
3D9.1C2D98091C,TQI13213.216,NAU - Upper Nason Creek,7/22/2015 1:07:32 AM,7/22/2015 1:08:11 AM,UPPER IN-STREAM ARRAY,LOWER IN-STREAM ARRAY,8/1/2013,7,Bull Trout,5,Unknown,W,Wild Fish or Natural Production,NASONC - Nason Creek (tributary to Wenatchee River),SHOCK,Electro-Shock,85,1
3D9.1C2D9859CF,CEJ11262.016,LWN - Little Wenatchee River,7/24/2014 8:52:51 AM,10/3/2014 11:49:32 PM,UPPER IN-STREAM ARRAY,UPPER IN-STREAM ARRAY,9/19/2011,7,Bull Trout,R,Resident,W,Wild Fish or Natural Production,"NAPEEC - Napeequa River, tributary to White River",SHOCK,Electro-Shock,77,1
3D9.1C2D9859CF,CEJ11262.016,"WTL - White River, Wenatchee Basin",12/14/2013 12:57:13 AM,12/14/2013 12:57:13 AM,UPPER IN-STREAM ARRAY,UPPER IN-STREAM ARRAY,9/19/2011,7,Bull Trout,R,Resident,W,Wild Fish or Natural Production,"NAPEEC - Napeequa River, tributary to White River",SHOCK,Electro-Shock,77,1
3D9.1C2D987E93,FWE11304.HA3,ENA - Upper Entiat River at rkm 17.1,6/18/2013 11:29:37 PM,6/18/2013 11:29:37 PM,UPSTREAM ANTENNA ARRAY,UPSTREAM ANTENNA ARRAY,11/1/2011,7,Bull Trout,R,Resident,W,Wild Fish or Natural Production,ENTIAR - Entiat River,SCREWT,Screw Trap,605,1
3D9.1C2D987E93,FWE11304.HA3,ENF - Upper Entiat River at rkm 40.6,7/7/2012 1:25:06 AM,8/17/2013 9:49:45 PM,UPSTREAM ARRAY,DOWNSTREAM ARRAY,11/1/2011,7,Bull Trout,R,Resident,W,Wild Fish or Natural Production,ENTIAR - Entiat River,SCREWT,Screw Trap,605,1
3D9.1C2D987E93,FWE11304.HA3,ENL - Lower Entiat River,10/31/2011 6:40:26 AM,10/31/2011 6:40:26 AM,LOWER IN-STREAM ARRAY,LOWER IN-STREAM ARRAY,11/1/2011,7,Bull Trout,R,Resident,W,Wild Fish or Natural Production,ENTIAR - Entiat River,SCREWT,Screw Trap,605,1
3D9.1C2D987E93,FWE11304.HA3,ENM - Middle Entiat River,10/13/2012 11:37:15 PM,8/11/2013 5:11:47 PM,UPPER IN-STREAM ARRAY,UPPER IN-STREAM ARRAY,11/1/2011,7,Bull Trout,R,Resident,W,Wild Fish or Natural Production,ENTIAR - Entiat River,SCREWT,Screw Trap,605,1
3D9.1C2D987E93,FWE11304.HA3,ENS - Upper Entiat River at rkm 35.7,6/24/2013 1:00:03 AM,8/16/2013 1:36:24 AM,DOWNSTREAM ARRAY,UPSTREAM ARRAY,11/1/2011,7,Bull Trout,R,Resident,W,Wild Fish or Natural Production,ENTIAR - Entiat River,SCREWT,Screw Trap,605,1
3D9.1C2D987E93,FWE11304.HA3,"MAD - Mad River, Entiat River Basin",6/11/2013 11:43:03 AM,6/11/2013 11:43:03 AM,UPPER IN-STREAM ARRAY,UPPER IN-STREAM ARRAY,11/1/2011,7,Bull Trout,R,Resident,W,Wild Fish or Natural Production,ENTIAR - Entiat River,SCREWT,Screw Trap,605,1
3D9.1C2D98BEAB,ENT12248.131,ENF - Upper Entiat River at rkm 40.6,11/5/2013 9:06:31 PM,11/5/2013 9:06:31 PM,UPSTREAM ARRAY,UPSTREAM ARRAY,9/4/2012,7,Bull Trout,5,Unknown,W,Wild Fish or Natural Production,ENTIAR - Entiat River,SHOCK,Electro-Shock,147,1
3D9.1C2D98BEAB,ENT12248.131,ENM - Middle Entiat River,3/12/2014 1:03:16 AM,3/12/2014 1:03:31 AM,UPPER IN-STREAM ARRAY,LOWER IN-STREAM ARRAY,9/4/2012,7,Bull Trout,5,Unknown,W,Wild Fish or Natural Production,ENTIAR - Entiat River,SHOCK,Electro-Shock,147,1
3D9.1C2D98BEAB,ENT12248.131,ENS - Upper Entiat River at rkm 35.7,11/30/2013 6:51:53 AM,11/30/2013 6:54:03 AM,DOWNSTREAM ARRAY,DOWNSTREAM ARRAY,9/4/2012,7,Bull Trout,5,Unknown,W,Wild Fish or Natural Production,ENTIAR - Entiat River,SHOCK,Electro-Shock,147,1
3D9.1C2D98BEAB,ENT12248.131,RRJ - Rocky Reach Dam Juvenile,5/23/2014 8:53:36 AM,5/23/2014 8:53:36 AM,DSM BYPASS SURFACE COLLECTOR,DSM BYPASS SURFACE COLLECTOR,9/4/2012,7,Bull Trout,5,Unknown,W,Wild Fish or Natural Production,ENTIAR - Entiat River,SHOCK,Electro-Shock,147,1
3D9.1C2D98CAAB,MRC11294.ICL,ICL - Lower Icicle Instream Array,2/10/2012 1:13:40 AM,11/19/2013 10:05:38 PM,INSTREAM ARRAY,INSTREAM ARRAY,10/21/2011,7,Bull Trout,R,Resident,W,Wild Fish or Natural Production,ICICLC - Icicle Creek,DIPNET,Dip Net,495,1
3D9.1C2D98F2D3,KDM11271.LR1,"GLC - Gold Creek, Methow River",7/30/2013 2:20:55 AM,8/2/2014 2:29:54 AM,UPPER IN-STREAM ARRAY,LOWER IN-STREAM ARRAY,9/28/2011,7,Bull Trout,R,Resident,W,Wild Fish or Natural Production,"LIBBYC - Libby Creek, Methow River",SHOCK,Electro-Shock,188,1
3D9.1C2D9919B5,TQI13213.216,NAU - Upper Nason Creek,4/25/2015 4:13:20 AM,4/25/2015 4:13:20 AM,LOWER IN-STREAM ARRAY,LOWER IN-STREAM ARRAY,8/1/2013,7,Bull Trout,5,Unknown,W,Wild Fish or Natural Production,NASONC - Nason Creek (tributary to Wenatchee River),SHOCK,Electro-Shock,89,1
3D9.1C2D991B59,KDM11306.SC5,MRW - Methow River at Winthrop,9/6/2012 10:19:31 PM,9/6/2012 10:19:31 PM,DOWNSTREAM ARRAY,DOWNSTREAM ARRAY,11/2/2011,7,Bull Trout,R,Resident,W,Wild Fish or Natural Production,METHR - Methow River,SHOCK,Electro-Shock,167,1
3D9.1C2D996B7E,FWE11322.HB4,ENA - Upper Entiat River at rkm 17.1,6/18/2014 12:11:33 AM,6/18/2014 12:11:33 AM,UPSTREAM ANTENNA ARRAY,UPSTREAM ANTENNA ARRAY,11/18/2011,7,Bull Trout,R,Resident,W,Wild Fish or Natural Production,ENTIAR - Entiat River,SCREWT,Screw Trap,530,1
3D9.1C2D996B7E,FWE11322.HB4,ENF - Upper Entiat River at rkm 40.6,7/15/2012 4:12:35 AM,7/23/2016 9:24:57 PM,UPSTREAM ARRAY,DOWNSTREAM ARRAY,11/18/2011,7,Bull Trout,R,Resident,W,Wild Fish or Natural Production,ENTIAR - Entiat River,SCREWT,Screw Trap,530,1
3D9.1C2D996B7E,FWE11322.HB4,ENL - Lower Entiat River,11/18/2011 2:15:16 AM,11/18/2013 1:54:00 AM,UPPER IN-STREAM ARRAY,LOWER IN-STREAM ARRAY,11/18/2011,7,Bull Trout,R,Resident,W,Wild Fish or Natural Production,ENTIAR - Entiat River,SCREWT,Screw Trap,530,1
3D9.1C2D996B7E,FWE11322.HB4,ENM - Middle Entiat River,9/26/2012 3:36:51 AM,9/22/2015 1:19:02 AM,UPPER IN-STREAM ARRAY,LOWER IN-STREAM ARRAY,11/18/2011,7,Bull Trout,R,Resident,W,Wild Fish or Natural Production,ENTIAR - Entiat River,SCREWT,Screw Trap,530,1
3D9.1C2D996B7E,FWE11322.HB4,ENS - Upper Entiat River at rkm 35.7,9/25/2012 3:35:29 AM,6/11/2016 8:16:38 PM,UPSTREAM ARRAY,UPSTREAM ARRAY,11/18/2011,7,Bull Trout,R,Resident,W,Wild Fish or Natural Production,ENTIAR - Entiat River,SCREWT,Screw Trap,530,1
3D9.1C2D996B7E,FWE11322.HB4,RRF - Rocky Reach Fishway,5/22/2013 12:23:52 PM,5/12/2016 5:06:09 PM,WEIR 4,Trap,11/18/2011,7,Bull Trout,R,Resident,W,Wild Fish or Natural Production,ENTIAR - Entiat River,SCREWT,Screw Trap,530,1
3D9.1C2D99904D,FWE13296.HB4,ENA - Upper Entiat River at rkm 17.1,7/1/2014 11:52:36 PM,7/1/2014 11:52:36 PM,UPSTREAM ANTENNA ARRAY,UPSTREAM ANTENNA ARRAY,10/24/2013,7,Bull Trout,R,Resident,W,Wild Fish or Natural Production,ENTIAR - Entiat River,SCREWT,Screw Trap,390,1
3D9.1C2D99904D,FWE13296.HB4,ENF - Upper Entiat River at rkm 40.6,7/10/2014 9:39:26 PM,7/10/2014 9:39:26 PM,UPSTREAM ARRAY,UPSTREAM ARRAY,10/24/2013,7,Bull Trout,R,Resident,W,Wild Fish or Natural Production,ENTIAR - Entiat River,SCREWT,Screw Trap,390,1
3D9.1C2D99904D,FWE13296.HB4,ENL - Lower Entiat River,10/22/2013 11:01:28 PM,6/16/2014 3:22:40 AM,UPPER IN-STREAM ARRAY,UPPER IN-STREAM ARRAY,10/24/2013,7,Bull Trout,R,Resident,W,Wild Fish or Natural Production,ENTIAR - Entiat River,SCREWT,Screw Trap,390,1
3D9.1C2D99904D,FWE13296.HB4,ENS - Upper Entiat River at rkm 35.7,7/8/2014 2:36:23 AM,7/8/2014 2:36:35 AM,DOWNSTREAM ARRAY,UPSTREAM ARRAY,10/24/2013,7,Bull Trout,R,Resident,W,Wild Fish or Natural Production,ENTIAR - Entiat River,SCREWT,Screw Trap,390,1
3D9.1C2D99904D,FWE13296.HB4,RRF - Rocky Reach Fishway,6/13/2014 1:32:43 PM,6/13/2014 1:41:24 PM,Lower Weir,Trap,10/24/2013,7,Bull Trout,R,Resident,W,Wild Fish or Natural Production,ENTIAR - Entiat River,SCREWT,Screw Trap,390,1
3D9.1C2D99E7E7,FWE13283.3DB,3D1 - Top of 3D Side Channel,4/5/2014 12:07:00 PM,4/5/2014 12:07:00 PM,Pass Through Antenna,Pass Through Antenna,10/10/2013,7,Bull Trout,R,Resident,W,Wild Fish or Natural Production,ENTIAR - Entiat River,SHOCK,Electro-Shock,72,1
3D9.1C2D99E7E7,FWE13283.3DB,3D2 - Middle-1 of 3D Side Channel,10/12/2013 6:42:00 AM,10/12/2013 7:31:00 AM,Pass Through Antenna,Pass Through Antenna,10/10/2013,7,Bull Trout,R,Resident,W,Wild Fish or Natural Production,ENTIAR - Entiat River,SHOCK,Electro-Shock,72,1
3D9.1C2D9A0E9E,FWE13298.HB4,ENA - Upper Entiat River at rkm 17.1,6/5/2015 1:39:43 AM,10/14/2015 12:42:20 AM,UPSTREAM ANTENNA ARRAY,DOWNSTREAM ANTENNA ARRAY,10/26/2013,7,Bull Trout,R,Resident,W,Wild Fish or Natural Production,ENTIAR - Entiat River,SCREWT,Screw Trap,545,1
3D9.1C2D9A0E9E,FWE13298.HB4,ENF - Upper Entiat River at rkm 40.6,7/4/2014 4:15:13 PM,10/7/2016 1:16:19 AM,DOWNSTREAM ARRAY,DOWNSTREAM ARRAY,10/26/2013,7,Bull Trout,R,Resident,W,Wild Fish or Natural Production,ENTIAR - Entiat River,SCREWT,Screw Trap,545,1
3D9.1C2D9A0E9E,FWE13298.HB4,ENL - Lower Entiat River,10/25/2013 7:10:35 PM,10/22/2015 5:50:47 AM,LOWER IN-STREAM ARRAY,LOWER IN-STREAM ARRAY,10/26/2013,7,Bull Trout,R,Resident,W,Wild Fish or Natural Production,ENTIAR - Entiat River,SCREWT,Screw Trap,545,1
3D9.1C2D9A0E9E,FWE13298.HB4,ENM - Middle Entiat River,10/2/2014 12:10:27 AM,10/13/2015 7:17:52 PM,UPPER IN-STREAM ARRAY,LOWER IN-STREAM ARRAY,10/26/2013,7,Bull Trout,R,Resident,W,Wild Fish or Natural Production,ENTIAR - Entiat River,SCREWT,Screw Trap,545,1
3D9.1C2D9A0E9E,FWE13298.HB4,ENS - Upper Entiat River at rkm 35.7,7/2/2014 1:09:03 AM,6/22/2016 8:32:47 PM,DOWNSTREAM ARRAY,UPSTREAM ARRAY,10/26/2013,7,Bull Trout,R,Resident,W,Wild Fish or Natural Production,ENTIAR - Entiat River,SCREWT,Screw Trap,545,1
3D9.1C2D9A12EA,FWE13307.HB4,ENL - Lower Entiat River,11/3/2013 5:28:46 AM,11/3/2013 5:28:47 AM,UPPER IN-STREAM ARRAY,UPPER IN-STREAM ARRAY,11/4/2013,7,Bull Trout,R,Resident,W,Wild Fish or Natural Production,ENTIAR - Entiat River,SCREWT,Screw Trap,452,1
3D9.1C2D9A12EA,FWE13307.HB4,NAL - Lower Nason Creek,7/18/2014 11:25:26 PM,7/18/2014 11:26:00 PM,LOWER IN-STREAM ARRAY,UPPER IN-STREAM ARRAY,11/4/2013,7,Bull Trout,R,Resident,W,Wild Fish or Natural Production,ENTIAR - Entiat River,SCREWT,Screw Trap,452,1
3D9.1C2D9A12EA,FWE13307.HB4,TUF - Tumwater Dam Adult Fishway,7/2/2014 5:37:28 PM,7/7/2014 1:12:39 PM,WEIR 14,WEIR 17,11/4/2013,7,Bull Trout,R,Resident,W,Wild Fish or Natural Production,ENTIAR - Entiat River,SCREWT,Screw Trap,452,1
3D9.1C2D9A12EA,FWE13307.HB4,UWE - Upper Wenatchee River,7/18/2014 3:27:28 AM,7/18/2014 3:27:28 AM,IN-STREAM ARRAY,IN-STREAM ARRAY,11/4/2013,7,Bull Trout,R,Resident,W,Wild Fish or Natural Production,ENTIAR - Entiat River,SCREWT,Screw Trap,452,1
3D9.1C2D9A1D8B,FWE14315.HA3,ENL - Lower Entiat River,11/11/2014 3:59:24 AM,11/11/2014 3:59:24 AM,UPPER IN-STREAM ARRAY,UPPER IN-STREAM ARRAY,11/11/2014,7,Bull Trout,R,Resident,W,Wild Fish or Natural Production,ENTIAR - Entiat River,SCREWT,Screw Trap,650,1
3D9.1C2D9A1D8B,FWE14315.HA3,TWR - Lwr Twisp Rvr near MSRF Ponds,6/12/2015 10:00:45 PM,6/12/2015 10:00:45 PM,UPPER IN-STREAM ARRAY,UPPER IN-STREAM ARRAY,11/11/2014,7,Bull Trout,R,Resident,W,Wild Fish or Natural Production,ENTIAR - Entiat River,SCREWT,Screw Trap,650,1
3D9.1C2D9A1D8B,FWE14315.HA3,"WEA - Wells Dam, DCPUD Adult Ladders",5/18/2015 4:46:56 PM,5/18/2015 4:47:18 PM,Left Ladder Pool 67,Left Ladder Pool 68,11/11/2014,7,Bull Trout,R,Resident,W,Wild Fish or Natural Production,ENTIAR - Entiat River,SCREWT,Screw Trap,650,1
3D9.1C2D9A21E5,FWE13300.HB4,ENL - Lower Entiat River,10/27/2013 12:11:24 AM,10/27/2013 12:14:19 AM,UPPER IN-STREAM ARRAY,LOWER IN-STREAM ARRAY,10/28/2013,7,Bull Trout,R,Resident,W,Wild Fish or Natural Production,ENTIAR - Entiat River,SCREWT,Screw Trap,552,1
3D9.1C2D9A4680,FWE13283.3DB,3D1 - Top of 3D Side Channel,10/12/2013 6:52:00 AM,10/31/2013 3:39:00 AM,Pass Through Antenna,Pass Through Antenna,10/10/2013,7,Bull Trout,R,Resident,W,Wild Fish or Natural Production,ENTIAR - Entiat River,SHOCK,Electro-Shock,77,1
3D9.1C2D9A48E7,FWE13300.HB4,ENL - Lower Entiat River,10/27/2013 11:09:26 AM,9/14/2015 10:52:02 PM,LOWER IN-STREAM ARRAY,LOWER IN-STREAM ARRAY,10/28/2013,7,Bull Trout,R,Resident,W,Wild Fish or Natural Production,ENTIAR - Entiat River,SCREWT,Screw Trap,297,1
3D9.1C2D9A48E7,FWE13300.HB4,"MAD - Mad River, Entiat River Basin",7/15/2015 11:47:10 PM,6/5/2016 6:51:42 AM,LOWER IN-STREAM ARRAY,UPPER IN-STREAM ARRAY,10/28/2013,7,Bull Trout,R,Resident,W,Wild Fish or Natural Production,ENTIAR - Entiat River,SCREWT,Screw Trap,297,1
3D9.1C2D9A48E7,FWE13300.HB4,RRF - Rocky Reach Fishway,7/6/2014 2:39:39 PM,5/23/2016 1:57:59 AM,Lower Weir,Trap,10/28/2013,7,Bull Trout,R,Resident,W,Wild Fish or Natural Production,ENTIAR - Entiat River,SCREWT,Screw Trap,297,1
3D9.1C2D9A48E7,FWE13300.HB4,RRJ - Rocky Reach Dam Juvenile,9/10/2014 7:33:30 AM,9/10/2014 7:33:30 AM,DSM BYPASS SURFACE COLLECTOR,DSM BYPASS SURFACE COLLECTOR,10/28/2013,7,Bull Trout,R,Resident,W,Wild Fish or Natural Production,ENTIAR - Entiat River,SCREWT,Screw Trap,297,1
3D9.1C2D9AD569,FWE14303.HA3,ENA - Upper Entiat River at rkm 17.1,10/10/2015 11:13:32 PM,10/6/2016 3:15:37 AM,UPSTREAM ANTENNA ARRAY,UPSTREAM ANTENNA ARRAY,10/30/2014,7,Bull Trout,R,Resident,W,Wild Fish or Natural Production,ENTIAR - Entiat River,SCREWT,Screw Trap,520,1
3D9.1C2D9AD569,FWE14303.HA3,ENF - Upper Entiat River at rkm 40.6,6/23/2015 8:48:03 PM,7/2/2017 2:42:10 PM,UPSTREAM ARRAY,UPSTREAM ARRAY,10/30/2014,7,Bull Trout,R,Resident,W,Wild Fish or Natural Production,ENTIAR - Entiat River,SCREWT,Screw Trap,520,1
3D9.1C2D9AD569,FWE14303.HA3,ENL - Lower Entiat River,5/26/2015 10:35:50 PM,10/17/2016 8:32:25 PM,UPPER IN-STREAM ARRAY,LOWER IN-STREAM ARRAY,10/30/2014,7,Bull Trout,R,Resident,W,Wild Fish or Natural Production,ENTIAR - Entiat River,SCREWT,Screw Trap,520,1
3D9.1C2D9AD569,FWE14303.HA3,ENM - Middle Entiat River,10/10/2015 7:51:39 PM,10/6/2016 11:12:30 PM,UPPER IN-STREAM ARRAY,UPPER IN-STREAM ARRAY,10/30/2014,7,Bull Trout,R,Resident,W,Wild Fish or Natural Production,ENTIAR - Entiat River,SCREWT,Screw Trap,520,1
3D9.1C2D9AD569,FWE14303.HA3,ENS - Upper Entiat River at rkm 35.7,10/10/2015 2:08:14 AM,10/5/2016 1:59:00 AM,UPSTREAM ARRAY,DOWNSTREAM ARRAY,10/30/2014,7,Bull Trout,R,Resident,W,Wild Fish or Natural Production,ENTIAR - Entiat River,SCREWT,Screw Trap,520,1
3D9.1C2D9AE43D,FWE13305.HA3,ENL - Lower Entiat River,11/1/2013 1:28:10 AM,11/1/2013 1:28:14 AM,UPPER IN-STREAM ARRAY,UPPER IN-STREAM ARRAY,11/1/2013,7,Bull Trout,R,Resident,W,Wild Fish or Natural Production,ENTIAR - Entiat River,SCREWT,Screw Trap,655,1
3D9.1C2D9B5CFD,TNA15287.H12,HSL - Hancock Springs Lower,10/16/2015 3:55:45 AM,10/16/2015 4:07:24 AM,Hancock Springs 03,Hancock Springs 03,NA,7,Bull Trout,R,Resident,W,Wild Fish or Natural Production,- Unknown,SHOCK,Electro-Shock,222,1
3D9.1C2D9B5CFD,TNA15287.H12,HSU - Hancock Springs Upper,10/14/2015 7:52:32 PM,10/14/2015 7:53:22 PM,Hancock Springs 01,Hancock Springs 01,NA,7,Bull Trout,R,Resident,W,Wild Fish or Natural Production,- Unknown,SHOCK,Electro-Shock,222,1
3D9.1C2D9B6FE4,TNA14223.H11,HSU - Hancock Springs Upper,8/12/2014 9:24:44 PM,8/12/2014 9:24:45 PM,Hancock Springs 01,Hancock Springs 01,NA,7,Bull Trout,R,Resident,W,Wild Fish or Natural Production,- Unknown,SHOCK,Electro-Shock,179,1
3D9.1C2D9BFFC9,CFM-2012-086-TUM.xml,CHW - Chiwaukum Creek,7/18/2012 8:31:49 AM,8/21/2013 11:32:54 PM,DOWNSTREAM ARRAY,DOWNSTREAM ARRAY,7/6/2012,7,Bull Trout,R,Resident,W,Wild Fish or Natural Production,TUMFBY - TUM - Release into the Forebay within 0.5 km upstream of Dam,LADDER,Adult Passage Ladder,NA,1
3D9.1C2D9BFFC9,CFM-2012-086-TUM.xml,TUF - Tumwater Dam Adult Fishway,7/4/2013 7:13:03 PM,7/11/2013 2:44:24 PM,WEIR 14,WEIR 14,7/6/2012,7,Bull Trout,R,Resident,W,Wild Fish or Natural Production,TUMFBY - TUM - Release into the Forebay within 0.5 km upstream of Dam,LADDER,Adult Passage Ladder,NA,1
3D9.1C2D9BFFD3,CFM-2012-086-TUM.xml,CHL - Lower Chiwawa River,9/27/2012 2:16:24 AM,9/29/2014 4:55:35 AM,UPPER IN-STREAM ARRAY,LOWER IN-STREAM ARRAY,7/5/2012,7,Bull Trout,R,Resident,W,Wild Fish or Natural Production,TUMFBY - TUM - Release into the Forebay within 0.5 km upstream of Dam,LADDER,Adult Passage Ladder,NA,1
3D9.1C2D9BFFD3,CFM-2012-086-TUM.xml,CHU - Upper Chiwawa River,9/26/2012 11:27:46 PM,9/26/2012 11:27:46 PM,UPPER IN-STREAM ARRAY,UPPER IN-STREAM ARRAY,7/5/2012,7,Bull Trout,R,Resident,W,Wild Fish or Natural Production,TUMFBY - TUM - Release into the Forebay within 0.5 km upstream of Dam,LADDER,Adult Passage Ladder,NA,1
3D9.1C2D9BFFD3,CFM-2012-086-TUM.xml,LWE - Lower Wenatchee River,10/3/2013 1:25:58 PM,10/3/2013 1:25:58 PM,DOWNSTREAM ANTENNA ARRAY,DOWNSTREAM ANTENNA ARRAY,7/5/2012,7,Bull Trout,R,Resident,W,Wild Fish or Natural Production,TUMFBY - TUM - Release into the Forebay within 0.5 km upstream of Dam,LADDER,Adult Passage Ladder,NA,1
3D9.1C2D9BFFD3,CFM-2012-086-TUM.xml,RRF - Rocky Reach Fishway,10/21/2012 4:51:51 PM,11/15/2013 5:54:25 PM,WEIR 6,WEIR 6,7/5/2012,7,Bull Trout,R,Resident,W,Wild Fish or Natural Production,TUMFBY - TUM - Release into the Forebay within 0.5 km upstream of Dam,LADDER,Adult Passage Ladder,NA,1
3D9.1C2D9BFFD3,CFM-2012-086-TUM.xml,TUF - Tumwater Dam Adult Fishway,6/25/2013 7:04:59 PM,6/22/2015 1:28:05 PM,WEIR 14,WEIR 17,7/5/2012,7,Bull Trout,R,Resident,W,Wild Fish or Natural Production,TUMFBY - TUM - Release into the Forebay within 0.5 km upstream of Dam,LADDER,Adult Passage Ladder,NA,1
3D9.1C2D9C224B,TNA15224.H12,HSM - Hancock Springs Middle,8/13/2015 11:24:21 PM,8/15/2015 10:40:00 PM,Hancock Springs 02,Hancock Springs 02,NA,7,Bull Trout,R,Resident,W,Wild Fish or Natural Production,- Unknown,SHOCK,Electro-Shock,188,1
3D9.1C2D9C224B,TNA15224.H12,HSU - Hancock Springs Upper,8/13/2015 10:43:52 PM,8/15/2015 10:14:25 PM,Hancock Springs 01,Hancock Springs 01,NA,7,Bull Trout,R,Resident,W,Wild Fish or Natural Production,- Unknown,SHOCK,Electro-Shock,188,1
3D9.1C2D9C371F,FWE13313.HB4,ENA - Upper Entiat River at rkm 17.1,6/23/2014 4:08:59 AM,6/23/2014 4:08:59 AM,UPSTREAM ANTENNA ARRAY,UPSTREAM ANTENNA ARRAY,11/10/2013,7,Bull Trout,R,Resident,W,Wild Fish or Natural Production,ENTIAR - Entiat River,SCREWT,Screw Trap,610,1
3D9.1C2D9C371F,FWE13313.HB4,ENL - Lower Entiat River,11/9/2013 5:03:44 PM,6/15/2014 5:05:43 AM,UPPER IN-STREAM ARRAY,UPPER IN-STREAM ARRAY,11/10/2013,7,Bull Trout,R,Resident,W,Wild Fish or Natural Production,ENTIAR - Entiat River,SCREWT,Screw Trap,610,1
3D9.1C2D9C371F,FWE13313.HB4,ENS - Upper Entiat River at rkm 35.7,6/30/2014 1:32:35 AM,6/30/2014 1:32:35 AM,UPSTREAM ARRAY,UPSTREAM ARRAY,11/10/2013,7,Bull Trout,R,Resident,W,Wild Fish or Natural Production,ENTIAR - Entiat River,SCREWT,Screw Trap,610,1
3D9.1C2D9C42DB,CFM-2012-086-TUM.xml,CHW - Chiwaukum Creek,7/26/2012 12:04:41 AM,7/26/2012 12:06:28 AM,DOWNSTREAM ARRAY,UPSTREAM ARRAY,7/7/2012,7,Bull Trout,R,Resident,W,Wild Fish or Natural Production,TUMFBY - TUM - Release into the Forebay within 0.5 km upstream of Dam,LADDER,Adult Passage Ladder,NA,1
3D9.1C2D9C66CF,CFM-2012-086-TUM.xml,CHW - Chiwaukum Creek,7/18/2012 9:21:56 AM,9/16/2012 4:08:56 AM,DOWNSTREAM ARRAY,DOWNSTREAM ARRAY,7/6/2012,7,Bull Trout,R,Resident,W,Wild Fish or Natural Production,TUMFBY - TUM - Release into the Forebay within 0.5 km upstream of Dam,LADDER,Adult Passage Ladder,NA,1
3D9.1C2D9C6C1E,CSS12147.HB4,LWE - Lower Wenatchee River,8/12/2012 9:27:54 PM,8/12/2012 9:27:54 PM,DOWNSTREAM ANTENNA ARRAY,DOWNSTREAM ANTENNA ARRAY,5/26/2012,7,Bull Trout,R,Resident,W,Wild Fish or Natural Production,ENTIAR - Entiat River,SCREWT,Screw Trap,173,1
3D9.1C2D9C740F,CFM-2012-086-TUM.xml,NAU - Upper Nason Creek,7/29/2012 3:00:04 AM,7/29/2012 3:00:29 AM,LOWER IN-STREAM ARRAY,UPPER IN-STREAM ARRAY,7/5/2012,7,Bull Trout,R,Resident,W,Wild Fish or Natural Production,TUMFBY - TUM - Release into the Forebay within 0.5 km upstream of Dam,LADDER,Adult Passage Ladder,NA,1
3D9.1C2D9CB538,TNA15288.H13,HSM - Hancock Springs Middle,10/16/2015 4:03:01 AM,10/16/2015 4:03:02 AM,Hancock Springs 02,Hancock Springs 02,NA,7,Bull Trout,R,Resident,W,Wild Fish or Natural Production,- Unknown,SHOCK,Electro-Shock,231,1
3D9.1C2D9CB538,TNA15288.H13,HSU - Hancock Springs Upper,10/15/2015 9:53:49 PM,10/15/2015 9:54:41 PM,Hancock Springs 01,Hancock Springs 01,NA,7,Bull Trout,R,Resident,W,Wild Fish or Natural Production,- Unknown,SHOCK,Electro-Shock,231,1
3D9.1C2D9CC74A,CFM-2012-086-TUM.xml,CHW - Chiwaukum Creek,7/19/2012 6:46:21 AM,7/19/2012 6:46:52 AM,DOWNSTREAM ARRAY,UPSTREAM ARRAY,7/8/2012,7,Bull Trout,R,Resident,W,Wild Fish or Natural Production,TUMFBY - TUM - Release into the Forebay within 0.5 km upstream of Dam,LADDER,Adult Passage Ladder,NA,1
3D9.1C2D9CC7FC,CFM-2012-086-TUM.xml,CHW - Chiwaukum Creek,7/24/2012 11:53:03 PM,7/15/2014 4:15:01 AM,DOWNSTREAM ARRAY,UPSTREAM ARRAY,7/6/2012,7,Bull Trout,R,Resident,W,Wild Fish or Natural Production,TUMFBY - TUM - Release into the Forebay within 0.5 km upstream of Dam,LADDER,Adult Passage Ladder,NA,1
3D9.1C2D9CC7FC,CFM-2012-086-TUM.xml,TUF - Tumwater Dam Adult Fishway,7/4/2013 7:45:29 AM,7/9/2014 9:24:38 AM,WEIR 14,WEIR 17,7/6/2012,7,Bull Trout,R,Resident,W,Wild Fish or Natural Production,TUMFBY - TUM - Release into the Forebay within 0.5 km upstream of Dam,LADDER,Adult Passage Ladder,NA,1
3D9.1C2D9CD2D9,CFM-2012-086-TUM.xml,NAL - Lower Nason Creek,7/26/2012 12:09:00 AM,7/26/2012 12:09:00 AM,UPPER IN-STREAM ARRAY,UPPER IN-STREAM ARRAY,7/8/2012,7,Bull Trout,R,Resident,W,Wild Fish or Natural Production,TUMFBY - TUM - Release into the Forebay within 0.5 km upstream of Dam,LADDER,Adult Passage Ladder,NA,1
3D9.1C2D9CD2D9,CFM-2012-086-TUM.xml,NAU - Upper Nason Creek,8/17/2012 9:12:25 PM,8/22/2012 12:14:38 AM,LOWER IN-STREAM ARRAY,LOWER IN-STREAM ARRAY,7/8/2012,7,Bull Trout,R,Resident,W,Wild Fish or Natural Production,TUMFBY - TUM - Release into the Forebay within 0.5 km upstream of Dam,LADDER,Adult Passage Ladder,NA,1
3D9.1C2D9CD39C,TNA15225.H13,HSM - Hancock Springs Middle,8/13/2015 11:11:17 PM,8/22/2015 2:57:09 AM,Hancock Springs 02,Hancock Springs 02,NA,7,Bull Trout,R,Resident,W,Wild Fish or Natural Production,- Unknown,SHOCK,Electro-Shock,191,1
3D9.1C2D9CD39C,TNA15225.H13,HSU - Hancock Springs Upper,8/13/2015 10:31:23 PM,8/13/2015 10:31:23 PM,Hancock Springs 01,Hancock Springs 01,NA,7,Bull Trout,R,Resident,W,Wild Fish or Natural Production,- Unknown,SHOCK,Electro-Shock,191,1
3D9.1C2D9D2928,CFM-2012-086-TUM.xml,CHW - Chiwaukum Creek,7/23/2012 2:38:24 AM,9/19/2012 3:07:27 AM,DOWNSTREAM ARRAY,DOWNSTREAM ARRAY,7/7/2012,7,Bull Trout,R,Resident,W,Wild Fish or Natural Production,TUMFBY - TUM - Release into the Forebay within 0.5 km upstream of Dam,LADDER,Adult Passage Ladder,NA,1
3D9.1C2D9D9927,CFM-2012-086-TUM.xml,NAL - Lower Nason Creek,7/20/2012 12:56:37 AM,6/28/2013 1:04:32 AM,LOWER IN-STREAM ARRAY,UPPER IN-STREAM ARRAY,7/6/2012,7,Bull Trout,R,Resident,W,Wild Fish or Natural Production,TUMFBY - TUM - Release into the Forebay within 0.5 km upstream of Dam,LADDER,Adult Passage Ladder,NA,1
3D9.1C2D9D9927,CFM-2012-086-TUM.xml,NAU - Upper Nason Creek,7/24/2012 12:19:05 AM,7/19/2013 3:18:42 AM,LOWER IN-STREAM ARRAY,UPPER IN-STREAM ARRAY,7/6/2012,7,Bull Trout,R,Resident,W,Wild Fish or Natural Production,TUMFBY - TUM - Release into the Forebay within 0.5 km upstream of Dam,LADDER,Adult Passage Ladder,NA,1
3D9.1C2D9D9927,CFM-2012-086-TUM.xml,UWE - Upper Wenatchee River,6/23/2013 12:38:51 AM,6/23/2013 12:38:51 AM,IN-STREAM ARRAY,IN-STREAM ARRAY,7/6/2012,7,Bull Trout,R,Resident,W,Wild Fish or Natural Production,TUMFBY - TUM - Release into the Forebay within 0.5 km upstream of Dam,LADDER,Adult Passage Ladder,NA,1
3D9.1C2D9D9D1C,CFM-2012-086-TUM.xml,CHW - Chiwaukum Creek,7/17/2012 7:30:08 AM,6/30/2014 5:39:37 AM,DOWNSTREAM ARRAY,UPSTREAM ARRAY,7/4/2012,7,Bull Trout,R,Resident,W,Wild Fish or Natural Production,TUMFBY - TUM - Release into the Forebay within 0.5 km upstream of Dam,LADDER,Adult Passage Ladder,NA,1
3D9.1C2D9D9D1C,CFM-2012-086-TUM.xml,TUF - Tumwater Dam Adult Fishway,6/18/2013 10:35:33 AM,6/18/2014 4:53:44 PM,WEIR 14,WEIR 14,7/4/2012,7,Bull Trout,R,Resident,W,Wild Fish or Natural Production,TUMFBY - TUM - Release into the Forebay within 0.5 km upstream of Dam,LADDER,Adult Passage Ladder,NA,1
3D9.1C2D9DAC0D,FWE13322.HA5,ENL - Lower Entiat River,11/18/2013 8:01:26 AM,11/18/2013 8:07:20 AM,UPPER IN-STREAM ARRAY,LOWER IN-STREAM ARRAY,11/20/2013,7,Bull Trout,R,Resident,W,Wild Fish or Natural Production,ENTIAR - Entiat River,SCREWT,Screw Trap,710,1
3D9.1C2D9DB28E,CFM-2012-086-TUM.xml,CHL - Lower Chiwawa River,7/25/2012 4:42:44 AM,6/17/2015 12:57:02 AM,LOWER IN-STREAM ARRAY,LOWER IN-STREAM ARRAY,7/4/2012,7,Bull Trout,R,Resident,W,Wild Fish or Natural Production,TUMFBY - TUM - Release into the Forebay within 0.5 km upstream of Dam,LADDER,Adult Passage Ladder,NA,1
3D9.1C2D9DB28E,CFM-2012-086-TUM.xml,CHU - Upper Chiwawa River,9/27/2012 8:07:10 PM,6/21/2015 9:52:20 PM,UPPER IN-STREAM ARRAY,UPPER IN-STREAM ARRAY,7/4/2012,7,Bull Trout,R,Resident,W,Wild Fish or Natural Production,TUMFBY - TUM - Release into the Forebay within 0.5 km upstream of Dam,LADDER,Adult Passage Ladder,NA,1
3D9.1C2D9DBF18,CFM-2012-086-TUM.xml,CHW - Chiwaukum Creek,7/11/2012 3:31:59 PM,6/28/2013 12:43:01 AM,DOWNSTREAM ARRAY,DOWNSTREAM ARRAY,7/3/2012,7,Bull Trout,R,Resident,W,Wild Fish or Natural Production,TUMFBY - TUM - Release into the Forebay within 0.5 km upstream of Dam,LADDER,Adult Passage Ladder,NA,1
3D9.1C2D9DBF18,CFM-2012-086-TUM.xml,LWE - Lower Wenatchee River,5/19/2013 2:30:30 PM,5/19/2013 2:30:30 PM,UPSTREAM ANTENNA ARRAY,UPSTREAM ANTENNA ARRAY,7/3/2012,7,Bull Trout,R,Resident,W,Wild Fish or Natural Production,TUMFBY - TUM - Release into the Forebay within 0.5 km upstream of Dam,LADDER,Adult Passage Ladder,NA,1
3D9.1C2D9DBF18,CFM-2012-086-TUM.xml,TUF - Tumwater Dam Adult Fishway,7/4/2012 2:31:57 PM,6/15/2013 8:02:45 AM,WEIR 14,WEIR 17,7/3/2012,7,Bull Trout,R,Resident,W,Wild Fish or Natural Production,TUMFBY - TUM - Release into the Forebay within 0.5 km upstream of Dam,LADDER,Adult Passage Ladder,NA,1
3D9.1C2D9DF7E7,CFM-2012-086-TUM.xml,NAL - Lower Nason Creek,7/18/2012 4:57:09 AM,7/18/2012 5:00:30 AM,LOWER IN-STREAM ARRAY,UPPER IN-STREAM ARRAY,7/6/2012,7,Bull Trout,R,Resident,W,Wild Fish or Natural Production,TUMFBY - TUM - Release into the Forebay within 0.5 km upstream of Dam,LADDER,Adult Passage Ladder,NA,1
3D9.1C2D9DF7E7,CFM-2012-086-TUM.xml,NAU - Upper Nason Creek,7/23/2012 4:16:43 AM,7/23/2012 4:17:14 AM,LOWER IN-STREAM ARRAY,UPPER IN-STREAM ARRAY,7/6/2012,7,Bull Trout,R,Resident,W,Wild Fish or Natural Production,TUMFBY - TUM - Release into the Forebay within 0.5 km upstream of Dam,LADDER,Adult Passage Ladder,NA,1
3D9.1C2D9E3CED,CFM-2012-086-TUM.xml,CHL - Lower Chiwawa River,7/29/2012 11:43:46 PM,9/24/2013 4:30:36 AM,LOWER IN-STREAM ARRAY,UPPER IN-STREAM ARRAY,7/4/2012,7,Bull Trout,R,Resident,W,Wild Fish or Natural Production,TUMFBY - TUM - Release into the Forebay within 0.5 km upstream of Dam,LADDER,Adult Passage Ladder,NA,1
3D9.1C2D9E3CED,CFM-2012-086-TUM.xml,CHU - Upper Chiwawa River,8/5/2012 1:54:01 AM,9/23/2012 4:00:55 AM,UPPER IN-STREAM ARRAY,UPPER IN-STREAM ARRAY,7/4/2012,7,Bull Trout,R,Resident,W,Wild Fish or Natural Production,TUMFBY - TUM - Release into the Forebay within 0.5 km upstream of Dam,LADDER,Adult Passage Ladder,NA,1
3D9.1C2D9E3CED,CFM-2012-086-TUM.xml,TUF - Tumwater Dam Adult Fishway,6/16/2013 12:40:27 PM,5/30/2015 5:10:21 PM,WEIR 14,WEIR 17,7/4/2012,7,Bull Trout,R,Resident,W,Wild Fish or Natural Production,TUMFBY - TUM - Release into the Forebay within 0.5 km upstream of Dam,LADDER,Adult Passage Ladder,NA,1
3D9.1C2D9E3E96,CFM-2012-086-TUM.xml,CHL - Lower Chiwawa River,7/20/2012 4:32:14 AM,9/20/2013 6:27:04 AM,UPPER IN-STREAM ARRAY,LOWER IN-STREAM ARRAY,7/6/2012,7,Bull Trout,R,Resident,W,Wild Fish or Natural Production,TUMFBY - TUM - Release into the Forebay within 0.5 km upstream of Dam,LADDER,Adult Passage Ladder,NA,1
3D9.1C2D9E3E96,CFM-2012-086-TUM.xml,CHU - Upper Chiwawa River,9/19/2012 3:53:38 AM,9/19/2012 3:53:38 AM,UPPER IN-STREAM ARRAY,UPPER IN-STREAM ARRAY,7/6/2012,7,Bull Trout,R,Resident,W,Wild Fish or Natural Production,TUMFBY - TUM - Release into the Forebay within 0.5 km upstream of Dam,LADDER,Adult Passage Ladder,NA,1
3D9.1C2D9E3E96,CFM-2012-086-TUM.xml,TUF - Tumwater Dam Adult Fishway,6/28/2013 9:07:13 AM,6/29/2013 8:49:39 PM,WEIR 14,WEIR 17,7/6/2012,7,Bull Trout,R,Resident,W,Wild Fish or Natural Production,TUMFBY - TUM - Release into the Forebay within 0.5 km upstream of Dam,LADDER,Adult Passage Ladder,NA,1
3D9.1C2D9E6670,FWE12212.WLS,"MAD - Mad River, Entiat River Basin",7/25/2013 11:45:29 PM,11/2/2013 4:52:53 PM,UPPER IN-STREAM ARRAY,MIDDLE IN-STREAM ARRAY,7/30/2012,7,Bull Trout,R,Resident,W,Wild Fish or Natural Production,ENTIAR - Entiat River,SHOCK,Electro-Shock,204,1
3D9.1C2D9E6670,FWE12212.WLS,WL1 - Top of Wilson Creek channel,7/31/2012 12:03:00 PM,7/31/2012 12:03:00 PM,SINGLE ANTENNA,SINGLE ANTENNA,7/30/2012,7,Bull Trout,R,Resident,W,Wild Fish or Natural Production,ENTIAR - Entiat River,SHOCK,Electro-Shock,204,1
3D9.1C2D9E6670,FWE12212.WLS,WL2 - Bottom of Wilson Creek channel,11/13/2012 7:01:00 PM,7/17/2013 3:20:00 AM,SINGLE ANTENNA,SINGLE ANTENNA,7/30/2012,7,Bull Trout,R,Resident,W,Wild Fish or Natural Production,ENTIAR - Entiat River,SHOCK,Electro-Shock,204,1
3D9.1C2D9E7123,FWE12212.WLS,WL1 - Top of Wilson Creek channel,7/30/2012 9:09:00 AM,7/30/2012 9:53:00 AM,SINGLE ANTENNA,SINGLE ANTENNA,7/30/2012,7,Bull Trout,R,Resident,W,Wild Fish or Natural Production,ENTIAR - Entiat River,SHOCK,Electro-Shock,195,1
3D9.1C2D9E7123,FWE12212.WLS,WL2 - Bottom of Wilson Creek channel,8/1/2012 11:51:00 AM,8/1/2012 12:08:00 PM,SINGLE ANTENNA,SINGLE ANTENNA,7/30/2012,7,Bull Trout,R,Resident,W,Wild Fish or Natural Production,ENTIAR - Entiat River,SHOCK,Electro-Shock,195,1
3D9.1C2D9EA666,CFM-2012-086-TUM.xml,ICL - Lower Icicle Instream Array,9/23/2012 7:59:09 PM,9/23/2012 7:59:09 PM,INSTREAM ARRAY,INSTREAM ARRAY,6/25/2012,7,Bull Trout,R,Resident,W,Wild Fish or Natural Production,TUMFBY - TUM - Release into the Forebay within 0.5 km upstream of Dam,LADDER,Adult Passage Ladder,NA,1
3D9.1C2D9ED7A8,CFM-2012-086-TUM.xml,CHW - Chiwaukum Creek,7/26/2012 5:49:15 AM,7/6/2014 4:42:45 AM,DOWNSTREAM ARRAY,UPSTREAM ARRAY,7/8/2012,7,Bull Trout,R,Resident,W,Wild Fish or Natural Production,TUMFBY - TUM - Release into the Forebay within 0.5 km upstream of Dam,LADDER,Adult Passage Ladder,NA,1
3D9.1C2D9ED7A8,CFM-2012-086-TUM.xml,TUF - Tumwater Dam Adult Fishway,6/27/2013 2:17:00 AM,6/29/2013 2:33:23 PM,WEIR 14,WEIR 17,7/8/2012,7,Bull Trout,R,Resident,W,Wild Fish or Natural Production,TUMFBY - TUM - Release into the Forebay within 0.5 km upstream of Dam,LADDER,Adult Passage Ladder,NA,1
3D9.1C2D9EEF49,TNA14223.H11,HSM - Hancock Springs Middle,8/23/2014 4:51:05 AM,8/26/2014 9:05:23 PM,Hancock Springs 02,Hancock Springs 02,NA,7,Bull Trout,R,Resident,W,Wild Fish or Natural Production,- Unknown,SHOCK,Electro-Shock,167,1
3D9.1C2D9EEF49,TNA14223.H11,HSU - Hancock Springs Upper,8/13/2014 12:17:47 AM,8/13/2014 12:18:02 AM,Hancock Springs 01,Hancock Springs 01,NA,7,Bull Trout,R,Resident,W,Wild Fish or Natural Production,- Unknown,SHOCK,Electro-Shock,167,1
3D9.1C2D9EF880,TNA14258.ISO,HSM - Hancock Springs Middle,10/16/2014 11:36:23 PM,10/16/2014 11:36:28 PM,Hancock Springs 02,Hancock Springs 02,NA,7,Bull Trout,R,Resident,W,Wild Fish or Natural Production,- Unknown,SHOCK,Electro-Shock,131,1
3D9.1C2D9EFB48,TNA15229.H21,HSM - Hancock Springs Middle,8/18/2015 10:53:17 PM,8/30/2015 9:10:02 PM,Hancock Springs 02,Hancock Springs 02,NA,7,Bull Trout,R,Resident,W,Wild Fish or Natural Production,- Unknown,SHOCK,Electro-Shock,168,1
3D9.1C2D9F0551,TNA12103.2,LBT - Little Bridge Creek (Twisp R.),7/11/2012 7:09:06 PM,1/8/2013 1:44:15 PM,Downstream,Downstream,NA,7,Bull Trout,R,Resident,W,Wild Fish or Natural Production,- Unknown,SHOCK,Electro-Shock,218,1
3D9.1C2D9F0551,TNA12103.2,TWR - Lwr Twisp Rvr near MSRF Ponds,2/9/2013 5:09:54 AM,7/13/2014 10:55:32 PM,UPPER IN-STREAM ARRAY,UPPER IN-STREAM ARRAY,NA,7,Bull Trout,R,Resident,W,Wild Fish or Natural Production,- Unknown,SHOCK,Electro-Shock,218,1
3D9.1C2D9F2C51,TNA15223.H11,HSM - Hancock Springs Middle,8/15/2015 1:25:20 AM,8/27/2015 10:17:47 PM,Hancock Springs 02,Hancock Springs 02,NA,7,Bull Trout,R,Resident,W,Wild Fish or Natural Production,- Unknown,SHOCK,Electro-Shock,159,1
3D9.1C2D9F2C51,TNA15223.H11,HSU - Hancock Springs Upper,8/11/2015 9:35:33 PM,8/13/2015 6:56:43 AM,Hancock Springs 01,Hancock Springs 01,NA,7,Bull Trout,R,Resident,W,Wild Fish or Natural Production,- Unknown,SHOCK,Electro-Shock,159,1
3D9.1C2D9F2F25,TNA11223.2,TWR - Lwr Twisp Rvr near MSRF Ponds,8/23/2011 12:39:00 AM,8/23/2011 12:39:00 AM,LOWER IN-STREAM ARRAY,LOWER IN-STREAM ARRAY,8/11/2011,7,Bull Trout,R,Resident,W,Wild Fish or Natural Production,TWISPR - Twisp River,HOOK,Hook and Line,214,1
3D9.1C2D9F4CE8,TNA15187.H11,CRU - Upper Chewuch Instream Array,7/24/2015 2:30:25 AM,8/1/2015 11:09:49 PM,Downstream Array,Downstream Array,NA,7,Bull Trout,R,Resident,W,Wild Fish or Natural Production,- Unknown,SHOCK,Electro-Shock,165,1
3D9.1C2D9F4CE8,TNA15187.H11,CRW - Chewuch River above Winthrop,7/14/2015 6:59:13 PM,7/14/2015 6:59:13 PM,DOWNSTREAM ARRAY,DOWNSTREAM ARRAY,NA,7,Bull Trout,R,Resident,W,Wild Fish or Natural Production,- Unknown,SHOCK,Electro-Shock,165,1
3D9.1C2D9F4CE8,TNA15187.H11,HSL - Hancock Springs Lower,7/9/2015 12:03:30 AM,7/9/2015 12:03:30 AM,Hancock Springs 03,Hancock Springs 03,NA,7,Bull Trout,R,Resident,W,Wild Fish or Natural Production,- Unknown,SHOCK,Electro-Shock,165,1
3D9.1C2D9F4CE8,TNA15187.H11,HSM - Hancock Springs Middle,7/6/2015 5:27:56 PM,7/6/2015 5:28:33 PM,Hancock Springs 02,Hancock Springs 02,NA,7,Bull Trout,R,Resident,W,Wild Fish or Natural Production,- Unknown,SHOCK,Electro-Shock,165,1
3D9.1C2D9F4D4D,TNA14258.ISO,HSM - Hancock Springs Middle,9/16/2014 10:35:14 PM,9/16/2014 10:35:22 PM,Hancock Springs 02,Hancock Springs 02,NA,7,Bull Trout,R,Resident,W,Wild Fish or Natural Production,- Unknown,SHOCK,Electro-Shock,171,1
3D9.1C2D9F4D4D,TNA14258.ISO,HSU - Hancock Springs Upper,9/16/2014 8:36:26 PM,9/16/2014 8:36:38 PM,Hancock Springs 01,Hancock Springs 01,NA,7,Bull Trout,R,Resident,W,Wild Fish or Natural Production,- Unknown,SHOCK,Electro-Shock,171,1
3D9.1C2D9F5603,TNA15224.H12,HSM - Hancock Springs Middle,12/20/2015 7:53:46 PM,12/23/2015 10:40:19 PM,Hancock Springs 02,Hancock Springs 02,NA,7,Bull Trout,R,Resident,W,Wild Fish or Natural Production,- Unknown,SHOCK,Electro-Shock,167,1
3D9.1C2D9F5603,TNA15224.H12,HSU - Hancock Springs Upper,9/17/2015 3:34:40 AM,12/14/2015 2:36:42 AM,Hancock Springs 01,Hancock Springs 01,NA,7,Bull Trout,R,Resident,W,Wild Fish or Natural Production,- Unknown,SHOCK,Electro-Shock,167,1
3D9.1C2D9F58F5,TNA12269.1,TWR - Lwr Twisp Rvr near MSRF Ponds,9/23/2013 8:37:53 PM,9/23/2013 8:37:57 PM,UPPER IN-STREAM ARRAY,LOWER IN-STREAM ARRAY,NA,7,Bull Trout,R,Resident,W,Wild Fish or Natural Production,- Unknown,SHOCK,Electro-Shock,225,1
3D9.1C2D9F6AE3,TNA14223.H11,HSM - Hancock Springs Middle,8/12/2014 12:19:47 AM,8/12/2014 12:19:57 AM,Hancock Springs 02,Hancock Springs 02,NA,7,Bull Trout,R,Resident,W,Wild Fish or Natural Production,- Unknown,SHOCK,Electro-Shock,185,1
3D9.1C2D9F6AE3,TNA14223.H11,HSU - Hancock Springs Upper,8/11/2014 10:48:57 PM,8/11/2014 10:48:57 PM,Hancock Springs 01,Hancock Springs 01,NA,7,Bull Trout,R,Resident,W,Wild Fish or Natural Production,- Unknown,SHOCK,Electro-Shock,185,1
3D9.1C2D9F6E6D,TNA14223.H11,HSM - Hancock Springs Middle,8/13/2014 1:05:47 AM,10/1/2014 2:59:03 AM,Hancock Springs 02,Hancock Springs 02,NA,7,Bull Trout,R,Resident,W,Wild Fish or Natural Production,- Unknown,SHOCK,Electro-Shock,159,1
3D9.1C2D9F6E6D,TNA14223.H11,HSU - Hancock Springs Upper,8/13/2014 12:43:17 AM,9/17/2014 6:28:56 AM,Hancock Springs 01,Hancock Springs 01,NA,7,Bull Trout,R,Resident,W,Wild Fish or Natural Production,- Unknown,SHOCK,Electro-Shock,159,1
3D9.1C2D9F7FAC,TNA15187.H11,HSL - Hancock Springs Lower,8/6/2015 11:06:41 PM,9/13/2015 9:04:20 PM,Hancock Springs 03,Hancock Springs 03,NA,7,Bull Trout,R,Resident,W,Wild Fish or Natural Production,- Unknown,SHOCK,Electro-Shock,157,1
3D9.1C2D9F7FAC,TNA15187.H11,HSM - Hancock Springs Middle,7/31/2015 12:49:38 AM,7/31/2015 12:50:06 AM,Hancock Springs 02,Hancock Springs 02,NA,7,Bull Trout,R,Resident,W,Wild Fish or Natural Production,- Unknown,SHOCK,Electro-Shock,157,1
3D9.1C2D9F7FAC,TNA15187.H11,LMR - Lower Methow River at Pateros,12/14/2017 2:50:41 AM,12/14/2017 2:50:41 AM,Upstream Array,Upstream Array,NA,7,Bull Trout,R,Resident,W,Wild Fish or Natural Production,- Unknown,SHOCK,Electro-Shock,157,1
3D9.1C2D9F7FAC,TNA15187.H11,MRC - Methow River at Carlton,7/3/2017 10:03:21 PM,7/3/2017 10:03:22 PM,Single Array,Single Array,NA,7,Bull Trout,R,Resident,W,Wild Fish or Natural Production,- Unknown,SHOCK,Electro-Shock,157,1
3D9.1C2D9F87F5,TNA15225.H13,HSU - Hancock Springs Upper,8/26/2015 11:17:51 PM,11/20/2015 2:11:27 AM,Hancock Springs 01,Hancock Springs 01,NA,7,Bull Trout,R,Resident,W,Wild Fish or Natural Production,- Unknown,SHOCK,Electro-Shock,180,1
3D9.1C2D9F8B54,TNA15188.H12,HSU - Hancock Springs Upper,7/11/2015 11:42:42 PM,7/16/2015 1:41:26 AM,Hancock Springs 01,Hancock Springs 01,NA,7,Bull Trout,R,Resident,W,Wild Fish or Natural Production,- Unknown,SHOCK,Electro-Shock,153,1
3D9.1C2D9F9006,TNA14223.H11,HSM - Hancock Springs Middle,8/12/2014 4:00:59 AM,9/15/2014 9:54:17 PM,Hancock Springs 02,Hancock Springs 02,NA,7,Bull Trout,R,Resident,W,Wild Fish or Natural Production,- Unknown,SHOCK,Electro-Shock,187,1
3D9.1C2D9F9006,TNA14223.H11,HSU - Hancock Springs Upper,8/11/2014 9:51:18 PM,9/15/2014 8:24:00 PM,Hancock Springs 01,Hancock Springs 01,NA,7,Bull Trout,R,Resident,W,Wild Fish or Natural Production,- Unknown,SHOCK,Electro-Shock,187,1
3D9.1C2D9F900F,TNA15288.H13,HSL - Hancock Springs Lower,10/30/2015 12:08:38 PM,10/30/2015 12:18:19 PM,Hancock Springs 03,Hancock Springs 03,NA,7,Bull Trout,R,Resident,W,Wild Fish or Natural Production,- Unknown,SHOCK,Electro-Shock,205,1
3D9.1C2D9F900F,TNA15288.H13,HSM - Hancock Springs Middle,10/20/2015 1:19:58 AM,10/23/2015 12:14:06 PM,Hancock Springs 02,Hancock Springs 02,NA,7,Bull Trout,R,Resident,W,Wild Fish or Natural Production,- Unknown,SHOCK,Electro-Shock,205,1
3D9.1C2D9F900F,TNA15288.H13,HSU - Hancock Springs Upper,10/16/2015 8:25:01 PM,10/23/2015 6:26:37 AM,Hancock Springs 01,Hancock Springs 01,NA,7,Bull Trout,R,Resident,W,Wild Fish or Natural Production,- Unknown,SHOCK,Electro-Shock,205,1
3D9.1C2D9F9059,TNA15187.H11,HSL - Hancock Springs Lower,10/7/2015 10:30:11 PM,11/13/2015 8:24:10 PM,Hancock Springs 03,Hancock Springs 03,NA,7,Bull Trout,R,Resident,W,Wild Fish or Natural Production,- Unknown,SHOCK,Electro-Shock,149,1
3D9.1C2D9F9059,TNA15187.H11,HSU - Hancock Springs Upper,7/7/2015 10:40:07 PM,7/7/2015 10:40:44 PM,Hancock Springs 01,Hancock Springs 01,NA,7,Bull Trout,R,Resident,W,Wild Fish or Natural Production,- Unknown,SHOCK,Electro-Shock,149,1
3D9.1C2D9F9717,TNA15223.H11,HSL - Hancock Springs Lower,8/12/2015 12:22:40 AM,8/12/2015 12:22:40 AM,Hancock Springs 03,Hancock Springs 03,NA,7,Bull Trout,R,Resident,W,Wild Fish or Natural Production,- Unknown,SHOCK,Electro-Shock,221,1
3D9.1C2D9F9717,TNA15223.H11,HSM - Hancock Springs Middle,8/11/2015 10:02:48 PM,8/11/2015 10:03:00 PM,Hancock Springs 02,Hancock Springs 02,NA,7,Bull Trout,R,Resident,W,Wild Fish or Natural Production,- Unknown,SHOCK,Electro-Shock,221,1
3D9.1C2D9F9717,TNA15223.H11,HSU - Hancock Springs Upper,8/11/2015 9:15:14 PM,8/11/2015 9:15:15 PM,Hancock Springs 01,Hancock Springs 01,NA,7,Bull Trout,R,Resident,W,Wild Fish or Natural Production,- Unknown,SHOCK,Electro-Shock,221,1
3D9.1C2D9F9717,TNA15223.H11,MRW - Methow River at Winthrop,8/12/2015 10:07:56 PM,8/12/2015 10:07:56 PM,DOWNSTREAM ARRAY,DOWNSTREAM ARRAY,NA,7,Bull Trout,R,Resident,W,Wild Fish or Natural Production,- Unknown,SHOCK,Electro-Shock,221,1
3D9.1C2D9FA3DD,TNA12291.1,"GLC - Gold Creek, Methow River",8/8/2013 1:42:45 AM,8/8/2013 1:42:45 AM,UPPER IN-STREAM ARRAY,UPPER IN-STREAM ARRAY,NA,7,Bull Trout,R,Resident,W,Wild Fish or Natural Production,- Unknown,SHOCK,Electro-Shock,173,1
3D9.1C2D9FCC6C,TNA14289.H13,HSM - Hancock Springs Middle,10/17/2014 12:41:20 AM,11/19/2014 7:52:02 PM,Hancock Springs 02,Hancock Springs 02,NA,7,Bull Trout,R,Resident,W,Wild Fish or Natural Production,- Unknown,SHOCK,Electro-Shock,193,1
3D9.1C2D9FDAC8,TNA12283.1,TWR - Lwr Twisp Rvr near MSRF Ponds,12/10/2012 3:13:16 AM,12/10/2012 3:13:16 AM,LOWER IN-STREAM ARRAY,LOWER IN-STREAM ARRAY,NA,7,Bull Trout,R,Resident,W,Wild Fish or Natural Production,- Unknown,SHOCK,Electro-Shock,178,1
3D9.1C2D9FDB30,TNA14223.H11,HSU - Hancock Springs Upper,8/11/2014 9:11:27 PM,8/11/2014 9:12:24 PM,Hancock Springs 01,Hancock Springs 01,NA,7,Bull Trout,R,Resident,W,Wild Fish or Natural Production,- Unknown,SHOCK,Electro-Shock,185,1
3D9.1C2D9FDE2C,TNA15188.H12,HSM - Hancock Springs Middle,7/18/2015 10:04:12 PM,10/19/2015 11:36:23 PM,Hancock Springs 02,Hancock Springs 02,NA,7,Bull Trout,R,Resident,W,Wild Fish or Natural Production,- Unknown,SHOCK,Electro-Shock,155,1
3D9.1C2D9FDE2C,TNA15188.H12,HSU - Hancock Springs Upper,7/16/2015 3:58:02 AM,10/18/2015 9:01:36 PM,Hancock Springs 01,Hancock Springs 01,NA,7,Bull Trout,R,Resident,W,Wild Fish or Natural Production,- Unknown,SHOCK,Electro-Shock,155,1
3D9.1C2D9FDE2C,TNA15188.H12,MSB - Stansberry side channel Methow,11/16/2015 9:44:55 PM,11/16/2015 9:47:00 PM,Downstream Array,Upstream Array,NA,7,Bull Trout,R,Resident,W,Wild Fish or Natural Production,- Unknown,SHOCK,Electro-Shock,155,1
3D9.1C2D9FF5A1,TNA13280.H13,HSM - Hancock Springs Middle,10/7/2013 11:11:47 PM,12/8/2013 3:35:00 AM,Hancock Springs 02,Hancock Springs 02,10/7/2013,7,Bull Trout,R,Resident,W,Wild Fish or Natural Production,"HANSPC - Hancock Springs Creek, tributary to Methow River",SHOCK,Electro-Shock,149,1
3D9.1C2D9FF5A1,TNA13280.H13,HSU - Hancock Springs Upper,12/5/2013 8:18:19 PM,12/7/2013 10:32:37 PM,Hancock Springs 01,Hancock Springs 01,10/7/2013,7,Bull Trout,R,Resident,W,Wild Fish or Natural Production,"HANSPC - Hancock Springs Creek, tributary to Methow River",SHOCK,Electro-Shock,149,1
3D9.1C2D9FFAD2,TNA14258.ISO,HSM - Hancock Springs Middle,9/17/2014 2:22:17 AM,9/17/2014 2:22:43 AM,Hancock Springs 02,Hancock Springs 02,NA,7,Bull Trout,R,Resident,W,Wild Fish or Natural Production,- Unknown,SHOCK,Electro-Shock,196,1
3D9.1C2DA00A05,TNA14258.ISO,HSM - Hancock Springs Middle,9/21/2014 9:57:43 PM,12/8/2014 1:43:56 AM,Hancock Springs 02,Hancock Springs 02,NA,7,Bull Trout,R,Resident,W,Wild Fish or Natural Production,- Unknown,SHOCK,Electro-Shock,127,1
3D9.1C2DA00EB9,TNA15223.H11,HSM - Hancock Springs Middle,8/12/2015 2:35:34 AM,8/12/2015 2:35:39 AM,Hancock Springs 02,Hancock Springs 02,NA,7,Bull Trout,R,Resident,W,Wild Fish or Natural Production,- Unknown,SHOCK,Electro-Shock,195,1
3D9.1C2DA00EB9,TNA15223.H11,HSU - Hancock Springs Upper,8/12/2015 12:05:58 AM,8/12/2015 12:06:26 AM,Hancock Springs 01,Hancock Springs 01,NA,7,Bull Trout,R,Resident,W,Wild Fish or Natural Production,- Unknown,SHOCK,Electro-Shock,195,1
3D9.1C2DA0D3D9,TNA11305.1,"LBC - Libby Creek, Methow River",10/3/2012 7:07:31 PM,10/3/2012 7:07:31 PM,SINGLE IN-STREAM ANTENNA,SINGLE IN-STREAM ANTENNA,11/1/2011,7,Bull Trout,R,Resident,W,Wild Fish or Natural Production,TWISPR - Twisp River,SHOCK,Electro-Shock,141,1
3D9.1C2DA0D3D9,TNA11305.1,TWR - Lwr Twisp Rvr near MSRF Ponds,9/19/2012 12:40:22 AM,9/19/2012 12:40:27 AM,UPPER IN-STREAM ARRAY,LOWER IN-STREAM ARRAY,11/1/2011,7,Bull Trout,R,Resident,W,Wild Fish or Natural Production,TWISPR - Twisp River,SHOCK,Electro-Shock,141,1
3D9.1C2DA1090A,TNA12096.1,MRW - Methow River at Winthrop,9/11/2012 11:19:22 PM,9/11/2012 11:19:22 PM,DOWNSTREAM ARRAY,DOWNSTREAM ARRAY,NA,7,Bull Trout,R,Resident,W,Wild Fish or Natural Production,- Unknown,SHOCK,Electro-Shock,175,1
3D9.1C2DA11916,TNA12094.1,LMR - Lower Methow River at Pateros,2/12/2013 3:59:31 PM,2/12/2013 3:59:49 PM,DOWNSTREAM FULL-WIDTH ARRAY,UPSTREAM FULL-WIDTH ARRAY,NA,7,Bull Trout,R,Resident,W,Wild Fish or Natural Production,- Unknown,SHOCK,Electro-Shock,256,1
3D9.1C2DA1245D,TNA14224.H12,HSM - Hancock Springs Middle,8/17/2014 4:16:50 AM,8/22/2014 8:47:57 PM,Hancock Springs 02,Hancock Springs 02,NA,7,Bull Trout,R,Resident,W,Wild Fish or Natural Production,- Unknown,SHOCK,Electro-Shock,169,1
3D9.1C2DA1245D,TNA14224.H12,HSU - Hancock Springs Upper,8/12/2014 9:43:18 PM,8/22/2014 5:38:34 AM,Hancock Springs 01,Hancock Springs 01,NA,7,Bull Trout,R,Resident,W,Wild Fish or Natural Production,- Unknown,SHOCK,Electro-Shock,169,1
3D9.1C2DA17B16,TNA15187.H11,HSL - Hancock Springs Lower,7/9/2015 9:43:12 PM,7/9/2015 9:43:35 PM,Hancock Springs 03,Hancock Springs 03,NA,7,Bull Trout,R,Resident,W,Wild Fish or Natural Production,- Unknown,SHOCK,Electro-Shock,220,1
3D9.1C2DA17B16,TNA15187.H11,HSM - Hancock Springs Middle,7/6/2015 10:52:55 PM,7/6/2015 10:53:31 PM,Hancock Springs 02,Hancock Springs 02,NA,7,Bull Trout,R,Resident,W,Wild Fish or Natural Production,- Unknown,SHOCK,Electro-Shock,220,1
3D9.1C2DA17B16,TNA15187.H11,HSU - Hancock Springs Upper,7/6/2015 9:45:24 PM,7/6/2015 9:45:25 PM,Hancock Springs 01,Hancock Springs 01,NA,7,Bull Trout,R,Resident,W,Wild Fish or Natural Production,- Unknown,SHOCK,Electro-Shock,220,1
3D9.1C2DA1E48E,TNA14176.H13,HSL - Hancock Springs Lower,6/26/2014 2:00:22 AM,6/26/2014 2:00:22 AM,Hancock Springs 03,Hancock Springs 03,NA,7,Bull Trout,R,Resident,W,Wild Fish or Natural Production,- Unknown,SHOCK,Electro-Shock,143,1
3D9.1C2DA1E48E,TNA14176.H13,HSM - Hancock Springs Middle,6/26/2014 1:28:20 AM,6/26/2014 1:28:29 AM,Hancock Springs 02,Hancock Springs 02,NA,7,Bull Trout,R,Resident,W,Wild Fish or Natural Production,- Unknown,SHOCK,Electro-Shock,143,1
3D9.1C2DA1E48E,TNA14176.H13,HSU - Hancock Springs Upper,6/26/2014 1:13:55 AM,6/26/2014 1:13:55 AM,Hancock Springs 01,Hancock Springs 01,NA,7,Bull Trout,R,Resident,W,Wild Fish or Natural Production,- Unknown,SHOCK,Electro-Shock,143,1
3D9.1C2DA1E48E,TNA14176.H13,MRW - Methow River at Winthrop,6/28/2014 2:38:54 AM,6/28/2014 2:38:54 AM,UPSTREAM ARRAY,UPSTREAM ARRAY,NA,7,Bull Trout,R,Resident,W,Wild Fish or Natural Production,- Unknown,SHOCK,Electro-Shock,143,1
3D9.1C2DA1E48E,TNA14176.H13,MSH - Methow Fish Hatchery Outfall,6/29/2014 9:37:00 PM,7/5/2014 12:54:18 AM,Trap,Trap,NA,7,Bull Trout,R,Resident,W,Wild Fish or Natural Production,- Unknown,SHOCK,Electro-Shock,143,1
3D9.1C2DA1E48E,TNA14176.H13,SCP - Spring Creek Acclimation Pond,7/8/2014 10:17:00 PM,7/8/2014 10:21:16 PM,Downstream Antennas,Upstream Antennas,NA,7,Bull Trout,R,Resident,W,Wild Fish or Natural Production,- Unknown,SHOCK,Electro-Shock,143,1
3D9.1C2DAC5ECB,CMK12331.WRN,"WTL - White River, Wenatchee Basin",9/13/2018 12:16:48 AM,10/8/2023 3:39:17 AM,LOWER IN-STREAM ARRAY,LOWER IN-STREAM ARRAY,11/26/2012,7,Bull Trout,R,Resident,W,Wild Fish or Natural Production,"WHITER - White River, Wenatchee River Basin",SCREWT,Screw Trap,165,1
3D9.1C2DAC6601,CMK13216.WRN,"WTL - White River, Wenatchee Basin",8/11/2013 11:53:00 PM,8/11/2013 11:53:00 PM,UPPER IN-STREAM ARRAY,UPPER IN-STREAM ARRAY,8/4/2013,7,Bull Trout,R,Resident,W,Wild Fish or Natural Production,"WHITER - White River, Wenatchee River Basin",SCREWT,Screw Trap,119,1
3D9.1C2DAE27AE,KDM12256.LBT,LBT - Little Bridge Creek (Twisp R.),10/16/2012 4:10:19 AM,10/16/2012 4:10:19 AM,Downstream,Downstream,9/12/2012,7,Bull Trout,R,Resident,W,Wild Fish or Natural Production,"LBRIC - Little Bridge Creek,tributary to Twisp River",SHOCK,Electro-Shock,269,1
3D9.1C2DAE27AE,KDM12256.LBT,TWR - Lwr Twisp Rvr near MSRF Ponds,10/16/2012 8:55:40 PM,10/16/2012 8:55:44 PM,UPPER IN-STREAM ARRAY,LOWER IN-STREAM ARRAY,9/12/2012,7,Bull Trout,R,Resident,W,Wild Fish or Natural Production,"LBRIC - Little Bridge Creek,tributary to Twisp River",SHOCK,Electro-Shock,269,1
3D9.1C2DB5D4B3,CMK12287.WRN,"WTL - White River, Wenatchee Basin",7/20/2016 3:32:08 AM,10/3/2016 1:27:47 AM,LOWER IN-STREAM ARRAY,LOWER IN-STREAM ARRAY,10/13/2012,7,Bull Trout,R,Resident,W,Wild Fish or Natural Production,"WHITER - White River, Wenatchee River Basin",SCREWT,Screw Trap,179,1
3D9.1C2DCF9DC0,CFM-2012-086-TUM.xml,CHW - Chiwaukum Creek,7/20/2012 11:06:22 AM,7/7/2014 6:06:09 AM,DOWNSTREAM ARRAY,UPSTREAM ARRAY,6/29/2012,7,Bull Trout,R,Resident,W,Wild Fish or Natural Production,TUMFBY - TUM - Release into the Forebay within 0.5 km upstream of Dam,LADDER,Adult Passage Ladder,NA,1
3D9.1C2DCF9DC0,CFM-2012-086-TUM.xml,TUF - Tumwater Dam Adult Fishway,6/12/2013 11:03:50 PM,6/23/2014 4:01:21 AM,WEIR 14,WEIR 17,6/29/2012,7,Bull Trout,R,Resident,W,Wild Fish or Natural Production,TUMFBY - TUM - Release into the Forebay within 0.5 km upstream of Dam,LADDER,Adult Passage Ladder,NA,1
3D9.1C2DCFB26F,CFM-2012-086-TUM.xml,CHW - Chiwaukum Creek,7/18/2012 12:38:40 AM,7/18/2012 12:39:44 AM,DOWNSTREAM ARRAY,UPSTREAM ARRAY,6/28/2012,7,Bull Trout,R,Resident,W,Wild Fish or Natural Production,TUMFBY - TUM - Release into the Forebay within 0.5 km upstream of Dam,LADDER,Adult Passage Ladder,NA,1
3D9.1C2DCFB2EA,CFM-2012-086-TUM.xml,CHL - Lower Chiwawa River,6/24/2014 8:57:48 PM,10/14/2014 12:13:13 PM,LOWER IN-STREAM ARRAY,LOWER IN-STREAM ARRAY,6/29/2012,7,Bull Trout,R,Resident,W,Wild Fish or Natural Production,TUMFBY - TUM - Release into the Forebay within 0.5 km upstream of Dam,LADDER,Adult Passage Ladder,NA,1
3D9.1C2DCFB2EA,CFM-2012-086-TUM.xml,CHU - Upper Chiwawa River,6/20/2013 3:16:31 AM,6/20/2013 3:16:31 AM,LOWER IN-STREAM ARRAY,LOWER IN-STREAM ARRAY,6/29/2012,7,Bull Trout,R,Resident,W,Wild Fish or Natural Production,TUMFBY - TUM - Release into the Forebay within 0.5 km upstream of Dam,LADDER,Adult Passage Ladder,NA,1
3D9.1C2DCFB2EA,CFM-2012-086-TUM.xml,TUF - Tumwater Dam Adult Fishway,7/3/2012 1:45:42 PM,7/24/2012 4:33:05 PM,WEIR 14,WEIR 17,6/29/2012,7,Bull Trout,R,Resident,W,Wild Fish or Natural Production,TUMFBY - TUM - Release into the Forebay within 0.5 km upstream of Dam,LADDER,Adult Passage Ladder,NA,1
3D9.1C2DCFD3E8,CFM-2012-086-TUM.xml,CHL - Lower Chiwawa River,9/19/2012 9:50:55 PM,9/22/2017 3:42:49 AM,UPPER IN-STREAM ARRAY,UPPER IN-STREAM ARRAY,6/28/2012,7,Bull Trout,R,Resident,W,Wild Fish or Natural Production,TUMFBY - TUM - Release into the Forebay within 0.5 km upstream of Dam,LADDER,Adult Passage Ladder,NA,1
3D9.1C2DCFD3E8,CFM-2012-086-TUM.xml,CHU - Upper Chiwawa River,9/19/2012 4:50:40 AM,9/22/2017 12:59:22 AM,UPPER IN-STREAM ARRAY,LOWER IN-STREAM ARRAY,6/28/2012,7,Bull Trout,R,Resident,W,Wild Fish or Natural Production,TUMFBY - TUM - Release into the Forebay within 0.5 km upstream of Dam,LADDER,Adult Passage Ladder,NA,1
3D9.1C2DCFD3E8,CFM-2012-086-TUM.xml,TUF - Tumwater Dam Adult Fishway,5/24/2013 7:25:36 PM,6/12/2017 6:34:58 PM,WEIR 14,WEIR 17,6/28/2012,7,Bull Trout,R,Resident,W,Wild Fish or Natural Production,TUMFBY - TUM - Release into the Forebay within 0.5 km upstream of Dam,LADDER,Adult Passage Ladder,NA,1
3D9.1C2DCFF6AA,CFM-2012-086-TUM.xml,CHW - Chiwaukum Creek,7/9/2012 7:05:40 AM,7/9/2012 7:05:57 AM,DOWNSTREAM ARRAY,UPSTREAM ARRAY,7/2/2012,7,Bull Trout,R,Resident,W,Wild Fish or Natural Production,TUMFBY - TUM - Release into the Forebay within 0.5 km upstream of Dam,LADDER,Adult Passage Ladder,NA,1
3D9.1C2DD0055E,CFM-2012-086-TUM.xml,CHW - Chiwaukum Creek,7/17/2012 4:47:51 AM,7/2/2014 2:50:08 PM,DOWNSTREAM ARRAY,UPSTREAM ARRAY,6/30/2012,7,Bull Trout,R,Resident,W,Wild Fish or Natural Production,TUMFBY - TUM - Release into the Forebay within 0.5 km upstream of Dam,LADDER,Adult Passage Ladder,NA,1
3D9.1C2DD0055E,CFM-2012-086-TUM.xml,TUF - Tumwater Dam Adult Fishway,5/28/2013 4:18:34 AM,6/23/2014 6:53:22 PM,WEIR 14,WEIR 17,6/30/2012,7,Bull Trout,R,Resident,W,Wild Fish or Natural Production,TUMFBY - TUM - Release into the Forebay within 0.5 km upstream of Dam,LADDER,Adult Passage Ladder,NA,1
3D9.1C2DD4F866,WEN12208.REC,CCT - Chikamin Creek Temporary Array,10/13/2012 7:22:56 PM,10/13/2012 9:01:47 PM,Instream Array,Instream Array,7/26/2012,7,Bull Trout,5,Unknown,W,Wild Fish or Natural Production,"CHIKAC - Chikamin Creek, tributary to Chiwawa River",SHOCK,Electro-Shock,122,1
3D9.1C2DD50840,CEJ11244.071,CHU - Upper Chiwawa River,11/13/2012 6:28:31 PM,11/13/2012 6:28:31 PM,UPPER IN-STREAM ARRAY,UPPER IN-STREAM ARRAY,9/1/2011,7,Bull Trout,R,Resident,W,Wild Fish or Natural Production,"ROCK3C - Rock Creek, tributary to Chiwawa River",SHOCK,Electro-Shock,100,1
3D9.1C2DD50BB8,WEN12208.REC,CCT - Chikamin Creek Temporary Array,5/30/2013 2:56:28 AM,5/30/2013 2:56:28 AM,Instream Array,Instream Array,7/26/2012,7,Bull Trout,5,Unknown,W,Wild Fish or Natural Production,"CHIKAC - Chikamin Creek, tributary to Chiwawa River",SHOCK,Electro-Shock,126,1
3D9.1C2DD50E5F,WEN12208.715,CCT - Chikamin Creek Temporary Array,10/23/2012 2:55:13 AM,10/23/2012 2:55:13 AM,Instream Array,Instream Array,7/26/2012,7,Bull Trout,5,Unknown,W,Wild Fish or Natural Production,"CHIKAC - Chikamin Creek, tributary to Chiwawa River",SHOCK,Electro-Shock,106,1
3D9.1C2DD51757,CEJ11244.071,UCT - Upper Chiwawa Temporary Array,4/25/2012 7:37:28 PM,4/25/2012 7:37:28 PM,Instream Array,Instream Array,9/1/2011,7,Bull Trout,R,Resident,W,Wild Fish or Natural Production,"ROCK3C - Rock Creek, tributary to Chiwawa River",SHOCK,Electro-Shock,151,1
3D9.1C2DD518C7,CEJ11244.071,UCT - Upper Chiwawa Temporary Array,4/13/2012 8:11:57 PM,4/13/2012 8:11:57 PM,Instream Array,Instream Array,9/1/2011,7,Bull Trout,R,Resident,W,Wild Fish or Natural Production,"ROCK3C - Rock Creek, tributary to Chiwawa River",SHOCK,Electro-Shock,109,1
3D9.1C2DD51BF7,CEJ11244.071,CHU - Upper Chiwawa River,1/10/2012 5:59:43 PM,1/10/2012 5:59:43 PM,LOWER IN-STREAM ARRAY,LOWER IN-STREAM ARRAY,9/1/2011,7,Bull Trout,R,Resident,W,Wild Fish or Natural Production,"ROCK3C - Rock Creek, tributary to Chiwawa River",SHOCK,Electro-Shock,143,1
3D9.1C2DD52252,CEJ11244.071,UCT - Upper Chiwawa Temporary Array,4/24/2012 12:09:11 AM,4/24/2012 12:09:11 AM,Instream Array,Instream Array,9/1/2011,7,Bull Trout,R,Resident,W,Wild Fish or Natural Production,"ROCK3C - Rock Creek, tributary to Chiwawa River",SHOCK,Electro-Shock,98,1
3D9.1C2DD52BC7,FWE12296.HA3,ENL - Lower Entiat River,10/22/2012 5:43:40 PM,10/22/2012 5:43:40 PM,UPPER IN-STREAM ARRAY,UPPER IN-STREAM ARRAY,10/23/2012,7,Bull Trout,R,Resident,W,Wild Fish or Natural Production,ENTIAR - Entiat River,SCREWT,Screw Trap,510,1
3D9.1C2DD552C7,CEJ11207.963,ENF - Upper Entiat River at rkm 40.6,10/16/2012 4:50:02 AM,10/16/2012 4:50:05 AM,UPSTREAM ARRAY,DOWNSTREAM ARRAY,7/26/2011,7,Bull Trout,R,Resident,W,Wild Fish or Natural Production,"SILVEC - Silver Creek, tributary to Entiat River",SHOCK,Electro-Shock,98,1
3D9.1C2DD5591C,CEJ11229.291,ENL - Lower Entiat River,2/19/2012 7:28:37 PM,2/19/2012 7:28:37 PM,LOWER IN-STREAM ARRAY,LOWER IN-STREAM ARRAY,8/17/2011,7,Bull Trout,R,Resident,W,Wild Fish or Natural Production,MADRVR - Mad River (Entiat River watershed),SHOCK,Electro-Shock,207,1
3D9.1C2DD5591C,CEJ11229.291,"MAD - Mad River, Entiat River Basin",2/9/2012 6:25:10 AM,2/10/2012 10:58:13 AM,UPPER IN-STREAM ARRAY,LOWER IN-STREAM ARRAY,8/17/2011,7,Bull Trout,R,Resident,W,Wild Fish or Natural Production,MADRVR - Mad River (Entiat River watershed),SHOCK,Electro-Shock,207,1
3D9.1C2DD56743,CEJ11251.579,ENA - Upper Entiat River at rkm 17.1,11/27/2013 4:17:54 PM,10/19/2017 1:55:40 AM,DOWNSTREAM ANTENNA ARRAY,DOWNSTREAM ANTENNA ARRAY,9/8/2011,7,Bull Trout,R,Resident,W,Wild Fish or Natural Production,ENTIAR - Entiat River,SHOCK,Electro-Shock,112,1
3D9.1C2DD56743,CEJ11251.579,ENF - Upper Entiat River at rkm 40.6,6/20/2016 8:34:03 PM,6/25/2019 8:57:38 PM,UPSTREAM ARRAY,UPSTREAM ARRAY,9/8/2011,7,Bull Trout,R,Resident,W,Wild Fish or Natural Production,ENTIAR - Entiat River,SHOCK,Electro-Shock,112,1
3D9.1C2DD56743,CEJ11251.579,ENL - Lower Entiat River,11/7/2017 7:03:16 PM,10/16/2018 2:35:09 AM,UPPER IN-STREAM ARRAY,UPPER IN-STREAM ARRAY,9/8/2011,7,Bull Trout,R,Resident,W,Wild Fish or Natural Production,ENTIAR - Entiat River,SHOCK,Electro-Shock,112,1
3D9.1C2DD56743,CEJ11251.579,ENM - Middle Entiat River,11/21/2013 6:16:46 PM,10/18/2017 11:01:44 PM,UPPER IN-STREAM ARRAY,LOWER IN-STREAM ARRAY,9/8/2011,7,Bull Trout,R,Resident,W,Wild Fish or Natural Production,ENTIAR - Entiat River,SHOCK,Electro-Shock,112,1
3D9.1C2DD56743,CEJ11251.579,ENS - Upper Entiat River at rkm 35.7,6/17/2016 1:10:19 AM,6/13/2019 2:45:02 PM,DOWNSTREAM ARRAY,UPSTREAM ARRAY,9/8/2011,7,Bull Trout,R,Resident,W,Wild Fish or Natural Production,ENTIAR - Entiat River,SHOCK,Electro-Shock,112,1
3D9.1C2DD56743,CEJ11251.579,ICL - Lower Icicle Instream Array,6/17/2015 12:06:29 AM,9/26/2015 12:58:23 AM,Downstream Array,Downstream Array,9/8/2011,7,Bull Trout,R,Resident,W,Wild Fish or Natural Production,ENTIAR - Entiat River,SHOCK,Electro-Shock,112,1
3D9.1C2DD56743,CEJ11251.579,LWE - Lower Wenatchee River,6/12/2015 9:28:39 AM,10/12/2015 1:10:50 AM,DOWNSTREAM ANTENNA ARRAY,DOWNSTREAM ANTENNA ARRAY,9/8/2011,7,Bull Trout,R,Resident,W,Wild Fish or Natural Production,ENTIAR - Entiat River,SHOCK,Electro-Shock,112,1
3D9.1C2DD56743,CEJ11251.579,RIA - Rock Island Adult,5/31/2015 3:37:26 PM,4/25/2016 10:38:03 AM,Right Ladder Exit Channel,LEFT LADDER BAFFLE 4,9/8/2011,7,Bull Trout,R,Resident,W,Wild Fish or Natural Production,ENTIAR - Entiat River,SHOCK,Electro-Shock,112,1
3D9.1C2DD56743,CEJ11251.579,RRF - Rocky Reach Fishway,4/29/2016 10:04:20 AM,4/29/2016 10:16:11 AM,Lower Weir,Trap,9/8/2011,7,Bull Trout,R,Resident,W,Wild Fish or Natural Production,ENTIAR - Entiat River,SHOCK,Electro-Shock,112,1
3D9.1C2DD57D63,CEJ11251.579,"MAD - Mad River, Entiat River Basin",7/10/2013 7:25:08 PM,7/18/2013 2:29:58 AM,UPPER IN-STREAM ARRAY,MIDDLE IN-STREAM ARRAY,9/8/2011,7,Bull Trout,R,Resident,W,Wild Fish or Natural Production,ENTIAR - Entiat River,SHOCK,Electro-Shock,112,1
3D9.1C2DD58561,CEJ11244.071,UCT - Upper Chiwawa Temporary Array,5/1/2012 9:48:37 PM,5/1/2012 9:48:37 PM,Instream Array,Instream Array,9/1/2011,7,Bull Trout,R,Resident,W,Wild Fish or Natural Production,"ROCK3C - Rock Creek, tributary to Chiwawa River",SHOCK,Electro-Shock,141,1
3D9.1C2DD5B306,CEJ11251.579,ENA - Upper Entiat River at rkm 17.1,9/11/2013 2:28:36 AM,9/11/2013 2:28:36 AM,DOWNSTREAM ANTENNA ARRAY,DOWNSTREAM ANTENNA ARRAY,9/8/2011,7,Bull Trout,R,Resident,W,Wild Fish or Natural Production,ENTIAR - Entiat River,SHOCK,Electro-Shock,105,1
3D9.1C2DD5B306,CEJ11251.579,ENM - Middle Entiat River,9/10/2013 9:06:53 PM,9/10/2013 9:06:53 PM,UPPER IN-STREAM ARRAY,UPPER IN-STREAM ARRAY,9/8/2011,7,Bull Trout,R,Resident,W,Wild Fish or Natural Production,ENTIAR - Entiat River,SHOCK,Electro-Shock,105,1
3D9.1C2DD5B306,CEJ11251.579,ENS - Upper Entiat River at rkm 35.7,9/8/2013 2:54:57 PM,9/8/2013 2:55:39 PM,UPSTREAM ARRAY,DOWNSTREAM ARRAY,9/8/2011,7,Bull Trout,R,Resident,W,Wild Fish or Natural Production,ENTIAR - Entiat River,SHOCK,Electro-Shock,105,1
3D9.1C2DD5F83B,CEJ11207.963,ENS - Upper Entiat River at rkm 35.7,10/8/2013 12:35:04 AM,10/8/2013 12:35:42 AM,UPSTREAM ARRAY,DOWNSTREAM ARRAY,7/26/2011,7,Bull Trout,R,Resident,W,Wild Fish or Natural Production,"SILVEC - Silver Creek, tributary to Entiat River",SHOCK,Electro-Shock,90,1
3D9.1C2DD6CE86,FWE12075.3D2,WL1 - Top of Wilson Creek channel,6/7/2012 7:56:00 AM,6/21/2012 4:33:00 AM,SINGLE ANTENNA,SINGLE ANTENNA,3/15/2012,7,Bull Trout,R,Resident,W,Wild Fish or Natural Production,ENTIAR - Entiat River,DIPNET,Dip Net,145,1
3D9.1C2DD73238,FWE12236.1E3,ENL - Lower Entiat River,11/6/2012 4:16:33 AM,11/6/2012 4:16:33 AM,LOWER IN-STREAM ARRAY,LOWER IN-STREAM ARRAY,8/23/2012,7,Bull Trout,R,Resident,W,Wild Fish or Natural Production,ENTIAR - Entiat River,SHOCK,Electro-Shock,230,1
3D9.1C2DD73615,FWE12245.HB4,ENL - Lower Entiat River,9/1/2012 1:32:31 PM,9/1/2012 1:33:31 PM,LOWER IN-STREAM ARRAY,UPPER IN-STREAM ARRAY,9/1/2012,7,Bull Trout,R,Resident,W,Wild Fish or Natural Production,ENTIAR - Entiat River,SCREWT,Screw Trap,197,1
3D9.1C2DD781EB,CGS12276.MFZ,CRW - Chewuch River above Winthrop,11/5/2012 9:57:37 PM,11/5/2012 9:57:37 PM,DOWNSTREAM ARRAY,DOWNSTREAM ARRAY,10/2/2012,7,Bull Trout,R,Resident,W,Wild Fish or Natural Production,CHEWUR - Chewuch River,SHOCK,Electro-Shock,247,1
3D9.1C2DD7FC89,CGS12279.KFZ,LOR - Lost River at rkm 0.81,8/1/2013 3:37:41 AM,7/20/2016 12:53:32 AM,Downstream Array,Upstream Array,10/5/2012,7,Bull Trout,R,Resident,W,Wild Fish or Natural Production,METHR - Methow River,SHOCK,Electro-Shock,292,1
3D9.1C2DD8027B,CGS12279.KFZ,EWC - Early Winters Creek rkm 0.36,9/5/2013 9:43:12 PM,9/6/2013 12:30:50 AM,Downstream Array,Downstream Array,10/5/2012,7,Bull Trout,R,Resident,W,Wild Fish or Natural Production,METHR - Methow River,SHOCK,Electro-Shock,219,1
3D9.1C2DD84174,CGS12275.LFZ,TWR - Lwr Twisp Rvr near MSRF Ponds,11/6/2012 12:35:36 AM,11/6/2012 12:35:36 AM,UPPER IN-STREAM ARRAY,UPPER IN-STREAM ARRAY,10/1/2012,7,Bull Trout,R,Resident,W,Wild Fish or Natural Production,TWISPR - Twisp River,SHOCK,Electro-Shock,206,1
3D9.1C2DD84B78,CGS12282.KF1,LOR - Lost River at rkm 0.81,8/22/2013 11:28:06 PM,8/22/2013 11:28:12 PM,Upstream Array,Downstream Array,10/8/2012,7,Bull Trout,R,Resident,W,Wild Fish or Natural Production,METHR - Methow River,SHOCK,Electro-Shock,225,1
3D9.1C2DD85985,CGS12277.LFZ,TWR - Lwr Twisp Rvr near MSRF Ponds,10/3/2012 8:17:42 PM,10/3/2012 8:17:45 PM,UPPER IN-STREAM ARRAY,LOWER IN-STREAM ARRAY,10/3/2012,7,Bull Trout,R,Resident,W,Wild Fish or Natural Production,TWISPR - Twisp River,SHOCK,Electro-Shock,229,1
3D9.1C2DD86758,CGS12241.LBZ,TWR - Lwr Twisp Rvr near MSRF Ponds,9/18/2012 8:48:26 PM,9/18/2012 8:48:31 PM,UPPER IN-STREAM ARRAY,LOWER IN-STREAM ARRAY,8/28/2012,7,Bull Trout,R,Resident,W,Wild Fish or Natural Production,TWISPR - Twisp River,HOOK,Hook and Line,257,1
3D9.1C2DD8726B,CGS12262.LFZ,TWR - Lwr Twisp Rvr near MSRF Ponds,11/6/2012 7:03:18 AM,11/6/2012 7:03:18 AM,UPPER IN-STREAM ARRAY,UPPER IN-STREAM ARRAY,9/18/2012,7,Bull Trout,R,Resident,W,Wild Fish or Natural Production,TWISPR - Twisp River,SHOCK,Electro-Shock,223,1
3D9.1C2DD884E0,CGS12279.KFZ,CRW - Chewuch River above Winthrop,7/7/2013 10:40:35 PM,7/7/2013 10:40:35 PM,UPSTREAM ARRAY,UPSTREAM ARRAY,10/5/2012,7,Bull Trout,R,Resident,W,Wild Fish or Natural Production,METHR - Methow River,SHOCK,Electro-Shock,190,1
3D9.1C2DD884E0,CGS12279.KFZ,"GLC - Gold Creek, Methow River",8/10/2013 12:11:45 PM,8/28/2013 9:31:17 PM,UPPER IN-STREAM ARRAY,UPPER IN-STREAM ARRAY,10/5/2012,7,Bull Trout,R,Resident,W,Wild Fish or Natural Production,METHR - Methow River,SHOCK,Electro-Shock,190,1
3D9.1C2DD885A4,CGS12279.KFZ,MRW - Methow River at Winthrop,9/3/2013 3:28:21 AM,9/3/2013 3:28:21 AM,DOWNSTREAM ARRAY,DOWNSTREAM ARRAY,10/5/2012,7,Bull Trout,R,Resident,W,Wild Fish or Natural Production,METHR - Methow River,SHOCK,Electro-Shock,191,1
3D9.1C2DD949F7,TLM13267.AAZ,CHL - Lower Chiwawa River,9/30/2019 6:38:37 PM,9/30/2019 6:39:57 PM,UPPER IN-STREAM ARRAY,LOWER IN-STREAM ARRAY,9/24/2013,7,Bull Trout,R,Resident,W,Wild Fish or Natural Production,"CHIWAT - Chiwawa River Trap, 0.5 km below CHIP acclimation pond",SCREWT,Screw Trap,258,1
3D9.1C2DD949F7,TLM13267.AAZ,CHU - Upper Chiwawa River,4/26/2018 5:16:15 PM,9/29/2019 9:03:45 PM,UPPER IN-STREAM ARRAY,LOWER IN-STREAM ARRAY,9/24/2013,7,Bull Trout,R,Resident,W,Wild Fish or Natural Production,"CHIWAT - Chiwawa River Trap, 0.5 km below CHIP acclimation pond",SCREWT,Screw Trap,258,1
3D9.1C2DD949F7,TLM13267.AAZ,UWE - Upper Wenatchee River,9/23/2017 9:43:27 PM,9/30/2019 10:24:41 PM,IN-STREAM ARRAY,IN-STREAM ARRAY,9/24/2013,7,Bull Trout,R,Resident,W,Wild Fish or Natural Production,"CHIWAT - Chiwawa River Trap, 0.5 km below CHIP acclimation pond",SCREWT,Screw Trap,258,1
3D9.1C2DD949F7,TLM13267.AAZ,"WTL - White River, Wenatchee Basin",7/23/2017 11:40:05 PM,7/23/2017 11:40:05 PM,LOWER IN-STREAM ARRAY,LOWER IN-STREAM ARRAY,9/24/2013,7,Bull Trout,R,Resident,W,Wild Fish or Natural Production,"CHIWAT - Chiwawa River Trap, 0.5 km below CHIP acclimation pond",SCREWT,Screw Trap,258,1
3D9.1C2DD97861,CGS14123.LAI,"GLC - Gold Creek, Methow River",7/21/2014 1:17:20 AM,9/25/2014 5:52:18 PM,LOWER IN-STREAM ARRAY,LOWER IN-STREAM ARRAY,5/3/2014,7,Bull Trout,R,Resident,W,Wild Fish or Natural Production,TWISPR - Twisp River,SCREWT,Screw Trap,146,1
3D9.1C2DD9C049,CSS13119.HB4,RRJ - Rocky Reach Dam Juvenile,5/2/2013 11:26:19 PM,5/2/2013 11:26:19 PM,DSM BYPASS SURFACE COLLECTOR,DSM BYPASS SURFACE COLLECTOR,5/1/2013,7,Bull Trout,R,Resident,W,Wild Fish or Natural Production,ENTIAR - Entiat River,SCREWT,Screw Trap,164,1
3D9.1C2DD9D7FB,TNA13189.H12,HSL - Hancock Springs Lower,5/19/2014 9:56:54 PM,6/3/2014 11:43:49 PM,Hancock Springs 03,Hancock Springs 03,7/8/2013,7,Bull Trout,R,Resident,W,Wild Fish or Natural Production,"HANSPC - Hancock Springs Creek, tributary to Methow River",SHOCK,Electro-Shock,183,1
3D9.1C2DD9D7FB,TNA13189.H12,LMR - Lower Methow River at Pateros,10/25/2014 4:45:04 AM,10/25/2014 4:45:04 AM,UPSTREAM FULL-WIDTH ARRAY,UPSTREAM FULL-WIDTH ARRAY,7/8/2013,7,Bull Trout,R,Resident,W,Wild Fish or Natural Production,"HANSPC - Hancock Springs Creek, tributary to Methow River",SHOCK,Electro-Shock,183,1
3D9.1C2DD9ECA9,TLM13168.AAZ,CHW - Chiwaukum Creek,6/30/2013 5:16:03 PM,7/27/2013 11:22:05 PM,UPSTREAM ARRAY,DOWNSTREAM ARRAY,6/17/2013,7,Bull Trout,R,Resident,W,Wild Fish or Natural Production,"CHIWAT - Chiwawa River Trap, 0.5 km below CHIP acclimation pond",SCREWT,Screw Trap,143,1
3D9.1C2DDA218A,CSS13093.HA3,RRJ - Rocky Reach Dam Juvenile,4/9/2013 4:50:14 AM,4/9/2013 4:50:15 AM,DSM BYPASS SURFACE COLLECTOR,DSM BYPASS SURFACE COLLECTOR,4/3/2013,7,Bull Trout,R,Resident,W,Wild Fish or Natural Production,ENTIAR - Entiat River,SCREWT,Screw Trap,204,1
3D9.1C2DDA3393,TNA13188.H13,HSU - Hancock Springs Upper,7/12/2013 1:47:28 AM,9/2/2013 10:18:44 PM,Hancock Springs 01,Hancock Springs 01,NA,7,Bull Trout,R,Resident,W,Wild Fish or Natural Production,- Unknown,SHOCK,Electro-Shock,151,1
3D9.1C2DDA35D0,TLM12213.AAZ,CHW - Chiwaukum Creek,8/15/2012 8:16:52 PM,10/13/2012 6:27:10 PM,DOWNSTREAM ARRAY,DOWNSTREAM ARRAY,7/31/2012,7,Bull Trout,R,Resident,W,Wild Fish or Natural Production,"CHIWAT - Chiwawa River Trap, 0.5 km below CHIP acclimation pond",SCREWT,Screw Trap,162,1
3D9.1C2DDA567F,TNA13189.H12,HSU - Hancock Springs Upper,7/15/2013 2:41:04 AM,1/17/2014 1:44:00 AM,Hancock Springs 01,Hancock Springs 01,7/8/2013,7,Bull Trout,R,Resident,W,Wild Fish or Natural Production,"HANSPC - Hancock Springs Creek, tributary to Methow River",SHOCK,Electro-Shock,153,1
3D9.1C2DDA5903,TNA14224.H12,HSM - Hancock Springs Middle,9/13/2014 1:37:05 AM,9/13/2014 2:22:07 AM,Hancock Springs 02,Hancock Springs 02,NA,7,Bull Trout,R,Resident,W,Wild Fish or Natural Production,- Unknown,SHOCK,Electro-Shock,165,1
3D9.1C2DDA5903,TNA14224.H12,HSU - Hancock Springs Upper,9/5/2014 1:04:57 AM,9/12/2014 11:26:06 PM,Hancock Springs 01,Hancock Springs 01,NA,7,Bull Trout,R,Resident,W,Wild Fish or Natural Production,- Unknown,SHOCK,Electro-Shock,165,1
3D9.1C2DDA5C8A,FWE13147.HA3,ENL - Lower Entiat River,5/28/2013 2:49:28 PM,5/28/2013 2:49:28 PM,UPPER IN-STREAM ARRAY,UPPER IN-STREAM ARRAY,5/30/2013,7,Bull Trout,R,Resident,W,Wild Fish or Natural Production,ENTIAR - Entiat River,SCREWT,Screw Trap,161,1
3D9.1C2DDA8078,TNA13188.H13,HSM - Hancock Springs Middle,8/15/2013 12:05:36 AM,8/15/2013 12:52:08 AM,Hancock Springs 02,Hancock Springs 02,NA,7,Bull Trout,R,Resident,W,Wild Fish or Natural Production,- Unknown,SHOCK,Electro-Shock,143,1
3D9.1C2DDACB8A,TLM12239.AAZ,CHL - Lower Chiwawa River,8/26/2012 12:11:48 PM,4/13/2019 6:54:39 PM,LOWER IN-STREAM ARRAY,UPPER IN-STREAM ARRAY,8/26/2012,7,Bull Trout,R,Resident,W,Wild Fish or Natural Production,"CHIWAT - Chiwawa River Trap, 0.5 km below CHIP acclimation pond",SCREWT,Screw Trap,236,1
3D9.1C2DDACB8A,TLM12239.AAZ,CHU - Upper Chiwawa River,8/29/2012 1:58:22 PM,6/21/2019 8:47:09 PM,LOWER IN-STREAM ARRAY,UPPER IN-STREAM ARRAY,8/26/2012,7,Bull Trout,R,Resident,W,Wild Fish or Natural Production,"CHIWAT - Chiwawa River Trap, 0.5 km below CHIP acclimation pond",SCREWT,Screw Trap,236,1
3D9.1C2DDACB8A,TLM12239.AAZ,UWE - Upper Wenatchee River,9/24/2015 1:31:12 AM,4/24/2018 8:58:50 PM,IN-STREAM ARRAY,IN-STREAM ARRAY,8/26/2012,7,Bull Trout,R,Resident,W,Wild Fish or Natural Production,"CHIWAT - Chiwawa River Trap, 0.5 km below CHIP acclimation pond",SCREWT,Screw Trap,236,1
3D9.1C2DDAD54C,TLM12318.AAZ,CHL - Lower Chiwawa River,11/17/2012 7:06:06 PM,11/17/2012 7:06:06 PM,LOWER IN-STREAM ARRAY,LOWER IN-STREAM ARRAY,11/14/2012,7,Bull Trout,R,Resident,W,Wild Fish or Natural Production,"CHIWAT - Chiwawa River Trap, 0.5 km below CHIP acclimation pond",SCREWT,Screw Trap,152,1
3D9.1C2DDB02FD,TLM12144.AAZ,RRF - Rocky Reach Fishway,11/9/2012 12:12:17 PM,11/9/2012 12:19:03 PM,WEIR 4,WEIR 6,5/23/2012,7,Bull Trout,R,Resident,W,Wild Fish or Natural Production,"CHIWAT - Chiwawa River Trap, 0.5 km below CHIP acclimation pond",SCREWT,Screw Trap,129,1
3D9.1C2DDB2974,TLM12256.AAZ,CHL - Lower Chiwawa River,9/15/2016 2:08:24 AM,9/15/2016 2:08:24 AM,LOWER IN-STREAM ARRAY,LOWER IN-STREAM ARRAY,9/12/2012,7,Bull Trout,R,Resident,W,Wild Fish or Natural Production,"CHIWAT - Chiwawa River Trap, 0.5 km below CHIP acclimation pond",SCREWT,Screw Trap,226,1
3D9.1C2DDB2974,TLM12256.AAZ,CHU - Upper Chiwawa River,5/29/2016 4:16:49 AM,9/9/2017 11:34:23 PM,LOWER IN-STREAM ARRAY,LOWER IN-STREAM ARRAY,9/12/2012,7,Bull Trout,R,Resident,W,Wild Fish or Natural Production,"CHIWAT - Chiwawa River Trap, 0.5 km below CHIP acclimation pond",SCREWT,Screw Trap,226,1
3D9.1C2DDB2974,TLM12256.AAZ,UWE - Upper Wenatchee River,9/15/2016 5:12:13 AM,9/10/2017 9:50:44 PM,IN-STREAM ARRAY,IN-STREAM ARRAY,9/12/2012,7,Bull Trout,R,Resident,W,Wild Fish or Natural Production,"CHIWAT - Chiwawa River Trap, 0.5 km below CHIP acclimation pond",SCREWT,Screw Trap,226,1
3D9.1C2DDB2974,TLM12256.AAZ,"WTL - White River, Wenatchee Basin",9/16/2014 4:32:59 AM,9/14/2018 4:40:05 AM,LOWER IN-STREAM ARRAY,UPPER IN-STREAM ARRAY,9/12/2012,7,Bull Trout,R,Resident,W,Wild Fish or Natural Production,"CHIWAT - Chiwawa River Trap, 0.5 km below CHIP acclimation pond",SCREWT,Screw Trap,226,1
3D9.1C2DDB52F5,TLM12312.AAZ,CHL - Lower Chiwawa River,11/9/2012 8:42:17 PM,11/10/2012 9:37:28 PM,LOWER IN-STREAM ARRAY,LOWER IN-STREAM ARRAY,11/7/2012,7,Bull Trout,R,Resident,W,Wild Fish or Natural Production,"CHIWAT - Chiwawa River Trap, 0.5 km below CHIP acclimation pond",SCREWT,Screw Trap,230,1
3D9.1C2DDB640F,TLM13269.AAZ,CHL - Lower Chiwawa River,9/27/2019 1:55:43 AM,9/27/2019 1:55:45 AM,LOWER IN-STREAM ARRAY,LOWER IN-STREAM ARRAY,9/26/2013,7,Bull Trout,R,Resident,W,Wild Fish or Natural Production,"CHIWAT - Chiwawa River Trap, 0.5 km below CHIP acclimation pond",SCREWT,Screw Trap,270,1
3D9.1C2DDB640F,TLM13269.AAZ,CHU - Upper Chiwawa River,10/2/2017 6:43:17 PM,9/26/2019 10:05:06 PM,UPPER IN-STREAM ARRAY,LOWER IN-STREAM ARRAY,9/26/2013,7,Bull Trout,R,Resident,W,Wild Fish or Natural Production,"CHIWAT - Chiwawa River Trap, 0.5 km below CHIP acclimation pond",SCREWT,Screw Trap,270,1
3D9.1C2DDB640F,TLM13269.AAZ,UWE - Upper Wenatchee River,10/3/2017 1:22:11 AM,9/27/2019 4:55:32 AM,IN-STREAM ARRAY,IN-STREAM ARRAY,9/26/2013,7,Bull Trout,R,Resident,W,Wild Fish or Natural Production,"CHIWAT - Chiwawa River Trap, 0.5 km below CHIP acclimation pond",SCREWT,Screw Trap,270,1
3D9.1C2DDB640F,TLM13269.AAZ,"WTL - White River, Wenatchee Basin",7/12/2016 4:05:42 AM,8/23/2016 9:45:34 PM,UPPER IN-STREAM ARRAY,UPPER IN-STREAM ARRAY,9/26/2013,7,Bull Trout,R,Resident,W,Wild Fish or Natural Production,"CHIWAT - Chiwawa River Trap, 0.5 km below CHIP acclimation pond",SCREWT,Screw Trap,270,1
3D9.1C2DDB643F,TLM13136.AAZ,CHL - Lower Chiwawa River,7/9/2016 9:13:59 PM,7/9/2016 9:13:59 PM,LOWER IN-STREAM ARRAY,LOWER IN-STREAM ARRAY,5/16/2013,7,Bull Trout,R,Resident,W,Wild Fish or Natural Production,"CHIWAT - Chiwawa River Trap, 0.5 km below CHIP acclimation pond",SCREWT,Screw Trap,168,1
3D9.1C2DDB643F,TLM13136.AAZ,CHU - Upper Chiwawa River,7/15/2016 2:42:17 AM,7/15/2016 2:42:17 AM,UPPER IN-STREAM ARRAY,UPPER IN-STREAM ARRAY,5/16/2013,7,Bull Trout,R,Resident,W,Wild Fish or Natural Production,"CHIWAT - Chiwawa River Trap, 0.5 km below CHIP acclimation pond",SCREWT,Screw Trap,168,1
3D9.1C2DDB643F,TLM13136.AAZ,UWE - Upper Wenatchee River,7/8/2016 9:33:20 PM,7/8/2016 9:33:20 PM,IN-STREAM ARRAY,IN-STREAM ARRAY,5/16/2013,7,Bull Trout,R,Resident,W,Wild Fish or Natural Production,"CHIWAT - Chiwawa River Trap, 0.5 km below CHIP acclimation pond",SCREWT,Screw Trap,168,1
3D9.1C2DDB645C,TLM13148.AAZ,CHL - Lower Chiwawa River,10/7/2019 11:50:51 PM,8/13/2024 3:24:13 AM,LOWER IN-STREAM ARRAY,UPPER IN-STREAM ARRAY,5/28/2013,7,Bull Trout,R,Resident,W,Wild Fish or Natural Production,"CHIWAT - Chiwawa River Trap, 0.5 km below CHIP acclimation pond",SCREWT,Screw Trap,158,1
3D9.1C2DDB645C,TLM13148.AAZ,CHU - Upper Chiwawa River,8/17/2017 10:40:09 PM,8/15/2024 12:05:30 AM,LOWER IN-STREAM ARRAY,LOWER IN-STREAM ARRAY,5/28/2013,7,Bull Trout,R,Resident,W,Wild Fish or Natural Production,"CHIWAT - Chiwawa River Trap, 0.5 km below CHIP acclimation pond",SCREWT,Screw Trap,158,1
3D9.1C2DDB645C,TLM13148.AAZ,NAL - Lower Nason Creek,8/21/2013 5:00:29 AM,8/21/2013 5:01:12 AM,LOWER IN-STREAM ARRAY,UPPER IN-STREAM ARRAY,5/28/2013,7,Bull Trout,R,Resident,W,Wild Fish or Natural Production,"CHIWAT - Chiwawa River Trap, 0.5 km below CHIP acclimation pond",SCREWT,Screw Trap,158,1
3D9.1C2DDB645C,TLM13148.AAZ,NAU - Upper Nason Creek,9/14/2013 9:01:43 PM,10/1/2013 12:22:42 AM,LOWER IN-STREAM ARRAY,LOWER IN-STREAM ARRAY,5/28/2013,7,Bull Trout,R,Resident,W,Wild Fish or Natural Production,"CHIWAT - Chiwawa River Trap, 0.5 km below CHIP acclimation pond",SCREWT,Screw Trap,158,1
3D9.1C2DDB645C,TLM13148.AAZ,UWE - Upper Wenatchee River,8/15/2017 10:05:21 PM,8/13/2024 1:20:17 AM,IN-STREAM ARRAY,IN-STREAM ARRAY,5/28/2013,7,Bull Trout,R,Resident,W,Wild Fish or Natural Production,"CHIWAT - Chiwawa River Trap, 0.5 km below CHIP acclimation pond",SCREWT,Screw Trap,158,1
3D9.1C2DDB645C,TLM13148.AAZ,"WTL - White River, Wenatchee Basin",9/9/2020 11:00:49 PM,7/19/2024 9:32:15 PM,LOWER IN-STREAM ARRAY,LOWER IN-STREAM ARRAY,5/28/2013,7,Bull Trout,R,Resident,W,Wild Fish or Natural Production,"CHIWAT - Chiwawa River Trap, 0.5 km below CHIP acclimation pond",SCREWT,Screw Trap,158,1
3D9.1C2DDB6DCE,TLM13270.AAZ,CHL - Lower Chiwawa River,9/24/2014 8:11:02 PM,9/28/2016 9:35:41 PM,LOWER IN-STREAM ARRAY,LOWER IN-STREAM ARRAY,9/27/2013,7,Bull Trout,R,Resident,W,Wild Fish or Natural Production,"CHIWAT - Chiwawa River Trap, 0.5 km below CHIP acclimation pond",SCREWT,Screw Trap,276,1
3D9.1C2DDB6DCE,TLM13270.AAZ,CHU - Upper Chiwawa River,7/2/2015 7:30:02 AM,9/28/2016 5:00:52 AM,LOWER IN-STREAM ARRAY,LOWER IN-STREAM ARRAY,9/27/2013,7,Bull Trout,R,Resident,W,Wild Fish or Natural Production,"CHIWAT - Chiwawa River Trap, 0.5 km below CHIP acclimation pond",SCREWT,Screw Trap,276,1
3D9.1C2DDB6EEA,CSS14093.HA8,ENL - Lower Entiat River,4/3/2014 10:03:01 PM,4/3/2014 10:03:01 PM,LOWER IN-STREAM ARRAY,LOWER IN-STREAM ARRAY,4/3/2014,7,Bull Trout,R,Resident,W,Wild Fish or Natural Production,ENTIAR - Entiat River,SCREWT,Screw Trap,247,1
3D9.1C2DDB6F1D,FWE13071.3D5,3D1 - Top of 3D Side Channel,5/16/2013 8:54:00 PM,5/16/2013 8:56:00 PM,Pass Through Antenna,Pass Through Antenna,3/12/2013,7,Bull Trout,R,Resident,W,Wild Fish or Natural Production,ENTIAR - Entiat River,DIPNET,Dip Net,156,1
3D9.1C2DDB6F1D,FWE13071.3D5,3D2 - Middle-1 of 3D Side Channel,5/16/2013 10:39:00 PM,5/16/2013 10:39:00 PM,Pass Through Antenna,Pass Through Antenna,3/12/2013,7,Bull Trout,R,Resident,W,Wild Fish or Natural Production,ENTIAR - Entiat River,DIPNET,Dip Net,156,1
3D9.1C2DDB83C0,TLM12207.AAZ,CHL - Lower Chiwawa River,6/24/2015 3:30:20 AM,9/23/2020 12:11:19 AM,UPPER IN-STREAM ARRAY,UPPER IN-STREAM ARRAY,7/25/2012,7,Bull Trout,R,Resident,W,Wild Fish or Natural Production,"CHIWAT - Chiwawa River Trap, 0.5 km below CHIP acclimation pond",SCREWT,Screw Trap,185,1
3D9.1C2DDB83C0,TLM12207.AAZ,CHU - Upper Chiwawa River,10/13/2015 5:16:12 AM,9/22/2020 9:08:59 PM,LOWER IN-STREAM ARRAY,LOWER IN-STREAM ARRAY,7/25/2012,7,Bull Trout,R,Resident,W,Wild Fish or Natural Production,"CHIWAT - Chiwawa River Trap, 0.5 km below CHIP acclimation pond",SCREWT,Screw Trap,185,1
3D9.1C2DDB83C0,TLM12207.AAZ,UWE - Upper Wenatchee River,10/22/2015 3:20:53 AM,9/23/2020 2:51:58 AM,IN-STREAM ARRAY,IN-STREAM ARRAY,7/25/2012,7,Bull Trout,R,Resident,W,Wild Fish or Natural Production,"CHIWAT - Chiwawa River Trap, 0.5 km below CHIP acclimation pond",SCREWT,Screw Trap,185,1
3D9.1C2DDB8DE4,CFM-2012-086-TUM.xml,CHW - Chiwaukum Creek,7/29/2012 4:33:46 AM,9/10/2015 9:00:56 PM,DOWNSTREAM ARRAY,DOWNSTREAM ARRAY,7/19/2012,7,Bull Trout,R,Resident,W,Wild Fish or Natural Production,TUMFBY - TUM - Release into the Forebay within 0.5 km upstream of Dam,LADDER,Adult Passage Ladder,NA,1
3D9.1C2DDB8DE4,CFM-2012-086-TUM.xml,ICL - Lower Icicle Instream Array,9/14/2012 10:02:49 PM,9/23/2015 8:08:54 PM,INSTREAM ARRAY,Upstream Array,7/19/2012,7,Bull Trout,R,Resident,W,Wild Fish or Natural Production,TUMFBY - TUM - Release into the Forebay within 0.5 km upstream of Dam,LADDER,Adult Passage Ladder,NA,1
3D9.1C2DDB8DE4,CFM-2012-086-TUM.xml,TUF - Tumwater Dam Adult Fishway,6/30/2013 12:54:49 PM,7/14/2015 1:39:01 PM,WEIR 14,WEIR 17,7/19/2012,7,Bull Trout,R,Resident,W,Wild Fish or Natural Production,TUMFBY - TUM - Release into the Forebay within 0.5 km upstream of Dam,LADDER,Adult Passage Ladder,NA,1
3D9.1C2DDB8E48,CFM-2013-060-TUM.xml,TUF - Tumwater Dam Adult Fishway,7/18/2013 7:51:08 AM,7/18/2013 2:25:08 PM,WEIR 14,WEIR 17,7/10/2013,7,Bull Trout,R,Resident,W,Wild Fish or Natural Production,TUMFBY - TUM - Release into the Forebay within 0.5 km upstream of Dam,LADDER,Adult Passage Ladder,NA,1
3D9.1C2DDB8F7B,NBD-2014-174-DRY.xml,CHW - Chiwaukum Creek,8/28/2015 3:40:54 AM,8/28/2015 3:41:18 AM,DOWNSTREAM ARRAY,UPSTREAM ARRAY,7/9/2014,7,Bull Trout,R,Resident,W,Wild Fish or Natural Production,DRYFBY - DRY - Release into the Forebay within 0.5 km upstream of Dam,LADDER,Adult Passage Ladder,NA,1
3D9.1C2DDB8F7B,NBD-2014-174-DRY.xml,ICL - Lower Icicle Instream Array,7/14/2014 8:58:53 PM,8/27/2014 9:17:06 PM,INSTREAM ARRAY,INSTREAM ARRAY,7/9/2014,7,Bull Trout,R,Resident,W,Wild Fish or Natural Production,DRYFBY - DRY - Release into the Forebay within 0.5 km upstream of Dam,LADDER,Adult Passage Ladder,NA,1
3D9.1C2DDB8F7B,NBD-2014-174-DRY.xml,TUF - Tumwater Dam Adult Fishway,5/27/2015 1:24:47 PM,7/24/2015 2:31:01 PM,WEIR 14,WEIR 17,7/9/2014,7,Bull Trout,R,Resident,W,Wild Fish or Natural Production,DRYFBY - DRY - Release into the Forebay within 0.5 km upstream of Dam,LADDER,Adult Passage Ladder,NA,1
3D9.1C2DDB91D1,NBD-2014-085-TUM.json,CHW - Chiwaukum Creek,10/7/2014 12:57:47 AM,7/7/2015 12:53:59 AM,UPSTREAM ARRAY,UPSTREAM ARRAY,7/10/2014,7,Bull Trout,R,Resident,W,Wild Fish or Natural Production,TUMFBY - TUM - Release into the Forebay within 0.5 km upstream of Dam,LADDER,Adult Passage Ladder,NA,1
3D9.1C2DDB91D1,NBD-2014-085-TUM.json,TUF - Tumwater Dam Adult Fishway,6/16/2015 10:49:35 AM,7/5/2015 3:45:36 PM,WEIR 14,WEIR 17,7/10/2014,7,Bull Trout,R,Resident,W,Wild Fish or Natural Production,TUMFBY - TUM - Release into the Forebay within 0.5 km upstream of Dam,LADDER,Adult Passage Ladder,NA,1
3D9.1C2DDB91E8,CFM-2012-086-TUM.xml,CHW - Chiwaukum Creek,7/27/2012 3:55:45 PM,7/27/2012 4:02:41 PM,DOWNSTREAM ARRAY,UPSTREAM ARRAY,7/15/2012,7,Bull Trout,R,Resident,W,Wild Fish or Natural Production,TUMFBY - TUM - Release into the Forebay within 0.5 km upstream of Dam,LADDER,Adult Passage Ladder,NA,1
3D9.1C2DDB91F5,CFM-2012-086-TUM.xml,CHW - Chiwaukum Creek,7/24/2012 9:59:30 PM,9/24/2013 10:57:30 PM,DOWNSTREAM ARRAY,DOWNSTREAM ARRAY,7/16/2012,7,Bull Trout,R,Resident,W,Wild Fish or Natural Production,TUMFBY - TUM - Release into the Forebay within 0.5 km upstream of Dam,LADDER,Adult Passage Ladder,NA,1
3D9.1C2DDB91F5,CFM-2012-086-TUM.xml,LWE - Lower Wenatchee River,3/16/2013 9:56:52 AM,3/16/2013 9:56:52 AM,DOWNSTREAM ANTENNA ARRAY,DOWNSTREAM ANTENNA ARRAY,7/16/2012,7,Bull Trout,R,Resident,W,Wild Fish or Natural Production,TUMFBY - TUM - Release into the Forebay within 0.5 km upstream of Dam,LADDER,Adult Passage Ladder,NA,1
3D9.1C2DDB91F5,CFM-2012-086-TUM.xml,TUF - Tumwater Dam Adult Fishway,6/29/2013 9:10:28 AM,7/3/2013 1:20:24 PM,WEIR 14,WEIR 17,7/16/2012,7,Bull Trout,R,Resident,W,Wild Fish or Natural Production,TUMFBY - TUM - Release into the Forebay within 0.5 km upstream of Dam,LADDER,Adult Passage Ladder,NA,1
3D9.1C2DDB923E,NBD-2014-174-DRY.xml,LWE - Lower Wenatchee River,7/21/2014 5:22:21 PM,7/21/2014 5:22:45 PM,DOWNSTREAM ANTENNA ARRAY,UPSTREAM ANTENNA ARRAY,7/15/2014,7,Bull Trout,R,Resident,W,Wild Fish or Natural Production,DRYFBY - DRY - Release into the Forebay within 0.5 km upstream of Dam,LADDER,Adult Passage Ladder,NA,1
3D9.1C2DDB923E,NBD-2014-174-DRY.xml,RRF - Rocky Reach Fishway,6/13/2015 7:33:14 PM,6/13/2015 7:38:45 PM,Lower Weir,Trap,7/15/2014,7,Bull Trout,R,Resident,W,Wild Fish or Natural Production,DRYFBY - DRY - Release into the Forebay within 0.5 km upstream of Dam,LADDER,Adult Passage Ladder,NA,1
3D9.1C2DDB92CF,TLM-2013-276-TUM.xml,CHW - Chiwaukum Creek,8/1/2014 11:11:17 AM,6/26/2015 12:23:11 AM,DOWNSTREAM ARRAY,UPSTREAM ARRAY,10/4/2013,7,Bull Trout,R,Resident,W,Wild Fish or Natural Production,TUMFBY - TUM - Release into the Forebay within 0.5 km upstream of Dam,LADDER,Adult Passage Ladder,NA,1
3D9.1C2DDB92CF,TLM-2013-276-TUM.xml,MWE - Middle Wenatchee River,10/8/2013 3:53:37 PM,10/11/2013 8:33:31 AM,IN-STREAM ARRAY,IN-STREAM ARRAY,10/4/2013,7,Bull Trout,R,Resident,W,Wild Fish or Natural Production,TUMFBY - TUM - Release into the Forebay within 0.5 km upstream of Dam,LADDER,Adult Passage Ladder,NA,1
3D9.1C2DDB9323,CFM-2012-086-TUM.xml,CHW - Chiwaukum Creek,8/3/2012 12:13:14 AM,7/21/2013 12:02:22 AM,DOWNSTREAM ARRAY,UPSTREAM ARRAY,7/23/2012,7,Bull Trout,R,Resident,W,Wild Fish or Natural Production,TUMFBY - TUM - Release into the Forebay within 0.5 km upstream of Dam,LADDER,Adult Passage Ladder,NA,1
3D9.1C2DDB9323,CFM-2012-086-TUM.xml,ICL - Lower Icicle Instream Array,10/24/2012 1:10:01 AM,11/12/2012 7:38:17 PM,INSTREAM ARRAY,INSTREAM ARRAY,7/23/2012,7,Bull Trout,R,Resident,W,Wild Fish or Natural Production,TUMFBY - TUM - Release into the Forebay within 0.5 km upstream of Dam,LADDER,Adult Passage Ladder,NA,1
3D9.1C2DDB9323,CFM-2012-086-TUM.xml,TUF - Tumwater Dam Adult Fishway,7/9/2013 9:06:34 PM,7/9/2013 9:15:20 PM,WEIR 14,WEIR 17,7/23/2012,7,Bull Trout,R,Resident,W,Wild Fish or Natural Production,TUMFBY - TUM - Release into the Forebay within 0.5 km upstream of Dam,LADDER,Adult Passage Ladder,NA,1
3D9.1C2DDB93FF,CFM-2013-060-TUM.xml,CHW - Chiwaukum Creek,7/24/2013 1:21:09 AM,7/24/2013 1:21:29 AM,DOWNSTREAM ARRAY,UPSTREAM ARRAY,7/10/2013,7,Bull Trout,R,Resident,W,Wild Fish or Natural Production,TUMFBY - TUM - Release into the Forebay within 0.5 km upstream of Dam,LADDER,Adult Passage Ladder,NA,1
3D9.1C2DDB967D,NBD-2014-085-TUM.json,CHW - Chiwaukum Creek,7/15/2014 11:16:28 PM,7/15/2014 11:16:28 PM,DOWNSTREAM ARRAY,DOWNSTREAM ARRAY,7/7/2014,7,Bull Trout,R,Resident,W,Wild Fish or Natural Production,TUMFBY - TUM - Release into the Forebay within 0.5 km upstream of Dam,LADDER,Adult Passage Ladder,NA,1
3D9.1C2DDB9736,CFM-2012-086-TUM.xml,CHW - Chiwaukum Creek,8/2/2012 2:42:02 AM,7/12/2014 11:53:11 PM,DOWNSTREAM ARRAY,UPSTREAM ARRAY,7/23/2012,7,Bull Trout,R,Resident,W,Wild Fish or Natural Production,TUMFBY - TUM - Release into the Forebay within 0.5 km upstream of Dam,LADDER,Adult Passage Ladder,NA,1
3D9.1C2DDB9736,CFM-2012-086-TUM.xml,TUF - Tumwater Dam Adult Fishway,6/30/2013 6:42:38 PM,7/4/2014 9:31:12 PM,WEIR 14,WEIR 17,7/23/2012,7,Bull Trout,R,Resident,W,Wild Fish or Natural Production,TUMFBY - TUM - Release into the Forebay within 0.5 km upstream of Dam,LADDER,Adult Passage Ladder,NA,1
3D9.1C2DDB983F,CFM-2013-060-TUM.xml,CHW - Chiwaukum Creek,7/15/2013 11:51:57 AM,9/29/2013 5:27:56 PM,DOWNSTREAM ARRAY,DOWNSTREAM ARRAY,7/10/2013,7,Bull Trout,R,Resident,W,Wild Fish or Natural Production,TUMFBY - TUM - Release into the Forebay within 0.5 km upstream of Dam,LADDER,Adult Passage Ladder,NA,1
3D9.1C2DDB983F,CFM-2013-060-TUM.xml,TUF - Tumwater Dam Adult Fishway,7/15/2014 6:12:01 PM,7/15/2014 6:27:24 PM,WEIR 14,WEIR 17,7/10/2013,7,Bull Trout,R,Resident,W,Wild Fish or Natural Production,TUMFBY - TUM - Release into the Forebay within 0.5 km upstream of Dam,LADDER,Adult Passage Ladder,NA,1
3D9.1C2DDB986F,NBD-2014-174-DRY.xml,PES - Peshastin Creek,7/11/2014 2:19:09 PM,7/11/2014 2:20:12 PM,LOWER IN-STREAM ARRAY,UPPER IN-STREAM ARRAY,7/10/2014,7,Bull Trout,R,Resident,W,Wild Fish or Natural Production,DRYFBY - DRY - Release into the Forebay within 0.5 km upstream of Dam,LADDER,Adult Passage Ladder,NA,1
3D9.1C2DDB98DA,NBD-2015-065-TUM.xml,CHW - Chiwaukum Creek,7/11/2016 3:17:32 AM,7/11/2016 3:17:32 AM,UPSTREAM ARRAY,UPSTREAM ARRAY,6/24/2015,7,Bull Trout,R,Resident,W,Wild Fish or Natural Production,TUMFBY - TUM - Release into the Forebay within 0.5 km upstream of Dam,LADDER,Adult Passage Ladder,NA,1
3D9.1C2DDB98DA,NBD-2015-065-TUM.xml,TUF - Tumwater Dam Adult Fishway,8/29/2015 4:31:40 PM,7/9/2016 7:35:19 AM,WEIR 14,WEIR 17,6/24/2015,7,Bull Trout,R,Resident,W,Wild Fish or Natural Production,TUMFBY - TUM - Release into the Forebay within 0.5 km upstream of Dam,LADDER,Adult Passage Ladder,NA,1
3D9.1C2DDB9B0B,NBD-2014-174-DRY.xml,ICL - Lower Icicle Instream Array,7/16/2014 10:19:25 PM,9/15/2014 8:52:07 PM,INSTREAM ARRAY,INSTREAM ARRAY,7/14/2014,7,Bull Trout,R,Resident,W,Wild Fish or Natural Production,DRYFBY - DRY - Release into the Forebay within 0.5 km upstream of Dam,LADDER,Adult Passage Ladder,NA,1
3D9.1C2DDB9B0B,NBD-2014-174-DRY.xml,LWE - Lower Wenatchee River,10/13/2017 11:54:06 PM,10/15/2018 1:32:37 AM,DOWNSTREAM ANTENNA ARRAY,DOWNSTREAM ANTENNA ARRAY,7/14/2014,7,Bull Trout,R,Resident,W,Wild Fish or Natural Production,DRYFBY - DRY - Release into the Forebay within 0.5 km upstream of Dam,LADDER,Adult Passage Ladder,NA,1
3D9.1C2DDB9B0B,NBD-2014-174-DRY.xml,PES - Peshastin Creek,6/16/2015 11:32:45 PM,6/1/2019 12:23:47 PM,LOWER IN-STREAM ARRAY,UPPER IN-STREAM ARRAY,7/14/2014,7,Bull Trout,R,Resident,W,Wild Fish or Natural Production,DRYFBY - DRY - Release into the Forebay within 0.5 km upstream of Dam,LADDER,Adult Passage Ladder,NA,1
3D9.1C2DDB9B13,CFM-2013-060-TUM.xml,CHW - Chiwaukum Creek,7/22/2013 2:19:33 AM,10/2/2013 1:00:53 PM,DOWNSTREAM ARRAY,DOWNSTREAM ARRAY,7/6/2013,7,Bull Trout,R,Resident,W,Wild Fish or Natural Production,TUMFBY - TUM - Release into the Forebay within 0.5 km upstream of Dam,LADDER,Adult Passage Ladder,NA,1
3D9.1C2DDB9B13,CFM-2013-060-TUM.xml,TUF - Tumwater Dam Adult Fishway,7/9/2014 7:43:21 PM,7/14/2014 6:38:33 PM,WEIR 14,WEIR 17,7/6/2013,7,Bull Trout,R,Resident,W,Wild Fish or Natural Production,TUMFBY - TUM - Release into the Forebay within 0.5 km upstream of Dam,LADDER,Adult Passage Ladder,NA,1
3D9.1C2DDB9C0B,CFM-2012-086-TUM.xml,CHL - Lower Chiwawa River,9/25/2012 5:30:44 AM,9/13/2015 2:35:40 AM,UPPER IN-STREAM ARRAY,LOWER IN-STREAM ARRAY,7/15/2012,7,Bull Trout,R,Resident,W,Wild Fish or Natural Production,TUMFBY - TUM - Release into the Forebay within 0.5 km upstream of Dam,LADDER,Adult Passage Ladder,NA,1
3D9.1C2DDB9C0B,CFM-2012-086-TUM.xml,CHU - Upper Chiwawa River,7/31/2012 8:38:49 PM,9/12/2015 10:25:06 PM,LOWER IN-STREAM ARRAY,UPPER IN-STREAM ARRAY,7/15/2012,7,Bull Trout,R,Resident,W,Wild Fish or Natural Production,TUMFBY - TUM - Release into the Forebay within 0.5 km upstream of Dam,LADDER,Adult Passage Ladder,NA,1
3D9.1C2DDB9DDE,NBD-2014-174-DRY.xml,LWE - Lower Wenatchee River,8/24/2014 7:41:30 AM,8/24/2014 7:41:30 AM,DOWNSTREAM ANTENNA ARRAY,DOWNSTREAM ANTENNA ARRAY,8/18/2014,7,Bull Trout,R,Resident,W,Wild Fish or Natural Production,DRYFBY - DRY - Release into the Forebay within 0.5 km upstream of Dam,LADDER,Adult Passage Ladder,NA,1
3D9.1C2DDB9DDE,NBD-2014-174-DRY.xml,PES - Peshastin Creek,8/19/2014 7:53:08 PM,8/22/2014 10:54:17 AM,LOWER IN-STREAM ARRAY,LOWER IN-STREAM ARRAY,8/18/2014,7,Bull Trout,R,Resident,W,Wild Fish or Natural Production,DRYFBY - DRY - Release into the Forebay within 0.5 km upstream of Dam,LADDER,Adult Passage Ladder,NA,1
3D9.1C2DDBA234,CFM-2012-086-TUM.xml,CHW - Chiwaukum Creek,8/5/2012 2:19:19 AM,9/27/2013 3:02:33 AM,DOWNSTREAM ARRAY,DOWNSTREAM ARRAY,7/24/2012,7,Bull Trout,R,Resident,W,Wild Fish or Natural Production,TUMFBY - TUM - Release into the Forebay within 0.5 km upstream of Dam,LADDER,Adult Passage Ladder,NA,1
3D9.1C2DDBA234,CFM-2012-086-TUM.xml,LWE - Lower Wenatchee River,5/31/2013 1:24:30 AM,6/7/2014 8:16:16 PM,UPSTREAM ANTENNA ARRAY,UPSTREAM ANTENNA ARRAY,7/24/2012,7,Bull Trout,R,Resident,W,Wild Fish or Natural Production,TUMFBY - TUM - Release into the Forebay within 0.5 km upstream of Dam,LADDER,Adult Passage Ladder,NA,1
3D9.1C2DDBA234,CFM-2012-086-TUM.xml,RRF - Rocky Reach Fishway,9/28/2012 10:45:46 AM,11/8/2013 2:16:15 PM,WEIR 4,WEIR 6,7/24/2012,7,Bull Trout,R,Resident,W,Wild Fish or Natural Production,TUMFBY - TUM - Release into the Forebay within 0.5 km upstream of Dam,LADDER,Adult Passage Ladder,NA,1
3D9.1C2DDBA234,CFM-2012-086-TUM.xml,TUF - Tumwater Dam Adult Fishway,7/5/2013 6:19:51 AM,7/15/2014 1:46:45 PM,WEIR 14,WEIR 17,7/24/2012,7,Bull Trout,R,Resident,W,Wild Fish or Natural Production,TUMFBY - TUM - Release into the Forebay within 0.5 km upstream of Dam,LADDER,Adult Passage Ladder,NA,1
3D9.1C2DDBA34A,NBD-2014-085-TUM.json,CHW - Chiwaukum Creek,7/11/2014 3:47:48 AM,8/3/2015 12:02:58 AM,DOWNSTREAM ARRAY,UPSTREAM ARRAY,6/24/2014,7,Bull Trout,R,Resident,W,Wild Fish or Natural Production,TUMFBY - TUM - Release into the Forebay within 0.5 km upstream of Dam,LADDER,Adult Passage Ladder,NA,1
3D9.1C2DDBA34A,NBD-2014-085-TUM.json,TUF - Tumwater Dam Adult Fishway,5/29/2015 5:13:23 PM,7/28/2015 4:33:54 PM,WEIR 14,WEIR 17,6/24/2014,7,Bull Trout,R,Resident,W,Wild Fish or Natural Production,TUMFBY - TUM - Release into the Forebay within 0.5 km upstream of Dam,LADDER,Adult Passage Ladder,NA,1
3D9.1C2DDBA377,CFM-2012-086-TUM.xml,CHW - Chiwaukum Creek,7/31/2012 11:29:58 PM,7/31/2012 11:30:48 PM,DOWNSTREAM ARRAY,UPSTREAM ARRAY,7/19/2012,7,Bull Trout,R,Resident,W,Wild Fish or Natural Production,TUMFBY - TUM - Release into the Forebay within 0.5 km upstream of Dam,LADDER,Adult Passage Ladder,NA,1
3D9.1C2DDBA3F6,CFM-2012-086-TUM.xml,CHW - Chiwaukum Creek,7/27/2012 5:47:32 AM,7/15/2013 12:36:09 AM,DOWNSTREAM ARRAY,UPSTREAM ARRAY,7/20/2012,7,Bull Trout,R,Resident,W,Wild Fish or Natural Production,TUMFBY - TUM - Release into the Forebay within 0.5 km upstream of Dam,LADDER,Adult Passage Ladder,NA,1
3D9.1C2DDBA3F6,CFM-2012-086-TUM.xml,ICL - Lower Icicle Instream Array,10/18/2012 5:17:15 AM,10/18/2012 5:17:15 AM,INSTREAM ARRAY,INSTREAM ARRAY,7/20/2012,7,Bull Trout,R,Resident,W,Wild Fish or Natural Production,TUMFBY - TUM - Release into the Forebay within 0.5 km upstream of Dam,LADDER,Adult Passage Ladder,NA,1
3D9.1C2DDBA3F6,CFM-2012-086-TUM.xml,TUF - Tumwater Dam Adult Fishway,7/8/2013 6:36:18 AM,7/8/2013 7:05:33 PM,WEIR 14,WEIR 14,7/20/2012,7,Bull Trout,R,Resident,W,Wild Fish or Natural Production,TUMFBY - TUM - Release into the Forebay within 0.5 km upstream of Dam,LADDER,Adult Passage Ladder,NA,1
3D9.1C2DDBA470,CFM-2012-086-TUM.xml,CHW - Chiwaukum Creek,8/2/2012 10:49:19 PM,9/17/2013 12:36:42 AM,DOWNSTREAM ARRAY,DOWNSTREAM ARRAY,7/24/2012,7,Bull Trout,R,Resident,W,Wild Fish or Natural Production,TUMFBY - TUM - Release into the Forebay within 0.5 km upstream of Dam,LADDER,Adult Passage Ladder,NA,1
3D9.1C2DDBA470,CFM-2012-086-TUM.xml,TUF - Tumwater Dam Adult Fishway,7/5/2013 3:01:26 PM,7/12/2014 1:54:08 PM,WEIR 14,WEIR 17,7/24/2012,7,Bull Trout,R,Resident,W,Wild Fish or Natural Production,TUMFBY - TUM - Release into the Forebay within 0.5 km upstream of Dam,LADDER,Adult Passage Ladder,NA,1
3D9.1C2DDBA666,CFM-2013-060-TUM.xml,CHW - Chiwaukum Creek,7/18/2013 6:01:35 AM,9/24/2013 12:27:24 AM,DOWNSTREAM ARRAY,DOWNSTREAM ARRAY,7/11/2013,7,Bull Trout,R,Resident,W,Wild Fish or Natural Production,TUMFBY - TUM - Release into the Forebay within 0.5 km upstream of Dam,LADDER,Adult Passage Ladder,NA,1
3D9.1C2DDBA666,CFM-2013-060-TUM.xml,LWE - Lower Wenatchee River,10/8/2013 9:10:02 AM,10/8/2013 9:10:06 AM,UPSTREAM ANTENNA ARRAY,UPSTREAM ANTENNA ARRAY,7/11/2013,7,Bull Trout,R,Resident,W,Wild Fish or Natural Production,TUMFBY - TUM - Release into the Forebay within 0.5 km upstream of Dam,LADDER,Adult Passage Ladder,NA,1
3D9.1C2DDBA66B,NBD-2014-085-TUM.json,CHL - Lower Chiwawa River,9/16/2014 9:40:43 PM,9/12/2016 7:37:10 PM,UPPER IN-STREAM ARRAY,LOWER IN-STREAM ARRAY,5/1/2014,7,Bull Trout,R,Resident,W,Wild Fish or Natural Production,TUMFBY - TUM - Release into the Forebay within 0.5 km upstream of Dam,LADDER,Adult Passage Ladder,NA,1
3D9.1C2DDBA66B,NBD-2014-085-TUM.json,CHU - Upper Chiwawa River,9/16/2014 7:05:00 PM,9/12/2016 2:01:35 AM,UPPER IN-STREAM ARRAY,LOWER IN-STREAM ARRAY,5/1/2014,7,Bull Trout,R,Resident,W,Wild Fish or Natural Production,TUMFBY - TUM - Release into the Forebay within 0.5 km upstream of Dam,LADDER,Adult Passage Ladder,NA,1
3D9.1C2DDBA66B,NBD-2014-085-TUM.json,UWE - Upper Wenatchee River,9/16/2014 11:32:15 PM,9/12/2016 9:56:05 PM,IN-STREAM ARRAY,IN-STREAM ARRAY,5/1/2014,7,Bull Trout,R,Resident,W,Wild Fish or Natural Production,TUMFBY - TUM - Release into the Forebay within 0.5 km upstream of Dam,LADDER,Adult Passage Ladder,NA,1
3D9.1C2DDBA6EE,NBD-2015-065-TUM.xml,CHW - Chiwaukum Creek,6/27/2015 2:10:31 AM,9/20/2016 6:11:09 AM,DOWNSTREAM ARRAY,DOWNSTREAM ARRAY,6/18/2015,7,Bull Trout,R,Resident,W,Wild Fish or Natural Production,TUMFBY - TUM - Release into the Forebay within 0.5 km upstream of Dam,LADDER,Adult Passage Ladder,NA,1
3D9.1C2DDBA6EE,NBD-2015-065-TUM.xml,TUF - Tumwater Dam Adult Fishway,5/30/2016 6:36:02 PM,6/2/2016 7:10:17 PM,WEIR 14,WEIR 17,6/18/2015,7,Bull Trout,R,Resident,W,Wild Fish or Natural Production,TUMFBY - TUM - Release into the Forebay within 0.5 km upstream of Dam,LADDER,Adult Passage Ladder,NA,1
3D9.1C2DDBA718,CFM-2012-086-TUM.xml,CHW - Chiwaukum Creek,7/30/2012 4:17:57 AM,9/30/2013 5:31:17 PM,DOWNSTREAM ARRAY,UPSTREAM ARRAY,7/23/2012,7,Bull Trout,R,Resident,W,Wild Fish or Natural Production,TUMFBY - TUM - Release into the Forebay within 0.5 km upstream of Dam,LADDER,Adult Passage Ladder,NA,1
3D9.1C2DDBA718,CFM-2012-086-TUM.xml,ICL - Lower Icicle Instream Array,2/21/2014 12:36:36 AM,3/13/2014 4:11:00 AM,INSTREAM ARRAY,INSTREAM ARRAY,7/23/2012,7,Bull Trout,R,Resident,W,Wild Fish or Natural Production,TUMFBY - TUM - Release into the Forebay within 0.5 km upstream of Dam,LADDER,Adult Passage Ladder,NA,1
3D9.1C2DDBA718,CFM-2012-086-TUM.xml,TUF - Tumwater Dam Adult Fishway,7/4/2013 5:14:22 PM,7/14/2014 6:50:07 PM,WEIR 14,WEIR 17,7/23/2012,7,Bull Trout,R,Resident,W,Wild Fish or Natural Production,TUMFBY - TUM - Release into the Forebay within 0.5 km upstream of Dam,LADDER,Adult Passage Ladder,NA,1
3D9.1C2DDBA87C,NBD-2015-065-TUM.xml,CHW - Chiwaukum Creek,6/27/2015 2:05:10 AM,8/30/2015 8:14:50 PM,DOWNSTREAM ARRAY,DOWNSTREAM ARRAY,6/11/2015,7,Bull Trout,R,Resident,W,Wild Fish or Natural Production,TUMFBY - TUM - Release into the Forebay within 0.5 km upstream of Dam,LADDER,Adult Passage Ladder,NA,1
3D9.1C2DDBAD0A,CFM-2013-060-TUM.xml,CHW - Chiwaukum Creek,7/11/2013 1:31:10 AM,7/11/2013 1:31:10 AM,DOWNSTREAM ARRAY,DOWNSTREAM ARRAY,7/6/2013,7,Bull Trout,R,Resident,W,Wild Fish or Natural Production,TUMFBY - TUM - Release into the Forebay within 0.5 km upstream of Dam,LADDER,Adult Passage Ladder,NA,1
3D9.1C2DDBAD1D,NBD-2014-174-DRY.xml,LWE - Lower Wenatchee River,10/21/2014 9:52:18 AM,10/21/2014 9:53:51 AM,UPSTREAM ANTENNA ARRAY,DOWNSTREAM ANTENNA ARRAY,7/15/2014,7,Bull Trout,R,Resident,W,Wild Fish or Natural Production,DRYFBY - DRY - Release into the Forebay within 0.5 km upstream of Dam,LADDER,Adult Passage Ladder,NA,1
3D9.1C2DDBAD1D,NBD-2014-174-DRY.xml,RRF - Rocky Reach Fishway,5/27/2015 6:45:36 PM,5/27/2015 6:57:21 PM,Lower Weir,Trap,7/15/2014,7,Bull Trout,R,Resident,W,Wild Fish or Natural Production,DRYFBY - DRY - Release into the Forebay within 0.5 km upstream of Dam,LADDER,Adult Passage Ladder,NA,1
3D9.1C2DDBAD1D,NBD-2014-174-DRY.xml,TWR - Lwr Twisp Rvr near MSRF Ponds,6/11/2015 3:43:10 AM,6/11/2015 3:43:21 AM,LOWER IN-STREAM ARRAY,UPPER IN-STREAM ARRAY,7/15/2014,7,Bull Trout,R,Resident,W,Wild Fish or Natural Production,DRYFBY - DRY - Release into the Forebay within 0.5 km upstream of Dam,LADDER,Adult Passage Ladder,NA,1
3D9.1C2DDBAD1D,NBD-2014-174-DRY.xml,"WEA - Wells Dam, DCPUD Adult Ladders",5/31/2015 1:46:22 PM,5/31/2015 5:21:57 PM,LEFT LADDER POOL 19,Left Ladder Pool 68,7/15/2014,7,Bull Trout,R,Resident,W,Wild Fish or Natural Production,DRYFBY - DRY - Release into the Forebay within 0.5 km upstream of Dam,LADDER,Adult Passage Ladder,NA,1
3D9.1C2DDBAE9D,NBD-2015-065-TUM.xml,CHL - Lower Chiwawa River,8/18/2015 12:18:53 AM,9/4/2015 7:27:17 PM,LOWER IN-STREAM ARRAY,LOWER IN-STREAM ARRAY,6/21/2015,7,Bull Trout,R,Resident,W,Wild Fish or Natural Production,TUMFBY - TUM - Release into the Forebay within 0.5 km upstream of Dam,LADDER,Adult Passage Ladder,NA,1
3D9.1C2DDBAE9D,NBD-2015-065-TUM.xml,CHW - Chiwaukum Creek,6/27/2015 11:39:53 PM,9/7/2015 2:10:09 AM,DOWNSTREAM ARRAY,DOWNSTREAM ARRAY,6/21/2015,7,Bull Trout,R,Resident,W,Wild Fish or Natural Production,TUMFBY - TUM - Release into the Forebay within 0.5 km upstream of Dam,LADDER,Adult Passage Ladder,NA,1
3D9.1C2DDBAEBC,NBD-2015-065-TUM.xml,CHW - Chiwaukum Creek,6/27/2015 11:28:53 PM,6/27/2015 11:31:20 PM,DOWNSTREAM ARRAY,UPSTREAM ARRAY,6/10/2015,7,Bull Trout,R,Resident,W,Wild Fish or Natural Production,TUMFBY - TUM - Release into the Forebay within 0.5 km upstream of Dam,LADDER,Adult Passage Ladder,NA,1
3D9.1C2DDBB098,CFM-2013-060-TUM.xml,NAL - Lower Nason Creek,7/18/2013 4:09:15 AM,7/18/2013 4:09:15 AM,UPPER IN-STREAM ARRAY,UPPER IN-STREAM ARRAY,7/6/2013,7,Bull Trout,R,Resident,W,Wild Fish or Natural Production,TUMFBY - TUM - Release into the Forebay within 0.5 km upstream of Dam,LADDER,Adult Passage Ladder,NA,1
3D9.1C2DDBB098,CFM-2013-060-TUM.xml,NAU - Upper Nason Creek,7/21/2013 1:53:35 AM,7/21/2013 1:53:49 AM,LOWER IN-STREAM ARRAY,UPPER IN-STREAM ARRAY,7/6/2013,7,Bull Trout,R,Resident,W,Wild Fish or Natural Production,TUMFBY - TUM - Release into the Forebay within 0.5 km upstream of Dam,LADDER,Adult Passage Ladder,NA,1
3D9.1C2DDBB098,CFM-2013-060-TUM.xml,UWE - Upper Wenatchee River,7/17/2013 9:40:33 PM,7/17/2013 9:40:33 PM,IN-STREAM ARRAY,IN-STREAM ARRAY,7/6/2013,7,Bull Trout,R,Resident,W,Wild Fish or Natural Production,TUMFBY - TUM - Release into the Forebay within 0.5 km upstream of Dam,LADDER,Adult Passage Ladder,NA,1
3D9.1C2DDBB0CD,CFM-2012-086-TUM.xml,CHW - Chiwaukum Creek,8/4/2012 11:20:12 PM,8/4/2012 11:20:32 PM,DOWNSTREAM ARRAY,UPSTREAM ARRAY,7/24/2012,7,Bull Trout,R,Resident,W,Wild Fish or Natural Production,TUMFBY - TUM - Release into the Forebay within 0.5 km upstream of Dam,LADDER,Adult Passage Ladder,NA,1
3D9.1C2DDBB2BB,CFM-2012-086-TUM.xml,CHW - Chiwaukum Creek,7/30/2012 4:16:38 AM,7/15/2013 12:30:17 AM,DOWNSTREAM ARRAY,UPSTREAM ARRAY,7/18/2012,7,Bull Trout,R,Resident,W,Wild Fish or Natural Production,TUMFBY - TUM - Release into the Forebay within 0.5 km upstream of Dam,LADDER,Adult Passage Ladder,NA,1
3D9.1C2DDBB2BB,CFM-2012-086-TUM.xml,TUF - Tumwater Dam Adult Fishway,7/3/2013 9:19:20 PM,7/3/2013 9:23:28 PM,WEIR 14,WEIR 17,7/18/2012,7,Bull Trout,R,Resident,W,Wild Fish or Natural Production,TUMFBY - TUM - Release into the Forebay within 0.5 km upstream of Dam,LADDER,Adult Passage Ladder,NA,1
3D9.1C2DDBB2D3,CFM-2013-060-TUM.xml,CHW - Chiwaukum Creek,7/23/2013 4:48:52 AM,9/30/2013 6:58:13 PM,DOWNSTREAM ARRAY,UPSTREAM ARRAY,7/11/2013,7,Bull Trout,R,Resident,W,Wild Fish or Natural Production,TUMFBY - TUM - Release into the Forebay within 0.5 km upstream of Dam,LADDER,Adult Passage Ladder,NA,1
3D9.1C2DDBB2D3,CFM-2013-060-TUM.xml,TUF - Tumwater Dam Adult Fishway,7/9/2014 9:33:24 AM,7/10/2014 7:49:52 PM,WEIR 14,WEIR 17,7/11/2013,7,Bull Trout,R,Resident,W,Wild Fish or Natural Production,TUMFBY - TUM - Release into the Forebay within 0.5 km upstream of Dam,LADDER,Adult Passage Ladder,NA,1
3D9.1C2DDBB341,NBD-2014-085-TUM.json,CHW - Chiwaukum Creek,7/16/2014 2:07:17 AM,7/16/2014 2:08:27 AM,DOWNSTREAM ARRAY,UPSTREAM ARRAY,7/7/2014,7,Bull Trout,R,Resident,W,Wild Fish or Natural Production,TUMFBY - TUM - Release into the Forebay within 0.5 km upstream of Dam,LADDER,Adult Passage Ladder,NA,1
3D9.1C2DDBBCA1,NBD-2014-085-TUM.json,NAL - Lower Nason Creek,7/6/2014 10:00:47 PM,7/6/2014 10:03:19 PM,LOWER IN-STREAM ARRAY,UPPER IN-STREAM ARRAY,6/26/2014,7,Bull Trout,R,Resident,W,Wild Fish or Natural Production,TUMFBY - TUM - Release into the Forebay within 0.5 km upstream of Dam,LADDER,Adult Passage Ladder,NA,1
3D9.1C2DDBBCA1,NBD-2014-085-TUM.json,NAU - Upper Nason Creek,7/13/2014 10:58:19 PM,7/13/2014 10:58:42 PM,LOWER IN-STREAM ARRAY,UPPER IN-STREAM ARRAY,6/26/2014,7,Bull Trout,R,Resident,W,Wild Fish or Natural Production,TUMFBY - TUM - Release into the Forebay within 0.5 km upstream of Dam,LADDER,Adult Passage Ladder,NA,1
3D9.1C2DDBBD7E,CFM-2012-086-TUM.xml,CHW - Chiwaukum Creek,7/19/2012 6:02:45 AM,7/19/2012 6:07:49 AM,DOWNSTREAM ARRAY,UPSTREAM ARRAY,7/12/2012,7,Bull Trout,R,Resident,W,Wild Fish or Natural Production,TUMFBY - TUM - Release into the Forebay within 0.5 km upstream of Dam,LADDER,Adult Passage Ladder,NA,1
3D9.1C2DDBBE16,CFM-2012-086-TUM.xml,CHW - Chiwaukum Creek,8/2/2012 11:44:43 PM,9/19/2013 11:57:49 PM,DOWNSTREAM ARRAY,DOWNSTREAM ARRAY,7/20/2012,7,Bull Trout,R,Resident,W,Wild Fish or Natural Production,TUMFBY - TUM - Release into the Forebay within 0.5 km upstream of Dam,LADDER,Adult Passage Ladder,NA,1
3D9.1C2DDBBE16,CFM-2012-086-TUM.xml,TUF - Tumwater Dam Adult Fishway,7/7/2013 5:11:43 PM,7/14/2014 3:50:37 PM,WEIR 14,WEIR 17,7/20/2012,7,Bull Trout,R,Resident,W,Wild Fish or Natural Production,TUMFBY - TUM - Release into the Forebay within 0.5 km upstream of Dam,LADDER,Adult Passage Ladder,NA,1
3D9.1C2DDBBE2E,CFM-2013-060-TUM.xml,CHL - Lower Chiwawa River,10/7/2013 4:04:07 AM,9/28/2016 10:18:59 PM,UPPER IN-STREAM ARRAY,LOWER IN-STREAM ARRAY,7/11/2013,7,Bull Trout,R,Resident,W,Wild Fish or Natural Production,TUMFBY - TUM - Release into the Forebay within 0.5 km upstream of Dam,LADDER,Adult Passage Ladder,NA,1
3D9.1C2DDBBE2E,CFM-2013-060-TUM.xml,CHU - Upper Chiwawa River,7/27/2013 9:27:12 PM,9/28/2016 6:40:30 PM,UPPER IN-STREAM ARRAY,LOWER IN-STREAM ARRAY,7/11/2013,7,Bull Trout,R,Resident,W,Wild Fish or Natural Production,TUMFBY - TUM - Release into the Forebay within 0.5 km upstream of Dam,LADDER,Adult Passage Ladder,NA,1
3D9.1C2DDBBE2E,CFM-2013-060-TUM.xml,TUF - Tumwater Dam Adult Fishway,7/18/2013 7:11:20 AM,7/20/2013 5:25:56 PM,WEIR 14,WEIR 17,7/11/2013,7,Bull Trout,R,Resident,W,Wild Fish or Natural Production,TUMFBY - TUM - Release into the Forebay within 0.5 km upstream of Dam,LADDER,Adult Passage Ladder,NA,1
3D9.1C2DDBC101,CFM-2013-060-TUM.xml,BBP - Blackbird Pond Accl. Site,5/25/2014 1:29:15 PM,5/25/2014 1:29:15 PM,Pond Outfall,Pond Outfall,7/10/2013,7,Bull Trout,R,Resident,W,Wild Fish or Natural Production,TUMFBY - TUM - Release into the Forebay within 0.5 km upstream of Dam,LADDER,Adult Passage Ladder,NA,1
3D9.1C2DDBC101,CFM-2013-060-TUM.xml,CHW - Chiwaukum Creek,7/22/2013 5:16:24 AM,7/13/2014 3:09:25 PM,DOWNSTREAM ARRAY,UPSTREAM ARRAY,7/10/2013,7,Bull Trout,R,Resident,W,Wild Fish or Natural Production,TUMFBY - TUM - Release into the Forebay within 0.5 km upstream of Dam,LADDER,Adult Passage Ladder,NA,1
3D9.1C2DDBC101,CFM-2013-060-TUM.xml,TUF - Tumwater Dam Adult Fishway,6/25/2014 3:53:07 PM,7/2/2014 5:06:29 AM,WEIR 14,WEIR 17,7/10/2013,7,Bull Trout,R,Resident,W,Wild Fish or Natural Production,TUMFBY - TUM - Release into the Forebay within 0.5 km upstream of Dam,LADDER,Adult Passage Ladder,NA,1
3D9.1C2DDBC86F,NBD-2015-065-TUM.xml,NAL - Lower Nason Creek,6/25/2015 12:43:23 AM,6/25/2015 12:43:23 AM,UPPER IN-STREAM ARRAY,UPPER IN-STREAM ARRAY,6/17/2015,7,Bull Trout,R,Resident,W,Wild Fish or Natural Production,TUMFBY - TUM - Release into the Forebay within 0.5 km upstream of Dam,LADDER,Adult Passage Ladder,NA,1
3D9.1C2DDBC86F,NBD-2015-065-TUM.xml,NAU - Upper Nason Creek,6/28/2015 12:16:25 AM,6/28/2015 12:16:40 AM,LOWER IN-STREAM ARRAY,UPPER IN-STREAM ARRAY,6/17/2015,7,Bull Trout,R,Resident,W,Wild Fish or Natural Production,TUMFBY - TUM - Release into the Forebay within 0.5 km upstream of Dam,LADDER,Adult Passage Ladder,NA,1
3D9.1C2DDBC919,CFM-2012-086-TUM.xml,CHW - Chiwaukum Creek,7/26/2012 3:42:19 AM,9/15/2013 11:54:54 PM,DOWNSTREAM ARRAY,DOWNSTREAM ARRAY,7/17/2012,7,Bull Trout,R,Resident,W,Wild Fish or Natural Production,TUMFBY - TUM - Release into the Forebay within 0.5 km upstream of Dam,LADDER,Adult Passage Ladder,NA,1
3D9.1C2DDBC919,CFM-2012-086-TUM.xml,ICL - Lower Icicle Instream Array,11/1/2012 10:41:10 AM,10/6/2013 12:34:13 AM,INSTREAM ARRAY,INSTREAM ARRAY,7/17/2012,7,Bull Trout,R,Resident,W,Wild Fish or Natural Production,TUMFBY - TUM - Release into the Forebay within 0.5 km upstream of Dam,LADDER,Adult Passage Ladder,NA,1
3D9.1C2DDBC919,CFM-2012-086-TUM.xml,TUF - Tumwater Dam Adult Fishway,7/5/2013 6:42:14 PM,7/9/2013 1:07:31 PM,WEIR 14,WEIR 17,7/17/2012,7,Bull Trout,R,Resident,W,Wild Fish or Natural Production,TUMFBY - TUM - Release into the Forebay within 0.5 km upstream of Dam,LADDER,Adult Passage Ladder,NA,1
3D9.1C2DDBC9FB,CFM-2013-060-TUM.xml,CHW - Chiwaukum Creek,7/18/2013 1:06:14 AM,7/18/2013 1:07:40 AM,DOWNSTREAM ARRAY,UPSTREAM ARRAY,7/6/2013,7,Bull Trout,R,Resident,W,Wild Fish or Natural Production,TUMFBY - TUM - Release into the Forebay within 0.5 km upstream of Dam,LADDER,Adult Passage Ladder,NA,1
3D9.1C2DDBCA18,CFM-2013-060-TUM.xml,CHL - Lower Chiwawa River,9/26/2013 4:23:14 AM,9/26/2013 4:23:30 AM,UPPER IN-STREAM ARRAY,LOWER IN-STREAM ARRAY,7/9/2013,7,Bull Trout,R,Resident,W,Wild Fish or Natural Production,TUMFBY - TUM - Release into the Forebay within 0.5 km upstream of Dam,LADDER,Adult Passage Ladder,NA,1
3D9.1C2DDBCA18,CFM-2013-060-TUM.xml,CHU - Upper Chiwawa River,7/21/2013 11:27:36 PM,7/21/2013 11:27:36 PM,UPPER IN-STREAM ARRAY,UPPER IN-STREAM ARRAY,7/9/2013,7,Bull Trout,R,Resident,W,Wild Fish or Natural Production,TUMFBY - TUM - Release into the Forebay within 0.5 km upstream of Dam,LADDER,Adult Passage Ladder,NA,1
3D9.1C2DDBCA1B,CFM-2012-086-TUM.xml,CHW - Chiwaukum Creek,8/2/2012 11:50:31 PM,8/2/2012 11:51:05 PM,DOWNSTREAM ARRAY,UPSTREAM ARRAY,7/17/2012,7,Bull Trout,R,Resident,W,Wild Fish or Natural Production,TUMFBY - TUM - Release into the Forebay within 0.5 km upstream of Dam,LADDER,Adult Passage Ladder,NA,1
3D9.1C2DDBCA1B,CFM-2012-086-TUM.xml,TUF - Tumwater Dam Adult Fishway,7/23/2012 2:31:06 PM,7/23/2012 2:43:25 PM,WEIR 14,WEIR 17,7/17/2012,7,Bull Trout,R,Resident,W,Wild Fish or Natural Production,TUMFBY - TUM - Release into the Forebay within 0.5 km upstream of Dam,LADDER,Adult Passage Ladder,NA,1
3D9.1C2DDBCA5E,NBD-2014-085-TUM.json,ICL - Lower Icicle Instream Array,7/31/2014 12:46:01 AM,6/27/2015 9:17:34 PM,INSTREAM ARRAY,Downstream Array,7/13/2014,7,Bull Trout,R,Resident,W,Wild Fish or Natural Production,TUMFBY - TUM - Release into the Forebay within 0.5 km upstream of Dam,LADDER,Adult Passage Ladder,NA,1
3D9.1C2DDBCA5E,NBD-2014-085-TUM.json,LWE - Lower Wenatchee River,5/6/2015 6:46:30 PM,5/6/2015 6:46:30 PM,UPSTREAM ANTENNA ARRAY,UPSTREAM ANTENNA ARRAY,7/13/2014,7,Bull Trout,R,Resident,W,Wild Fish or Natural Production,TUMFBY - TUM - Release into the Forebay within 0.5 km upstream of Dam,LADDER,Adult Passage Ladder,NA,1
3D9.1C2DDBCA5E,NBD-2014-085-TUM.json,TUF - Tumwater Dam Adult Fishway,5/29/2015 3:03:38 PM,5/31/2015 8:57:22 PM,WEIR 14,WEIR 14,7/13/2014,7,Bull Trout,R,Resident,W,Wild Fish or Natural Production,TUMFBY - TUM - Release into the Forebay within 0.5 km upstream of Dam,LADDER,Adult Passage Ladder,NA,1
3D9.1C2DDBCA75,NBD-2014-085-TUM.json,CHW - Chiwaukum Creek,9/28/2014 12:07:42 AM,9/28/2014 12:08:04 AM,UPSTREAM ARRAY,DOWNSTREAM ARRAY,7/9/2014,7,Bull Trout,R,Resident,W,Wild Fish or Natural Production,TUMFBY - TUM - Release into the Forebay within 0.5 km upstream of Dam,LADDER,Adult Passage Ladder,NA,1
3D9.1C2DDBCAC6,NBD-2014-085-TUM.json,CHW - Chiwaukum Creek,7/8/2014 6:27:45 AM,7/8/2014 6:31:03 AM,DOWNSTREAM ARRAY,UPSTREAM ARRAY,6/28/2014,7,Bull Trout,R,Resident,W,Wild Fish or Natural Production,TUMFBY - TUM - Release into the Forebay within 0.5 km upstream of Dam,LADDER,Adult Passage Ladder,NA,1
3D9.1C2DDBCB67,CFM-2013-060-TUM.xml,CHL - Lower Chiwawa River,9/12/2013 1:48:33 AM,9/12/2013 1:48:33 AM,UPPER IN-STREAM ARRAY,UPPER IN-STREAM ARRAY,7/7/2013,7,Bull Trout,R,Resident,W,Wild Fish or Natural Production,TUMFBY - TUM - Release into the Forebay within 0.5 km upstream of Dam,LADDER,Adult Passage Ladder,NA,1
3D9.1C2DDBCB67,CFM-2013-060-TUM.xml,CHU - Upper Chiwawa River,7/15/2013 2:08:57 AM,7/15/2013 2:08:57 AM,LOWER IN-STREAM ARRAY,LOWER IN-STREAM ARRAY,7/7/2013,7,Bull Trout,R,Resident,W,Wild Fish or Natural Production,TUMFBY - TUM - Release into the Forebay within 0.5 km upstream of Dam,LADDER,Adult Passage Ladder,NA,1
3D9.1C2DDBCC04,CFM-2013-060-TUM.xml,CHW - Chiwaukum Creek,7/17/2013 1:15:15 AM,7/17/2013 1:16:04 AM,DOWNSTREAM ARRAY,UPSTREAM ARRAY,7/5/2013,7,Bull Trout,R,Resident,W,Wild Fish or Natural Production,TUMFBY - TUM - Release into the Forebay within 0.5 km upstream of Dam,LADDER,Adult Passage Ladder,NA,1
3D9.1C2DDBCC53,NBD-2014-085-TUM.json,CHW - Chiwaukum Creek,7/15/2014 6:42:59 AM,6/24/2015 3:52:09 AM,DOWNSTREAM ARRAY,UPSTREAM ARRAY,7/10/2014,7,Bull Trout,R,Resident,W,Wild Fish or Natural Production,TUMFBY - TUM - Release into the Forebay within 0.5 km upstream of Dam,LADDER,Adult Passage Ladder,NA,1
3D9.1C2DDBCC53,NBD-2014-085-TUM.json,TUF - Tumwater Dam Adult Fishway,6/5/2015 4:46:17 AM,6/18/2015 8:36:54 PM,WEIR 14,WEIR 17,7/10/2014,7,Bull Trout,R,Resident,W,Wild Fish or Natural Production,TUMFBY - TUM - Release into the Forebay within 0.5 km upstream of Dam,LADDER,Adult Passage Ladder,NA,1
3D9.1C2DDBCC59,NBD-2014-085-TUM.json,CHL - Lower Chiwawa River,9/11/2014 9:27:54 PM,9/22/2016 1:59:16 PM,LOWER IN-STREAM ARRAY,LOWER IN-STREAM ARRAY,7/15/2014,7,Bull Trout,R,Resident,W,Wild Fish or Natural Production,TUMFBY - TUM - Release into the Forebay within 0.5 km upstream of Dam,LADDER,Adult Passage Ladder,NA,1
3D9.1C2DDBCC59,NBD-2014-085-TUM.json,CHU - Upper Chiwawa River,9/22/2015 8:44:41 PM,9/12/2016 1:23:08 AM,UPPER IN-STREAM ARRAY,LOWER IN-STREAM ARRAY,7/15/2014,7,Bull Trout,R,Resident,W,Wild Fish or Natural Production,TUMFBY - TUM - Release into the Forebay within 0.5 km upstream of Dam,LADDER,Adult Passage Ladder,NA,1
3D9.1C2DDBCC59,NBD-2014-085-TUM.json,UWE - Upper Wenatchee River,4/13/2015 9:28:55 PM,4/1/2016 10:36:12 PM,IN-STREAM ARRAY,IN-STREAM ARRAY,7/15/2014,7,Bull Trout,R,Resident,W,Wild Fish or Natural Production,TUMFBY - TUM - Release into the Forebay within 0.5 km upstream of Dam,LADDER,Adult Passage Ladder,NA,1
3D9.1C2DDBCC82,CFM-2013-060-TUM.xml,CHW - Chiwaukum Creek,7/21/2013 12:40:57 AM,7/21/2013 12:41:38 AM,DOWNSTREAM ARRAY,UPSTREAM ARRAY,7/8/2013,7,Bull Trout,R,Resident,W,Wild Fish or Natural Production,TUMFBY - TUM - Release into the Forebay within 0.5 km upstream of Dam,LADDER,Adult Passage Ladder,NA,1
3D9.1C2DDBCCC2,NBD-2015-065-TUM.xml,CHL - Lower Chiwawa River,6/21/2015 11:19:35 PM,10/4/2015 12:26:56 AM,UPPER IN-STREAM ARRAY,UPPER IN-STREAM ARRAY,6/10/2015,7,Bull Trout,R,Resident,W,Wild Fish or Natural Production,TUMFBY - TUM - Release into the Forebay within 0.5 km upstream of Dam,LADDER,Adult Passage Ladder,NA,1
3D9.1C2DDBCCC2,NBD-2015-065-TUM.xml,CHU - Upper Chiwawa River,6/25/2015 12:14:21 AM,9/24/2016 10:43:48 PM,LOWER IN-STREAM ARRAY,LOWER IN-STREAM ARRAY,6/10/2015,7,Bull Trout,R,Resident,W,Wild Fish or Natural Production,TUMFBY - TUM - Release into the Forebay within 0.5 km upstream of Dam,LADDER,Adult Passage Ladder,NA,1
3D9.1C2DDBCCC2,NBD-2015-065-TUM.xml,TUF - Tumwater Dam Adult Fishway,6/17/2016 9:55:59 PM,6/28/2016 3:37:19 PM,WEIR 14,WEIR 17,6/10/2015,7,Bull Trout,R,Resident,W,Wild Fish or Natural Production,TUMFBY - TUM - Release into the Forebay within 0.5 km upstream of Dam,LADDER,Adult Passage Ladder,NA,1
3D9.1C2DDBCCFA,NBD-2015-065-TUM.xml,CHW - Chiwaukum Creek,6/27/2015 3:21:27 AM,6/27/2015 3:21:54 AM,DOWNSTREAM ARRAY,UPSTREAM ARRAY,6/21/2015,7,Bull Trout,R,Resident,W,Wild Fish or Natural Production,TUMFBY - TUM - Release into the Forebay within 0.5 km upstream of Dam,LADDER,Adult Passage Ladder,NA,1
3D9.1C2DDBCF77,NBD-2014-085-TUM.json,CHL - Lower Chiwawa River,7/16/2014 1:00:59 AM,9/20/2014 3:03:52 AM,LOWER IN-STREAM ARRAY,LOWER IN-STREAM ARRAY,7/11/2014,7,Bull Trout,R,Resident,W,Wild Fish or Natural Production,TUMFBY - TUM - Release into the Forebay within 0.5 km upstream of Dam,LADDER,Adult Passage Ladder,NA,1
3D9.1C2DDBCF77,NBD-2014-085-TUM.json,CHU - Upper Chiwawa River,7/19/2014 3:11:23 AM,9/20/2014 12:27:36 AM,LOWER IN-STREAM ARRAY,UPPER IN-STREAM ARRAY,7/11/2014,7,Bull Trout,R,Resident,W,Wild Fish or Natural Production,TUMFBY - TUM - Release into the Forebay within 0.5 km upstream of Dam,LADDER,Adult Passage Ladder,NA,1
3D9.1C2DDBCF77,NBD-2014-085-TUM.json,LWE - Lower Wenatchee River,9/23/2014 6:52:10 PM,9/25/2014 9:42:55 AM,DOWNSTREAM ANTENNA ARRAY,UPSTREAM ANTENNA ARRAY,7/11/2014,7,Bull Trout,R,Resident,W,Wild Fish or Natural Production,TUMFBY - TUM - Release into the Forebay within 0.5 km upstream of Dam,LADDER,Adult Passage Ladder,NA,1
3D9.1C2DDBCFE0,CFM-2012-086-TUM.xml,CHW - Chiwaukum Creek,7/26/2012 11:09:08 AM,7/26/2012 11:09:27 AM,DOWNSTREAM ARRAY,UPSTREAM ARRAY,7/20/2012,7,Bull Trout,R,Resident,W,Wild Fish or Natural Production,TUMFBY - TUM - Release into the Forebay within 0.5 km upstream of Dam,LADDER,Adult Passage Ladder,NA,1
3D9.1C2DDBD76D,NBD-2014-085-TUM.json,NAL - Lower Nason Creek,7/9/2014 2:01:30 AM,7/9/2014 2:03:51 AM,LOWER IN-STREAM ARRAY,UPPER IN-STREAM ARRAY,6/24/2014,7,Bull Trout,R,Resident,W,Wild Fish or Natural Production,TUMFBY - TUM - Release into the Forebay within 0.5 km upstream of Dam,LADDER,Adult Passage Ladder,NA,1
3D9.1C2DDBD76D,NBD-2014-085-TUM.json,NAU - Upper Nason Creek,7/12/2014 11:06:17 PM,7/12/2014 11:06:43 PM,LOWER IN-STREAM ARRAY,UPPER IN-STREAM ARRAY,6/24/2014,7,Bull Trout,R,Resident,W,Wild Fish or Natural Production,TUMFBY - TUM - Release into the Forebay within 0.5 km upstream of Dam,LADDER,Adult Passage Ladder,NA,1
3D9.1C2DDBD76D,NBD-2014-085-TUM.json,UWE - Upper Wenatchee River,7/8/2014 9:05:58 PM,7/8/2014 9:05:58 PM,IN-STREAM ARRAY,IN-STREAM ARRAY,6/24/2014,7,Bull Trout,R,Resident,W,Wild Fish or Natural Production,TUMFBY - TUM - Release into the Forebay within 0.5 km upstream of Dam,LADDER,Adult Passage Ladder,NA,1
3D9.1C2DDBD9ED,CFM-2013-060-TUM.xml,CHW - Chiwaukum Creek,8/10/2013 10:00:33 PM,8/14/2013 11:27:16 PM,DOWNSTREAM ARRAY,DOWNSTREAM ARRAY,7/25/2013,7,Bull Trout,R,Resident,W,Wild Fish or Natural Production,TUMFBY - TUM - Release into the Forebay within 0.5 km upstream of Dam,LADDER,Adult Passage Ladder,NA,1
3D9.1C2DDBD9ED,CFM-2013-060-TUM.xml,TUF - Tumwater Dam Adult Fishway,7/8/2014 6:30:21 PM,7/9/2014 8:42:41 PM,WEIR 14,WEIR 17,7/25/2013,7,Bull Trout,R,Resident,W,Wild Fish or Natural Production,TUMFBY - TUM - Release into the Forebay within 0.5 km upstream of Dam,LADDER,Adult Passage Ladder,NA,1
3D9.1C2DDBDA79,CFM-2012-086-TUM.xml,CHW - Chiwaukum Creek,8/13/2012 5:01:20 AM,7/16/2014 1:18:49 AM,DOWNSTREAM ARRAY,DOWNSTREAM ARRAY,7/9/2012,7,Bull Trout,R,Resident,W,Wild Fish or Natural Production,TUMFBY - TUM - Release into the Forebay within 0.5 km upstream of Dam,LADDER,Adult Passage Ladder,NA,1
3D9.1C2DDBDA79,CFM-2012-086-TUM.xml,LWE - Lower Wenatchee River,10/29/2012 3:24:44 AM,10/29/2012 3:24:44 AM,UPSTREAM ANTENNA ARRAY,UPSTREAM ANTENNA ARRAY,7/9/2012,7,Bull Trout,R,Resident,W,Wild Fish or Natural Production,TUMFBY - TUM - Release into the Forebay within 0.5 km upstream of Dam,LADDER,Adult Passage Ladder,NA,1
3D9.1C2DDBDA79,CFM-2012-086-TUM.xml,TUF - Tumwater Dam Adult Fishway,7/6/2013 11:50:49 AM,7/6/2014 1:29:08 PM,WEIR 14,WEIR 17,7/9/2012,7,Bull Trout,R,Resident,W,Wild Fish or Natural Production,TUMFBY - TUM - Release into the Forebay within 0.5 km upstream of Dam,LADDER,Adult Passage Ladder,NA,1
3D9.1C2DDBDAD0,NBD-2014-085-TUM.json,NAL - Lower Nason Creek,7/9/2014 11:11:56 PM,7/9/2014 11:11:56 PM,UPPER IN-STREAM ARRAY,UPPER IN-STREAM ARRAY,7/2/2014,7,Bull Trout,R,Resident,W,Wild Fish or Natural Production,TUMFBY - TUM - Release into the Forebay within 0.5 km upstream of Dam,LADDER,Adult Passage Ladder,NA,1
3D9.1C2DDBDAD0,NBD-2014-085-TUM.json,NAU - Upper Nason Creek,7/13/2014 9:06:54 PM,7/13/2014 9:07:21 PM,LOWER IN-STREAM ARRAY,UPPER IN-STREAM ARRAY,7/2/2014,7,Bull Trout,R,Resident,W,Wild Fish or Natural Production,TUMFBY - TUM - Release into the Forebay within 0.5 km upstream of Dam,LADDER,Adult Passage Ladder,NA,1
3D9.1C2DDBDB22,CFM-2012-086-TUM.xml,CHW - Chiwaukum Creek,7/25/2012 11:36:55 PM,7/6/2014 6:01:03 AM,DOWNSTREAM ARRAY,UPSTREAM ARRAY,7/20/2012,7,Bull Trout,R,Resident,W,Wild Fish or Natural Production,TUMFBY - TUM - Release into the Forebay within 0.5 km upstream of Dam,LADDER,Adult Passage Ladder,NA,1
3D9.1C2DDBDB22,CFM-2012-086-TUM.xml,TUF - Tumwater Dam Adult Fishway,7/8/2013 9:11:40 AM,6/27/2014 9:40:35 PM,WEIR 14,WEIR 17,7/20/2012,7,Bull Trout,R,Resident,W,Wild Fish or Natural Production,TUMFBY - TUM - Release into the Forebay within 0.5 km upstream of Dam,LADDER,Adult Passage Ladder,NA,1
3D9.1C2DDBDBCF,NBD-2015-065-TUM.xml,CHL - Lower Chiwawa River,6/30/2015 11:04:21 PM,7/2/2015 11:37:38 PM,LOWER IN-STREAM ARRAY,UPPER IN-STREAM ARRAY,6/22/2015,7,Bull Trout,R,Resident,W,Wild Fish or Natural Production,TUMFBY - TUM - Release into the Forebay within 0.5 km upstream of Dam,LADDER,Adult Passage Ladder,NA,1
3D9.1C2DDBDBCF,NBD-2015-065-TUM.xml,NAL - Lower Nason Creek,7/4/2015 2:55:54 AM,7/4/2015 2:55:54 AM,LOWER IN-STREAM ARRAY,LOWER IN-STREAM ARRAY,6/22/2015,7,Bull Trout,R,Resident,W,Wild Fish or Natural Production,TUMFBY - TUM - Release into the Forebay within 0.5 km upstream of Dam,LADDER,Adult Passage Ladder,NA,1
3D9.1C2DDBDBCF,NBD-2015-065-TUM.xml,NAU - Upper Nason Creek,7/6/2015 8:30:55 PM,7/6/2015 8:32:34 PM,LOWER IN-STREAM ARRAY,UPPER IN-STREAM ARRAY,6/22/2015,7,Bull Trout,R,Resident,W,Wild Fish or Natural Production,TUMFBY - TUM - Release into the Forebay within 0.5 km upstream of Dam,LADDER,Adult Passage Ladder,NA,1
3D9.1C2DDBDC28,CFM-2013-060-TUM.xml,CHW - Chiwaukum Creek,7/15/2013 1:49:54 AM,7/15/2013 1:50:27 AM,DOWNSTREAM ARRAY,UPSTREAM ARRAY,7/6/2013,7,Bull Trout,R,Resident,W,Wild Fish or Natural Production,TUMFBY - TUM - Release into the Forebay within 0.5 km upstream of Dam,LADDER,Adult Passage Ladder,NA,1
3D9.1C2DDBDD8E,NBD-2014-085-TUM.json,CHW - Chiwaukum Creek,7/11/2014 11:34:32 PM,7/11/2014 11:38:11 PM,DOWNSTREAM ARRAY,UPSTREAM ARRAY,6/16/2014,7,Bull Trout,R,Resident,W,Wild Fish or Natural Production,TUMFBY - TUM - Release into the Forebay within 0.5 km upstream of Dam,LADDER,Adult Passage Ladder,NA,1
3D9.1C2DDBDD98,CFM-2013-060-TUM.xml,CHW - Chiwaukum Creek,8/1/2013 12:36:30 AM,8/1/2013 12:37:42 AM,DOWNSTREAM ARRAY,UPSTREAM ARRAY,7/15/2013,7,Bull Trout,R,Resident,W,Wild Fish or Natural Production,TUMFBY - TUM - Release into the Forebay within 0.5 km upstream of Dam,LADDER,Adult Passage Ladder,NA,1
3D9.1C2DDBE2CB,CFM-2013-060-TUM.xml,CHL - Lower Chiwawa River,8/4/2013 11:26:56 PM,8/30/2013 4:06:54 AM,UPPER IN-STREAM ARRAY,LOWER IN-STREAM ARRAY,7/18/2013,7,Bull Trout,R,Resident,W,Wild Fish or Natural Production,TUMFBY - TUM - Release into the Forebay within 0.5 km upstream of Dam,LADDER,Adult Passage Ladder,NA,1
3D9.1C2DDBE2CB,CFM-2013-060-TUM.xml,NAL - Lower Nason Creek,7/19/2014 4:01:43 AM,7/19/2014 4:15:50 AM,LOWER IN-STREAM ARRAY,UPPER IN-STREAM ARRAY,7/18/2013,7,Bull Trout,R,Resident,W,Wild Fish or Natural Production,TUMFBY - TUM - Release into the Forebay within 0.5 km upstream of Dam,LADDER,Adult Passage Ladder,NA,1
3D9.1C2DDBE2CB,CFM-2013-060-TUM.xml,TUF - Tumwater Dam Adult Fishway,7/2/2014 11:11:22 AM,7/8/2014 4:49:39 PM,WEIR 14,WEIR 17,7/18/2013,7,Bull Trout,R,Resident,W,Wild Fish or Natural Production,TUMFBY - TUM - Release into the Forebay within 0.5 km upstream of Dam,LADDER,Adult Passage Ladder,NA,1
3D9.1C2DDBE334,NBD-2014-085-TUM.json,CHW - Chiwaukum Creek,9/22/2014 7:58:27 PM,7/31/2015 11:53:21 PM,UPSTREAM ARRAY,UPSTREAM ARRAY,7/8/2014,7,Bull Trout,R,Resident,W,Wild Fish or Natural Production,TUMFBY - TUM - Release into the Forebay within 0.5 km upstream of Dam,LADDER,Adult Passage Ladder,NA,1
3D9.1C2DDBE334,NBD-2014-085-TUM.json,TUF - Tumwater Dam Adult Fishway,3/27/2015 1:24:28 PM,7/28/2015 1:54:27 PM,WEIR 14,WEIR 17,7/8/2014,7,Bull Trout,R,Resident,W,Wild Fish or Natural Production,TUMFBY - TUM - Release into the Forebay within 0.5 km upstream of Dam,LADDER,Adult Passage Ladder,NA,1
3D9.1C2DDBE457,CFM-2012-086-TUM.xml,CHW - Chiwaukum Creek,7/22/2012 11:50:16 PM,7/8/2013 1:29:56 AM,DOWNSTREAM ARRAY,UPSTREAM ARRAY,7/17/2012,7,Bull Trout,R,Resident,W,Wild Fish or Natural Production,TUMFBY - TUM - Release into the Forebay within 0.5 km upstream of Dam,LADDER,Adult Passage Ladder,NA,1
3D9.1C2DDBE457,CFM-2012-086-TUM.xml,TUF - Tumwater Dam Adult Fishway,6/27/2013 11:33:12 AM,6/29/2013 8:39:56 PM,WEIR 14,WEIR 17,7/17/2012,7,Bull Trout,R,Resident,W,Wild Fish or Natural Production,TUMFBY - TUM - Release into the Forebay within 0.5 km upstream of Dam,LADDER,Adult Passage Ladder,NA,1
3D9.1C2DDBE458,CFM-2012-086-TUM.xml,CHW - Chiwaukum Creek,7/27/2012 4:25:33 AM,5/16/2015 11:59:40 PM,DOWNSTREAM ARRAY,DOWNSTREAM ARRAY,7/17/2012,7,Bull Trout,R,Resident,W,Wild Fish or Natural Production,TUMFBY - TUM - Release into the Forebay within 0.5 km upstream of Dam,LADDER,Adult Passage Ladder,NA,1
3D9.1C2DDBE458,CFM-2012-086-TUM.xml,ICL - Lower Icicle Instream Array,9/11/2013 9:59:46 PM,6/20/2014 10:32:16 PM,INSTREAM ARRAY,INSTREAM ARRAY,7/17/2012,7,Bull Trout,R,Resident,W,Wild Fish or Natural Production,TUMFBY - TUM - Release into the Forebay within 0.5 km upstream of Dam,LADDER,Adult Passage Ladder,NA,1
3D9.1C2DDBE458,CFM-2012-086-TUM.xml,TUF - Tumwater Dam Adult Fishway,6/28/2013 10:46:36 AM,6/30/2014 9:44:39 PM,WEIR 14,WEIR 17,7/17/2012,7,Bull Trout,R,Resident,W,Wild Fish or Natural Production,TUMFBY - TUM - Release into the Forebay within 0.5 km upstream of Dam,LADDER,Adult Passage Ladder,NA,1
3D9.1C2DDBE4DA,NBD-2014-085-TUM.json,NAL - Lower Nason Creek,7/11/2014 10:31:14 PM,7/11/2014 10:32:57 PM,LOWER IN-STREAM ARRAY,UPPER IN-STREAM ARRAY,6/24/2014,7,Bull Trout,R,Resident,W,Wild Fish or Natural Production,TUMFBY - TUM - Release into the Forebay within 0.5 km upstream of Dam,LADDER,Adult Passage Ladder,NA,1
3D9.1C2DDBE4DA,NBD-2014-085-TUM.json,UWE - Upper Wenatchee River,7/10/2014 3:54:27 AM,7/10/2014 8:22:11 PM,IN-STREAM ARRAY,IN-STREAM ARRAY,6/24/2014,7,Bull Trout,R,Resident,W,Wild Fish or Natural Production,TUMFBY - TUM - Release into the Forebay within 0.5 km upstream of Dam,LADDER,Adult Passage Ladder,NA,1
3D9.1C2DDBE524,NBD-2014-085-TUM.json,NAL - Lower Nason Creek,7/10/2014 12:04:05 AM,7/10/2014 12:04:05 AM,UPPER IN-STREAM ARRAY,UPPER IN-STREAM ARRAY,6/24/2014,7,Bull Trout,R,Resident,W,Wild Fish or Natural Production,TUMFBY - TUM - Release into the Forebay within 0.5 km upstream of Dam,LADDER,Adult Passage Ladder,NA,1
3D9.1C2DDBE524,NBD-2014-085-TUM.json,NAU - Upper Nason Creek,7/13/2014 1:04:22 AM,7/13/2014 1:04:41 AM,LOWER IN-STREAM ARRAY,UPPER IN-STREAM ARRAY,6/24/2014,7,Bull Trout,R,Resident,W,Wild Fish or Natural Production,TUMFBY - TUM - Release into the Forebay within 0.5 km upstream of Dam,LADDER,Adult Passage Ladder,NA,1
3D9.1C2DDBE524,NBD-2014-085-TUM.json,UWE - Upper Wenatchee River,7/9/2014 1:18:19 AM,7/9/2014 1:18:19 AM,IN-STREAM ARRAY,IN-STREAM ARRAY,6/24/2014,7,Bull Trout,R,Resident,W,Wild Fish or Natural Production,TUMFBY - TUM - Release into the Forebay within 0.5 km upstream of Dam,LADDER,Adult Passage Ladder,NA,1
3D9.1C2DDBE5DB,NBD-2015-065-TUM.xml,CHL - Lower Chiwawa River,9/20/2015 3:00:54 AM,9/20/2015 3:04:49 AM,UPPER IN-STREAM ARRAY,LOWER IN-STREAM ARRAY,6/26/2015,7,Bull Trout,R,Resident,W,Wild Fish or Natural Production,TUMFBY - TUM - Release into the Forebay within 0.5 km upstream of Dam,LADDER,Adult Passage Ladder,NA,1
3D9.1C2DDBE5DB,NBD-2015-065-TUM.xml,CHU - Upper Chiwawa River,7/8/2015 3:13:12 AM,9/17/2015 2:48:00 AM,LOWER IN-STREAM ARRAY,LOWER IN-STREAM ARRAY,6/26/2015,7,Bull Trout,R,Resident,W,Wild Fish or Natural Production,TUMFBY - TUM - Release into the Forebay within 0.5 km upstream of Dam,LADDER,Adult Passage Ladder,NA,1
3D9.1C2DDBE75B,NBD-2015-065-TUM.xml,CHW - Chiwaukum Creek,6/26/2015 2:46:25 AM,7/3/2016 5:34:43 AM,DOWNSTREAM ARRAY,UPSTREAM ARRAY,6/17/2015,7,Bull Trout,R,Resident,W,Wild Fish or Natural Production,TUMFBY - TUM - Release into the Forebay within 0.5 km upstream of Dam,LADDER,Adult Passage Ladder,NA,1
3D9.1C2DDBE75B,NBD-2015-065-TUM.xml,TUF - Tumwater Dam Adult Fishway,10/18/2015 11:25:26 PM,6/24/2016 7:48:35 PM,WEIR 17,WEIR 17,6/17/2015,7,Bull Trout,R,Resident,W,Wild Fish or Natural Production,TUMFBY - TUM - Release into the Forebay within 0.5 km upstream of Dam,LADDER,Adult Passage Ladder,NA,1
3D9.1C2DDBE7A3,CFM-2013-217-TUM.xml,CHL - Lower Chiwawa River,6/16/2014 3:21:13 AM,10/3/2017 4:41:38 AM,UPPER IN-STREAM ARRAY,LOWER IN-STREAM ARRAY,9/28/2013,7,Bull Trout,R,Resident,W,Wild Fish or Natural Production,TUMFBY - TUM - Release into the Forebay within 0.5 km upstream of Dam,LADDER,Adult Passage Ladder,NA,1
3D9.1C2DDBE7A3,CFM-2013-217-TUM.xml,CHU - Upper Chiwawa River,6/23/2015 10:00:48 PM,10/2/2017 11:56:28 PM,LOWER IN-STREAM ARRAY,LOWER IN-STREAM ARRAY,9/28/2013,7,Bull Trout,R,Resident,W,Wild Fish or Natural Production,TUMFBY - TUM - Release into the Forebay within 0.5 km upstream of Dam,LADDER,Adult Passage Ladder,NA,1
3D9.1C2DDBE7A3,CFM-2013-217-TUM.xml,UWE - Upper Wenatchee River,9/26/2014 5:59:32 AM,9/27/2015 4:58:55 AM,IN-STREAM ARRAY,IN-STREAM ARRAY,9/28/2013,7,Bull Trout,R,Resident,W,Wild Fish or Natural Production,TUMFBY - TUM - Release into the Forebay within 0.5 km upstream of Dam,LADDER,Adult Passage Ladder,NA,1
3D9.1C2DDBE80E,CFM-2013-060-TUM.xml,CHW - Chiwaukum Creek,7/14/2013 1:56:00 AM,7/14/2013 1:58:14 AM,DOWNSTREAM ARRAY,UPSTREAM ARRAY,7/5/2013,7,Bull Trout,R,Resident,W,Wild Fish or Natural Production,TUMFBY - TUM - Release into the Forebay within 0.5 km upstream of Dam,LADDER,Adult Passage Ladder,NA,1
3D9.1C2DDBE870,NBD-2014-174-DRY.xml,LWE - Lower Wenatchee River,10/21/2014 3:27:28 AM,10/3/2018 2:45:07 AM,DOWNSTREAM ANTENNA ARRAY,DOWNSTREAM ANTENNA ARRAY,7/15/2014,7,Bull Trout,R,Resident,W,Wild Fish or Natural Production,DRYFBY - DRY - Release into the Forebay within 0.5 km upstream of Dam,LADDER,Adult Passage Ladder,NA,1
3D9.1C2DDBE870,NBD-2014-174-DRY.xml,PES - Peshastin Creek,6/8/2015 3:28:28 AM,6/15/2020 8:52:00 PM,LOWER IN-STREAM ARRAY,UPPER IN-STREAM ARRAY,7/15/2014,7,Bull Trout,R,Resident,W,Wild Fish or Natural Production,DRYFBY - DRY - Release into the Forebay within 0.5 km upstream of Dam,LADDER,Adult Passage Ladder,NA,1
3D9.1C2DDBE933,CFM-2012-086-TUM.xml,NAL - Lower Nason Creek,7/27/2012 3:36:46 AM,7/27/2012 3:36:46 AM,UPPER IN-STREAM ARRAY,UPPER IN-STREAM ARRAY,7/19/2012,7,Bull Trout,R,Resident,W,Wild Fish or Natural Production,TUMFBY - TUM - Release into the Forebay within 0.5 km upstream of Dam,LADDER,Adult Passage Ladder,NA,1
3D9.1C2DDBE933,CFM-2012-086-TUM.xml,NAU - Upper Nason Creek,7/30/2012 8:59:16 PM,7/30/2012 8:59:43 PM,LOWER IN-STREAM ARRAY,UPPER IN-STREAM ARRAY,7/19/2012,7,Bull Trout,R,Resident,W,Wild Fish or Natural Production,TUMFBY - TUM - Release into the Forebay within 0.5 km upstream of Dam,LADDER,Adult Passage Ladder,NA,1
3D9.1C2DDBE950,CFM-2012-086-TUM.xml,NAU - Upper Nason Creek,7/30/2012 1:21:14 AM,7/30/2012 1:21:34 AM,LOWER IN-STREAM ARRAY,UPPER IN-STREAM ARRAY,7/14/2012,7,Bull Trout,R,Resident,W,Wild Fish or Natural Production,TUMFBY - TUM - Release into the Forebay within 0.5 km upstream of Dam,LADDER,Adult Passage Ladder,NA,1
3D9.1C2DDBE9C9,NBD-2014-085-TUM.json,CHW - Chiwaukum Creek,9/1/2014 1:48:20 AM,5/28/2015 5:31:28 AM,UPSTREAM ARRAY,UPSTREAM ARRAY,7/10/2014,7,Bull Trout,R,Resident,W,Wild Fish or Natural Production,TUMFBY - TUM - Release into the Forebay within 0.5 km upstream of Dam,LADDER,Adult Passage Ladder,NA,1
3D9.1C2DDBE9C9,NBD-2014-085-TUM.json,TUF - Tumwater Dam Adult Fishway,7/15/2014 8:41:31 AM,7/15/2014 8:51:19 AM,WEIR 14,WEIR 17,7/10/2014,7,Bull Trout,R,Resident,W,Wild Fish or Natural Production,TUMFBY - TUM - Release into the Forebay within 0.5 km upstream of Dam,LADDER,Adult Passage Ladder,NA,1
3D9.1C2DDBEAD4,CFM-2012-086-TUM.xml,NAL - Lower Nason Creek,7/31/2012 12:46:24 AM,7/10/2013 1:10:29 AM,LOWER IN-STREAM ARRAY,UPPER IN-STREAM ARRAY,7/22/2012,7,Bull Trout,R,Resident,W,Wild Fish or Natural Production,TUMFBY - TUM - Release into the Forebay within 0.5 km upstream of Dam,LADDER,Adult Passage Ladder,NA,1
3D9.1C2DDBEAD4,CFM-2012-086-TUM.xml,NAU - Upper Nason Creek,8/3/2012 1:30:47 AM,7/14/2013 4:10:59 AM,LOWER IN-STREAM ARRAY,UPPER IN-STREAM ARRAY,7/22/2012,7,Bull Trout,R,Resident,W,Wild Fish or Natural Production,TUMFBY - TUM - Release into the Forebay within 0.5 km upstream of Dam,LADDER,Adult Passage Ladder,NA,1
3D9.1C2DDBEAD4,CFM-2012-086-TUM.xml,TUF - Tumwater Dam Adult Fishway,6/30/2013 2:40:06 PM,6/30/2013 2:47:06 PM,WEIR 14,WEIR 17,7/22/2012,7,Bull Trout,R,Resident,W,Wild Fish or Natural Production,TUMFBY - TUM - Release into the Forebay within 0.5 km upstream of Dam,LADDER,Adult Passage Ladder,NA,1
3D9.1C2DDBEBF3,NBD-2015-065-TUM.xml,CHW - Chiwaukum Creek,6/25/2015 11:24:48 PM,6/25/2015 11:26:25 PM,DOWNSTREAM ARRAY,UPSTREAM ARRAY,6/13/2015,7,Bull Trout,R,Resident,W,Wild Fish or Natural Production,TUMFBY - TUM - Release into the Forebay within 0.5 km upstream of Dam,LADDER,Adult Passage Ladder,NA,1
3D9.1C2DDBF103,CFM-2013-060-TUM.xml,CHW - Chiwaukum Creek,7/19/2013 6:39:49 AM,9/20/2014 3:56:05 AM,DOWNSTREAM ARRAY,DOWNSTREAM ARRAY,7/9/2013,7,Bull Trout,R,Resident,W,Wild Fish or Natural Production,TUMFBY - TUM - Release into the Forebay within 0.5 km upstream of Dam,LADDER,Adult Passage Ladder,NA,1
3D9.1C2DDBF103,CFM-2013-060-TUM.xml,ICL - Lower Icicle Instream Array,7/4/2015 7:56:15 PM,7/4/2015 7:56:31 PM,Downstream Array,Upstream Array,7/9/2013,7,Bull Trout,R,Resident,W,Wild Fish or Natural Production,TUMFBY - TUM - Release into the Forebay within 0.5 km upstream of Dam,LADDER,Adult Passage Ladder,NA,1
3D9.1C2DDBF103,CFM-2013-060-TUM.xml,TUF - Tumwater Dam Adult Fishway,7/10/2014 5:23:23 PM,6/27/2015 12:21:19 PM,WEIR 14,WEIR 14,7/9/2013,7,Bull Trout,R,Resident,W,Wild Fish or Natural Production,TUMFBY - TUM - Release into the Forebay within 0.5 km upstream of Dam,LADDER,Adult Passage Ladder,NA,1
3D9.1C2DDBF114,NBD-2015-065-TUM.xml,NAL - Lower Nason Creek,6/18/2015 10:50:35 PM,6/27/2015 1:05:50 AM,UPPER IN-STREAM ARRAY,UPPER IN-STREAM ARRAY,6/9/2015,7,Bull Trout,R,Resident,W,Wild Fish or Natural Production,TUMFBY - TUM - Release into the Forebay within 0.5 km upstream of Dam,LADDER,Adult Passage Ladder,NA,1
3D9.1C2DDBF114,NBD-2015-065-TUM.xml,NAU - Upper Nason Creek,6/30/2015 12:32:07 AM,6/30/2015 12:32:22 AM,LOWER IN-STREAM ARRAY,UPPER IN-STREAM ARRAY,6/9/2015,7,Bull Trout,R,Resident,W,Wild Fish or Natural Production,TUMFBY - TUM - Release into the Forebay within 0.5 km upstream of Dam,LADDER,Adult Passage Ladder,NA,1
3D9.1C2DDBF13C,CFM-2013-060-TUM.xml,CHW - Chiwaukum Creek,7/22/2013 5:25:16 AM,9/19/2013 3:26:43 AM,DOWNSTREAM ARRAY,DOWNSTREAM ARRAY,7/15/2013,7,Bull Trout,R,Resident,W,Wild Fish or Natural Production,TUMFBY - TUM - Release into the Forebay within 0.5 km upstream of Dam,LADDER,Adult Passage Ladder,NA,1
3D9.1C2DDBF13C,CFM-2013-060-TUM.xml,LWE - Lower Wenatchee River,11/19/2013 12:45:12 AM,11/19/2013 12:45:12 AM,DOWNSTREAM ANTENNA ARRAY,DOWNSTREAM ANTENNA ARRAY,7/15/2013,7,Bull Trout,R,Resident,W,Wild Fish or Natural Production,TUMFBY - TUM - Release into the Forebay within 0.5 km upstream of Dam,LADDER,Adult Passage Ladder,NA,1
3D9.1C2DDBF13C,CFM-2013-060-TUM.xml,TUF - Tumwater Dam Adult Fishway,6/25/2014 1:20:57 PM,7/19/2014 3:40:51 PM,WEIR 14,WEIR 17,7/15/2013,7,Bull Trout,R,Resident,W,Wild Fish or Natural Production,TUMFBY - TUM - Release into the Forebay within 0.5 km upstream of Dam,LADDER,Adult Passage Ladder,NA,1
3D9.1C2DDBF33E,NBD-2015-065-TUM.xml,CHL - Lower Chiwawa River,8/26/2015 9:26:36 PM,8/27/2015 12:43:55 AM,LOWER IN-STREAM ARRAY,LOWER IN-STREAM ARRAY,6/18/2015,7,Bull Trout,R,Resident,W,Wild Fish or Natural Production,TUMFBY - TUM - Release into the Forebay within 0.5 km upstream of Dam,LADDER,Adult Passage Ladder,NA,1
3D9.1C2DDBF33E,NBD-2015-065-TUM.xml,CHW - Chiwaukum Creek,7/4/2015 1:19:09 AM,8/13/2015 9:34:06 PM,DOWNSTREAM ARRAY,DOWNSTREAM ARRAY,6/18/2015,7,Bull Trout,R,Resident,W,Wild Fish or Natural Production,TUMFBY - TUM - Release into the Forebay within 0.5 km upstream of Dam,LADDER,Adult Passage Ladder,NA,1
3D9.1C2DDBF33E,NBD-2015-065-TUM.xml,NAL - Lower Nason Creek,8/27/2015 10:47:37 PM,8/27/2015 10:47:49 PM,LOWER IN-STREAM ARRAY,UPPER IN-STREAM ARRAY,6/18/2015,7,Bull Trout,R,Resident,W,Wild Fish or Natural Production,TUMFBY - TUM - Release into the Forebay within 0.5 km upstream of Dam,LADDER,Adult Passage Ladder,NA,1
3D9.1C2DDBF33E,NBD-2015-065-TUM.xml,NAU - Upper Nason Creek,8/29/2015 8:58:52 PM,8/29/2015 8:59:07 PM,LOWER IN-STREAM ARRAY,UPPER IN-STREAM ARRAY,6/18/2015,7,Bull Trout,R,Resident,W,Wild Fish or Natural Production,TUMFBY - TUM - Release into the Forebay within 0.5 km upstream of Dam,LADDER,Adult Passage Ladder,NA,1
3D9.1C2DDBF33E,NBD-2015-065-TUM.xml,UWE - Upper Wenatchee River,8/27/2015 3:24:52 AM,8/27/2015 3:24:52 AM,IN-STREAM ARRAY,IN-STREAM ARRAY,6/18/2015,7,Bull Trout,R,Resident,W,Wild Fish or Natural Production,TUMFBY - TUM - Release into the Forebay within 0.5 km upstream of Dam,LADDER,Adult Passage Ladder,NA,1
3D9.1C2DDBF37E,NBD-2014-085-TUM.json,CHW - Chiwaukum Creek,6/21/2016 3:47:42 AM,6/21/2016 10:00:54 PM,UPSTREAM ARRAY,UPSTREAM ARRAY,7/11/2014,7,Bull Trout,R,Resident,W,Wild Fish or Natural Production,TUMFBY - TUM - Release into the Forebay within 0.5 km upstream of Dam,LADDER,Adult Passage Ladder,NA,1
3D9.1C2DDBF37E,NBD-2014-085-TUM.json,TUF - Tumwater Dam Adult Fishway,5/20/2015 4:26:22 PM,5/21/2016 6:12:33 AM,WEIR 14,WEIR 17,7/11/2014,7,Bull Trout,R,Resident,W,Wild Fish or Natural Production,TUMFBY - TUM - Release into the Forebay within 0.5 km upstream of Dam,LADDER,Adult Passage Ladder,NA,1
3D9.1C2DDBF548,CFM-2012-086-TUM.xml,CHL - Lower Chiwawa River,8/1/2012 2:48:24 AM,8/3/2012 9:02:30 PM,UPPER IN-STREAM ARRAY,LOWER IN-STREAM ARRAY,7/20/2012,7,Bull Trout,R,Resident,W,Wild Fish or Natural Production,TUMFBY - TUM - Release into the Forebay within 0.5 km upstream of Dam,LADDER,Adult Passage Ladder,NA,1
3D9.1C2DDBF57E,CFM-2013-060-TUM.xml,CHW - Chiwaukum Creek,7/21/2013 6:31:51 AM,8/25/2013 8:42:55 PM,DOWNSTREAM ARRAY,DOWNSTREAM ARRAY,7/10/2013,7,Bull Trout,R,Resident,W,Wild Fish or Natural Production,TUMFBY - TUM - Release into the Forebay within 0.5 km upstream of Dam,LADDER,Adult Passage Ladder,NA,1
3D9.1C2DDBF5F7,NBD-2015-065-TUM.xml,CHL - Lower Chiwawa River,7/23/2015 10:01:28 PM,7/24/2015 1:21:10 AM,LOWER IN-STREAM ARRAY,LOWER IN-STREAM ARRAY,6/26/2015,7,Bull Trout,R,Resident,W,Wild Fish or Natural Production,TUMFBY - TUM - Release into the Forebay within 0.5 km upstream of Dam,LADDER,Adult Passage Ladder,NA,1
3D9.1C2DDBF5F7,NBD-2015-065-TUM.xml,CHW - Chiwaukum Creek,6/30/2015 11:56:24 PM,7/20/2015 9:09:54 PM,DOWNSTREAM ARRAY,DOWNSTREAM ARRAY,6/26/2015,7,Bull Trout,R,Resident,W,Wild Fish or Natural Production,TUMFBY - TUM - Release into the Forebay within 0.5 km upstream of Dam,LADDER,Adult Passage Ladder,NA,1
3D9.1C2DDBF5F7,NBD-2015-065-TUM.xml,LWN - Little Wenatchee River,7/26/2015 11:18:03 PM,7/27/2015 9:42:05 PM,UPPER IN-STREAM ARRAY,UPPER IN-STREAM ARRAY,6/26/2015,7,Bull Trout,R,Resident,W,Wild Fish or Natural Production,TUMFBY - TUM - Release into the Forebay within 0.5 km upstream of Dam,LADDER,Adult Passage Ladder,NA,1
3D9.1C2DDBF5F7,NBD-2015-065-TUM.xml,NAL - Lower Nason Creek,6/29/2016 1:16:50 AM,9/30/2016 9:09:06 PM,UPPER IN-STREAM ARRAY,LOWER IN-STREAM ARRAY,6/26/2015,7,Bull Trout,R,Resident,W,Wild Fish or Natural Production,TUMFBY - TUM - Release into the Forebay within 0.5 km upstream of Dam,LADDER,Adult Passage Ladder,NA,1
3D9.1C2DDBF5F7,NBD-2015-065-TUM.xml,NAU - Upper Nason Creek,7/25/2016 9:41:40 PM,9/23/2016 10:51:05 PM,LOWER IN-STREAM ARRAY,LOWER IN-STREAM ARRAY,6/26/2015,7,Bull Trout,R,Resident,W,Wild Fish or Natural Production,TUMFBY - TUM - Release into the Forebay within 0.5 km upstream of Dam,LADDER,Adult Passage Ladder,NA,1
3D9.1C2DDBF5F7,NBD-2015-065-TUM.xml,UWE - Upper Wenatchee River,7/25/2015 11:50:32 PM,6/21/2016 11:35:21 PM,IN-STREAM ARRAY,IN-STREAM ARRAY,6/26/2015,7,Bull Trout,R,Resident,W,Wild Fish or Natural Production,TUMFBY - TUM - Release into the Forebay within 0.5 km upstream of Dam,LADDER,Adult Passage Ladder,NA,1
3D9.1C2DDBF5F7,NBD-2015-065-TUM.xml,"WTL - White River, Wenatchee Basin",8/30/2015 1:01:20 PM,9/28/2015 3:28:04 AM,LOWER IN-STREAM ARRAY,LOWER IN-STREAM ARRAY,6/26/2015,7,Bull Trout,R,Resident,W,Wild Fish or Natural Production,TUMFBY - TUM - Release into the Forebay within 0.5 km upstream of Dam,LADDER,Adult Passage Ladder,NA,1
3D9.1C2DDBF69E,NBD-2014-174-DRY.xml,ENL - Lower Entiat River,6/9/2015 10:28:04 PM,6/9/2015 10:29:07 PM,LOWER IN-STREAM ARRAY,UPPER IN-STREAM ARRAY,8/18/2014,7,Bull Trout,R,Resident,W,Wild Fish or Natural Production,DRYFBY - DRY - Release into the Forebay within 0.5 km upstream of Dam,LADDER,Adult Passage Ladder,NA,1
3D9.1C2DDBF69E,NBD-2014-174-DRY.xml,RRF - Rocky Reach Fishway,6/4/2015 9:01:47 PM,6/4/2015 9:47:22 PM,Lower Weir,Trap,8/18/2014,7,Bull Trout,R,Resident,W,Wild Fish or Natural Production,DRYFBY - DRY - Release into the Forebay within 0.5 km upstream of Dam,LADDER,Adult Passage Ladder,NA,1
3D9.1C2DDBF745,CFM-2012-086-TUM.xml,CHW - Chiwaukum Creek,8/5/2012 4:17:41 AM,8/5/2012 4:18:54 AM,DOWNSTREAM ARRAY,UPSTREAM ARRAY,7/30/2012,7,Bull Trout,R,Resident,W,Wild Fish or Natural Production,TUMFBY - TUM - Release into the Forebay within 0.5 km upstream of Dam,LADDER,Adult Passage Ladder,NA,1
3D9.1C2DDBF7C3,CFM-2013-060-TUM.xml,CHW - Chiwaukum Creek,7/20/2013 11:27:46 PM,9/27/2013 2:08:35 AM,DOWNSTREAM ARRAY,DOWNSTREAM ARRAY,7/6/2013,7,Bull Trout,R,Resident,W,Wild Fish or Natural Production,TUMFBY - TUM - Release into the Forebay within 0.5 km upstream of Dam,LADDER,Adult Passage Ladder,NA,1
3D9.1C2DDBF7C3,CFM-2013-060-TUM.xml,LWE - Lower Wenatchee River,10/18/2013 10:29:51 AM,10/19/2013 5:14:48 AM,UPSTREAM ANTENNA ARRAY,UPSTREAM ANTENNA ARRAY,7/6/2013,7,Bull Trout,R,Resident,W,Wild Fish or Natural Production,TUMFBY - TUM - Release into the Forebay within 0.5 km upstream of Dam,LADDER,Adult Passage Ladder,NA,1
3D9.1C2DDBF7C3,CFM-2013-060-TUM.xml,TUF - Tumwater Dam Adult Fishway,7/18/2013 12:43:12 PM,7/14/2014 7:44:07 PM,WEIR 14,WEIR 17,7/6/2013,7,Bull Trout,R,Resident,W,Wild Fish or Natural Production,TUMFBY - TUM - Release into the Forebay within 0.5 km upstream of Dam,LADDER,Adult Passage Ladder,NA,1
3D9.1C2DDBF8C8,CFM-2012-086-TUM.xml,NAL - Lower Nason Creek,8/4/2012 12:53:08 AM,6/27/2013 1:05:03 AM,UPPER IN-STREAM ARRAY,UPPER IN-STREAM ARRAY,7/20/2012,7,Bull Trout,R,Resident,W,Wild Fish or Natural Production,TUMFBY - TUM - Release into the Forebay within 0.5 km upstream of Dam,LADDER,Adult Passage Ladder,NA,1
3D9.1C2DDBF8C8,CFM-2012-086-TUM.xml,NAU - Upper Nason Creek,7/1/2013 9:54:28 PM,7/1/2013 9:54:56 PM,LOWER IN-STREAM ARRAY,UPPER IN-STREAM ARRAY,7/20/2012,7,Bull Trout,R,Resident,W,Wild Fish or Natural Production,TUMFBY - TUM - Release into the Forebay within 0.5 km upstream of Dam,LADDER,Adult Passage Ladder,NA,1
3D9.1C2DDBF8C8,CFM-2012-086-TUM.xml,TUF - Tumwater Dam Adult Fishway,6/4/2013 4:32:40 PM,6/18/2013 5:29:57 PM,WEIR 14,WEIR 17,7/20/2012,7,Bull Trout,R,Resident,W,Wild Fish or Natural Production,TUMFBY - TUM - Release into the Forebay within 0.5 km upstream of Dam,LADDER,Adult Passage Ladder,NA,1
3D9.1C2DDBF8C8,CFM-2012-086-TUM.xml,UWE - Upper Wenatchee River,6/24/2013 4:21:21 AM,6/24/2013 9:15:54 PM,IN-STREAM ARRAY,IN-STREAM ARRAY,7/20/2012,7,Bull Trout,R,Resident,W,Wild Fish or Natural Production,TUMFBY - TUM - Release into the Forebay within 0.5 km upstream of Dam,LADDER,Adult Passage Ladder,NA,1
3D9.1C2DDBFA8E,CFM-2013-060-TUM.xml,CHL - Lower Chiwawa River,7/17/2013 12:34:55 AM,7/17/2013 12:34:55 AM,LOWER IN-STREAM ARRAY,LOWER IN-STREAM ARRAY,7/10/2013,7,Bull Trout,R,Resident,W,Wild Fish or Natural Production,TUMFBY - TUM - Release into the Forebay within 0.5 km upstream of Dam,LADDER,Adult Passage Ladder,NA,1
3D9.1C2DDBFE57,NBD-2014-085-TUM.json,CHW - Chiwaukum Creek,7/5/2014 3:27:55 AM,7/5/2014 3:30:40 AM,DOWNSTREAM ARRAY,UPSTREAM ARRAY,6/18/2014,7,Bull Trout,R,Resident,W,Wild Fish or Natural Production,TUMFBY - TUM - Release into the Forebay within 0.5 km upstream of Dam,LADDER,Adult Passage Ladder,NA,1
3D9.1C2DDC00CC,NBD-2014-085-TUM.json,CHL - Lower Chiwawa River,9/24/2014 8:40:28 PM,9/24/2014 8:40:35 PM,UPPER IN-STREAM ARRAY,LOWER IN-STREAM ARRAY,6/18/2014,7,Bull Trout,R,Resident,W,Wild Fish or Natural Production,TUMFBY - TUM - Release into the Forebay within 0.5 km upstream of Dam,LADDER,Adult Passage Ladder,NA,1
3D9.1C2DDC00CC,NBD-2014-085-TUM.json,CHU - Upper Chiwawa River,7/5/2014 10:12:32 PM,9/24/2014 4:11:16 AM,UPPER IN-STREAM ARRAY,UPPER IN-STREAM ARRAY,6/18/2014,7,Bull Trout,R,Resident,W,Wild Fish or Natural Production,TUMFBY - TUM - Release into the Forebay within 0.5 km upstream of Dam,LADDER,Adult Passage Ladder,NA,1
3D9.1C2DDC00CC,NBD-2014-085-TUM.json,TUF - Tumwater Dam Adult Fishway,4/28/2015 8:25:24 PM,6/15/2015 8:26:05 AM,WEIR 14,WEIR 17,6/18/2014,7,Bull Trout,R,Resident,W,Wild Fish or Natural Production,TUMFBY - TUM - Release into the Forebay within 0.5 km upstream of Dam,LADDER,Adult Passage Ladder,NA,1
3D9.1C2DDC02D4,CFM-2012-086-TUM.xml,CHW - Chiwaukum Creek,8/2/2012 3:25:42 AM,8/2/2012 3:26:22 AM,DOWNSTREAM ARRAY,UPSTREAM ARRAY,7/22/2012,7,Bull Trout,R,Resident,W,Wild Fish or Natural Production,TUMFBY - TUM - Release into the Forebay within 0.5 km upstream of Dam,LADDER,Adult Passage Ladder,NA,1
3D9.1C2DDC02D4,CFM-2012-086-TUM.xml,MWE - Middle Wenatchee River,7/22/2012 6:17:03 PM,7/22/2012 6:17:03 PM,IN-STREAM ARRAY,IN-STREAM ARRAY,7/22/2012,7,Bull Trout,R,Resident,W,Wild Fish or Natural Production,TUMFBY - TUM - Release into the Forebay within 0.5 km upstream of Dam,LADDER,Adult Passage Ladder,NA,1
3D9.1C2DDC038B,NBD-2014-085-TUM.json,CHW - Chiwaukum Creek,9/25/2014 9:59:46 PM,9/25/2014 10:00:11 PM,UPSTREAM ARRAY,DOWNSTREAM ARRAY,7/10/2014,7,Bull Trout,R,Resident,W,Wild Fish or Natural Production,TUMFBY - TUM - Release into the Forebay within 0.5 km upstream of Dam,LADDER,Adult Passage Ladder,NA,1
3D9.1C2DDC038B,NBD-2014-085-TUM.json,TUF - Tumwater Dam Adult Fishway,5/18/2015 5:47:16 PM,6/1/2015 7:29:10 PM,WEIR 14,WEIR 17,7/10/2014,7,Bull Trout,R,Resident,W,Wild Fish or Natural Production,TUMFBY - TUM - Release into the Forebay within 0.5 km upstream of Dam,LADDER,Adult Passage Ladder,NA,1
3D9.1C2DDC03E3,CFM-2013-060-TUM.xml,CHW - Chiwaukum Creek,7/21/2013 11:56:36 PM,9/28/2013 6:08:23 AM,DOWNSTREAM ARRAY,DOWNSTREAM ARRAY,7/9/2013,7,Bull Trout,R,Resident,W,Wild Fish or Natural Production,TUMFBY - TUM - Release into the Forebay within 0.5 km upstream of Dam,LADDER,Adult Passage Ladder,NA,1
3D9.1C2DDC03E3,CFM-2013-060-TUM.xml,ICL - Lower Icicle Instream Array,10/24/2013 7:55:47 PM,10/26/2013 12:46:10 AM,INSTREAM ARRAY,INSTREAM ARRAY,7/9/2013,7,Bull Trout,R,Resident,W,Wild Fish or Natural Production,TUMFBY - TUM - Release into the Forebay within 0.5 km upstream of Dam,LADDER,Adult Passage Ladder,NA,1
3D9.1C2DDC03E3,CFM-2013-060-TUM.xml,TUF - Tumwater Dam Adult Fishway,7/9/2014 5:41:57 PM,7/9/2014 5:47:39 PM,WEIR 14,WEIR 17,7/9/2013,7,Bull Trout,R,Resident,W,Wild Fish or Natural Production,TUMFBY - TUM - Release into the Forebay within 0.5 km upstream of Dam,LADDER,Adult Passage Ladder,NA,1
3D9.1C2DDC043B,CFM-2012-086-TUM.xml,CHW - Chiwaukum Creek,7/23/2012 11:47:54 PM,7/23/2012 11:48:36 PM,DOWNSTREAM ARRAY,UPSTREAM ARRAY,7/14/2012,7,Bull Trout,R,Resident,W,Wild Fish or Natural Production,TUMFBY - TUM - Release into the Forebay within 0.5 km upstream of Dam,LADDER,Adult Passage Ladder,NA,1
3D9.1C2DDC04E4,CFM-2012-086-TUM.xml,CHW - Chiwaukum Creek,7/31/2012 4:45:43 AM,9/14/2012 2:27:54 AM,DOWNSTREAM ARRAY,DOWNSTREAM ARRAY,7/13/2012,7,Bull Trout,R,Resident,W,Wild Fish or Natural Production,TUMFBY - TUM - Release into the Forebay within 0.5 km upstream of Dam,LADDER,Adult Passage Ladder,NA,1
3D9.1C2DDC056C,CFM-2013-060-TUM.xml,CHW - Chiwaukum Creek,7/19/2013 3:22:31 AM,10/1/2013 6:15:35 AM,DOWNSTREAM ARRAY,DOWNSTREAM ARRAY,7/9/2013,7,Bull Trout,R,Resident,W,Wild Fish or Natural Production,TUMFBY - TUM - Release into the Forebay within 0.5 km upstream of Dam,LADDER,Adult Passage Ladder,NA,1
3D9.1C2DDC058B,CFM-2013-060-TUM.xml,CHW - Chiwaukum Creek,7/23/2013 5:09:03 AM,7/23/2013 5:09:28 AM,DOWNSTREAM ARRAY,UPSTREAM ARRAY,7/7/2013,7,Bull Trout,R,Resident,W,Wild Fish or Natural Production,TUMFBY - TUM - Release into the Forebay within 0.5 km upstream of Dam,LADDER,Adult Passage Ladder,NA,1
3D9.1C2DDC05B9,CFM-2013-060-TUM.xml,CHW - Chiwaukum Creek,7/17/2013 6:22:27 AM,9/21/2013 3:25:33 AM,DOWNSTREAM ARRAY,UPSTREAM ARRAY,7/7/2013,7,Bull Trout,R,Resident,W,Wild Fish or Natural Production,TUMFBY - TUM - Release into the Forebay within 0.5 km upstream of Dam,LADDER,Adult Passage Ladder,NA,1
3D9.1C2DDC05ED,NBD-2014-085-TUM.json,CHL - Lower Chiwawa River,9/18/2014 7:13:25 PM,9/18/2014 7:13:26 PM,LOWER IN-STREAM ARRAY,LOWER IN-STREAM ARRAY,7/9/2014,7,Bull Trout,R,Resident,W,Wild Fish or Natural Production,TUMFBY - TUM - Release into the Forebay within 0.5 km upstream of Dam,LADDER,Adult Passage Ladder,NA,1
3D9.1C2DDC05ED,NBD-2014-085-TUM.json,CHU - Upper Chiwawa River,9/17/2014 9:26:50 PM,9/17/2014 9:26:51 PM,UPPER IN-STREAM ARRAY,UPPER IN-STREAM ARRAY,7/9/2014,7,Bull Trout,R,Resident,W,Wild Fish or Natural Production,TUMFBY - TUM - Release into the Forebay within 0.5 km upstream of Dam,LADDER,Adult Passage Ladder,NA,1
3D9.1C2DDC07E5,CFM-2013-060-TUM.xml,CHW - Chiwaukum Creek,7/17/2013 12:41:52 AM,7/17/2013 12:43:17 AM,DOWNSTREAM ARRAY,UPSTREAM ARRAY,7/7/2013,7,Bull Trout,R,Resident,W,Wild Fish or Natural Production,TUMFBY - TUM - Release into the Forebay within 0.5 km upstream of Dam,LADDER,Adult Passage Ladder,NA,1
3D9.1C2DDC0C10,NBD-2015-065-TUM.xml,CHW - Chiwaukum Creek,7/3/2015 1:38:01 AM,7/3/2015 1:38:22 AM,DOWNSTREAM ARRAY,UPSTREAM ARRAY,6/18/2015,7,Bull Trout,R,Resident,W,Wild Fish or Natural Production,TUMFBY - TUM - Release into the Forebay within 0.5 km upstream of Dam,LADDER,Adult Passage Ladder,NA,1
3D9.1C2DDC0DFA,NBD-2015-065-TUM.xml,CHL - Lower Chiwawa River,9/1/2015 8:54:14 PM,9/1/2015 8:54:14 PM,LOWER IN-STREAM ARRAY,LOWER IN-STREAM ARRAY,6/18/2015,7,Bull Trout,R,Resident,W,Wild Fish or Natural Production,TUMFBY - TUM - Release into the Forebay within 0.5 km upstream of Dam,LADDER,Adult Passage Ladder,NA,1
3D9.1C2DDC0DFA,NBD-2015-065-TUM.xml,CHU - Upper Chiwawa River,6/29/2015 9:59:06 PM,8/31/2015 8:41:29 PM,LOWER IN-STREAM ARRAY,LOWER IN-STREAM ARRAY,6/18/2015,7,Bull Trout,R,Resident,W,Wild Fish or Natural Production,TUMFBY - TUM - Release into the Forebay within 0.5 km upstream of Dam,LADDER,Adult Passage Ladder,NA,1
3D9.1C2DDC0E23,CFM-2013-060-TUM.xml,CHL - Lower Chiwawa River,7/22/2013 1:24:37 AM,9/21/2015 10:03:56 PM,LOWER IN-STREAM ARRAY,LOWER IN-STREAM ARRAY,7/13/2013,7,Bull Trout,R,Resident,W,Wild Fish or Natural Production,TUMFBY - TUM - Release into the Forebay within 0.5 km upstream of Dam,LADDER,Adult Passage Ladder,NA,1
3D9.1C2DDC0E23,CFM-2013-060-TUM.xml,CHU - Upper Chiwawa River,7/15/2014 10:49:34 PM,9/14/2015 7:16:15 PM,UPPER IN-STREAM ARRAY,UPPER IN-STREAM ARRAY,7/13/2013,7,Bull Trout,R,Resident,W,Wild Fish or Natural Production,TUMFBY - TUM - Release into the Forebay within 0.5 km upstream of Dam,LADDER,Adult Passage Ladder,NA,1
3D9.1C2DDC0E76,NBD-2014-085-TUM.json,CHW - Chiwaukum Creek,6/27/2015 2:29:11 AM,6/27/2015 2:29:34 AM,DOWNSTREAM ARRAY,UPSTREAM ARRAY,7/7/2014,7,Bull Trout,R,Resident,W,Wild Fish or Natural Production,TUMFBY - TUM - Release into the Forebay within 0.5 km upstream of Dam,LADDER,Adult Passage Ladder,NA,1
3D9.1C2DDC0E76,NBD-2014-085-TUM.json,TUF - Tumwater Dam Adult Fishway,6/15/2015 1:48:57 PM,6/15/2015 1:48:57 PM,WEIR 14,WEIR 14,7/7/2014,7,Bull Trout,R,Resident,W,Wild Fish or Natural Production,TUMFBY - TUM - Release into the Forebay within 0.5 km upstream of Dam,LADDER,Adult Passage Ladder,NA,1
3D9.1C2DDC1038,CFM-2012-086-TUM.xml,CHL - Lower Chiwawa River,7/20/2012 4:16:50 AM,10/3/2014 6:50:03 PM,LOWER IN-STREAM ARRAY,LOWER IN-STREAM ARRAY,7/11/2012,7,Bull Trout,R,Resident,W,Wild Fish or Natural Production,TUMFBY - TUM - Release into the Forebay within 0.5 km upstream of Dam,LADDER,Adult Passage Ladder,NA,1
3D9.1C2DDC1038,CFM-2012-086-TUM.xml,CHU - Upper Chiwawa River,7/23/2012 4:56:05 AM,10/2/2014 8:31:19 PM,LOWER IN-STREAM ARRAY,LOWER IN-STREAM ARRAY,7/11/2012,7,Bull Trout,R,Resident,W,Wild Fish or Natural Production,TUMFBY - TUM - Release into the Forebay within 0.5 km upstream of Dam,LADDER,Adult Passage Ladder,NA,1
3D9.1C2DDC1038,CFM-2012-086-TUM.xml,LWE - Lower Wenatchee River,10/10/2014 11:25:30 PM,10/10/2014 11:25:30 PM,DOWNSTREAM ANTENNA ARRAY,DOWNSTREAM ANTENNA ARRAY,7/11/2012,7,Bull Trout,R,Resident,W,Wild Fish or Natural Production,TUMFBY - TUM - Release into the Forebay within 0.5 km upstream of Dam,LADDER,Adult Passage Ladder,NA,1
3D9.1C2DDC1038,CFM-2012-086-TUM.xml,RRF - Rocky Reach Fishway,12/2/2012 8:50:58 AM,12/2/2013 1:10:13 PM,WEIR 4,WEIR 6,7/11/2012,7,Bull Trout,R,Resident,W,Wild Fish or Natural Production,TUMFBY - TUM - Release into the Forebay within 0.5 km upstream of Dam,LADDER,Adult Passage Ladder,NA,1
3D9.1C2DDC1038,CFM-2012-086-TUM.xml,TUF - Tumwater Dam Adult Fishway,6/29/2013 12:23:34 PM,7/2/2014 6:01:54 PM,WEIR 14,WEIR 17,7/11/2012,7,Bull Trout,R,Resident,W,Wild Fish or Natural Production,TUMFBY - TUM - Release into the Forebay within 0.5 km upstream of Dam,LADDER,Adult Passage Ladder,NA,1
3D9.1C2DDC10CB,CFM-2012-086-TUM.xml,CHW - Chiwaukum Creek,7/31/2012 12:14:02 AM,7/31/2012 12:15:16 AM,DOWNSTREAM ARRAY,UPSTREAM ARRAY,7/24/2012,7,Bull Trout,R,Resident,W,Wild Fish or Natural Production,TUMFBY - TUM - Release into the Forebay within 0.5 km upstream of Dam,LADDER,Adult Passage Ladder,NA,1
3D9.1C2DDC11B5,NBD-2014-085-TUM.json,CHW - Chiwaukum Creek,7/12/2014 2:04:53 AM,6/26/2015 3:14:49 AM,DOWNSTREAM ARRAY,UPSTREAM ARRAY,6/15/2014,7,Bull Trout,R,Resident,W,Wild Fish or Natural Production,TUMFBY - TUM - Release into the Forebay within 0.5 km upstream of Dam,LADDER,Adult Passage Ladder,NA,1
3D9.1C2DDC11B5,NBD-2014-085-TUM.json,TUF - Tumwater Dam Adult Fishway,5/22/2015 5:07:54 PM,6/9/2015 2:56:28 AM,WEIR 14,WEIR 17,6/15/2014,7,Bull Trout,R,Resident,W,Wild Fish or Natural Production,TUMFBY - TUM - Release into the Forebay within 0.5 km upstream of Dam,LADDER,Adult Passage Ladder,NA,1
3D9.1C2DDC11BA,NBD-2014-085-TUM.json,CHW - Chiwaukum Creek,8/4/2014 8:48:21 PM,8/4/2014 8:49:21 PM,DOWNSTREAM ARRAY,UPSTREAM ARRAY,4/15/2014,7,Bull Trout,R,Resident,W,Wild Fish or Natural Production,TUMFBY - TUM - Release into the Forebay within 0.5 km upstream of Dam,LADDER,Adult Passage Ladder,NA,1
3D9.1C2DDC11D5,CFM-2013-060-TUM.xml,CHW - Chiwaukum Creek,7/22/2013 12:28:06 AM,7/9/2014 6:17:47 AM,DOWNSTREAM ARRAY,UPSTREAM ARRAY,7/9/2013,7,Bull Trout,R,Resident,W,Wild Fish or Natural Production,TUMFBY - TUM - Release into the Forebay within 0.5 km upstream of Dam,LADDER,Adult Passage Ladder,NA,1
3D9.1C2DDC11D5,CFM-2013-060-TUM.xml,TUF - Tumwater Dam Adult Fishway,6/11/2014 2:16:38 PM,6/19/2014 3:51:16 AM,WEIR 17,WEIR 14,7/9/2013,7,Bull Trout,R,Resident,W,Wild Fish or Natural Production,TUMFBY - TUM - Release into the Forebay within 0.5 km upstream of Dam,LADDER,Adult Passage Ladder,NA,1
3D9.1C2DDC1219,NBD-2014-085-TUM.json,CHW - Chiwaukum Creek,7/14/2014 2:14:58 AM,9/25/2014 7:43:45 PM,DOWNSTREAM ARRAY,DOWNSTREAM ARRAY,6/25/2014,7,Bull Trout,R,Resident,W,Wild Fish or Natural Production,TUMFBY - TUM - Release into the Forebay within 0.5 km upstream of Dam,LADDER,Adult Passage Ladder,NA,1
3D9.1C2DDC1219,NBD-2014-085-TUM.json,TUF - Tumwater Dam Adult Fishway,6/16/2015 3:14:57 PM,6/26/2015 11:10:22 AM,WEIR 14,WEIR 14,6/25/2014,7,Bull Trout,R,Resident,W,Wild Fish or Natural Production,TUMFBY - TUM - Release into the Forebay within 0.5 km upstream of Dam,LADDER,Adult Passage Ladder,NA,1
3D9.1C2DDC1938,CFM-2013-060-TUM.xml,CHL - Lower Chiwawa River,7/22/2013 4:43:49 AM,10/12/2014 4:13:33 AM,UPPER IN-STREAM ARRAY,LOWER IN-STREAM ARRAY,7/6/2013,7,Bull Trout,R,Resident,W,Wild Fish or Natural Production,TUMFBY - TUM - Release into the Forebay within 0.5 km upstream of Dam,LADDER,Adult Passage Ladder,NA,1
3D9.1C2DDC1938,CFM-2013-060-TUM.xml,CHU - Upper Chiwawa River,10/12/2014 1:31:38 AM,6/17/2015 3:24:20 AM,UPPER IN-STREAM ARRAY,UPPER IN-STREAM ARRAY,7/6/2013,7,Bull Trout,R,Resident,W,Wild Fish or Natural Production,TUMFBY - TUM - Release into the Forebay within 0.5 km upstream of Dam,LADDER,Adult Passage Ladder,NA,1
3D9.1C2DDC1938,CFM-2013-060-TUM.xml,MWE - Middle Wenatchee River,7/7/2013 2:40:39 PM,7/7/2013 2:40:39 PM,IN-STREAM ARRAY,IN-STREAM ARRAY,7/6/2013,7,Bull Trout,R,Resident,W,Wild Fish or Natural Production,TUMFBY - TUM - Release into the Forebay within 0.5 km upstream of Dam,LADDER,Adult Passage Ladder,NA,1
3D9.1C2DDC1938,CFM-2013-060-TUM.xml,UWE - Upper Wenatchee River,10/19/2013 3:35:44 AM,4/18/2015 2:01:43 AM,IN-STREAM ARRAY,IN-STREAM ARRAY,7/6/2013,7,Bull Trout,R,Resident,W,Wild Fish or Natural Production,TUMFBY - TUM - Release into the Forebay within 0.5 km upstream of Dam,LADDER,Adult Passage Ladder,NA,1
3D9.1C2DDC1963,NBD-2015-065-TUM.xml,NAL - Lower Nason Creek,6/24/2015 12:46:45 AM,6/24/2015 12:47:00 AM,LOWER IN-STREAM ARRAY,UPPER IN-STREAM ARRAY,6/18/2015,7,Bull Trout,R,Resident,W,Wild Fish or Natural Production,TUMFBY - TUM - Release into the Forebay within 0.5 km upstream of Dam,LADDER,Adult Passage Ladder,NA,1
3D9.1C2DDC1963,NBD-2015-065-TUM.xml,NAU - Upper Nason Creek,6/26/2015 11:09:25 PM,6/26/2015 11:09:36 PM,LOWER IN-STREAM ARRAY,UPPER IN-STREAM ARRAY,6/18/2015,7,Bull Trout,R,Resident,W,Wild Fish or Natural Production,TUMFBY - TUM - Release into the Forebay within 0.5 km upstream of Dam,LADDER,Adult Passage Ladder,NA,1
3D9.1C2DDC1A8E,NBD-2015-065-TUM.xml,CHW - Chiwaukum Creek,6/25/2015 11:31:32 PM,8/1/2018 1:12:18 AM,DOWNSTREAM ARRAY,DOWNSTREAM ARRAY,5/18/2015,7,Bull Trout,R,Resident,W,Wild Fish or Natural Production,TUMFBY - TUM - Release into the Forebay within 0.5 km upstream of Dam,LADDER,Adult Passage Ladder,NA,1
3D9.1C2DDC1A8E,NBD-2015-065-TUM.xml,TUF - Tumwater Dam Adult Fishway,6/2/2016 2:11:13 PM,6/5/2018 11:49:41 AM,WEIR 14,WEIR 17,5/18/2015,7,Bull Trout,R,Resident,W,Wild Fish or Natural Production,TUMFBY - TUM - Release into the Forebay within 0.5 km upstream of Dam,LADDER,Adult Passage Ladder,NA,1
3D9.1C2DDC1BFC,CFM-2013-060-TUM.xml,CHW - Chiwaukum Creek,7/22/2013 12:08:38 AM,9/25/2013 7:28:53 AM,DOWNSTREAM ARRAY,DOWNSTREAM ARRAY,7/15/2013,7,Bull Trout,R,Resident,W,Wild Fish or Natural Production,TUMFBY - TUM - Release into the Forebay within 0.5 km upstream of Dam,LADDER,Adult Passage Ladder,NA,1
3D9.1C2DDC1BFC,CFM-2013-060-TUM.xml,TUF - Tumwater Dam Adult Fishway,7/9/2014 2:06:34 AM,7/9/2014 3:27:53 AM,WEIR 14,WEIR 17,7/15/2013,7,Bull Trout,R,Resident,W,Wild Fish or Natural Production,TUMFBY - TUM - Release into the Forebay within 0.5 km upstream of Dam,LADDER,Adult Passage Ladder,NA,1
3D9.1C2DDC1E72,NBD-2014-085-TUM.json,CHW - Chiwaukum Creek,7/11/2014 11:12:19 PM,7/11/2014 11:13:10 PM,DOWNSTREAM ARRAY,UPSTREAM ARRAY,6/28/2014,7,Bull Trout,R,Resident,W,Wild Fish or Natural Production,TUMFBY - TUM - Release into the Forebay within 0.5 km upstream of Dam,LADDER,Adult Passage Ladder,NA,1
3D9.1C2DDC21C6,CFM-2012-086-TUM.xml,CHW - Chiwaukum Creek,8/6/2012 4:22:31 AM,9/19/2012 8:15:29 PM,DOWNSTREAM ARRAY,DOWNSTREAM ARRAY,7/23/2012,7,Bull Trout,R,Resident,W,Wild Fish or Natural Production,TUMFBY - TUM - Release into the Forebay within 0.5 km upstream of Dam,LADDER,Adult Passage Ladder,NA,1
3D9.1C2DDC223E,NBD-2014-085-TUM.json,TUF - Tumwater Dam Adult Fishway,6/27/2014 3:48:19 PM,7/13/2014 2:40:35 PM,WEIR 14,WEIR 17,6/20/2014,7,Bull Trout,R,Resident,W,Wild Fish or Natural Production,TUMFBY - TUM - Release into the Forebay within 0.5 km upstream of Dam,LADDER,Adult Passage Ladder,NA,1
3D9.1C2DDC2249,CFM-2013-060-TUM.xml,CHW - Chiwaukum Creek,7/26/2013 10:38:06 PM,9/23/2013 11:35:49 PM,DOWNSTREAM ARRAY,DOWNSTREAM ARRAY,7/10/2013,7,Bull Trout,R,Resident,W,Wild Fish or Natural Production,TUMFBY - TUM - Release into the Forebay within 0.5 km upstream of Dam,LADDER,Adult Passage Ladder,NA,1
3D9.1C2DDC2249,CFM-2013-060-TUM.xml,ICL - Lower Icicle Instream Array,2/23/2014 9:18:05 PM,2/24/2014 9:51:58 PM,INSTREAM ARRAY,INSTREAM ARRAY,7/10/2013,7,Bull Trout,R,Resident,W,Wild Fish or Natural Production,TUMFBY - TUM - Release into the Forebay within 0.5 km upstream of Dam,LADDER,Adult Passage Ladder,NA,1
3D9.1C2DDC2323,CFM-2012-086-TUM.xml,CHW - Chiwaukum Creek,7/18/2012 5:46:19 AM,7/18/2012 5:46:27 AM,DOWNSTREAM ARRAY,UPSTREAM ARRAY,7/12/2012,7,Bull Trout,R,Resident,W,Wild Fish or Natural Production,TUMFBY - TUM - Release into the Forebay within 0.5 km upstream of Dam,LADDER,Adult Passage Ladder,NA,1
3D9.1C2DDC2369,CFM-2012-086-TUM.xml,CHW - Chiwaukum Creek,7/20/2012 6:46:00 AM,7/20/2012 6:48:22 AM,DOWNSTREAM ARRAY,UPSTREAM ARRAY,7/16/2012,7,Bull Trout,R,Resident,W,Wild Fish or Natural Production,TUMFBY - TUM - Release into the Forebay within 0.5 km upstream of Dam,LADDER,Adult Passage Ladder,NA,1
3D9.1C2DDC237E,CFM-2013-060-TUM.xml,CHL - Lower Chiwawa River,7/21/2013 3:34:52 AM,9/25/2013 1:17:07 AM,LOWER IN-STREAM ARRAY,LOWER IN-STREAM ARRAY,7/14/2013,7,Bull Trout,R,Resident,W,Wild Fish or Natural Production,TUMFBY - TUM - Release into the Forebay within 0.5 km upstream of Dam,LADDER,Adult Passage Ladder,NA,1
3D9.1C2DDC237E,CFM-2013-060-TUM.xml,CHU - Upper Chiwawa River,7/24/2013 9:16:29 PM,7/24/2013 9:16:29 PM,LOWER IN-STREAM ARRAY,LOWER IN-STREAM ARRAY,7/14/2013,7,Bull Trout,R,Resident,W,Wild Fish or Natural Production,TUMFBY - TUM - Release into the Forebay within 0.5 km upstream of Dam,LADDER,Adult Passage Ladder,NA,1
3D9.1C2DDC237E,CFM-2013-060-TUM.xml,ICL - Lower Icicle Instream Array,10/3/2013 7:18:01 PM,10/3/2013 7:18:01 PM,INSTREAM ARRAY,INSTREAM ARRAY,7/14/2013,7,Bull Trout,R,Resident,W,Wild Fish or Natural Production,TUMFBY - TUM - Release into the Forebay within 0.5 km upstream of Dam,LADDER,Adult Passage Ladder,NA,1
3D9.1C2DDC24B0,CFM-2012-086-TUM.xml,CHW - Chiwaukum Creek,7/28/2012 1:40:00 AM,7/28/2012 1:40:00 AM,DOWNSTREAM ARRAY,DOWNSTREAM ARRAY,7/21/2012,7,Bull Trout,R,Resident,W,Wild Fish or Natural Production,TUMFBY - TUM - Release into the Forebay within 0.5 km upstream of Dam,LADDER,Adult Passage Ladder,NA,1
3D9.1C2DDC24B6,CFM-2012-086-TUM.xml,NAL - Lower Nason Creek,8/1/2012 11:24:16 PM,8/1/2012 11:24:16 PM,UPPER IN-STREAM ARRAY,UPPER IN-STREAM ARRAY,7/23/2012,7,Bull Trout,R,Resident,W,Wild Fish or Natural Production,TUMFBY - TUM - Release into the Forebay within 0.5 km upstream of Dam,LADDER,Adult Passage Ladder,NA,1
3D9.1C2DDC2764,CFM-2012-086-TUM.xml,CHW - Chiwaukum Creek,7/26/2012 3:21:14 AM,7/15/2014 3:08:14 AM,DOWNSTREAM ARRAY,DOWNSTREAM ARRAY,7/15/2012,7,Bull Trout,R,Resident,W,Wild Fish or Natural Production,TUMFBY - TUM - Release into the Forebay within 0.5 km upstream of Dam,LADDER,Adult Passage Ladder,NA,1
3D9.1C2DDC2764,CFM-2012-086-TUM.xml,ICL - Lower Icicle Instream Array,9/29/2012 3:53:51 AM,10/3/2013 11:27:21 PM,INSTREAM ARRAY,INSTREAM ARRAY,7/15/2012,7,Bull Trout,R,Resident,W,Wild Fish or Natural Production,TUMFBY - TUM - Release into the Forebay within 0.5 km upstream of Dam,LADDER,Adult Passage Ladder,NA,1
3D9.1C2DDC2764,CFM-2012-086-TUM.xml,TUF - Tumwater Dam Adult Fishway,6/25/2013 3:11:40 PM,7/9/2014 8:19:28 PM,WEIR 14,WEIR 17,7/15/2012,7,Bull Trout,R,Resident,W,Wild Fish or Natural Production,TUMFBY - TUM - Release into the Forebay within 0.5 km upstream of Dam,LADDER,Adult Passage Ladder,NA,1
3D9.1C2DDC5343,CGS12299.LFZ,RRJ - Rocky Reach Dam Juvenile,5/10/2013 10:13:39 AM,5/10/2013 10:13:39 AM,DSM BYPASS SURFACE COLLECTOR,DSM BYPASS SURFACE COLLECTOR,10/25/2012,7,Bull Trout,R,Resident,W,Wild Fish or Natural Production,TWISPR - Twisp River,SHOCK,Electro-Shock,193,1
3D9.1C2DDC5343,CGS12299.LFZ,TWR - Lwr Twisp Rvr near MSRF Ponds,10/31/2012 1:25:51 AM,10/31/2012 1:25:55 AM,UPPER IN-STREAM ARRAY,LOWER IN-STREAM ARRAY,10/25/2012,7,Bull Trout,R,Resident,W,Wild Fish or Natural Production,TWISPR - Twisp River,SHOCK,Electro-Shock,193,1
3D9.1C2DDC67A3,CGS12292.KFZ,LMR - Lower Methow River at Pateros,10/23/2013 5:37:18 PM,10/23/2013 5:37:18 PM,UPSTREAM FULL-WIDTH ARRAY,UPSTREAM FULL-WIDTH ARRAY,10/18/2012,7,Bull Trout,R,Resident,W,Wild Fish or Natural Production,METHR - Methow River,SHOCK,Electro-Shock,245,1
3D9.1C2DDC67A3,CGS12292.KFZ,OKL - Lower Okanogan Instream Array,10/29/2013 2:35:37 AM,11/3/2013 12:04:05 AM,Downstream Array,Downstream Array,10/18/2012,7,Bull Trout,R,Resident,W,Wild Fish or Natural Production,METHR - Methow River,SHOCK,Electro-Shock,245,1
3D9.1C2DDC6841,CGS12285.KFZ,EWC - Early Winters Creek rkm 0.36,4/4/2013 8:48:00 PM,4/4/2013 8:48:00 PM,Upstream Array,Upstream Array,10/11/2012,7,Bull Trout,R,Resident,W,Wild Fish or Natural Production,METHR - Methow River,SHOCK,Electro-Shock,176,1
3D9.1C2DDC6D8A,CGS12284.LFZ,TWR - Lwr Twisp Rvr near MSRF Ponds,5/30/2013 12:49:35 AM,5/30/2013 12:49:35 AM,LOWER IN-STREAM ARRAY,LOWER IN-STREAM ARRAY,10/10/2012,7,Bull Trout,R,Resident,W,Wild Fish or Natural Production,TWISPR - Twisp River,SHOCK,Electro-Shock,144,1
3D9.1C2DDC702B,CGS13127.EL1,LMR - Lower Methow River at Pateros,9/28/2013 11:58:43 PM,9/28/2013 11:58:43 PM,UPSTREAM FULL-WIDTH ARRAY,UPSTREAM FULL-WIDTH ARRAY,6/10/2013,7,Bull Trout,R,Resident,W,Wild Fish or Natural Production,WELLD1 - WEL - Release into the East Adult Fish Ladder,LADDER,Adult Passage Ladder,570,1
3D9.1C2DDC702B,CGS13127.EL1,TWR - Lwr Twisp Rvr near MSRF Ponds,9/20/2013 7:05:04 PM,6/16/2015 12:17:04 AM,UPPER IN-STREAM ARRAY,UPPER IN-STREAM ARRAY,6/10/2013,7,Bull Trout,R,Resident,W,Wild Fish or Natural Production,WELLD1 - WEL - Release into the East Adult Fish Ladder,LADDER,Adult Passage Ladder,570,1
3D9.1C2DDC702B,CGS13127.EL1,"WEA - Wells Dam, DCPUD Adult Ladders",6/10/2013 4:24:08 PM,5/27/2015 11:59:00 AM,Left Ladder Pool 67,Left Ladder Pool 68,6/10/2013,7,Bull Trout,R,Resident,W,Wild Fish or Natural Production,WELLD1 - WEL - Release into the East Adult Fish Ladder,LADDER,Adult Passage Ladder,570,1
3D9.1C2DDC75BE,CGS12284.LFZ,TWR - Lwr Twisp Rvr near MSRF Ponds,4/7/2014 9:29:46 PM,7/28/2014 7:53:36 PM,UPPER IN-STREAM ARRAY,LOWER IN-STREAM ARRAY,10/10/2012,7,Bull Trout,R,Resident,W,Wild Fish or Natural Production,TWISPR - Twisp River,SHOCK,Electro-Shock,110,1
3D9.1C2DDC8FE6,CGS13127.EL1,EWC - Early Winters Creek rkm 0.36,7/12/2013 11:53:32 PM,9/30/2013 2:29:46 PM,Downstream Array,Downstream Array,6/24/2013,7,Bull Trout,R,Resident,W,Wild Fish or Natural Production,WELLD1 - WEL - Release into the East Adult Fish Ladder,LADDER,Adult Passage Ladder,600,1
3D9.1C2DDC8FE6,CGS13127.EL1,LMR - Lower Methow River at Pateros,3/9/2014 10:54:15 PM,3/12/2014 6:57:51 AM,DOWNSTREAM FULL-WIDTH ARRAY,DOWNSTREAM FULL-WIDTH ARRAY,6/24/2013,7,Bull Trout,R,Resident,W,Wild Fish or Natural Production,WELLD1 - WEL - Release into the East Adult Fish Ladder,LADDER,Adult Passage Ladder,600,1
3D9.1C2DDC8FE6,CGS13127.EL1,MRT - Methow River at Twisp,7/14/2014 4:43:11 AM,7/14/2014 4:43:11 AM,Upstream array,Upstream array,6/24/2013,7,Bull Trout,R,Resident,W,Wild Fish or Natural Production,WELLD1 - WEL - Release into the East Adult Fish Ladder,LADDER,Adult Passage Ladder,600,1
3D9.1C2DDC8FE6,CGS13127.EL1,MRW - Methow River at Winthrop,8/26/2014 11:19:26 PM,8/27/2014 4:56:21 AM,UPSTREAM ARRAY,UPSTREAM ARRAY,6/24/2013,7,Bull Trout,R,Resident,W,Wild Fish or Natural Production,WELLD1 - WEL - Release into the East Adult Fish Ladder,LADDER,Adult Passage Ladder,600,1
3D9.1C2DDC8FE6,CGS13127.EL1,"WEA - Wells Dam, DCPUD Adult Ladders",6/24/2013 3:41:49 PM,7/7/2014 9:35:16 AM,Left Ladder Pool 67,Left Ladder Pool 68,6/24/2013,7,Bull Trout,R,Resident,W,Wild Fish or Natural Production,WELLD1 - WEL - Release into the East Adult Fish Ladder,LADDER,Adult Passage Ladder,600,1
3D9.1C2DDCA2D2,CGS12283.LF1,TWR - Lwr Twisp Rvr near MSRF Ponds,4/6/2013 8:09:10 PM,4/6/2013 8:09:10 PM,LOWER IN-STREAM ARRAY,LOWER IN-STREAM ARRAY,10/9/2012,7,Bull Trout,R,Resident,W,Wild Fish or Natural Production,TWISPR - Twisp River,SHOCK,Electro-Shock,238,1
3D9.1C2DDCBD55,CGS12297.LF1,LTP - Lower Twisp Acclimation Pond,5/8/2013 6:07:36 PM,5/9/2013 4:51:39 AM,UPSTREAM ANTENNA,DOWNSTREAM ANTENNA,10/23/2012,7,Bull Trout,R,Resident,W,Wild Fish or Natural Production,TWISPR - Twisp River,SHOCK,Electro-Shock,165,1
3D9.1C2DDCBD55,CGS12297.LF1,MRW - Methow River at Winthrop,8/21/2013 8:33:03 PM,8/21/2013 8:33:03 PM,DOWNSTREAM ARRAY,DOWNSTREAM ARRAY,10/23/2012,7,Bull Trout,R,Resident,W,Wild Fish or Natural Production,TWISPR - Twisp River,SHOCK,Electro-Shock,165,1
3D9.1C2DDCD39C,CGS12293.KF1,EWC - Early Winters Creek rkm 0.36,4/2/2013 8:36:43 PM,4/2/2013 8:36:43 PM,Downstream Array,Downstream Array,10/19/2012,7,Bull Trout,R,Resident,W,Wild Fish or Natural Production,METHR - Methow River,SHOCK,Electro-Shock,94,1
3D9.1C2DDCEE61,CGS12292.KFZ,SCP - Spring Creek Acclimation Pond,4/3/2013 9:14:18 PM,4/3/2013 9:16:47 PM,UPSTREAM ANTENNA,MIDDLE ANTENNA,10/18/2012,7,Bull Trout,R,Resident,W,Wild Fish or Natural Production,METHR - Methow River,SHOCK,Electro-Shock,227,1
3D9.1C2DDD0A05,CGS12293.KF1,CRW - Chewuch River above Winthrop,6/2/2014 7:48:05 AM,6/2/2014 7:48:43 AM,UPSTREAM ARRAY,UPSTREAM ARRAY,10/19/2012,7,Bull Trout,R,Resident,W,Wild Fish or Natural Production,METHR - Methow River,SHOCK,Electro-Shock,104,1
3D9.1C2DDD0A05,CGS12293.KF1,EWC - Early Winters Creek rkm 0.36,6/27/2013 3:41:58 AM,5/2/2014 4:31:12 AM,Upstream Array,Downstream Array,10/19/2012,7,Bull Trout,R,Resident,W,Wild Fish or Natural Production,METHR - Methow River,SHOCK,Electro-Shock,104,1
3D9.1C2DDD37A9,CGS12240.LB1,TWR - Lwr Twisp Rvr near MSRF Ponds,10/17/2012 11:26:01 PM,10/17/2012 11:26:10 PM,UPPER IN-STREAM ARRAY,LOWER IN-STREAM ARRAY,8/27/2012,7,Bull Trout,R,Resident,W,Wild Fish or Natural Production,TWISPR - Twisp River,HOOK,Hook and Line,215,1
3D9.1C2DDD4942,CGS12284.LFZ,"GLC - Gold Creek, Methow River",7/22/2013 10:29:33 PM,7/22/2013 10:29:33 PM,UPPER IN-STREAM ARRAY,UPPER IN-STREAM ARRAY,10/10/2012,7,Bull Trout,R,Resident,W,Wild Fish or Natural Production,TWISPR - Twisp River,SHOCK,Electro-Shock,138,1
3D9.1C2DDD4942,CGS12284.LFZ,TWR - Lwr Twisp Rvr near MSRF Ponds,4/14/2013 9:47:26 PM,4/14/2013 9:47:29 PM,UPPER IN-STREAM ARRAY,LOWER IN-STREAM ARRAY,10/10/2012,7,Bull Trout,R,Resident,W,Wild Fish or Natural Production,TWISPR - Twisp River,SHOCK,Electro-Shock,138,1
3D9.1C2DDD4D96,CGS12240.LB1,"GLC - Gold Creek, Methow River",8/12/2013 2:54:31 PM,8/12/2013 2:54:31 PM,UPPER IN-STREAM ARRAY,UPPER IN-STREAM ARRAY,8/27/2012,7,Bull Trout,R,Resident,W,Wild Fish or Natural Production,TWISPR - Twisp River,HOOK,Hook and Line,150,1
3D9.1C2DDD5352,CGS13127.EL1,TWR - Lwr Twisp Rvr near MSRF Ponds,7/21/2013 11:01:00 PM,7/21/2013 11:01:40 PM,LOWER IN-STREAM ARRAY,UPPER IN-STREAM ARRAY,6/3/2013,7,Bull Trout,R,Resident,W,Wild Fish or Natural Production,WELLD1 - WEL - Release into the East Adult Fish Ladder,LADDER,Adult Passage Ladder,510,1
3D9.1C2DDD5352,CGS13127.EL1,"WEA - Wells Dam, DCPUD Adult Ladders",6/3/2013 1:01:26 PM,6/14/2013 3:49:58 PM,Left Ladder Pool 67,Left Ladder Pool 68,6/3/2013,7,Bull Trout,R,Resident,W,Wild Fish or Natural Production,WELLD1 - WEL - Release into the East Adult Fish Ladder,LADDER,Adult Passage Ladder,510,1
3D9.1C2DE105DD,CGS13127.EL1,"GLC - Gold Creek, Methow River",7/13/2013 8:28:51 PM,6/11/2019 10:04:29 PM,UPPER IN-STREAM ARRAY,UPPER IN-STREAM ARRAY,6/4/2013,7,Bull Trout,R,Resident,W,Wild Fish or Natural Production,WELLD1 - WEL - Release into the East Adult Fish Ladder,LADDER,Adult Passage Ladder,550,1
3D9.1C2DE105DD,CGS13127.EL1,LMR - Lower Methow River at Pateros,10/22/2017 11:37:27 AM,10/28/2017 9:09:53 PM,Upstream Array,Upstream Array,6/4/2013,7,Bull Trout,R,Resident,W,Wild Fish or Natural Production,WELLD1 - WEL - Release into the East Adult Fish Ladder,LADDER,Adult Passage Ladder,550,1
3D9.1C2DE105DD,CGS13127.EL1,"WEA - Wells Dam, DCPUD Adult Ladders",6/18/2013 11:29:33 AM,5/23/2015 1:16:54 PM,West Trap,Left Ladder Pool 68,6/4/2013,7,Bull Trout,R,Resident,W,Wild Fish or Natural Production,WELLD1 - WEL - Release into the East Adult Fish Ladder,LADDER,Adult Passage Ladder,550,1
3D9.1C2DE106BA,CGS12293.KFZ,MSH - Methow Fish Hatchery Outfall,5/17/2014 12:13:17 AM,5/17/2014 1:33:27 AM,Trap,Middle Antenna,10/19/2012,7,Bull Trout,R,Resident,W,Wild Fish or Natural Production,METHR - Methow River,SHOCK,Electro-Shock,246,1
3D9.1C2DE13AFF,CGS13127.EL1,LOR - Lost River at rkm 0.81,11/1/2015 9:56:04 PM,11/2/2015 1:20:31 AM,Downstream Array,Upstream Array,6/10/2013,7,Bull Trout,R,Resident,W,Wild Fish or Natural Production,WELLD1 - WEL - Release into the East Adult Fish Ladder,LADDER,Adult Passage Ladder,580,1
3D9.1C2DE13AFF,CGS13127.EL1,MRC - Methow River at Carlton,6/19/2017 9:23:23 PM,12/13/2017 7:13:14 PM,Single Array,Single Array,6/10/2013,7,Bull Trout,R,Resident,W,Wild Fish or Natural Production,WELLD1 - WEL - Release into the East Adult Fish Ladder,LADDER,Adult Passage Ladder,580,1
3D9.1C2DE13AFF,CGS13127.EL1,MRW - Methow River at Winthrop,11/16/2015 3:29:22 AM,11/16/2015 3:29:22 AM,DOWNSTREAM ARRAY,DOWNSTREAM ARRAY,6/10/2013,7,Bull Trout,R,Resident,W,Wild Fish or Natural Production,WELLD1 - WEL - Release into the East Adult Fish Ladder,LADDER,Adult Passage Ladder,580,1
3D9.1C2DE13AFF,CGS13127.EL1,MWF - Whitefish SC in Methow River,6/11/2016 1:14:25 AM,6/27/2017 2:13:56 AM,Upper Site - Lower Array,Upper Site - Lower Array,6/10/2013,7,Bull Trout,R,Resident,W,Wild Fish or Natural Production,WELLD1 - WEL - Release into the East Adult Fish Ladder,LADDER,Adult Passage Ladder,580,1
3D9.1C2DE13AFF,CGS13127.EL1,"WEA - Wells Dam, DCPUD Adult Ladders",6/29/2013 7:42:51 AM,5/12/2016 9:10:52 AM,RIGHT LADDER POOL 19,Right Ladder Pool 68,6/10/2013,7,Bull Trout,R,Resident,W,Wild Fish or Natural Production,WELLD1 - WEL - Release into the East Adult Fish Ladder,LADDER,Adult Passage Ladder,580,1
3D9.1C2DE14860,CGS13127.EL1,"GLC - Gold Creek, Methow River",6/16/2013 5:05:17 PM,9/7/2013 4:22:23 AM,UPPER IN-STREAM ARRAY,UPPER IN-STREAM ARRAY,5/29/2013,7,Bull Trout,R,Resident,W,Wild Fish or Natural Production,WELLD1 - WEL - Release into the East Adult Fish Ladder,LADDER,Adult Passage Ladder,590,1
3D9.1C2DE14860,CGS13127.EL1,LMR - Lower Methow River at Pateros,9/14/2013 12:02:15 AM,9/14/2013 12:02:15 AM,UPSTREAM FULL-WIDTH ARRAY,UPSTREAM FULL-WIDTH ARRAY,5/29/2013,7,Bull Trout,R,Resident,W,Wild Fish or Natural Production,WELLD1 - WEL - Release into the East Adult Fish Ladder,LADDER,Adult Passage Ladder,590,1
3D9.1C2DE14860,CGS13127.EL1,"WEA - Wells Dam, DCPUD Adult Ladders",5/30/2013 10:53:44 AM,6/14/2014 10:56:01 AM,Left Ladder Pool 67,RIGHT LADDER POOL 68,5/29/2013,7,Bull Trout,R,Resident,W,Wild Fish or Natural Production,WELLD1 - WEL - Release into the East Adult Fish Ladder,LADDER,Adult Passage Ladder,590,1
3D9.1C2DE15747,CGS13106.KAI,"GLC - Gold Creek, Methow River",7/25/2013 9:16:15 PM,10/23/2017 4:53:24 AM,UPPER IN-STREAM ARRAY,LOWER IN-STREAM ARRAY,4/16/2013,7,Bull Trout,R,Resident,W,Wild Fish or Natural Production,METTRP - Methow Smolt Trap at McFarland Creek Road Bridge,SCREWT,Screw Trap,280,1
3D9.1C2DE15747,CGS13106.KAI,LMR - Lower Methow River at Pateros,12/20/2013 11:06:58 PM,12/20/2013 11:06:58 PM,UPSTREAM FULL-WIDTH ARRAY,UPSTREAM FULL-WIDTH ARRAY,4/16/2013,7,Bull Trout,R,Resident,W,Wild Fish or Natural Production,METTRP - Methow Smolt Trap at McFarland Creek Road Bridge,SCREWT,Screw Trap,280,1
3D9.1C2DE15747,CGS13106.KAI,MRC - Methow River at Carlton,6/26/2016 12:46:12 AM,6/20/2018 11:53:52 PM,Single Array,Single Array,4/16/2013,7,Bull Trout,R,Resident,W,Wild Fish or Natural Production,METTRP - Methow Smolt Trap at McFarland Creek Road Bridge,SCREWT,Screw Trap,280,1
3D9.1C2DE15747,CGS13106.KAI,TWR - Lwr Twisp Rvr near MSRF Ponds,7/2/2014 2:27:20 AM,10/8/2016 10:44:38 PM,LOWER IN-STREAM ARRAY,LOWER IN-STREAM ARRAY,4/16/2013,7,Bull Trout,R,Resident,W,Wild Fish or Natural Production,METTRP - Methow Smolt Trap at McFarland Creek Road Bridge,SCREWT,Screw Trap,280,1
3D9.1C2DE17FD9,CGS12299.LF1,TWR - Lwr Twisp Rvr near MSRF Ponds,7/31/2013 8:40:35 PM,7/31/2013 8:41:56 PM,UPPER IN-STREAM ARRAY,LOWER IN-STREAM ARRAY,10/25/2012,7,Bull Trout,R,Resident,W,Wild Fish or Natural Production,TWISPR - Twisp River,SHOCK,Electro-Shock,192,1
3D9.1C2DE18BD5,CFM-2013-060-TUM.xml,CHW - Chiwaukum Creek,7/31/2013 3:03:13 AM,7/16/2014 1:32:13 AM,DOWNSTREAM ARRAY,UPSTREAM ARRAY,7/24/2013,7,Bull Trout,R,Resident,W,Wild Fish or Natural Production,TUMFBY - TUM - Release into the Forebay within 0.5 km upstream of Dam,LADDER,Adult Passage Ladder,NA,1
3D9.1C2DE18BD5,CFM-2013-060-TUM.xml,MWE - Middle Wenatchee River,9/26/2013 7:48:20 PM,9/26/2013 7:48:20 PM,IN-STREAM ARRAY,IN-STREAM ARRAY,7/24/2013,7,Bull Trout,R,Resident,W,Wild Fish or Natural Production,TUMFBY - TUM - Release into the Forebay within 0.5 km upstream of Dam,LADDER,Adult Passage Ladder,NA,1
3D9.1C2DE18BD5,CFM-2013-060-TUM.xml,TUF - Tumwater Dam Adult Fishway,6/27/2014 2:17:19 PM,7/9/2014 8:05:21 PM,WEIR 14,WEIR 17,7/24/2013,7,Bull Trout,R,Resident,W,Wild Fish or Natural Production,TUMFBY - TUM - Release into the Forebay within 0.5 km upstream of Dam,LADDER,Adult Passage Ladder,NA,1
3D9.1C2DE19245,CFM-2012-086-TUM.xml,CHW - Chiwaukum Creek,7/28/2012 4:16:06 AM,7/28/2012 4:17:22 AM,DOWNSTREAM ARRAY,UPSTREAM ARRAY,7/12/2012,7,Bull Trout,R,Resident,W,Wild Fish or Natural Production,TUMFBY - TUM - Release into the Forebay within 0.5 km upstream of Dam,LADDER,Adult Passage Ladder,NA,1
3D9.1C2DE1953E,CFM-2012-086-TUM.xml,CHW - Chiwaukum Creek,8/3/2012 5:24:24 AM,8/3/2012 5:24:46 AM,DOWNSTREAM ARRAY,UPSTREAM ARRAY,7/19/2012,7,Bull Trout,R,Resident,W,Wild Fish or Natural Production,TUMFBY - TUM - Release into the Forebay within 0.5 km upstream of Dam,LADDER,Adult Passage Ladder,NA,1
3D9.1C2DE19D2E,CFM-2012-086-TUM.xml,CHW - Chiwaukum Creek,8/3/2012 2:24:12 AM,10/6/2013 5:01:34 PM,DOWNSTREAM ARRAY,DOWNSTREAM ARRAY,7/24/2012,7,Bull Trout,R,Resident,W,Wild Fish or Natural Production,TUMFBY - TUM - Release into the Forebay within 0.5 km upstream of Dam,LADDER,Adult Passage Ladder,NA,1
3D9.1C2DE19D2E,CFM-2012-086-TUM.xml,LWE - Lower Wenatchee River,11/19/2013 3:27:42 AM,11/19/2013 3:27:43 AM,DOWNSTREAM ANTENNA ARRAY,DOWNSTREAM ANTENNA ARRAY,7/24/2012,7,Bull Trout,R,Resident,W,Wild Fish or Natural Production,TUMFBY - TUM - Release into the Forebay within 0.5 km upstream of Dam,LADDER,Adult Passage Ladder,NA,1
3D9.1C2DE19D2E,CFM-2012-086-TUM.xml,TUF - Tumwater Dam Adult Fishway,7/15/2013 1:13:56 PM,7/15/2013 2:22:33 PM,WEIR 14,WEIR 17,7/24/2012,7,Bull Trout,R,Resident,W,Wild Fish or Natural Production,TUMFBY - TUM - Release into the Forebay within 0.5 km upstream of Dam,LADDER,Adult Passage Ladder,NA,1
3D9.1C2DE19DF0,CFM-2012-086-TUM.xml,CHW - Chiwaukum Creek,7/30/2012 5:10:28 AM,7/30/2012 5:10:39 AM,DOWNSTREAM ARRAY,UPSTREAM ARRAY,7/11/2012,7,Bull Trout,R,Resident,W,Wild Fish or Natural Production,TUMFBY - TUM - Release into the Forebay within 0.5 km upstream of Dam,LADDER,Adult Passage Ladder,NA,1
3D9.1C2DE19DF0,CFM-2012-086-TUM.xml,TUF - Tumwater Dam Adult Fishway,7/18/2012 10:35:04 AM,7/18/2012 10:44:02 AM,WEIR 14,WEIR 17,7/11/2012,7,Bull Trout,R,Resident,W,Wild Fish or Natural Production,TUMFBY - TUM - Release into the Forebay within 0.5 km upstream of Dam,LADDER,Adult Passage Ladder,NA,1
3D9.1C2DE1A81A,CFM-2012-086-TUM.xml,CHL - Lower Chiwawa River,8/2/2012 9:35:10 PM,9/27/2014 9:50:53 PM,UPPER IN-STREAM ARRAY,LOWER IN-STREAM ARRAY,7/15/2012,7,Bull Trout,R,Resident,W,Wild Fish or Natural Production,TUMFBY - TUM - Release into the Forebay within 0.5 km upstream of Dam,LADDER,Adult Passage Ladder,NA,1
3D9.1C2DE1A81A,CFM-2012-086-TUM.xml,CHU - Upper Chiwawa River,10/3/2012 12:33:55 AM,9/27/2014 1:19:57 AM,UPPER IN-STREAM ARRAY,LOWER IN-STREAM ARRAY,7/15/2012,7,Bull Trout,R,Resident,W,Wild Fish or Natural Production,TUMFBY - TUM - Release into the Forebay within 0.5 km upstream of Dam,LADDER,Adult Passage Ladder,NA,1
3D9.1C2DE1A81A,CFM-2012-086-TUM.xml,TUF - Tumwater Dam Adult Fishway,7/3/2013 9:45:53 AM,7/7/2013 5:05:36 AM,WEIR 14,WEIR 17,7/15/2012,7,Bull Trout,R,Resident,W,Wild Fish or Natural Production,TUMFBY - TUM - Release into the Forebay within 0.5 km upstream of Dam,LADDER,Adult Passage Ladder,NA,1
3D9.1C2DE1A8B6,CFM-2012-086-TUM.xml,CHW - Chiwaukum Creek,8/2/2012 1:44:41 PM,8/2/2012 1:44:59 PM,DOWNSTREAM ARRAY,UPSTREAM ARRAY,7/25/2012,7,Bull Trout,R,Resident,W,Wild Fish or Natural Production,TUMFBY - TUM - Release into the Forebay within 0.5 km upstream of Dam,LADDER,Adult Passage Ladder,NA,1
3D9.1C2DE1A95D,CFM-2012-086-TUM.xml,CHW - Chiwaukum Creek,8/3/2012 11:11:45 PM,7/21/2013 11:50:25 PM,DOWNSTREAM ARRAY,UPSTREAM ARRAY,7/24/2012,7,Bull Trout,R,Resident,W,Wild Fish or Natural Production,TUMFBY - TUM - Release into the Forebay within 0.5 km upstream of Dam,LADDER,Adult Passage Ladder,NA,1
3D9.1C2DE1A95D,CFM-2012-086-TUM.xml,TUF - Tumwater Dam Adult Fishway,7/7/2013 6:05:05 PM,7/7/2013 6:15:14 PM,WEIR 14,WEIR 17,7/24/2012,7,Bull Trout,R,Resident,W,Wild Fish or Natural Production,TUMFBY - TUM - Release into the Forebay within 0.5 km upstream of Dam,LADDER,Adult Passage Ladder,NA,1
3D9.1C2DE1ABC2,NBD-2014-085-TUM.json,TUF - Tumwater Dam Adult Fishway,7/8/2014 6:04:54 PM,7/8/2014 9:05:42 PM,WEIR 14,WEIR 17,6/28/2014,7,Bull Trout,R,Resident,W,Wild Fish or Natural Production,TUMFBY - TUM - Release into the Forebay within 0.5 km upstream of Dam,LADDER,Adult Passage Ladder,NA,1
3D9.1C2DE1B37B,CFM-2012-086-TUM.xml,CHW - Chiwaukum Creek,7/28/2012 2:13:02 AM,10/5/2013 5:23:44 AM,DOWNSTREAM ARRAY,DOWNSTREAM ARRAY,7/15/2012,7,Bull Trout,R,Resident,W,Wild Fish or Natural Production,TUMFBY - TUM - Release into the Forebay within 0.5 km upstream of Dam,LADDER,Adult Passage Ladder,NA,1
3D9.1C2DE1B37B,CFM-2012-086-TUM.xml,TUF - Tumwater Dam Adult Fishway,7/9/2013 5:08:12 PM,7/15/2014 7:38:54 AM,WEIR 14,WEIR 17,7/15/2012,7,Bull Trout,R,Resident,W,Wild Fish or Natural Production,TUMFBY - TUM - Release into the Forebay within 0.5 km upstream of Dam,LADDER,Adult Passage Ladder,NA,1
3D9.1C2DE1B585,CFM-2012-086-TUM.xml,CHW - Chiwaukum Creek,7/26/2012 11:43:37 PM,7/26/2012 11:43:37 PM,DOWNSTREAM ARRAY,DOWNSTREAM ARRAY,7/10/2012,7,Bull Trout,R,Resident,W,Wild Fish or Natural Production,TUMFBY - TUM - Release into the Forebay within 0.5 km upstream of Dam,LADDER,Adult Passage Ladder,NA,1
3D9.1C2DE1B585,CFM-2012-086-TUM.xml,TUF - Tumwater Dam Adult Fishway,7/16/2012 1:17:13 PM,7/19/2012 8:35:39 PM,WEIR 14,WEIR 17,7/10/2012,7,Bull Trout,R,Resident,W,Wild Fish or Natural Production,TUMFBY - TUM - Release into the Forebay within 0.5 km upstream of Dam,LADDER,Adult Passage Ladder,NA,1
3D9.1C2DE1C234,CFM-2012-086-TUM.xml,CHW - Chiwaukum Creek,7/22/2012 2:16:38 AM,7/22/2012 2:18:50 AM,DOWNSTREAM ARRAY,UPSTREAM ARRAY,7/13/2012,7,Bull Trout,R,Resident,W,Wild Fish or Natural Production,TUMFBY - TUM - Release into the Forebay within 0.5 km upstream of Dam,LADDER,Adult Passage Ladder,NA,1
3D9.1C2DE1C328,NBD-2014-085-TUM.json,ICL - Lower Icicle Instream Array,8/9/2014 3:41:20 AM,8/9/2014 3:41:20 AM,INSTREAM ARRAY,INSTREAM ARRAY,7/12/2014,7,Bull Trout,R,Resident,W,Wild Fish or Natural Production,TUMFBY - TUM - Release into the Forebay within 0.5 km upstream of Dam,LADDER,Adult Passage Ladder,NA,1
3D9.1C2DE1C364,NBD-2015-065-TUM.xml,CHW - Chiwaukum Creek,6/26/2015 1:44:59 AM,6/26/2015 1:45:18 AM,DOWNSTREAM ARRAY,UPSTREAM ARRAY,6/10/2015,7,Bull Trout,R,Resident,W,Wild Fish or Natural Production,TUMFBY - TUM - Release into the Forebay within 0.5 km upstream of Dam,LADDER,Adult Passage Ladder,NA,1
3D9.1C2DE1C3C8,CFM-2012-086-TUM.xml,CHW - Chiwaukum Creek,8/3/2012 10:43:35 PM,8/3/2012 10:44:59 PM,DOWNSTREAM ARRAY,UPSTREAM ARRAY,7/20/2012,7,Bull Trout,R,Resident,W,Wild Fish or Natural Production,TUMFBY - TUM - Release into the Forebay within 0.5 km upstream of Dam,LADDER,Adult Passage Ladder,NA,1
3D9.1C2DE1C3E0,CFM-2012-086-TUM.xml,NAL - Lower Nason Creek,8/2/2012 2:51:29 AM,8/3/2012 9:32:51 PM,LOWER IN-STREAM ARRAY,UPPER IN-STREAM ARRAY,7/15/2012,7,Bull Trout,R,Resident,W,Wild Fish or Natural Production,TUMFBY - TUM - Release into the Forebay within 0.5 km upstream of Dam,LADDER,Adult Passage Ladder,NA,1
3D9.1C2DE1C3E0,CFM-2012-086-TUM.xml,NAU - Upper Nason Creek,8/6/2012 12:26:10 AM,8/6/2012 12:26:29 AM,LOWER IN-STREAM ARRAY,UPPER IN-STREAM ARRAY,7/15/2012,7,Bull Trout,R,Resident,W,Wild Fish or Natural Production,TUMFBY - TUM - Release into the Forebay within 0.5 km upstream of Dam,LADDER,Adult Passage Ladder,NA,1
3D9.1C2DE1CDF4,CFM-2013-060-TUM.xml,CHL - Lower Chiwawa River,7/13/2013 10:33:03 PM,9/28/2013 2:23:14 AM,UPPER IN-STREAM ARRAY,LOWER IN-STREAM ARRAY,7/6/2013,7,Bull Trout,R,Resident,W,Wild Fish or Natural Production,TUMFBY - TUM - Release into the Forebay within 0.5 km upstream of Dam,LADDER,Adult Passage Ladder,NA,1
3D9.1C2DE1CDF4,CFM-2013-060-TUM.xml,CHU - Upper Chiwawa River,7/16/2013 8:45:09 PM,7/16/2013 8:45:09 PM,UPPER IN-STREAM ARRAY,UPPER IN-STREAM ARRAY,7/6/2013,7,Bull Trout,R,Resident,W,Wild Fish or Natural Production,TUMFBY - TUM - Release into the Forebay within 0.5 km upstream of Dam,LADDER,Adult Passage Ladder,NA,1
3D9.1C2DE1D04E,CFM-2012-086-TUM.xml,CHW - Chiwaukum Creek,7/29/2012 9:57:59 AM,7/29/2012 9:59:21 AM,DOWNSTREAM ARRAY,UPSTREAM ARRAY,7/23/2012,7,Bull Trout,R,Resident,W,Wild Fish or Natural Production,TUMFBY - TUM - Release into the Forebay within 0.5 km upstream of Dam,LADDER,Adult Passage Ladder,NA,1
3D9.1C2DE1D04E,CFM-2012-086-TUM.xml,MWE - Middle Wenatchee River,7/23/2012 7:54:20 PM,7/23/2012 7:54:20 PM,IN-STREAM ARRAY,IN-STREAM ARRAY,7/23/2012,7,Bull Trout,R,Resident,W,Wild Fish or Natural Production,TUMFBY - TUM - Release into the Forebay within 0.5 km upstream of Dam,LADDER,Adult Passage Ladder,NA,1
3D9.1C2DE1D0C8,CFM-2012-086-TUM.xml,CHW - Chiwaukum Creek,7/16/2012 1:17:27 PM,7/16/2012 1:17:46 PM,DOWNSTREAM ARRAY,UPSTREAM ARRAY,7/12/2012,7,Bull Trout,R,Resident,W,Wild Fish or Natural Production,TUMFBY - TUM - Release into the Forebay within 0.5 km upstream of Dam,LADDER,Adult Passage Ladder,NA,1
3D9.1C2DE1D0F9,CFM-2012-086-TUM.xml,CHW - Chiwaukum Creek,8/5/2012 10:37:28 PM,8/5/2012 10:37:37 PM,DOWNSTREAM ARRAY,UPSTREAM ARRAY,7/23/2012,7,Bull Trout,R,Resident,W,Wild Fish or Natural Production,TUMFBY - TUM - Release into the Forebay within 0.5 km upstream of Dam,LADDER,Adult Passage Ladder,NA,1
3D9.1C2DE1D16D,CFM-2012-086-TUM.xml,CHL - Lower Chiwawa River,7/30/2012 12:37:18 AM,10/13/2012 5:36:37 AM,LOWER IN-STREAM ARRAY,LOWER IN-STREAM ARRAY,7/22/2012,7,Bull Trout,R,Resident,W,Wild Fish or Natural Production,TUMFBY - TUM - Release into the Forebay within 0.5 km upstream of Dam,LADDER,Adult Passage Ladder,NA,1
3D9.1C2DE1D16D,CFM-2012-086-TUM.xml,CHU - Upper Chiwawa River,7/30/2012 5:29:06 PM,7/30/2012 8:26:23 PM,LOWER IN-STREAM ARRAY,LOWER IN-STREAM ARRAY,7/22/2012,7,Bull Trout,R,Resident,W,Wild Fish or Natural Production,TUMFBY - TUM - Release into the Forebay within 0.5 km upstream of Dam,LADDER,Adult Passage Ladder,NA,1
3D9.1C2DE1DD2C,CFM-2012-086-TUM.xml,CHW - Chiwaukum Creek,7/31/2012 4:05:18 AM,7/31/2012 4:06:32 AM,DOWNSTREAM ARRAY,UPSTREAM ARRAY,7/23/2012,7,Bull Trout,R,Resident,W,Wild Fish or Natural Production,TUMFBY - TUM - Release into the Forebay within 0.5 km upstream of Dam,LADDER,Adult Passage Ladder,NA,1
3D9.1C2DE1DD6C,NBD-2014-085-TUM.json,CHL - Lower Chiwawa River,7/25/2014 10:29:20 PM,9/25/2016 4:16:45 AM,LOWER IN-STREAM ARRAY,LOWER IN-STREAM ARRAY,7/11/2014,7,Bull Trout,R,Resident,W,Wild Fish or Natural Production,TUMFBY - TUM - Release into the Forebay within 0.5 km upstream of Dam,LADDER,Adult Passage Ladder,NA,1
3D9.1C2DE1DD6C,NBD-2014-085-TUM.json,CHU - Upper Chiwawa River,7/28/2014 1:15:51 AM,9/25/2016 12:25:37 AM,UPPER IN-STREAM ARRAY,LOWER IN-STREAM ARRAY,7/11/2014,7,Bull Trout,R,Resident,W,Wild Fish or Natural Production,TUMFBY - TUM - Release into the Forebay within 0.5 km upstream of Dam,LADDER,Adult Passage Ladder,NA,1
3D9.1C2DE1DD6C,NBD-2014-085-TUM.json,LWE - Lower Wenatchee River,10/27/2014 7:18:33 PM,10/4/2016 2:10:20 AM,DOWNSTREAM ANTENNA ARRAY,DOWNSTREAM ANTENNA ARRAY,7/11/2014,7,Bull Trout,R,Resident,W,Wild Fish or Natural Production,TUMFBY - TUM - Release into the Forebay within 0.5 km upstream of Dam,LADDER,Adult Passage Ladder,NA,1
3D9.1C2DE1DD6C,NBD-2014-085-TUM.json,TUF - Tumwater Dam Adult Fishway,6/19/2015 6:26:11 AM,6/28/2016 2:08:01 PM,WEIR 14,WEIR 17,7/11/2014,7,Bull Trout,R,Resident,W,Wild Fish or Natural Production,TUMFBY - TUM - Release into the Forebay within 0.5 km upstream of Dam,LADDER,Adult Passage Ladder,NA,1
3D9.1C2DE1DDE4,CFM-2012-086-TUM.xml,CHW - Chiwaukum Creek,7/26/2012 3:46:47 AM,9/25/2013 7:57:21 PM,DOWNSTREAM ARRAY,DOWNSTREAM ARRAY,7/15/2012,7,Bull Trout,R,Resident,W,Wild Fish or Natural Production,TUMFBY - TUM - Release into the Forebay within 0.5 km upstream of Dam,LADDER,Adult Passage Ladder,NA,1
3D9.1C2DE1DDE4,CFM-2012-086-TUM.xml,MWE - Middle Wenatchee River,11/20/2012 9:05:57 AM,9/28/2013 9:03:05 AM,IN-STREAM ARRAY,IN-STREAM ARRAY,7/15/2012,7,Bull Trout,R,Resident,W,Wild Fish or Natural Production,TUMFBY - TUM - Release into the Forebay within 0.5 km upstream of Dam,LADDER,Adult Passage Ladder,NA,1
3D9.1C2DE1DDE4,CFM-2012-086-TUM.xml,TUF - Tumwater Dam Adult Fishway,4/26/2014 4:43:47 PM,7/15/2014 3:52:59 PM,WEIR 17,WEIR 17,7/15/2012,7,Bull Trout,R,Resident,W,Wild Fish or Natural Production,TUMFBY - TUM - Release into the Forebay within 0.5 km upstream of Dam,LADDER,Adult Passage Ladder,NA,1
3D9.1C2DE1DF1E,CFM-2012-086-TUM.xml,CHW - Chiwaukum Creek,7/20/2012 2:54:53 AM,7/20/2012 2:54:53 AM,DOWNSTREAM ARRAY,DOWNSTREAM ARRAY,7/10/2012,7,Bull Trout,R,Resident,W,Wild Fish or Natural Production,TUMFBY - TUM - Release into the Forebay within 0.5 km upstream of Dam,LADDER,Adult Passage Ladder,NA,1
3D9.1C2DE1DF7B,CFM-2012-086-TUM.xml,CHW - Chiwaukum Creek,7/26/2012 12:34:25 AM,7/17/2013 12:16:19 AM,DOWNSTREAM ARRAY,UPSTREAM ARRAY,7/17/2012,7,Bull Trout,R,Resident,W,Wild Fish or Natural Production,TUMFBY - TUM - Release into the Forebay within 0.5 km upstream of Dam,LADDER,Adult Passage Ladder,NA,1
3D9.1C2DE1DF7B,CFM-2012-086-TUM.xml,TUF - Tumwater Dam Adult Fishway,6/22/2013 1:05:10 PM,7/12/2013 5:08:53 PM,WEIR 17,WEIR 17,7/17/2012,7,Bull Trout,R,Resident,W,Wild Fish or Natural Production,TUMFBY - TUM - Release into the Forebay within 0.5 km upstream of Dam,LADDER,Adult Passage Ladder,NA,1
3D9.1C2DE1DFD9,CFM-2012-086-TUM.xml,CHW - Chiwaukum Creek,7/31/2012 12:16:34 AM,7/11/2013 12:44:56 AM,DOWNSTREAM ARRAY,UPSTREAM ARRAY,7/22/2012,7,Bull Trout,R,Resident,W,Wild Fish or Natural Production,TUMFBY - TUM - Release into the Forebay within 0.5 km upstream of Dam,LADDER,Adult Passage Ladder,NA,1
3D9.1C2DE1DFD9,CFM-2012-086-TUM.xml,TUF - Tumwater Dam Adult Fishway,6/29/2013 8:53:02 AM,7/2/2013 7:15:42 PM,WEIR 14,WEIR 17,7/22/2012,7,Bull Trout,R,Resident,W,Wild Fish or Natural Production,TUMFBY - TUM - Release into the Forebay within 0.5 km upstream of Dam,LADDER,Adult Passage Ladder,NA,1
3D9.1C2DE1E94E,CFM-2012-086-TUM.xml,CHW - Chiwaukum Creek,7/19/2012 4:19:44 PM,7/4/2013 12:38:58 PM,DOWNSTREAM ARRAY,UPSTREAM ARRAY,7/13/2012,7,Bull Trout,R,Resident,W,Wild Fish or Natural Production,TUMFBY - TUM - Release into the Forebay within 0.5 km upstream of Dam,LADDER,Adult Passage Ladder,NA,1
3D9.1C2DE1E94E,CFM-2012-086-TUM.xml,TUF - Tumwater Dam Adult Fishway,6/26/2013 7:57:16 AM,6/26/2013 12:52:23 PM,WEIR 14,WEIR 17,7/13/2012,7,Bull Trout,R,Resident,W,Wild Fish or Natural Production,TUMFBY - TUM - Release into the Forebay within 0.5 km upstream of Dam,LADDER,Adult Passage Ladder,NA,1
3D9.1C2DE1ECE8,CFM-2012-086-TUM.xml,NAU - Upper Nason Creek,7/28/2012 3:56:21 AM,8/1/2012 10:32:17 PM,LOWER IN-STREAM ARRAY,UPPER IN-STREAM ARRAY,7/12/2012,7,Bull Trout,R,Resident,W,Wild Fish or Natural Production,TUMFBY - TUM - Release into the Forebay within 0.5 km upstream of Dam,LADDER,Adult Passage Ladder,NA,1
3D9.1C2DE1EDD9,CFM-2013-060-TUM.xml,CHW - Chiwaukum Creek,7/19/2013 6:58:39 AM,7/31/2015 10:49:32 PM,DOWNSTREAM ARRAY,UPSTREAM ARRAY,7/9/2013,7,Bull Trout,R,Resident,W,Wild Fish or Natural Production,TUMFBY - TUM - Release into the Forebay within 0.5 km upstream of Dam,LADDER,Adult Passage Ladder,NA,1
3D9.1C2DE1EDD9,CFM-2013-060-TUM.xml,TUF - Tumwater Dam Adult Fishway,7/8/2014 5:27:03 PM,7/26/2015 1:49:20 PM,WEIR 14,WEIR 17,7/9/2013,7,Bull Trout,R,Resident,W,Wild Fish or Natural Production,TUMFBY - TUM - Release into the Forebay within 0.5 km upstream of Dam,LADDER,Adult Passage Ladder,NA,1
3D9.1C2DE1EE2B,CFM-2012-086-TUM.xml,CHW - Chiwaukum Creek,8/4/2012 12:48:02 AM,10/1/2012 7:14:35 PM,DOWNSTREAM ARRAY,DOWNSTREAM ARRAY,7/20/2012,7,Bull Trout,R,Resident,W,Wild Fish or Natural Production,TUMFBY - TUM - Release into the Forebay within 0.5 km upstream of Dam,LADDER,Adult Passage Ladder,NA,1
3D9.1C2DE1EE2B,CFM-2012-086-TUM.xml,TUF - Tumwater Dam Adult Fishway,7/9/2013 12:19:20 PM,7/9/2013 12:26:41 PM,WEIR 14,WEIR 17,7/20/2012,7,Bull Trout,R,Resident,W,Wild Fish or Natural Production,TUMFBY - TUM - Release into the Forebay within 0.5 km upstream of Dam,LADDER,Adult Passage Ladder,NA,1
3D9.1C2DE1EE37,CFM-2012-086-TUM.xml,CHW - Chiwaukum Creek,8/4/2012 10:45:11 PM,7/18/2013 2:33:48 AM,DOWNSTREAM ARRAY,UPSTREAM ARRAY,7/23/2012,7,Bull Trout,R,Resident,W,Wild Fish or Natural Production,TUMFBY - TUM - Release into the Forebay within 0.5 km upstream of Dam,LADDER,Adult Passage Ladder,NA,1
3D9.1C2DE1EE37,CFM-2012-086-TUM.xml,TUF - Tumwater Dam Adult Fishway,7/6/2013 4:01:36 PM,7/6/2013 4:08:25 PM,WEIR 14,WEIR 17,7/23/2012,7,Bull Trout,R,Resident,W,Wild Fish or Natural Production,TUMFBY - TUM - Release into the Forebay within 0.5 km upstream of Dam,LADDER,Adult Passage Ladder,NA,1
3D9.1C2DE1F74E,CFM-2013-060-TUM.xml,NAL - Lower Nason Creek,7/7/2013 1:02:21 AM,7/7/2013 1:02:57 AM,LOWER IN-STREAM ARRAY,UPPER IN-STREAM ARRAY,6/24/2013,7,Bull Trout,R,Resident,W,Wild Fish or Natural Production,TUMFBY - TUM - Release into the Forebay within 0.5 km upstream of Dam,LADDER,Adult Passage Ladder,NA,1
3D9.1C2DE1F74E,CFM-2013-060-TUM.xml,NAU - Upper Nason Creek,7/10/2013 10:19:17 PM,7/10/2013 10:19:41 PM,LOWER IN-STREAM ARRAY,UPPER IN-STREAM ARRAY,6/24/2013,7,Bull Trout,R,Resident,W,Wild Fish or Natural Production,TUMFBY - TUM - Release into the Forebay within 0.5 km upstream of Dam,LADDER,Adult Passage Ladder,NA,1
3D9.1C2DE1F9AF,CFM-2012-086-TUM.xml,CHW - Chiwaukum Creek,7/30/2012 11:16:59 PM,9/19/2013 10:09:55 PM,DOWNSTREAM ARRAY,DOWNSTREAM ARRAY,7/24/2012,7,Bull Trout,R,Resident,W,Wild Fish or Natural Production,TUMFBY - TUM - Release into the Forebay within 0.5 km upstream of Dam,LADDER,Adult Passage Ladder,NA,1
3D9.1C2DE1F9AF,CFM-2012-086-TUM.xml,TUF - Tumwater Dam Adult Fishway,7/4/2013 12:57:48 AM,7/15/2014 9:15:24 AM,WEIR 14,WEIR 17,7/24/2012,7,Bull Trout,R,Resident,W,Wild Fish or Natural Production,TUMFBY - TUM - Release into the Forebay within 0.5 km upstream of Dam,LADDER,Adult Passage Ladder,NA,1
3D9.1C2DE1FA06,NBD-2014-085-TUM.json,UWE - Upper Wenatchee River,8/19/2014 11:26:47 PM,8/19/2014 11:26:47 PM,IN-STREAM ARRAY,IN-STREAM ARRAY,7/31/2014,7,Bull Trout,R,Resident,W,Wild Fish or Natural Production,TUMFBY - TUM - Release into the Forebay within 0.5 km upstream of Dam,LADDER,Adult Passage Ladder,NA,1
3D9.1C2DE1FAF9,CFM-2012-086-TUM.xml,CHU - Upper Chiwawa River,7/29/2012 7:46:34 AM,7/29/2012 7:46:34 AM,LOWER IN-STREAM ARRAY,LOWER IN-STREAM ARRAY,7/11/2012,7,Bull Trout,R,Resident,W,Wild Fish or Natural Production,TUMFBY - TUM - Release into the Forebay within 0.5 km upstream of Dam,LADDER,Adult Passage Ladder,NA,1
3D9.1C2DE1FB59,CFM-2012-086-TUM.xml,CCT - Chikamin Creek Temporary Array,9/9/2013 11:01:40 PM,9/9/2013 11:01:40 PM,Instream Array,Instream Array,7/17/2012,7,Bull Trout,R,Resident,W,Wild Fish or Natural Production,TUMFBY - TUM - Release into the Forebay within 0.5 km upstream of Dam,LADDER,Adult Passage Ladder,NA,1
3D9.1C2DE1FB59,CFM-2012-086-TUM.xml,CHL - Lower Chiwawa River,7/26/2012 1:37:09 AM,9/12/2013 9:40:08 PM,UPPER IN-STREAM ARRAY,LOWER IN-STREAM ARRAY,7/17/2012,7,Bull Trout,R,Resident,W,Wild Fish or Natural Production,TUMFBY - TUM - Release into the Forebay within 0.5 km upstream of Dam,LADDER,Adult Passage Ladder,NA,1
3D9.1C2DE1FB59,CFM-2012-086-TUM.xml,CHU - Upper Chiwawa River,9/17/2012 1:22:14 AM,9/17/2012 1:22:14 AM,LOWER IN-STREAM ARRAY,LOWER IN-STREAM ARRAY,7/17/2012,7,Bull Trout,R,Resident,W,Wild Fish or Natural Production,TUMFBY - TUM - Release into the Forebay within 0.5 km upstream of Dam,LADDER,Adult Passage Ladder,NA,1
3D9.1C2DE1FB59,CFM-2012-086-TUM.xml,CHW - Chiwaukum Creek,9/13/2013 10:46:59 PM,9/16/2013 3:39:23 AM,DOWNSTREAM ARRAY,DOWNSTREAM ARRAY,7/17/2012,7,Bull Trout,R,Resident,W,Wild Fish or Natural Production,TUMFBY - TUM - Release into the Forebay within 0.5 km upstream of Dam,LADDER,Adult Passage Ladder,NA,1
3D9.1C2DE1FB59,CFM-2012-086-TUM.xml,ICL - Lower Icicle Instream Array,9/17/2013 9:35:40 AM,9/17/2013 1:23:25 PM,INSTREAM ARRAY,INSTREAM ARRAY,7/17/2012,7,Bull Trout,R,Resident,W,Wild Fish or Natural Production,TUMFBY - TUM - Release into the Forebay within 0.5 km upstream of Dam,LADDER,Adult Passage Ladder,NA,1
3D9.1C2DE1FB59,CFM-2012-086-TUM.xml,LWE - Lower Wenatchee River,1/2/2013 1:51:49 AM,1/2/2013 2:19:33 AM,UPSTREAM ANTENNA ARRAY,DOWNSTREAM ANTENNA ARRAY,7/17/2012,7,Bull Trout,R,Resident,W,Wild Fish or Natural Production,TUMFBY - TUM - Release into the Forebay within 0.5 km upstream of Dam,LADDER,Adult Passage Ladder,NA,1
3D9.1C2DE1FB59,CFM-2012-086-TUM.xml,TUF - Tumwater Dam Adult Fishway,6/18/2013 8:44:59 PM,6/26/2013 9:45:52 AM,WEIR 14,WEIR 17,7/17/2012,7,Bull Trout,R,Resident,W,Wild Fish or Natural Production,TUMFBY - TUM - Release into the Forebay within 0.5 km upstream of Dam,LADDER,Adult Passage Ladder,NA,1
3D9.1C2DE1FD82,CFM-2012-086-TUM.xml,ICL - Lower Icicle Instream Array,11/14/2012 8:47:36 PM,11/14/2012 8:47:36 PM,INSTREAM ARRAY,INSTREAM ARRAY,7/20/2012,7,Bull Trout,R,Resident,W,Wild Fish or Natural Production,TUMFBY - TUM - Release into the Forebay within 0.5 km upstream of Dam,LADDER,Adult Passage Ladder,NA,1
3D9.1C2DE20581,CFM-2012-086-TUM.xml,CHL - Lower Chiwawa River,9/26/2012 3:44:13 AM,7/19/2013 4:27:38 AM,UPPER IN-STREAM ARRAY,LOWER IN-STREAM ARRAY,7/25/2012,7,Bull Trout,R,Resident,W,Wild Fish or Natural Production,TUMFBY - TUM - Release into the Forebay within 0.5 km upstream of Dam,LADDER,Adult Passage Ladder,NA,1
3D9.1C2DE20581,CFM-2012-086-TUM.xml,CHU - Upper Chiwawa River,8/14/2012 3:33:26 AM,7/25/2013 12:03:48 AM,LOWER IN-STREAM ARRAY,UPPER IN-STREAM ARRAY,7/25/2012,7,Bull Trout,R,Resident,W,Wild Fish or Natural Production,TUMFBY - TUM - Release into the Forebay within 0.5 km upstream of Dam,LADDER,Adult Passage Ladder,NA,1
3D9.1C2DE20581,CFM-2012-086-TUM.xml,LWE - Lower Wenatchee River,3/26/2013 10:27:31 PM,3/26/2013 10:27:34 PM,UPSTREAM ANTENNA ARRAY,UPSTREAM ANTENNA ARRAY,7/25/2012,7,Bull Trout,R,Resident,W,Wild Fish or Natural Production,TUMFBY - TUM - Release into the Forebay within 0.5 km upstream of Dam,LADDER,Adult Passage Ladder,NA,1
3D9.1C2DE20581,CFM-2012-086-TUM.xml,TUF - Tumwater Dam Adult Fishway,7/6/2013 2:43:42 PM,7/12/2013 8:36:53 AM,WEIR 14,WEIR 17,7/25/2012,7,Bull Trout,R,Resident,W,Wild Fish or Natural Production,TUMFBY - TUM - Release into the Forebay within 0.5 km upstream of Dam,LADDER,Adult Passage Ladder,NA,1
3D9.1C2DE207A4,CFM-2012-086-TUM.xml,CHL - Lower Chiwawa River,9/28/2013 3:40:11 AM,9/30/2014 12:55:18 AM,UPPER IN-STREAM ARRAY,LOWER IN-STREAM ARRAY,8/9/2012,7,Bull Trout,R,Resident,W,Wild Fish or Natural Production,TUMFBY - TUM - Release into the Forebay within 0.5 km upstream of Dam,LADDER,Adult Passage Ladder,NA,1
3D9.1C2DE207A4,CFM-2012-086-TUM.xml,CHU - Upper Chiwawa River,7/26/2014 1:31:51 AM,7/26/2014 1:33:49 AM,LOWER IN-STREAM ARRAY,UPPER IN-STREAM ARRAY,8/9/2012,7,Bull Trout,R,Resident,W,Wild Fish or Natural Production,TUMFBY - TUM - Release into the Forebay within 0.5 km upstream of Dam,LADDER,Adult Passage Ladder,NA,1
3D9.1C2DE207A4,CFM-2012-086-TUM.xml,LWE - Lower Wenatchee River,2/27/2013 11:06:57 PM,11/17/2013 6:57:54 AM,UPSTREAM ANTENNA ARRAY,DOWNSTREAM ANTENNA ARRAY,8/9/2012,7,Bull Trout,R,Resident,W,Wild Fish or Natural Production,TUMFBY - TUM - Release into the Forebay within 0.5 km upstream of Dam,LADDER,Adult Passage Ladder,NA,1
3D9.1C2DE207A4,CFM-2012-086-TUM.xml,TUF - Tumwater Dam Adult Fishway,6/27/2013 8:28:27 PM,6/28/2015 8:19:47 AM,WEIR 14,WEIR 17,8/9/2012,7,Bull Trout,R,Resident,W,Wild Fish or Natural Production,TUMFBY - TUM - Release into the Forebay within 0.5 km upstream of Dam,LADDER,Adult Passage Ladder,NA,1
3D9.1C2DE20831,CFM-2012-086-TUM.xml,CHL - Lower Chiwawa River,8/4/2012 9:12:20 PM,9/23/2014 9:20:10 PM,LOWER IN-STREAM ARRAY,LOWER IN-STREAM ARRAY,7/21/2012,7,Bull Trout,R,Resident,W,Wild Fish or Natural Production,TUMFBY - TUM - Release into the Forebay within 0.5 km upstream of Dam,LADDER,Adult Passage Ladder,NA,1
3D9.1C2DE20831,CFM-2012-086-TUM.xml,CHU - Upper Chiwawa River,8/13/2012 10:00:32 PM,9/23/2014 12:02:34 AM,LOWER IN-STREAM ARRAY,UPPER IN-STREAM ARRAY,7/21/2012,7,Bull Trout,R,Resident,W,Wild Fish or Natural Production,TUMFBY - TUM - Release into the Forebay within 0.5 km upstream of Dam,LADDER,Adult Passage Ladder,NA,1
3D9.1C2DE20831,CFM-2012-086-TUM.xml,LWE - Lower Wenatchee River,5/21/2014 9:11:40 AM,5/21/2014 9:11:40 AM,UPSTREAM ANTENNA ARRAY,UPSTREAM ANTENNA ARRAY,7/21/2012,7,Bull Trout,R,Resident,W,Wild Fish or Natural Production,TUMFBY - TUM - Release into the Forebay within 0.5 km upstream of Dam,LADDER,Adult Passage Ladder,NA,1
3D9.1C2DE20831,CFM-2012-086-TUM.xml,TUF - Tumwater Dam Adult Fishway,6/17/2013 7:23:26 AM,6/9/2015 2:51:28 PM,WEIR 14,WEIR 14,7/21/2012,7,Bull Trout,R,Resident,W,Wild Fish or Natural Production,TUMFBY - TUM - Release into the Forebay within 0.5 km upstream of Dam,LADDER,Adult Passage Ladder,NA,1
3D9.1C2DE2089A,CFM-2012-086-TUM.xml,NAU - Upper Nason Creek,7/25/2012 9:08:36 PM,7/25/2012 9:08:56 PM,LOWER IN-STREAM ARRAY,UPPER IN-STREAM ARRAY,7/11/2012,7,Bull Trout,R,Resident,W,Wild Fish or Natural Production,TUMFBY - TUM - Release into the Forebay within 0.5 km upstream of Dam,LADDER,Adult Passage Ladder,NA,1
3D9.1C2DE208BE,CFM-2013-060-TUM.xml,CHW - Chiwaukum Creek,7/17/2013 4:29:16 AM,9/29/2013 10:40:04 PM,DOWNSTREAM ARRAY,DOWNSTREAM ARRAY,7/6/2013,7,Bull Trout,R,Resident,W,Wild Fish or Natural Production,TUMFBY - TUM - Release into the Forebay within 0.5 km upstream of Dam,LADDER,Adult Passage Ladder,NA,1
3D9.1C2DE208BE,CFM-2013-060-TUM.xml,TUF - Tumwater Dam Adult Fishway,7/7/2014 9:14:25 AM,7/11/2014 5:18:23 PM,WEIR 14,WEIR 17,7/6/2013,7,Bull Trout,R,Resident,W,Wild Fish or Natural Production,TUMFBY - TUM - Release into the Forebay within 0.5 km upstream of Dam,LADDER,Adult Passage Ladder,NA,1
3D9.1C2DE2110A,CFM-2013-060-TUM.xml,CHL - Lower Chiwawa River,8/24/2013 2:50:11 AM,8/24/2013 2:50:11 AM,LOWER IN-STREAM ARRAY,LOWER IN-STREAM ARRAY,7/24/2013,7,Bull Trout,R,Resident,W,Wild Fish or Natural Production,TUMFBY - TUM - Release into the Forebay within 0.5 km upstream of Dam,LADDER,Adult Passage Ladder,NA,1
3D9.1C2DE2139F,CFM-2013-060-TUM.xml,CHW - Chiwaukum Creek,7/18/2013 2:57:49 AM,7/15/2014 6:02:19 AM,DOWNSTREAM ARRAY,UPSTREAM ARRAY,7/8/2013,7,Bull Trout,R,Resident,W,Wild Fish or Natural Production,TUMFBY - TUM - Release into the Forebay within 0.5 km upstream of Dam,LADDER,Adult Passage Ladder,NA,1
3D9.1C2DE2139F,CFM-2013-060-TUM.xml,TUF - Tumwater Dam Adult Fishway,6/26/2014 11:45:44 PM,7/1/2014 10:46:19 PM,WEIR 14,WEIR 17,7/8/2013,7,Bull Trout,R,Resident,W,Wild Fish or Natural Production,TUMFBY - TUM - Release into the Forebay within 0.5 km upstream of Dam,LADDER,Adult Passage Ladder,NA,1
3D9.1C2DE213C7,CFM-2012-086-TUM.xml,CHU - Upper Chiwawa River,8/2/2012 12:02:16 AM,8/2/2012 12:02:48 AM,LOWER IN-STREAM ARRAY,UPPER IN-STREAM ARRAY,7/18/2012,7,Bull Trout,R,Resident,W,Wild Fish or Natural Production,TUMFBY - TUM - Release into the Forebay within 0.5 km upstream of Dam,LADDER,Adult Passage Ladder,NA,1
3D9.1C2DE2141C,CFM-2012-086-TUM.xml,CHW - Chiwaukum Creek,8/7/2012 5:49:13 AM,8/23/2012 10:41:03 PM,DOWNSTREAM ARRAY,DOWNSTREAM ARRAY,7/20/2012,7,Bull Trout,R,Resident,W,Wild Fish or Natural Production,TUMFBY - TUM - Release into the Forebay within 0.5 km upstream of Dam,LADDER,Adult Passage Ladder,NA,1
3D9.1C2DE2144C,CFM-2013-060-TUM.xml,CHW - Chiwaukum Creek,7/22/2013 12:21:39 AM,7/22/2013 12:27:16 AM,DOWNSTREAM ARRAY,UPSTREAM ARRAY,7/7/2013,7,Bull Trout,R,Resident,W,Wild Fish or Natural Production,TUMFBY - TUM - Release into the Forebay within 0.5 km upstream of Dam,LADDER,Adult Passage Ladder,NA,1
3D9.1C2DE21B0A,CFM-2012-086-TUM.xml,CHL - Lower Chiwawa River,7/25/2012 10:51:09 PM,10/4/2014 2:25:06 AM,UPPER IN-STREAM ARRAY,LOWER IN-STREAM ARRAY,7/17/2012,7,Bull Trout,R,Resident,W,Wild Fish or Natural Production,TUMFBY - TUM - Release into the Forebay within 0.5 km upstream of Dam,LADDER,Adult Passage Ladder,NA,1
3D9.1C2DE21B0A,CFM-2012-086-TUM.xml,CHU - Upper Chiwawa River,9/27/2012 7:31:38 PM,6/21/2015 1:43:02 AM,UPPER IN-STREAM ARRAY,LOWER IN-STREAM ARRAY,7/17/2012,7,Bull Trout,R,Resident,W,Wild Fish or Natural Production,TUMFBY - TUM - Release into the Forebay within 0.5 km upstream of Dam,LADDER,Adult Passage Ladder,NA,1
3D9.1C2DE21B0D,CFM-2013-060-TUM.xml,CHW - Chiwaukum Creek,7/18/2013 12:32:17 AM,7/18/2013 12:32:48 AM,DOWNSTREAM ARRAY,UPSTREAM ARRAY,7/8/2013,7,Bull Trout,R,Resident,W,Wild Fish or Natural Production,TUMFBY - TUM - Release into the Forebay within 0.5 km upstream of Dam,LADDER,Adult Passage Ladder,NA,1
3D9.1C2DE21D5A,CFM-2012-256-TUM.json,CHW - Chiwaukum Creek,7/10/2013 7:07:11 AM,7/10/2013 7:14:31 AM,DOWNSTREAM ARRAY,UPSTREAM ARRAY,9/29/2012,7,Bull Trout,R,Resident,W,Wild Fish or Natural Production,TUMFBY - TUM - Release into the Forebay within 0.5 km upstream of Dam,LADDER,Adult Passage Ladder,NA,1
3D9.1C2DE21E1D,CFM-2012-086-TUM.xml,CHW - Chiwaukum Creek,7/26/2012 12:01:32 AM,9/20/2013 1:51:01 PM,DOWNSTREAM ARRAY,DOWNSTREAM ARRAY,7/19/2012,7,Bull Trout,R,Resident,W,Wild Fish or Natural Production,TUMFBY - TUM - Release into the Forebay within 0.5 km upstream of Dam,LADDER,Adult Passage Ladder,NA,1
3D9.1C2DE21E1D,CFM-2012-086-TUM.xml,TUF - Tumwater Dam Adult Fishway,6/29/2013 2:43:05 PM,7/2/2013 6:08:41 AM,WEIR 14,WEIR 17,7/19/2012,7,Bull Trout,R,Resident,W,Wild Fish or Natural Production,TUMFBY - TUM - Release into the Forebay within 0.5 km upstream of Dam,LADDER,Adult Passage Ladder,NA,1
3D9.1C2DE21E1E,CFM-2012-086-TUM.xml,NAU - Upper Nason Creek,7/30/2012 11:03:48 PM,7/30/2012 11:04:12 PM,LOWER IN-STREAM ARRAY,UPPER IN-STREAM ARRAY,7/17/2012,7,Bull Trout,R,Resident,W,Wild Fish or Natural Production,TUMFBY - TUM - Release into the Forebay within 0.5 km upstream of Dam,LADDER,Adult Passage Ladder,NA,1
3D9.1C2DE21F98,NBD-2014-085-TUM.json,CHW - Chiwaukum Creek,9/28/2014 7:34:29 PM,6/26/2015 2:58:13 AM,UPSTREAM ARRAY,UPSTREAM ARRAY,7/10/2014,7,Bull Trout,R,Resident,W,Wild Fish or Natural Production,TUMFBY - TUM - Release into the Forebay within 0.5 km upstream of Dam,LADDER,Adult Passage Ladder,NA,1
3D9.1C2DE21F98,NBD-2014-085-TUM.json,TUF - Tumwater Dam Adult Fishway,6/9/2015 3:58:55 AM,6/9/2015 4:09:53 AM,WEIR 14,WEIR 17,7/10/2014,7,Bull Trout,R,Resident,W,Wild Fish or Natural Production,TUMFBY - TUM - Release into the Forebay within 0.5 km upstream of Dam,LADDER,Adult Passage Ladder,NA,1
3D9.1C2DE22508,NBD-2014-085-TUM.json,CHW - Chiwaukum Creek,7/9/2014 12:06:20 AM,9/21/2014 5:00:37 AM,DOWNSTREAM ARRAY,DOWNSTREAM ARRAY,6/28/2014,7,Bull Trout,R,Resident,W,Wild Fish or Natural Production,TUMFBY - TUM - Release into the Forebay within 0.5 km upstream of Dam,LADDER,Adult Passage Ladder,NA,1
3D9.1C2DE22508,NBD-2014-085-TUM.json,LWE - Lower Wenatchee River,9/28/2014 8:59:46 PM,9/28/2014 9:00:06 PM,DOWNSTREAM ANTENNA ARRAY,UPSTREAM ANTENNA ARRAY,6/28/2014,7,Bull Trout,R,Resident,W,Wild Fish or Natural Production,TUMFBY - TUM - Release into the Forebay within 0.5 km upstream of Dam,LADDER,Adult Passage Ladder,NA,1
3D9.1C2DE2523D,FWE12312.HA3,ENA - Upper Entiat River at rkm 17.1,6/15/2013 5:16:28 AM,10/7/2014 2:27:35 AM,UPSTREAM ANTENNA ARRAY,UPSTREAM ANTENNA ARRAY,11/7/2012,7,Bull Trout,R,Resident,W,Wild Fish or Natural Production,ENTIAR - Entiat River,SCREWT,Screw Trap,680,1
3D9.1C2DE2523D,FWE12312.HA3,ENF - Upper Entiat River at rkm 40.6,6/26/2013 9:55:50 PM,10/5/2014 11:06:39 PM,UPSTREAM ARRAY,UPSTREAM ARRAY,11/7/2012,7,Bull Trout,R,Resident,W,Wild Fish or Natural Production,ENTIAR - Entiat River,SCREWT,Screw Trap,680,1
3D9.1C2DE2523D,FWE12312.HA3,ENL - Lower Entiat River,11/5/2013 6:45:54 PM,10/25/2014 8:30:58 PM,UPPER IN-STREAM ARRAY,LOWER IN-STREAM ARRAY,11/7/2012,7,Bull Trout,R,Resident,W,Wild Fish or Natural Production,ENTIAR - Entiat River,SCREWT,Screw Trap,680,1
3D9.1C2DE2523D,FWE12312.HA3,ENM - Middle Entiat River,6/17/2013 3:06:11 PM,10/6/2014 9:59:46 PM,UPPER IN-STREAM ARRAY,LOWER IN-STREAM ARRAY,11/7/2012,7,Bull Trout,R,Resident,W,Wild Fish or Natural Production,ENTIAR - Entiat River,SCREWT,Screw Trap,680,1
3D9.1C2DE2523D,FWE12312.HA3,ENS - Upper Entiat River at rkm 35.7,6/24/2014 9:41:41 PM,10/6/2014 2:55:01 AM,DOWNSTREAM ARRAY,DOWNSTREAM ARRAY,11/7/2012,7,Bull Trout,R,Resident,W,Wild Fish or Natural Production,ENTIAR - Entiat River,SCREWT,Screw Trap,680,1
3D9.1C2DE2523D,FWE12312.HA3,RRF - Rocky Reach Fishway,5/18/2013 8:40:02 AM,5/24/2014 4:48:34 AM,WEIR 4,Trap,11/7/2012,7,Bull Trout,R,Resident,W,Wild Fish or Natural Production,ENTIAR - Entiat River,SCREWT,Screw Trap,680,1
3D9.1C2DE39027,FWE14074.3D4,ENM - Middle Entiat River,10/19/2014 2:23:23 AM,10/19/2014 2:23:23 AM,UPPER IN-STREAM ARRAY,UPPER IN-STREAM ARRAY,3/15/2014,7,Bull Trout,R,Resident,W,Wild Fish or Natural Production,ENTIAR - Entiat River,DIPNET,Dip Net,172,1
3D9.1C2DE39027,FWE14074.3D4,ICL - Lower Icicle Instream Array,6/18/2015 11:06:21 PM,6/18/2015 11:06:21 PM,Downstream Array,Downstream Array,3/15/2014,7,Bull Trout,R,Resident,W,Wild Fish or Natural Production,ENTIAR - Entiat River,DIPNET,Dip Net,172,1
3D9.1C2DE39027,FWE14074.3D4,ICM - Middle Icicle Instream Array,11/14/2015 12:56:55 AM,11/14/2015 2:04:12 AM,Upstream Array,Downstream Array,3/15/2014,7,Bull Trout,R,Resident,W,Wild Fish or Natural Production,ENTIAR - Entiat River,DIPNET,Dip Net,172,1
3D9.1C2DE39027,FWE14074.3D4,RIA - Rock Island Adult,6/10/2015 5:51:07 AM,6/10/2015 5:51:31 AM,Right Ladder Exit Channel,Right Ladder Exit Channel,3/15/2014,7,Bull Trout,R,Resident,W,Wild Fish or Natural Production,ENTIAR - Entiat River,DIPNET,Dip Net,172,1
3D9.1C2DE3EAFC,FWE13217.3C3,ENL - Lower Entiat River,2/15/2014 6:13:22 PM,2/15/2014 6:13:25 PM,LOWER IN-STREAM ARRAY,LOWER IN-STREAM ARRAY,8/5/2013,7,Bull Trout,R,Resident,W,Wild Fish or Natural Production,ENTIAR - Entiat River,BSEINE,Beach Seine,195,1
3D9.1C2DE3EAFC,FWE13217.3C3,ENM - Middle Entiat River,11/29/2013 11:04:53 PM,11/29/2013 11:05:00 PM,UPPER IN-STREAM ARRAY,LOWER IN-STREAM ARRAY,8/5/2013,7,Bull Trout,R,Resident,W,Wild Fish or Natural Production,ENTIAR - Entiat River,BSEINE,Beach Seine,195,1
3D9.1C2DE3EAFC,FWE13217.3C3,ENS - Upper Entiat River at rkm 35.7,11/26/2013 10:47:10 PM,11/26/2013 10:47:10 PM,DOWNSTREAM ARRAY,DOWNSTREAM ARRAY,8/5/2013,7,Bull Trout,R,Resident,W,Wild Fish or Natural Production,ENTIAR - Entiat River,BSEINE,Beach Seine,195,1
3D9.1C2DE3EAFC,FWE13217.3C3,LWE - Lower Wenatchee River,7/20/2014 4:44:13 PM,7/20/2014 4:44:13 PM,UPSTREAM ANTENNA ARRAY,UPSTREAM ANTENNA ARRAY,8/5/2013,7,Bull Trout,R,Resident,W,Wild Fish or Natural Production,ENTIAR - Entiat River,BSEINE,Beach Seine,195,1
3D9.1C2DE47518,FWE13071.3C1,ENL - Lower Entiat River,1/13/2014 11:33:21 PM,1/13/2014 11:34:36 PM,UPPER IN-STREAM ARRAY,LOWER IN-STREAM ARRAY,3/13/2013,7,Bull Trout,R,Resident,W,Wild Fish or Natural Production,ENTIAR - Entiat River,DIPNET,Dip Net,180,1
3D9.1C2DE47518,FWE13071.3C1,ENM - Middle Entiat River,10/10/2013 12:38:23 AM,10/10/2013 12:38:23 AM,UPPER IN-STREAM ARRAY,UPPER IN-STREAM ARRAY,3/13/2013,7,Bull Trout,R,Resident,W,Wild Fish or Natural Production,ENTIAR - Entiat River,DIPNET,Dip Net,180,1
3D9.1C2DE4989F,FWE13071.3C1,ENS - Upper Entiat River at rkm 35.7,9/29/2013 12:03:16 AM,9/29/2013 12:03:16 AM,UPSTREAM ARRAY,UPSTREAM ARRAY,3/13/2013,7,Bull Trout,R,Resident,W,Wild Fish or Natural Production,ENTIAR - Entiat River,DIPNET,Dip Net,199,1
3D9.1C2DE4AB08,FWE12306.HA3,ENL - Lower Entiat River,11/1/2012 9:12:23 AM,11/1/2012 9:12:23 AM,UPPER IN-STREAM ARRAY,UPPER IN-STREAM ARRAY,11/1/2012,7,Bull Trout,R,Resident,W,Wild Fish or Natural Production,ENTIAR - Entiat River,SCREWT,Screw Trap,284,1
3D9.1C2DE4CBE3,FWE12312.HA3,ICL - Lower Icicle Instream Array,8/10/2013 11:28:15 PM,8/11/2013 4:41:02 AM,INSTREAM ARRAY,INSTREAM ARRAY,11/7/2012,7,Bull Trout,R,Resident,W,Wild Fish or Natural Production,ENTIAR - Entiat River,SCREWT,Screw Trap,255,1
3D9.1C2DE4CBE3,FWE12312.HA3,LWE - Lower Wenatchee River,10/9/2013 7:19:19 PM,10/9/2013 7:19:19 PM,UPSTREAM ANTENNA ARRAY,UPSTREAM ANTENNA ARRAY,11/7/2012,7,Bull Trout,R,Resident,W,Wild Fish or Natural Production,ENTIAR - Entiat River,SCREWT,Screw Trap,255,1
3D9.1C2DE4CBE3,FWE12312.HA3,RIA - Rock Island Adult,7/9/2013 11:19:35 AM,7/9/2013 11:35:12 AM,RIGHT LADDER BAFFLE 2,RIGHT LADDER BAFFLE 4,11/7/2012,7,Bull Trout,R,Resident,W,Wild Fish or Natural Production,ENTIAR - Entiat River,SCREWT,Screw Trap,255,1
3D9.1C2DE4CBE3,FWE12312.HA3,RRF - Rocky Reach Fishway,5/30/2014 10:47:13 AM,5/30/2014 10:53:06 AM,Upper Weir,Trap,11/7/2012,7,Bull Trout,R,Resident,W,Wild Fish or Natural Production,ENTIAR - Entiat River,SCREWT,Screw Trap,255,1
3D9.1C2DE50D75,FWE12306.HA3,ENL - Lower Entiat River,11/1/2012 7:22:38 AM,11/1/2012 8:31:39 AM,UPPER IN-STREAM ARRAY,LOWER IN-STREAM ARRAY,11/1/2012,7,Bull Trout,R,Resident,W,Wild Fish or Natural Production,ENTIAR - Entiat River,SCREWT,Screw Trap,248,1
3D9.1C2DE98B9D,FWE13218.3C1,ENA - Upper Entiat River at rkm 17.1,12/3/2013 7:49:49 PM,12/3/2013 7:49:49 PM,UPSTREAM ANTENNA ARRAY,UPSTREAM ANTENNA ARRAY,8/6/2013,7,Bull Trout,R,Resident,W,Wild Fish or Natural Production,ENTIAR - Entiat River,SHOCK,Electro-Shock,195,1
3D9.1C2DE98B9D,FWE13218.3C1,ENL - Lower Entiat River,3/12/2014 12:44:26 AM,3/12/2014 12:44:26 AM,UPPER IN-STREAM ARRAY,UPPER IN-STREAM ARRAY,8/6/2013,7,Bull Trout,R,Resident,W,Wild Fish or Natural Production,ENTIAR - Entiat River,SHOCK,Electro-Shock,195,1
3D9.1C2DEA3D0B,FWE14074.3D4,ENF - Upper Entiat River at rkm 40.6,9/25/2014 6:31:34 PM,9/25/2014 7:00:40 PM,DOWNSTREAM ARRAY,UPSTREAM ARRAY,3/15/2014,7,Bull Trout,R,Resident,W,Wild Fish or Natural Production,ENTIAR - Entiat River,DIPNET,Dip Net,198,1
3D9.1C2DEA3D0B,FWE14074.3D4,ENM - Middle Entiat River,10/13/2014 12:19:06 AM,10/13/2014 12:19:06 AM,UPPER IN-STREAM ARRAY,UPPER IN-STREAM ARRAY,3/15/2014,7,Bull Trout,R,Resident,W,Wild Fish or Natural Production,ENTIAR - Entiat River,DIPNET,Dip Net,198,1
3D9.1C2DEA3D0B,FWE14074.3D4,ENS - Upper Entiat River at rkm 35.7,10/11/2014 11:53:03 PM,10/11/2014 11:53:13 PM,UPSTREAM ARRAY,DOWNSTREAM ARRAY,3/15/2014,7,Bull Trout,R,Resident,W,Wild Fish or Natural Production,ENTIAR - Entiat River,DIPNET,Dip Net,198,1
3D9.1C2DEA7928,FWE13308.HB4,ENL - Lower Entiat River,11/4/2013 12:37:23 PM,11/4/2013 12:37:28 PM,UPPER IN-STREAM ARRAY,UPPER IN-STREAM ARRAY,11/5/2013,7,Bull Trout,R,Resident,W,Wild Fish or Natural Production,ENTIAR - Entiat River,SCREWT,Screw Trap,263,1
3D9.1C2DEA792E,FWE13302.HB4,"WEA - Wells Dam, DCPUD Adult Ladders",11/30/2013 11:57:47 AM,12/1/2013 9:37:20 PM,RIGHT LADDER POOL 19,RIGHT LADDER POOL 68,10/30/2013,7,Bull Trout,R,Resident,W,Wild Fish or Natural Production,ENTIAR - Entiat River,SCREWT,Screw Trap,430,1
3D9.1C2DEA830E,FWE13064.M14,TLT - Tillicum Creek Temporary Array,6/8/2013 5:37:31 PM,6/9/2013 2:20:08 PM,Instream Array,Instream Array,3/5/2013,7,Bull Trout,R,Resident,W,Wild Fish or Natural Production,MADRVR - Mad River (Entiat River watershed),DIPNET,Dip Net,236,1
3D9.1C2DEAA833,FWE13315.HB4,LWE - Lower Wenatchee River,8/3/2014 11:04:35 PM,8/3/2014 11:04:54 PM,DOWNSTREAM ANTENNA ARRAY,UPSTREAM ANTENNA ARRAY,11/12/2013,7,Bull Trout,R,Resident,W,Wild Fish or Natural Production,ENTIAR - Entiat River,SCREWT,Screw Trap,238,1
3D9.1C2DEAD5B4,FWE13323.HA5,ENF - Upper Entiat River at rkm 40.6,6/16/2015 8:30:12 PM,6/16/2015 8:30:12 PM,UPSTREAM ARRAY,UPSTREAM ARRAY,11/20/2013,7,Bull Trout,R,Resident,W,Wild Fish or Natural Production,ENTIAR - Entiat River,SCREWT,Screw Trap,224,1
3D9.1C2DEAD5B4,FWE13323.HA5,ENL - Lower Entiat River,6/4/2015 10:19:24 PM,6/4/2015 10:19:24 PM,UPPER IN-STREAM ARRAY,UPPER IN-STREAM ARRAY,11/20/2013,7,Bull Trout,R,Resident,W,Wild Fish or Natural Production,ENTIAR - Entiat River,SCREWT,Screw Trap,224,1
3D9.1C2DEAD5B4,FWE13323.HA5,ENS - Upper Entiat River at rkm 35.7,6/14/2015 10:53:49 PM,6/14/2015 10:54:06 PM,DOWNSTREAM ARRAY,UPSTREAM ARRAY,11/20/2013,7,Bull Trout,R,Resident,W,Wild Fish or Natural Production,ENTIAR - Entiat River,SCREWT,Screw Trap,224,1
3D9.1C2DEAD5B4,FWE13323.HA5,LWE - Lower Wenatchee River,8/2/2014 4:37:31 AM,8/2/2014 4:37:57 AM,DOWNSTREAM ANTENNA ARRAY,UPSTREAM ANTENNA ARRAY,11/20/2013,7,Bull Trout,R,Resident,W,Wild Fish or Natural Production,ENTIAR - Entiat River,SCREWT,Screw Trap,224,1
3D9.1C2DEAD5B4,FWE13323.HA5,RRF - Rocky Reach Fishway,6/3/2015 3:17:29 PM,6/3/2015 3:23:24 PM,Lower Weir,Trap,11/20/2013,7,Bull Trout,R,Resident,W,Wild Fish or Natural Production,ENTIAR - Entiat River,SCREWT,Screw Trap,224,1
3D9.1C2DEAE4C8,FWE13217.3D5,ENF - Upper Entiat River at rkm 40.6,12/19/2013 2:13:25 AM,12/19/2013 3:43:50 AM,DOWNSTREAM ARRAY,UPSTREAM ARRAY,8/5/2013,7,Bull Trout,R,Resident,W,Wild Fish or Natural Production,ENTIAR - Entiat River,BSEINE,Beach Seine,198,1
3D9.1C2DEAE5E4,FWE14072.3C1,ENL - Lower Entiat River,9/15/2014 8:50:23 PM,7/17/2015 11:02:26 PM,UPPER IN-STREAM ARRAY,LOWER IN-STREAM ARRAY,3/13/2014,7,Bull Trout,R,Resident,W,Wild Fish or Natural Production,ENTIAR - Entiat River,DIPNET,Dip Net,194,1
3D9.1C2DEAE5E4,FWE14072.3C1,ENM - Middle Entiat River,9/12/2014 9:30:56 PM,9/12/2014 9:30:58 PM,UPPER IN-STREAM ARRAY,LOWER IN-STREAM ARRAY,3/13/2014,7,Bull Trout,R,Resident,W,Wild Fish or Natural Production,ENTIAR - Entiat River,DIPNET,Dip Net,194,1
3D9.1C2DEAE5E4,FWE14072.3C1,ENS - Upper Entiat River at rkm 35.7,9/11/2014 2:56:56 AM,9/11/2014 2:57:40 AM,UPSTREAM ARRAY,DOWNSTREAM ARRAY,3/13/2014,7,Bull Trout,R,Resident,W,Wild Fish or Natural Production,ENTIAR - Entiat River,DIPNET,Dip Net,194,1
3D9.1C2DEAE5E4,FWE14072.3C1,LWE - Lower Wenatchee River,10/10/2014 6:57:12 PM,10/31/2014 8:33:19 AM,DOWNSTREAM ANTENNA ARRAY,UPSTREAM ANTENNA ARRAY,3/13/2014,7,Bull Trout,R,Resident,W,Wild Fish or Natural Production,ENTIAR - Entiat River,DIPNET,Dip Net,194,1
3D9.1C2DEAE5E4,FWE14072.3C1,RRF - Rocky Reach Fishway,7/9/2015 8:07:25 AM,7/9/2015 8:14:42 AM,Lower Weir,Trap,3/13/2014,7,Bull Trout,R,Resident,W,Wild Fish or Natural Production,ENTIAR - Entiat River,DIPNET,Dip Net,194,1
3D9.1C2DEB54D9,FWE13310.HB4,ENL - Lower Entiat River,6/13/2014 3:10:48 AM,6/13/2014 3:10:50 AM,UPPER IN-STREAM ARRAY,UPPER IN-STREAM ARRAY,11/7/2013,7,Bull Trout,R,Resident,W,Wild Fish or Natural Production,ENTIAR - Entiat River,SCREWT,Screw Trap,401,1
3D9.1C2DEB54D9,FWE13310.HB4,"MAD - Mad River, Entiat River Basin",7/6/2014 1:02:47 AM,7/6/2014 1:02:47 AM,UPPER IN-STREAM ARRAY,UPPER IN-STREAM ARRAY,11/7/2013,7,Bull Trout,R,Resident,W,Wild Fish or Natural Production,ENTIAR - Entiat River,SCREWT,Screw Trap,401,1
3D9.1C2DEB5BA2,FWE13218.3C1,ENF - Upper Entiat River at rkm 40.6,8/12/2014 4:38:29 AM,10/15/2014 9:25:07 PM,DOWNSTREAM ARRAY,UPSTREAM ARRAY,8/6/2013,7,Bull Trout,R,Resident,W,Wild Fish or Natural Production,ENTIAR - Entiat River,SHOCK,Electro-Shock,177,1
3D9.1C2DEB5BA2,FWE13218.3C1,ENM - Middle Entiat River,10/16/2014 5:37:25 AM,10/16/2014 5:37:28 AM,UPPER IN-STREAM ARRAY,LOWER IN-STREAM ARRAY,8/6/2013,7,Bull Trout,R,Resident,W,Wild Fish or Natural Production,ENTIAR - Entiat River,SHOCK,Electro-Shock,177,1
3D9.1C2DEB5BA2,FWE13218.3C1,ENS - Upper Entiat River at rkm 35.7,10/16/2014 12:48:06 AM,10/16/2014 12:48:09 AM,UPSTREAM ARRAY,DOWNSTREAM ARRAY,8/6/2013,7,Bull Trout,R,Resident,W,Wild Fish or Natural Production,ENTIAR - Entiat River,SHOCK,Electro-Shock,177,1
3D9.1C2DEB6D53,FWE14274.HB4,ENL - Lower Entiat River,10/2/2014 6:03:12 AM,10/3/2014 10:15:02 PM,LOWER IN-STREAM ARRAY,UPPER IN-STREAM ARRAY,10/2/2014,7,Bull Trout,R,Resident,W,Wild Fish or Natural Production,ENTIAR - Entiat River,SCREWT,Screw Trap,365,1
3D9.1C2DEB961B,FWE14219.TYE,ENS - Upper Entiat River at rkm 35.7,8/10/2014 12:40:02 AM,8/10/2014 12:40:17 AM,UPSTREAM ARRAY,DOWNSTREAM ARRAY,8/7/2014,7,Bull Trout,R,Resident,W,Wild Fish or Natural Production,ENTIAR - Entiat River,SHOCK,Electro-Shock,125,1
3D9.1C2DEB961B,FWE14219.TYE,TY4 - Bottom of Tyee Channel,8/8/2014 2:34:00 AM,8/8/2014 2:35:00 AM,Bottom Channel,Bottom Channel,8/7/2014,7,Bull Trout,R,Resident,W,Wild Fish or Natural Production,ENTIAR - Entiat River,SHOCK,Electro-Shock,125,1
3D9.1C2DEBCC80,FWE13308.HB4,ENL - Lower Entiat River,6/22/2014 5:43:30 PM,6/22/2014 5:43:32 PM,UPPER IN-STREAM ARRAY,UPPER IN-STREAM ARRAY,11/5/2013,7,Bull Trout,R,Resident,W,Wild Fish or Natural Production,ENTIAR - Entiat River,SCREWT,Screw Trap,356,1
3D9.1C2DEBCC80,FWE13308.HB4,"MAD - Mad River, Entiat River Basin",7/2/2014 9:02:44 PM,7/2/2014 9:02:44 PM,UPPER IN-STREAM ARRAY,UPPER IN-STREAM ARRAY,11/5/2013,7,Bull Trout,R,Resident,W,Wild Fish or Natural Production,ENTIAR - Entiat River,SCREWT,Screw Trap,356,1
3D9.1C2DEBFBFE,FWE12306.HA3,ENL - Lower Entiat River,11/1/2012 7:17:34 AM,11/1/2012 7:17:34 AM,UPPER IN-STREAM ARRAY,UPPER IN-STREAM ARRAY,11/1/2012,7,Bull Trout,R,Resident,W,Wild Fish or Natural Production,ENTIAR - Entiat River,SCREWT,Screw Trap,240,1
3D9.1C2DEC12CF,FWE13310.HB4,ENL - Lower Entiat River,6/28/2014 1:20:53 PM,6/28/2014 1:21:58 PM,LOWER IN-STREAM ARRAY,UPPER IN-STREAM ARRAY,11/7/2013,7,Bull Trout,R,Resident,W,Wild Fish or Natural Production,ENTIAR - Entiat River,SCREWT,Screw Trap,332,1
3D9.1C2DEC12CF,FWE13310.HB4,RRF - Rocky Reach Fishway,6/25/2014 6:58:25 PM,6/25/2014 7:06:00 PM,Lower Weir,Trap,11/7/2013,7,Bull Trout,R,Resident,W,Wild Fish or Natural Production,ENTIAR - Entiat River,SCREWT,Screw Trap,332,1
3D9.1C2DEC7CA6,FWE13067.1E3,WL1 - Top of Wilson Creek channel,3/16/2013 3:15:00 PM,5/2/2013 2:19:00 PM,SINGLE ANTENNA,SINGLE ANTENNA,3/9/2013,7,Bull Trout,R,Resident,W,Wild Fish or Natural Production,ENTIAR - Entiat River,DIPNET,Dip Net,218,1
3D9.1C2DED6725,FWE12305.HA3,ENA - Upper Entiat River at rkm 17.1,8/2/2013 10:43:09 PM,10/21/2015 3:06:09 AM,DOWNSTREAM ANTENNA ARRAY,DOWNSTREAM ANTENNA ARRAY,11/1/2012,7,Bull Trout,R,Resident,W,Wild Fish or Natural Production,ENTIAR - Entiat River,SCREWT,Screw Trap,233,1
3D9.1C2DED6725,FWE12305.HA3,ENF - Upper Entiat River at rkm 40.6,9/30/2014 9:09:42 PM,9/22/2015 12:51:31 AM,UPSTREAM ARRAY,UPSTREAM ARRAY,11/1/2012,7,Bull Trout,R,Resident,W,Wild Fish or Natural Production,ENTIAR - Entiat River,SCREWT,Screw Trap,233,1
3D9.1C2DED6725,FWE12305.HA3,ENL - Lower Entiat River,7/29/2013 9:57:56 PM,10/24/2015 9:05:49 PM,UPPER IN-STREAM ARRAY,UPPER IN-STREAM ARRAY,11/1/2012,7,Bull Trout,R,Resident,W,Wild Fish or Natural Production,ENTIAR - Entiat River,SCREWT,Screw Trap,233,1
3D9.1C2DED6725,FWE12305.HA3,ENM - Middle Entiat River,8/5/2013 12:34:05 PM,10/19/2015 7:23:59 PM,LOWER IN-STREAM ARRAY,UPPER IN-STREAM ARRAY,11/1/2012,7,Bull Trout,R,Resident,W,Wild Fish or Natural Production,ENTIAR - Entiat River,SCREWT,Screw Trap,233,1
3D9.1C2DED6725,FWE12305.HA3,ENS - Upper Entiat River at rkm 35.7,7/1/2014 3:10:42 AM,9/23/2015 9:04:38 PM,DOWNSTREAM ARRAY,DOWNSTREAM ARRAY,11/1/2012,7,Bull Trout,R,Resident,W,Wild Fish or Natural Production,ENTIAR - Entiat River,SCREWT,Screw Trap,233,1
3D9.1C2DED6725,FWE12305.HA3,RIA - Rock Island Adult,6/21/2013 2:08:14 PM,6/21/2013 2:39:08 PM,RIGHT LADDER BAFFLE 2,RIGHT LADDER BAFFLE 4,11/1/2012,7,Bull Trout,R,Resident,W,Wild Fish or Natural Production,ENTIAR - Entiat River,SCREWT,Screw Trap,233,1
3D9.1C2DED6725,FWE12305.HA3,RRF - Rocky Reach Fishway,7/1/2013 5:26:25 PM,5/31/2014 10:01:48 AM,WEIR 4,Trap,11/1/2012,7,Bull Trout,R,Resident,W,Wild Fish or Natural Production,ENTIAR - Entiat River,SCREWT,Screw Trap,233,1
3D9.1C2DEE5778,FWE12312.HA3,ENA - Upper Entiat River at rkm 17.1,7/25/2013 10:06:11 PM,7/25/2013 10:06:11 PM,UPSTREAM ANTENNA ARRAY,UPSTREAM ANTENNA ARRAY,11/7/2012,7,Bull Trout,R,Resident,W,Wild Fish or Natural Production,ENTIAR - Entiat River,SCREWT,Screw Trap,210,1
3D9.1C2DEE5778,FWE12312.HA3,ENL - Lower Entiat River,10/23/2013 8:54:09 PM,10/23/2013 8:54:09 PM,LOWER IN-STREAM ARRAY,LOWER IN-STREAM ARRAY,11/7/2012,7,Bull Trout,R,Resident,W,Wild Fish or Natural Production,ENTIAR - Entiat River,SCREWT,Screw Trap,210,1
3D9.1C2DEE5778,FWE12312.HA3,ENM - Middle Entiat River,7/31/2013 4:42:07 AM,7/31/2013 4:43:06 AM,LOWER IN-STREAM ARRAY,UPPER IN-STREAM ARRAY,11/7/2012,7,Bull Trout,R,Resident,W,Wild Fish or Natural Production,ENTIAR - Entiat River,SCREWT,Screw Trap,210,1
3D9.1C2DEF2E16,FWE12311.HB4,ICL - Lower Icicle Instream Array,7/28/2013 10:53:26 PM,7/28/2013 10:53:26 PM,INSTREAM ARRAY,INSTREAM ARRAY,11/7/2012,7,Bull Trout,R,Resident,W,Wild Fish or Natural Production,ENTIAR - Entiat River,SCREWT,Screw Trap,412,1
3D9.1C2DEF2E16,FWE12311.HB4,LWE - Lower Wenatchee River,7/14/2013 6:38:59 AM,7/14/2013 6:39:21 AM,UPSTREAM ANTENNA ARRAY,UPSTREAM ANTENNA ARRAY,11/7/2012,7,Bull Trout,R,Resident,W,Wild Fish or Natural Production,ENTIAR - Entiat River,SCREWT,Screw Trap,412,1
3D9.1C2DEF8EC2,FWE12307.HA3,ENL - Lower Entiat River,11/2/2012 5:29:05 PM,11/2/2012 5:29:05 PM,LOWER IN-STREAM ARRAY,LOWER IN-STREAM ARRAY,11/2/2012,7,Bull Trout,R,Resident,W,Wild Fish or Natural Production,ENTIAR - Entiat River,SCREWT,Screw Trap,244,1
3D9.1C2DEF8EC2,FWE12307.HA3,RIA - Rock Island Adult,7/25/2013 11:30:40 AM,7/25/2013 11:33:47 AM,LEFT LADDER BAFFLE 2,LEFT LADDER BAFFLE 4,11/2/2012,7,Bull Trout,R,Resident,W,Wild Fish or Natural Production,ENTIAR - Entiat River,SCREWT,Screw Trap,244,1
3D9.1C2DEFA4B0,FWE12309.HA3,ENM - Middle Entiat River,6/17/2015 3:11:57 AM,6/17/2015 3:11:57 AM,LOWER IN-STREAM ARRAY,LOWER IN-STREAM ARRAY,11/4/2012,7,Bull Trout,R,Resident,W,Wild Fish or Natural Production,ENTIAR - Entiat River,SCREWT,Screw Trap,245,1
3D9.1C2DEFA4B0,FWE12309.HA3,ENS - Upper Entiat River at rkm 35.7,6/18/2015 10:11:39 PM,6/18/2015 10:11:48 PM,DOWNSTREAM ARRAY,UPSTREAM ARRAY,11/4/2012,7,Bull Trout,R,Resident,W,Wild Fish or Natural Production,ENTIAR - Entiat River,SCREWT,Screw Trap,245,1
3D9.1C2DEFA4B0,FWE12309.HA3,LWE - Lower Wenatchee River,6/5/2015 10:56:20 AM,6/5/2015 10:56:20 AM,DOWNSTREAM ANTENNA ARRAY,DOWNSTREAM ANTENNA ARRAY,11/4/2012,7,Bull Trout,R,Resident,W,Wild Fish or Natural Production,ENTIAR - Entiat River,SCREWT,Screw Trap,245,1
3D9.1C2DEFA4B0,FWE12309.HA3,RIA - Rock Island Adult,7/8/2013 8:54:58 PM,7/8/2013 9:06:15 PM,LEFT LADDER BAFFLE 2,LEFT LADDER BAFFLE 4,11/4/2012,7,Bull Trout,R,Resident,W,Wild Fish or Natural Production,ENTIAR - Entiat River,SCREWT,Screw Trap,245,1
3D9.1C2DEFA4B0,FWE12309.HA3,RRF - Rocky Reach Fishway,6/7/2015 3:42:19 AM,6/7/2015 3:48:26 AM,Lower Weir,Trap,11/4/2012,7,Bull Trout,R,Resident,W,Wild Fish or Natural Production,ENTIAR - Entiat River,SCREWT,Screw Trap,245,1
3D9.1C2DEFA4B0,FWE12309.HA3,TUF - Tumwater Dam Adult Fishway,7/22/2013 6:48:42 PM,7/14/2014 4:24:12 PM,WEIR 14,WEIR 17,11/4/2012,7,Bull Trout,R,Resident,W,Wild Fish or Natural Production,ENTIAR - Entiat River,SCREWT,Screw Trap,245,1
3D9.1C2DEFA4B0,FWE12309.HA3,UWE - Upper Wenatchee River,7/26/2013 9:56:17 PM,11/6/2014 4:03:25 AM,IN-STREAM ARRAY,IN-STREAM ARRAY,11/4/2012,7,Bull Trout,R,Resident,W,Wild Fish or Natural Production,ENTIAR - Entiat River,SCREWT,Screw Trap,245,1
3D9.1C2DEFB6E6,FWE12307.HA3,ENL - Lower Entiat River,11/2/2012 8:22:09 AM,11/2/2012 8:25:10 AM,UPPER IN-STREAM ARRAY,LOWER IN-STREAM ARRAY,11/2/2012,7,Bull Trout,R,Resident,W,Wild Fish or Natural Production,ENTIAR - Entiat River,SCREWT,Screw Trap,254,1
3D9.1C2DEFD833,FWE12308.HA3,ENA - Upper Entiat River at rkm 17.1,8/9/2013 2:10:24 PM,8/9/2013 2:10:24 PM,UPSTREAM ANTENNA ARRAY,UPSTREAM ANTENNA ARRAY,11/4/2012,7,Bull Trout,R,Resident,W,Wild Fish or Natural Production,ENTIAR - Entiat River,SCREWT,Screw Trap,210,1
3D9.1C2DEFD833,FWE12308.HA3,ENL - Lower Entiat River,11/17/2013 8:25:07 PM,11/17/2013 8:26:03 PM,UPPER IN-STREAM ARRAY,UPPER IN-STREAM ARRAY,11/4/2012,7,Bull Trout,R,Resident,W,Wild Fish or Natural Production,ENTIAR - Entiat River,SCREWT,Screw Trap,210,1
3D9.1C2DEFD833,FWE12308.HA3,ENM - Middle Entiat River,9/4/2013 11:12:12 PM,9/14/2013 10:47:32 PM,LOWER IN-STREAM ARRAY,UPPER IN-STREAM ARRAY,11/4/2012,7,Bull Trout,R,Resident,W,Wild Fish or Natural Production,ENTIAR - Entiat River,SCREWT,Screw Trap,210,1
3D9.1C2DEFD833,FWE12308.HA3,RIA - Rock Island Adult,6/27/2013 8:04:57 PM,6/27/2013 8:14:50 PM,LEFT LADDER BAFFLE 2,LEFT LADDER BAFFLE 4,11/4/2012,7,Bull Trout,R,Resident,W,Wild Fish or Natural Production,ENTIAR - Entiat River,SCREWT,Screw Trap,210,1
3D9.1C2DEFD833,FWE12308.HA3,RRF - Rocky Reach Fishway,7/3/2013 11:39:53 AM,7/3/2013 11:43:41 AM,WEIR 4,WEIR 6,11/4/2012,7,Bull Trout,R,Resident,W,Wild Fish or Natural Production,ENTIAR - Entiat River,SCREWT,Screw Trap,210,1
3D9.1C2DF18F33,FWE13068.2C4,ENM - Middle Entiat River,3/19/2013 12:30:39 AM,3/19/2013 12:30:44 AM,UPPER IN-STREAM ARRAY,LOWER IN-STREAM ARRAY,3/9/2013,7,Bull Trout,R,Resident,W,Wild Fish or Natural Production,ENTIAR - Entiat River,DIPNET,Dip Net,168,1
3D9.1C2DF1A6EA,FWE13072.3D5,ENA - Upper Entiat River at rkm 17.1,1/18/2014 1:18:31 AM,1/18/2014 1:18:31 AM,UPSTREAM ANTENNA ARRAY,UPSTREAM ANTENNA ARRAY,3/13/2013,7,Bull Trout,R,Resident,W,Wild Fish or Natural Production,ENTIAR - Entiat River,DIPNET,Dip Net,171,1
3D9.1C2DF1A6EA,FWE13072.3D5,ENM - Middle Entiat River,1/15/2014 6:39:56 AM,1/15/2014 6:39:56 AM,LOWER IN-STREAM ARRAY,LOWER IN-STREAM ARRAY,3/13/2013,7,Bull Trout,R,Resident,W,Wild Fish or Natural Production,ENTIAR - Entiat River,DIPNET,Dip Net,171,1
3D9.1C2DF1A6EA,FWE13072.3D5,ENS - Upper Entiat River at rkm 35.7,1/14/2014 8:56:50 PM,1/14/2014 8:56:54 PM,UPSTREAM ARRAY,DOWNSTREAM ARRAY,3/13/2013,7,Bull Trout,R,Resident,W,Wild Fish or Natural Production,ENTIAR - Entiat River,DIPNET,Dip Net,171,1
3D9.1C2DF7BFCD,CFM-2013-060-TUM.xml,CHW - Chiwaukum Creek,7/23/2013 4:30:56 AM,8/14/2013 11:11:34 PM,DOWNSTREAM ARRAY,DOWNSTREAM ARRAY,7/17/2013,7,Bull Trout,R,Resident,W,Wild Fish or Natural Production,TUMFBY - TUM - Release into the Forebay within 0.5 km upstream of Dam,LADDER,Adult Passage Ladder,NA,1
3D9.1C2DF803C1,FWE12307.HA3,RRF - Rocky Reach Fishway,7/20/2013 5:33:41 PM,7/20/2013 5:45:50 PM,WEIR 4,WEIR 6,11/2/2012,7,Bull Trout,R,Resident,W,Wild Fish or Natural Production,ENTIAR - Entiat River,SCREWT,Screw Trap,252,1
3D9.1C2DF895E5,FWE12311.HB4,ENF - Upper Entiat River at rkm 40.6,8/20/2013 4:20:32 AM,8/20/2013 4:20:32 AM,DOWNSTREAM ARRAY,DOWNSTREAM ARRAY,11/7/2012,7,Bull Trout,R,Resident,W,Wild Fish or Natural Production,ENTIAR - Entiat River,SCREWT,Screw Trap,268,1
3D9.1C2DF895E5,FWE12311.HB4,ENL - Lower Entiat River,7/7/2013 10:39:10 PM,7/7/2013 10:39:50 PM,LOWER IN-STREAM ARRAY,UPPER IN-STREAM ARRAY,11/7/2012,7,Bull Trout,R,Resident,W,Wild Fish or Natural Production,ENTIAR - Entiat River,SCREWT,Screw Trap,268,1
3D9.1C2DF895E5,FWE12311.HB4,ENS - Upper Entiat River at rkm 35.7,8/9/2013 11:36:52 PM,8/9/2013 11:37:11 PM,DOWNSTREAM ARRAY,UPSTREAM ARRAY,11/7/2012,7,Bull Trout,R,Resident,W,Wild Fish or Natural Production,ENTIAR - Entiat River,SCREWT,Screw Trap,268,1
3D9.1C2DF895E5,FWE12311.HB4,RIA - Rock Island Adult,6/28/2013 5:07:13 PM,6/28/2013 5:10:57 PM,LEFT LADDER BAFFLE 2,LEFT LADDER BAFFLE 4,11/7/2012,7,Bull Trout,R,Resident,W,Wild Fish or Natural Production,ENTIAR - Entiat River,SCREWT,Screw Trap,268,1
3D9.1C2DF895E5,FWE12311.HB4,RRF - Rocky Reach Fishway,7/6/2013 10:49:56 PM,7/6/2013 11:00:02 PM,WEIR 4,WEIR 6,11/7/2012,7,Bull Trout,R,Resident,W,Wild Fish or Natural Production,ENTIAR - Entiat River,SCREWT,Screw Trap,268,1
3D9.1C2DFC7561,CGS12160.TW2,TWR - Lwr Twisp Rvr near MSRF Ponds,10/30/2012 10:45:12 PM,6/19/2014 1:54:58 AM,LOWER IN-STREAM ARRAY,UPPER IN-STREAM ARRAY,7/8/2012,7,Bull Trout,R,Resident,W,Wild Fish or Natural Production,TWISPW - Twisp River Weir (WDFW),WTRAP,Weir Trap,590,1
3D9.1C2DFC75C4,TLM12292.AAZ,UWE - Upper Wenatchee River,10/18/2012 10:11:10 PM,10/18/2012 10:11:10 PM,IN-STREAM ARRAY,IN-STREAM ARRAY,10/18/2012,7,Bull Trout,R,Resident,W,Wild Fish or Natural Production,"CHIWAT - Chiwawa River Trap, 0.5 km below CHIP acclimation pond",SCREWT,Screw Trap,572,1
3D9.1C2DFC7636,CFM-2013-060-TUM.xml,CHW - Chiwaukum Creek,7/11/2013 9:15:34 AM,9/27/2013 5:09:19 AM,DOWNSTREAM ARRAY,DOWNSTREAM ARRAY,6/3/2013,7,Bull Trout,R,Resident,W,Wild Fish or Natural Production,TUMFBY - TUM - Release into the Forebay within 0.5 km upstream of Dam,LADDER,Adult Passage Ladder,NA,1
3D9.1C2DFC7636,CFM-2013-060-TUM.xml,TUF - Tumwater Dam Adult Fishway,6/4/2014 6:34:20 PM,7/15/2014 4:21:58 PM,WEIR 17,WEIR 17,6/3/2013,7,Bull Trout,R,Resident,W,Wild Fish or Natural Production,TUMFBY - TUM - Release into the Forebay within 0.5 km upstream of Dam,LADDER,Adult Passage Ladder,NA,1
3D9.1C2DFC80B3,TLM12262.AAZ,CHL - Lower Chiwawa River,9/16/2013 10:11:19 PM,9/15/2014 4:17:59 AM,UPPER IN-STREAM ARRAY,LOWER IN-STREAM ARRAY,9/18/2012,7,Bull Trout,R,Resident,W,Wild Fish or Natural Production,"CHIWAT - Chiwawa River Trap, 0.5 km below CHIP acclimation pond",SCREWT,Screw Trap,500,1
3D9.1C2DFC80B3,TLM12262.AAZ,CHU - Upper Chiwawa River,7/4/2014 3:05:08 AM,9/14/2014 10:43:56 PM,LOWER IN-STREAM ARRAY,LOWER IN-STREAM ARRAY,9/18/2012,7,Bull Trout,R,Resident,W,Wild Fish or Natural Production,"CHIWAT - Chiwawa River Trap, 0.5 km below CHIP acclimation pond",SCREWT,Screw Trap,500,1
3D9.1C2DFC80B3,TLM12262.AAZ,UWE - Upper Wenatchee River,9/15/2014 8:58:38 PM,9/15/2014 8:58:38 PM,IN-STREAM ARRAY,IN-STREAM ARRAY,9/18/2012,7,Bull Trout,R,Resident,W,Wild Fish or Natural Production,"CHIWAT - Chiwawa River Trap, 0.5 km below CHIP acclimation pond",SCREWT,Screw Trap,500,1
3D9.1C2DFC8139,TLM12275.AAZ,UWE - Upper Wenatchee River,10/16/2012 2:13:01 PM,10/16/2012 2:13:01 PM,IN-STREAM ARRAY,IN-STREAM ARRAY,10/15/2012,7,Bull Trout,R,Resident,W,Wild Fish or Natural Production,"CHIWAT - Chiwawa River Trap, 0.5 km below CHIP acclimation pond",SCREWT,Screw Trap,212,1
3D9.1C2DFC8149,TLM12275.AAZ,CHL - Lower Chiwawa River,9/30/2016 1:59:30 AM,10/1/2020 7:31:51 PM,UPPER IN-STREAM ARRAY,UPPER IN-STREAM ARRAY,10/1/2012,7,Bull Trout,R,Resident,W,Wild Fish or Natural Production,"CHIWAT - Chiwawa River Trap, 0.5 km below CHIP acclimation pond",SCREWT,Screw Trap,212,1
3D9.1C2DFC8149,TLM12275.AAZ,CHU - Upper Chiwawa River,7/6/2016 12:55:11 AM,7/15/2022 9:36:48 PM,LOWER IN-STREAM ARRAY,UPPER IN-STREAM ARRAY,10/1/2012,7,Bull Trout,R,Resident,W,Wild Fish or Natural Production,"CHIWAT - Chiwawa River Trap, 0.5 km below CHIP acclimation pond",SCREWT,Screw Trap,212,1
3D9.1C2DFC8149,TLM12275.AAZ,LWN - Little Wenatchee River,5/23/2018 11:35:55 AM,6/3/2022 9:08:49 AM,UPPER IN-STREAM ARRAY,UPPER IN-STREAM ARRAY,10/1/2012,7,Bull Trout,R,Resident,W,Wild Fish or Natural Production,"CHIWAT - Chiwawa River Trap, 0.5 km below CHIP acclimation pond",SCREWT,Screw Trap,212,1
3D9.1C2DFC8149,TLM12275.AAZ,UWE - Upper Wenatchee River,9/30/2016 6:43:07 PM,10/2/2020 12:01:37 AM,IN-STREAM ARRAY,IN-STREAM ARRAY,10/1/2012,7,Bull Trout,R,Resident,W,Wild Fish or Natural Production,"CHIWAT - Chiwawa River Trap, 0.5 km below CHIP acclimation pond",SCREWT,Screw Trap,212,1
3D9.1C2DFC8155,TLM13264.AAZ,CHL - Lower Chiwawa River,9/22/2014 11:07:23 PM,9/19/2016 12:28:03 AM,UPPER IN-STREAM ARRAY,UPPER IN-STREAM ARRAY,9/21/2013,7,Bull Trout,R,Resident,W,Wild Fish or Natural Production,"CHIWAT - Chiwawa River Trap, 0.5 km below CHIP acclimation pond",SCREWT,Screw Trap,650,1
3D9.1C2DFC8155,TLM13264.AAZ,CHU - Upper Chiwawa River,7/15/2014 10:03:21 PM,9/18/2016 9:19:03 PM,LOWER IN-STREAM ARRAY,LOWER IN-STREAM ARRAY,9/21/2013,7,Bull Trout,R,Resident,W,Wild Fish or Natural Production,"CHIWAT - Chiwawa River Trap, 0.5 km below CHIP acclimation pond",SCREWT,Screw Trap,650,1
3D9.1C2DFC8155,TLM13264.AAZ,UWE - Upper Wenatchee River,9/23/2014 12:56:26 AM,9/20/2016 9:59:36 PM,IN-STREAM ARRAY,IN-STREAM ARRAY,9/21/2013,7,Bull Trout,R,Resident,W,Wild Fish or Natural Production,"CHIWAT - Chiwawa River Trap, 0.5 km below CHIP acclimation pond",SCREWT,Screw Trap,650,1
3D9.1C2DFC8172,CFM12212.CHI,CHL - Lower Chiwawa River,9/29/2012 12:06:09 AM,9/29/2012 12:06:09 AM,LOWER IN-STREAM ARRAY,LOWER IN-STREAM ARRAY,7/30/2012,7,Bull Trout,R,Resident,W,Wild Fish or Natural Production,CHIWAR - Chiwawa River,WTRAP,Weir Trap,NA,1
3D9.1C2DFC8172,CFM12212.CHI,CHU - Upper Chiwawa River,7/30/2012 2:18:06 PM,9/28/2012 6:49:42 PM,LOWER IN-STREAM ARRAY,UPPER IN-STREAM ARRAY,7/30/2012,7,Bull Trout,R,Resident,W,Wild Fish or Natural Production,CHIWAR - Chiwawa River,WTRAP,Weir Trap,NA,1
3D9.1C2DFC817D,CGS14153.TW1,TWR - Lwr Twisp Rvr near MSRF Ponds,7/7/2014 10:57:29 PM,7/7/2014 10:57:29 PM,LOWER IN-STREAM ARRAY,LOWER IN-STREAM ARRAY,7/1/2014,7,Bull Trout,R,Resident,W,Wild Fish or Natural Production,TWISPW - Twisp River Weir (WDFW),WTRAP,Weir Trap,750,1
3D9.1C2DFC819E,NBD14268.AAZ,CHL - Lower Chiwawa River,9/25/2014 11:19:46 AM,9/25/2014 11:20:31 AM,LOWER IN-STREAM ARRAY,UPPER IN-STREAM ARRAY,9/25/2014,7,Bull Trout,R,Resident,W,Wild Fish or Natural Production,"CHIWAT - Chiwawa River Trap, 0.5 km below CHIP acclimation pond",SCREWT,Screw Trap,260,1
3D9.1C2DFC819E,NBD14268.AAZ,UWE - Upper Wenatchee River,9/26/2014 6:17:13 PM,9/26/2014 6:17:13 PM,IN-STREAM ARRAY,IN-STREAM ARRAY,9/25/2014,7,Bull Trout,R,Resident,W,Wild Fish or Natural Production,"CHIWAT - Chiwawa River Trap, 0.5 km below CHIP acclimation pond",SCREWT,Screw Trap,260,1
3D9.1C2DFC81C3,TLM12297.AAZ,UWE - Upper Wenatchee River,11/6/2012 7:00:37 AM,11/6/2012 7:00:37 AM,IN-STREAM ARRAY,IN-STREAM ARRAY,10/23/2012,7,Bull Trout,R,Resident,W,Wild Fish or Natural Production,"CHIWAT - Chiwawa River Trap, 0.5 km below CHIP acclimation pond",SCREWT,Screw Trap,183,1
3D9.1C2DFC81CF,TLM13277.AAZ,CHL - Lower Chiwawa River,10/4/2013 8:38:08 PM,10/4/2013 8:38:08 PM,LOWER IN-STREAM ARRAY,LOWER IN-STREAM ARRAY,10/4/2013,7,Bull Trout,R,Resident,W,Wild Fish or Natural Production,"CHIWAT - Chiwawa River Trap, 0.5 km below CHIP acclimation pond",SCREWT,Screw Trap,232,1
3D9.1C2DFC81E1,CGS14153.TW1,TWR - Lwr Twisp Rvr near MSRF Ponds,7/20/2014 3:59:25 AM,7/20/2014 3:59:39 AM,LOWER IN-STREAM ARRAY,UPPER IN-STREAM ARRAY,7/9/2014,7,Bull Trout,R,Resident,W,Wild Fish or Natural Production,TWISPW - Twisp River Weir (WDFW),WTRAP,Weir Trap,670,1
3D9.1C2DFC8D47,TLM12282.AAZ,CHL - Lower Chiwawa River,10/8/2012 9:09:30 PM,10/8/2012 9:09:30 PM,LOWER IN-STREAM ARRAY,LOWER IN-STREAM ARRAY,10/8/2012,7,Bull Trout,R,Resident,W,Wild Fish or Natural Production,"CHIWAT - Chiwawa River Trap, 0.5 km below CHIP acclimation pond",SCREWT,Screw Trap,241,1
3D9.1C2DFC8DC4,CFM12212.CHI,CHL - Lower Chiwawa River,9/16/2012 11:22:09 PM,9/23/2014 2:09:13 AM,LOWER IN-STREAM ARRAY,LOWER IN-STREAM ARRAY,8/2/2012,7,Bull Trout,R,Resident,W,Wild Fish or Natural Production,CHIWAR - Chiwawa River,WTRAP,Weir Trap,NA,1
3D9.1C2DFC8DC4,CFM12212.CHI,CHU - Upper Chiwawa River,8/10/2012 10:49:41 PM,9/22/2014 5:09:19 AM,UPPER IN-STREAM ARRAY,LOWER IN-STREAM ARRAY,8/2/2012,7,Bull Trout,R,Resident,W,Wild Fish or Natural Production,CHIWAR - Chiwawa River,WTRAP,Weir Trap,NA,1
3D9.1C2DFC8DC4,CFM12212.CHI,UWE - Upper Wenatchee River,9/23/2014 4:40:25 AM,9/23/2014 4:40:25 AM,IN-STREAM ARRAY,IN-STREAM ARRAY,8/2/2012,7,Bull Trout,R,Resident,W,Wild Fish or Natural Production,CHIWAR - Chiwawa River,WTRAP,Weir Trap,NA,1
3D9.1C2DFC8DDB,TLM12255.AAZ,CHL - Lower Chiwawa River,8/8/2013 4:06:45 AM,10/11/2017 7:31:58 PM,LOWER IN-STREAM ARRAY,LOWER IN-STREAM ARRAY,9/11/2012,7,Bull Trout,R,Resident,W,Wild Fish or Natural Production,"CHIWAT - Chiwawa River Trap, 0.5 km below CHIP acclimation pond",SCREWT,Screw Trap,305,1
3D9.1C2DFC8DDB,TLM12255.AAZ,CHU - Upper Chiwawa River,6/30/2014 3:56:24 AM,10/9/2017 9:34:42 PM,LOWER IN-STREAM ARRAY,UPPER IN-STREAM ARRAY,9/11/2012,7,Bull Trout,R,Resident,W,Wild Fish or Natural Production,"CHIWAT - Chiwawa River Trap, 0.5 km below CHIP acclimation pond",SCREWT,Screw Trap,305,1
3D9.1C2DFC8DDB,TLM12255.AAZ,UWE - Upper Wenatchee River,8/20/2013 9:07:34 PM,2/27/2017 12:06:19 AM,IN-STREAM ARRAY,IN-STREAM ARRAY,9/11/2012,7,Bull Trout,R,Resident,W,Wild Fish or Natural Production,"CHIWAT - Chiwawa River Trap, 0.5 km below CHIP acclimation pond",SCREWT,Screw Trap,305,1
3D9.1C2DFC8E1C,NBD14269.AAZ,CHL - Lower Chiwawa River,9/30/2018 3:17:37 AM,9/30/2020 9:05:44 PM,UPPER IN-STREAM ARRAY,UPPER IN-STREAM ARRAY,9/26/2014,7,Bull Trout,R,Resident,W,Wild Fish or Natural Production,"CHIWAT - Chiwawa River Trap, 0.5 km below CHIP acclimation pond",SCREWT,Screw Trap,276,1
3D9.1C2DFC8E1C,NBD14269.AAZ,CHU - Upper Chiwawa River,9/30/2018 12:00:17 AM,9/30/2020 6:26:57 PM,LOWER IN-STREAM ARRAY,LOWER IN-STREAM ARRAY,9/26/2014,7,Bull Trout,R,Resident,W,Wild Fish or Natural Production,"CHIWAT - Chiwawa River Trap, 0.5 km below CHIP acclimation pond",SCREWT,Screw Trap,276,1
3D9.1C2DFC8E1C,NBD14269.AAZ,UWE - Upper Wenatchee River,9/27/2014 6:02:52 AM,10/1/2020 4:10:04 AM,IN-STREAM ARRAY,IN-STREAM ARRAY,9/26/2014,7,Bull Trout,R,Resident,W,Wild Fish or Natural Production,"CHIWAT - Chiwawa River Trap, 0.5 km below CHIP acclimation pond",SCREWT,Screw Trap,276,1
3D9.1C2DFC8E24,CFM-2013-060-TUM.xml,CHW - Chiwaukum Creek,7/15/2013 12:30:21 AM,8/29/2013 1:06:15 AM,DOWNSTREAM ARRAY,DOWNSTREAM ARRAY,7/3/2013,7,Bull Trout,R,Resident,W,Wild Fish or Natural Production,TUMFBY - TUM - Release into the Forebay within 0.5 km upstream of Dam,LADDER,Adult Passage Ladder,NA,1
3D9.1C2DFC8E37,CFM-2013-060-TUM.xml,CHW - Chiwaukum Creek,7/15/2013 12:23:38 AM,7/15/2013 12:24:32 AM,DOWNSTREAM ARRAY,UPSTREAM ARRAY,7/7/2013,7,Bull Trout,R,Resident,W,Wild Fish or Natural Production,TUMFBY - TUM - Release into the Forebay within 0.5 km upstream of Dam,LADDER,Adult Passage Ladder,NA,1
3D9.1C2DFC8E3D,NBD14272.AAZ,CHL - Lower Chiwawa River,6/27/2015 3:42:43 AM,9/12/2016 9:55:12 PM,LOWER IN-STREAM ARRAY,LOWER IN-STREAM ARRAY,9/30/2014,7,Bull Trout,R,Resident,W,Wild Fish or Natural Production,"CHIWAT - Chiwawa River Trap, 0.5 km below CHIP acclimation pond",SCREWT,Screw Trap,235,1
3D9.1C2DFC8E3D,NBD14272.AAZ,CHU - Upper Chiwawa River,7/7/2015 11:30:19 PM,7/4/2019 2:12:34 AM,LOWER IN-STREAM ARRAY,UPPER IN-STREAM ARRAY,9/30/2014,7,Bull Trout,R,Resident,W,Wild Fish or Natural Production,"CHIWAT - Chiwawa River Trap, 0.5 km below CHIP acclimation pond",SCREWT,Screw Trap,235,1
3D9.1C2DFC8E48,NBD14271.AAZ,CHL - Lower Chiwawa River,9/28/2014 8:11:06 PM,9/28/2014 8:11:06 PM,LOWER IN-STREAM ARRAY,LOWER IN-STREAM ARRAY,9/28/2014,7,Bull Trout,R,Resident,W,Wild Fish or Natural Production,"CHIWAT - Chiwawa River Trap, 0.5 km below CHIP acclimation pond",SCREWT,Screw Trap,154,1
3D9.1C2DFC8E56,CGS14153.TW1,MRC - Methow River at Carlton,6/17/2018 1:21:16 AM,6/17/2018 1:21:16 AM,Single Array,Single Array,7/2/2014,7,Bull Trout,R,Resident,W,Wild Fish or Natural Production,TWISPW - Twisp River Weir (WDFW),WTRAP,Weir Trap,510,1
3D9.1C2DFC8E56,CGS14153.TW1,TWR - Lwr Twisp Rvr near MSRF Ponds,7/13/2014 1:35:27 AM,10/10/2019 8:21:06 AM,UPPER IN-STREAM ARRAY,UPPER IN-STREAM ARRAY,7/2/2014,7,Bull Trout,R,Resident,W,Wild Fish or Natural Production,TWISPW - Twisp River Weir (WDFW),WTRAP,Weir Trap,510,1
3D9.1C2DFC8E66,TLM13227.AAZ,CHL - Lower Chiwawa River,8/15/2013 11:57:04 AM,8/15/2013 11:59:05 AM,LOWER IN-STREAM ARRAY,UPPER IN-STREAM ARRAY,8/15/2013,7,Bull Trout,R,Resident,W,Wild Fish or Natural Production,"CHIWAT - Chiwawa River Trap, 0.5 km below CHIP acclimation pond",SCREWT,Screw Trap,221,1
3D9.1C2DFC8E83,TLM12296.AAZ,UWE - Upper Wenatchee River,10/24/2012 7:21:02 PM,10/24/2012 7:21:02 PM,IN-STREAM ARRAY,IN-STREAM ARRAY,10/22/2012,7,Bull Trout,R,Resident,W,Wild Fish or Natural Production,"CHIWAT - Chiwawa River Trap, 0.5 km below CHIP acclimation pond",SCREWT,Screw Trap,153,1
3D9.1C2DFC8EAA,CGS12160.TW2,TWR - Lwr Twisp Rvr near MSRF Ponds,8/1/2012 11:05:41 PM,8/1/2012 11:05:41 PM,LOWER IN-STREAM ARRAY,LOWER IN-STREAM ARRAY,7/14/2012,7,Bull Trout,R,Resident,W,Wild Fish or Natural Production,TWISPW - Twisp River Weir (WDFW),WTRAP,Weir Trap,530,1
3D9.1C2DFC8EE0,NBD14266.AAZ,UWE - Upper Wenatchee River,9/23/2014 10:50:08 PM,9/23/2014 10:50:08 PM,IN-STREAM ARRAY,IN-STREAM ARRAY,9/23/2014,7,Bull Trout,R,Resident,W,Wild Fish or Natural Production,"CHIWAT - Chiwawa River Trap, 0.5 km below CHIP acclimation pond",SCREWT,Screw Trap,550,1
3D9.1C2DFC9B34,TLM12303.AAZ,UWE - Upper Wenatchee River,10/30/2012 6:48:57 AM,10/30/2012 6:48:57 AM,IN-STREAM ARRAY,IN-STREAM ARRAY,10/29/2012,7,Bull Trout,R,Resident,W,Wild Fish or Natural Production,"CHIWAT - Chiwawa River Trap, 0.5 km below CHIP acclimation pond",SCREWT,Screw Trap,185,1
3D9.1C2DFC9B49,CFM12212.CHI,CHL - Lower Chiwawa River,9/28/2012 1:54:28 AM,7/26/2013 11:09:41 PM,LOWER IN-STREAM ARRAY,UPPER IN-STREAM ARRAY,8/2/2012,7,Bull Trout,R,Resident,W,Wild Fish or Natural Production,CHIWAR - Chiwawa River,WTRAP,Weir Trap,NA,1
3D9.1C2DFC9B49,CFM12212.CHI,CHU - Upper Chiwawa River,8/13/2012 4:36:01 AM,7/30/2013 3:05:13 AM,LOWER IN-STREAM ARRAY,LOWER IN-STREAM ARRAY,8/2/2012,7,Bull Trout,R,Resident,W,Wild Fish or Natural Production,CHIWAR - Chiwawa River,WTRAP,Weir Trap,NA,1
3D9.1C2DFC9B49,CFM12212.CHI,UWE - Upper Wenatchee River,7/26/2013 4:09:26 AM,7/26/2013 4:09:26 AM,IN-STREAM ARRAY,IN-STREAM ARRAY,8/2/2012,7,Bull Trout,R,Resident,W,Wild Fish or Natural Production,CHIWAR - Chiwawa River,WTRAP,Weir Trap,NA,1
3D9.1C2DFC9B49,CFM12212.CHI,"WTL - White River, Wenatchee Basin",4/9/2013 8:37:42 PM,4/9/2013 8:37:45 PM,UPPER IN-STREAM ARRAY,UPPER IN-STREAM ARRAY,8/2/2012,7,Bull Trout,R,Resident,W,Wild Fish or Natural Production,CHIWAR - Chiwawa River,WTRAP,Weir Trap,NA,1
3D9.1C2DFC9B70,CFM12212.CHI,CHL - Lower Chiwawa River,9/22/2012 10:51:34 PM,9/22/2012 10:51:42 PM,UPPER IN-STREAM ARRAY,LOWER IN-STREAM ARRAY,8/1/2012,7,Bull Trout,R,Resident,W,Wild Fish or Natural Production,CHIWAR - Chiwawa River,WTRAP,Weir Trap,NA,1
3D9.1C2DFC9B70,CFM12212.CHI,CHU - Upper Chiwawa River,8/1/2012 8:29:19 PM,9/22/2012 7:35:41 PM,LOWER IN-STREAM ARRAY,UPPER IN-STREAM ARRAY,8/1/2012,7,Bull Trout,R,Resident,W,Wild Fish or Natural Production,CHIWAR - Chiwawa River,WTRAP,Weir Trap,NA,1
3D9.1C2DFC9B70,CFM12212.CHI,LWN - Little Wenatchee River,6/16/2014 9:04:44 PM,6/16/2014 9:04:44 PM,LOWER IN-STREAM ARRAY,LOWER IN-STREAM ARRAY,8/1/2012,7,Bull Trout,R,Resident,W,Wild Fish or Natural Production,CHIWAR - Chiwawa River,WTRAP,Weir Trap,NA,1
3D9.1C2DFC9B70,CFM12212.CHI,"WTL - White River, Wenatchee Basin",5/14/2014 11:41:02 PM,5/30/2014 7:17:03 PM,LOWER IN-STREAM ARRAY,UPPER IN-STREAM ARRAY,8/1/2012,7,Bull Trout,R,Resident,W,Wild Fish or Natural Production,CHIWAR - Chiwawa River,WTRAP,Weir Trap,NA,1
3D9.1C2DFC9B71,CGS12160.TW2,TWR - Lwr Twisp Rvr near MSRF Ponds,7/24/2012 4:21:12 AM,7/31/2012 2:58:31 AM,LOWER IN-STREAM ARRAY,UPPER IN-STREAM ARRAY,7/20/2012,7,Bull Trout,R,Resident,W,Wild Fish or Natural Production,TWISPW - Twisp River Weir (WDFW),WTRAP,Weir Trap,470,1
3D9.1C2DFC9B7F,CFM12212.CHI,CHU - Upper Chiwawa River,8/4/2012 11:36:43 PM,8/4/2012 11:36:43 PM,LOWER IN-STREAM ARRAY,LOWER IN-STREAM ARRAY,8/1/2012,7,Bull Trout,R,Resident,W,Wild Fish or Natural Production,CHIWAR - Chiwawa River,WTRAP,Weir Trap,NA,1
3D9.1C2DFC9B88,TLM12300.AAZ,UWE - Upper Wenatchee River,10/27/2012 5:23:10 AM,10/27/2012 5:23:10 AM,IN-STREAM ARRAY,IN-STREAM ARRAY,10/26/2012,7,Bull Trout,R,Resident,W,Wild Fish or Natural Production,"CHIWAT - Chiwawa River Trap, 0.5 km below CHIP acclimation pond",SCREWT,Screw Trap,160,1
3D9.1C2DFC9BAB,CFM-2013-060-TUM.xml,CHW - Chiwaukum Creek,7/6/2013 4:57:43 AM,9/22/2013 9:04:44 PM,DOWNSTREAM ARRAY,DOWNSTREAM ARRAY,6/27/2013,7,Bull Trout,R,Resident,W,Wild Fish or Natural Production,TUMFBY - TUM - Release into the Forebay within 0.5 km upstream of Dam,LADDER,Adult Passage Ladder,NA,1
3D9.1C2DFC9BAB,CFM-2013-060-TUM.xml,TUF - Tumwater Dam Adult Fishway,6/27/2014 3:51:53 PM,7/17/2014 9:29:31 AM,WEIR 14,WEIR 17,6/27/2013,7,Bull Trout,R,Resident,W,Wild Fish or Natural Production,TUMFBY - TUM - Release into the Forebay within 0.5 km upstream of Dam,LADDER,Adult Passage Ladder,NA,1
3D9.1C2DFC9BBE,TLM13157.AAZ,NAL - Lower Nason Creek,6/22/2013 5:57:42 AM,5/25/2017 12:33:57 PM,LOWER IN-STREAM ARRAY,UPPER IN-STREAM ARRAY,6/6/2013,7,Bull Trout,R,Resident,W,Wild Fish or Natural Production,"CHIWAT - Chiwawa River Trap, 0.5 km below CHIP acclimation pond",SCREWT,Screw Trap,132,1
3D9.1C2DFC9BCB,TLM12292.AAZ,CHU - Upper Chiwawa River,6/17/2015 11:51:47 AM,6/17/2015 11:52:59 AM,LOWER IN-STREAM ARRAY,LOWER IN-STREAM ARRAY,10/18/2012,7,Bull Trout,R,Resident,W,Wild Fish or Natural Production,"CHIWAT - Chiwawa River Trap, 0.5 km below CHIP acclimation pond",SCREWT,Screw Trap,184,1
3D9.1C2DFC9BCB,TLM12292.AAZ,UWE - Upper Wenatchee River,10/19/2012 12:16:49 AM,10/19/2012 12:16:49 AM,IN-STREAM ARRAY,IN-STREAM ARRAY,10/18/2012,7,Bull Trout,R,Resident,W,Wild Fish or Natural Production,"CHIWAT - Chiwawa River Trap, 0.5 km below CHIP acclimation pond",SCREWT,Screw Trap,184,1
3D9.1C2DFC9BF0,CFM12212.CHI,CHU - Upper Chiwawa River,8/6/2012 12:07:05 PM,8/6/2012 12:07:05 PM,LOWER IN-STREAM ARRAY,LOWER IN-STREAM ARRAY,8/6/2012,7,Bull Trout,R,Resident,W,Wild Fish or Natural Production,CHIWAR - Chiwawa River,WTRAP,Weir Trap,NA,1
3D9.1C2DFC9C09,TLM12258.AAZ,CHL - Lower Chiwawa River,9/25/2013 3:43:13 AM,9/25/2013 3:43:13 AM,UPPER IN-STREAM ARRAY,UPPER IN-STREAM ARRAY,9/14/2012,7,Bull Trout,R,Resident,W,Wild Fish or Natural Production,"CHIWAT - Chiwawa River Trap, 0.5 km below CHIP acclimation pond",SCREWT,Screw Trap,370,1
3D9.1C2DFC9C09,TLM12258.AAZ,CHU - Upper Chiwawa River,6/24/2013 4:23:14 AM,6/24/2013 4:28:31 AM,LOWER IN-STREAM ARRAY,UPPER IN-STREAM ARRAY,9/14/2012,7,Bull Trout,R,Resident,W,Wild Fish or Natural Production,"CHIWAT - Chiwawa River Trap, 0.5 km below CHIP acclimation pond",SCREWT,Screw Trap,370,1
3D9.1C2DFC9C3D,CFM-2013-060-TUM.xml,CHW - Chiwaukum Creek,7/20/2013 12:32:53 AM,7/12/2014 10:15:43 PM,DOWNSTREAM ARRAY,UPSTREAM ARRAY,7/10/2013,7,Bull Trout,R,Resident,W,Wild Fish or Natural Production,TUMFBY - TUM - Release into the Forebay within 0.5 km upstream of Dam,LADDER,Adult Passage Ladder,NA,1
3D9.1C2DFC9C3E,CFM-2013-060-TUM.xml,NAL - Lower Nason Creek,7/13/2013 11:45:14 PM,7/13/2013 11:45:35 PM,LOWER IN-STREAM ARRAY,UPPER IN-STREAM ARRAY,6/30/2013,7,Bull Trout,R,Resident,W,Wild Fish or Natural Production,TUMFBY - TUM - Release into the Forebay within 0.5 km upstream of Dam,LADDER,Adult Passage Ladder,NA,1
3D9.1C2DFC9C3E,CFM-2013-060-TUM.xml,NAU - Upper Nason Creek,7/17/2013 10:26:05 PM,7/17/2013 10:26:25 PM,LOWER IN-STREAM ARRAY,UPPER IN-STREAM ARRAY,6/30/2013,7,Bull Trout,R,Resident,W,Wild Fish or Natural Production,TUMFBY - TUM - Release into the Forebay within 0.5 km upstream of Dam,LADDER,Adult Passage Ladder,NA,1
3D9.1C2DFC9C3E,CFM-2013-060-TUM.xml,UWE - Upper Wenatchee River,7/12/2013 9:59:36 PM,7/12/2013 9:59:36 PM,IN-STREAM ARRAY,IN-STREAM ARRAY,6/30/2013,7,Bull Trout,R,Resident,W,Wild Fish or Natural Production,TUMFBY - TUM - Release into the Forebay within 0.5 km upstream of Dam,LADDER,Adult Passage Ladder,NA,1
3D9.1C2DFC9C43,TLM12261.AAZ,CHL - Lower Chiwawa River,9/17/2012 7:23:07 PM,9/18/2012 10:30:52 PM,LOWER IN-STREAM ARRAY,LOWER IN-STREAM ARRAY,9/17/2012,7,Bull Trout,R,Resident,W,Wild Fish or Natural Production,"CHIWAT - Chiwawa River Trap, 0.5 km below CHIP acclimation pond",SCREWT,Screw Trap,229,1
3D9.1C2DFC9C53,NBD14263.AAZ,CHL - Lower Chiwawa River,7/3/2015 8:41:26 PM,10/2/2017 9:53:01 PM,LOWER IN-STREAM ARRAY,UPPER IN-STREAM ARRAY,9/22/2014,7,Bull Trout,R,Resident,W,Wild Fish or Natural Production,"CHIWAT - Chiwawa River Trap, 0.5 km below CHIP acclimation pond",SCREWT,Screw Trap,260,1
3D9.1C2DFC9C53,NBD14263.AAZ,CHU - Upper Chiwawa River,7/5/2015 2:35:30 AM,10/1/2018 6:33:08 PM,LOWER IN-STREAM ARRAY,LOWER IN-STREAM ARRAY,9/22/2014,7,Bull Trout,R,Resident,W,Wild Fish or Natural Production,"CHIWAT - Chiwawa River Trap, 0.5 km below CHIP acclimation pond",SCREWT,Screw Trap,260,1
3D9.1C2DFC9C53,NBD14263.AAZ,ICL - Lower Icicle Instream Array,6/8/2015 9:35:21 PM,6/16/2015 10:39:56 PM,Upstream Array,Downstream Array,9/22/2014,7,Bull Trout,R,Resident,W,Wild Fish or Natural Production,"CHIWAT - Chiwawa River Trap, 0.5 km below CHIP acclimation pond",SCREWT,Screw Trap,260,1
3D9.1C2DFC9C53,NBD14263.AAZ,LWE - Lower Wenatchee River,5/31/2015 7:27:24 AM,5/31/2015 7:28:11 AM,DOWNSTREAM ANTENNA ARRAY,UPSTREAM ANTENNA ARRAY,9/22/2014,7,Bull Trout,R,Resident,W,Wild Fish or Natural Production,"CHIWAT - Chiwawa River Trap, 0.5 km below CHIP acclimation pond",SCREWT,Screw Trap,260,1
3D9.1C2DFC9C53,NBD14263.AAZ,TUF - Tumwater Dam Adult Fishway,6/22/2015 10:17:03 AM,7/1/2018 5:08:32 PM,WEIR 14,WEIR 17,9/22/2014,7,Bull Trout,R,Resident,W,Wild Fish or Natural Production,"CHIWAT - Chiwawa River Trap, 0.5 km below CHIP acclimation pond",SCREWT,Screw Trap,260,1
3D9.1C2DFC9C53,NBD14263.AAZ,UWE - Upper Wenatchee River,9/22/2015 10:13:37 PM,9/22/2015 10:13:37 PM,IN-STREAM ARRAY,IN-STREAM ARRAY,9/22/2014,7,Bull Trout,R,Resident,W,Wild Fish or Natural Production,"CHIWAT - Chiwawa River Trap, 0.5 km below CHIP acclimation pond",SCREWT,Screw Trap,260,1
3D9.1C2DFC9C5F,CFM-2013-060-TUM.xml,CHW - Chiwaukum Creek,7/11/2013 1:14:19 AM,9/24/2013 5:36:59 AM,DOWNSTREAM ARRAY,DOWNSTREAM ARRAY,6/26/2013,7,Bull Trout,R,Resident,W,Wild Fish or Natural Production,TUMFBY - TUM - Release into the Forebay within 0.5 km upstream of Dam,LADDER,Adult Passage Ladder,NA,1
3D9.1C2DFC9C69,NBD14263.AAZ,UWE - Upper Wenatchee River,9/22/2014 7:00:39 PM,9/22/2014 7:00:39 PM,IN-STREAM ARRAY,IN-STREAM ARRAY,9/22/2014,7,Bull Trout,R,Resident,W,Wild Fish or Natural Production,"CHIWAT - Chiwawa River Trap, 0.5 km below CHIP acclimation pond",SCREWT,Screw Trap,213,1
3D9.1C2DFC9C8F,TLM13249.AAZ,CHL - Lower Chiwawa River,9/6/2013 4:21:34 PM,9/7/2013 3:44:02 AM,UPPER IN-STREAM ARRAY,LOWER IN-STREAM ARRAY,9/6/2013,7,Bull Trout,R,Resident,W,Wild Fish or Natural Production,"CHIWAT - Chiwawa River Trap, 0.5 km below CHIP acclimation pond",SCREWT,Screw Trap,232,1
3D9.1C2DFC9CBA,TLM13280.AAZ,CHL - Lower Chiwawa River,12/13/2017 4:23:15 AM,4/7/2020 7:50:11 PM,LOWER IN-STREAM ARRAY,UPPER IN-STREAM ARRAY,10/7/2013,7,Bull Trout,R,Resident,W,Wild Fish or Natural Production,"CHIWAT - Chiwawa River Trap, 0.5 km below CHIP acclimation pond",SCREWT,Screw Trap,228,1
3D9.1C2DFC9CBA,TLM13280.AAZ,CHU - Upper Chiwawa River,12/12/2017 12:08:41 AM,10/2/2020 2:24:47 AM,LOWER IN-STREAM ARRAY,LOWER IN-STREAM ARRAY,10/7/2013,7,Bull Trout,R,Resident,W,Wild Fish or Natural Production,"CHIWAT - Chiwawa River Trap, 0.5 km below CHIP acclimation pond",SCREWT,Screw Trap,228,1
3D9.1C2DFC9CBA,TLM13280.AAZ,UWE - Upper Wenatchee River,11/23/2018 3:43:01 AM,11/8/2019 4:38:17 AM,IN-STREAM ARRAY,IN-STREAM ARRAY,10/7/2013,7,Bull Trout,R,Resident,W,Wild Fish or Natural Production,"CHIWAT - Chiwawa River Trap, 0.5 km below CHIP acclimation pond",SCREWT,Screw Trap,228,1
3D9.1C2DFC9CC4,TLM12275.AAZ,ICL - Lower Icicle Instream Array,8/1/2013 5:14:27 AM,8/1/2013 9:15:25 PM,INSTREAM ARRAY,INSTREAM ARRAY,10/16/2012,7,Bull Trout,R,Resident,W,Wild Fish or Natural Production,"CHIWAT - Chiwawa River Trap, 0.5 km below CHIP acclimation pond",SCREWT,Screw Trap,178,1
3D9.1C2DFC9CC4,TLM12275.AAZ,LWE - Lower Wenatchee River,8/30/2013 11:01:43 AM,8/30/2013 11:01:43 AM,DOWNSTREAM ANTENNA ARRAY,DOWNSTREAM ANTENNA ARRAY,10/16/2012,7,Bull Trout,R,Resident,W,Wild Fish or Natural Production,"CHIWAT - Chiwawa River Trap, 0.5 km below CHIP acclimation pond",SCREWT,Screw Trap,178,1
3D9.1C2DFC9CD7,TLM12311.AAZ,UWE - Upper Wenatchee River,6/23/2018 3:34:53 AM,6/23/2018 3:34:53 AM,IN-STREAM ARRAY,IN-STREAM ARRAY,11/6/2012,7,Bull Trout,R,Resident,W,Wild Fish or Natural Production,"CHIWAT - Chiwawa River Trap, 0.5 km below CHIP acclimation pond",SCREWT,Screw Trap,178,1
3D9.1C2DFC9CE6,CGS-2023-271-MTT.xml,CML - Chewuch River Middle Lower,6/8/2024 12:42:32 AM,6/8/2024 12:42:32 AM,Single Array,Single Array,9/28/2023,7,Bull Trout,R,Resident,W,Wild Fish or Natural Production,METHR - Methow River,HOOK,Hook and Line,435,1
3D9.1C2DFC9CE6,CGS-2023-271-MTT.xml,CRU - Upper Chewuch Instream Array,6/16/2024 10:17:23 PM,6/16/2024 10:17:55 PM,Downstream Array,Upstream Array,9/28/2023,7,Bull Trout,R,Resident,W,Wild Fish or Natural Production,METHR - Methow River,HOOK,Hook and Line,435,1
3D9.1C2DFC9CFD,CFM12212.CHI,CHL - Lower Chiwawa River,9/18/2012 3:16:06 AM,9/18/2012 3:16:06 AM,LOWER IN-STREAM ARRAY,LOWER IN-STREAM ARRAY,7/31/2012,7,Bull Trout,R,Resident,W,Wild Fish or Natural Production,CHIWAR - Chiwawa River,WTRAP,Weir Trap,NA,1
3D9.1C2DFC9CFD,CFM12212.CHI,CHU - Upper Chiwawa River,9/18/2012 12:46:48 AM,7/21/2013 9:42:52 PM,UPPER IN-STREAM ARRAY,UPPER IN-STREAM ARRAY,7/31/2012,7,Bull Trout,R,Resident,W,Wild Fish or Natural Production,CHIWAR - Chiwawa River,WTRAP,Weir Trap,NA,1
3D9.1C2DFC9D15,CFM-2013-060-TUM.xml,CHL - Lower Chiwawa River,10/12/2014 3:29:23 AM,10/12/2014 3:29:23 AM,LOWER IN-STREAM ARRAY,LOWER IN-STREAM ARRAY,7/7/2013,7,Bull Trout,R,Resident,W,Wild Fish or Natural Production,TUMFBY - TUM - Release into the Forebay within 0.5 km upstream of Dam,LADDER,Adult Passage Ladder,NA,1
3D9.1C2DFC9D15,CFM-2013-060-TUM.xml,CHU - Upper Chiwawa River,10/11/2014 11:33:28 PM,6/18/2015 11:30:45 PM,UPPER IN-STREAM ARRAY,LOWER IN-STREAM ARRAY,7/7/2013,7,Bull Trout,R,Resident,W,Wild Fish or Natural Production,TUMFBY - TUM - Release into the Forebay within 0.5 km upstream of Dam,LADDER,Adult Passage Ladder,NA,1
3D9.1C2DFCA94C,TLM12260.AAZ,CHL - Lower Chiwawa River,9/16/2012 12:03:37 PM,9/16/2012 7:26:43 PM,LOWER IN-STREAM ARRAY,LOWER IN-STREAM ARRAY,9/16/2012,7,Bull Trout,R,Resident,W,Wild Fish or Natural Production,"CHIWAT - Chiwawa River Trap, 0.5 km below CHIP acclimation pond",SCREWT,Screw Trap,196,1
3D9.1C2DFCA94C,TLM12260.AAZ,RRF - Rocky Reach Fishway,10/31/2012 4:10:39 PM,10/31/2012 4:15:19 PM,WEIR 4,WEIR 6,9/16/2012,7,Bull Trout,R,Resident,W,Wild Fish or Natural Production,"CHIWAT - Chiwawa River Trap, 0.5 km below CHIP acclimation pond",SCREWT,Screw Trap,196,1
3D9.1C2DFCA94F,CGS14153.TW1,TWR - Lwr Twisp Rvr near MSRF Ponds,10/24/2014 3:47:20 AM,10/24/2014 3:47:24 AM,UPPER IN-STREAM ARRAY,LOWER IN-STREAM ARRAY,7/8/2014,7,Bull Trout,R,Resident,W,Wild Fish or Natural Production,TWISPW - Twisp River Weir (WDFW),WTRAP,Weir Trap,550,1
3D9.1C2DFCA96B,CGS12160.TW2,TWR - Lwr Twisp Rvr near MSRF Ponds,7/29/2012 12:03:35 AM,7/29/2012 12:03:35 AM,LOWER IN-STREAM ARRAY,LOWER IN-STREAM ARRAY,7/9/2012,7,Bull Trout,R,Resident,W,Wild Fish or Natural Production,TWISPW - Twisp River Weir (WDFW),WTRAP,Weir Trap,560,1
3D9.1C2DFCA985,CFM-2013-060-TUM.xml,CHW - Chiwaukum Creek,7/8/2013 4:05:29 AM,7/16/2015 3:52:56 PM,DOWNSTREAM ARRAY,DOWNSTREAM ARRAY,6/22/2013,7,Bull Trout,R,Resident,W,Wild Fish or Natural Production,TUMFBY - TUM - Release into the Forebay within 0.5 km upstream of Dam,LADDER,Adult Passage Ladder,NA,1
3D9.1C2DFCA985,CFM-2013-060-TUM.xml,MWE - Middle Wenatchee River,9/24/2013 10:58:56 PM,9/24/2013 10:58:56 PM,IN-STREAM ARRAY,IN-STREAM ARRAY,6/22/2013,7,Bull Trout,R,Resident,W,Wild Fish or Natural Production,TUMFBY - TUM - Release into the Forebay within 0.5 km upstream of Dam,LADDER,Adult Passage Ladder,NA,1
3D9.1C2DFCA985,CFM-2013-060-TUM.xml,TUF - Tumwater Dam Adult Fishway,6/21/2014 6:52:15 PM,7/1/2015 11:53:06 AM,WEIR 14,WEIR 17,6/22/2013,7,Bull Trout,R,Resident,W,Wild Fish or Natural Production,TUMFBY - TUM - Release into the Forebay within 0.5 km upstream of Dam,LADDER,Adult Passage Ladder,NA,1
3D9.1C2DFCA98B,NBD14267.AAZ,CHL - Lower Chiwawa River,7/15/2015 11:46:31 PM,9/21/2015 11:23:55 PM,LOWER IN-STREAM ARRAY,LOWER IN-STREAM ARRAY,9/24/2014,7,Bull Trout,R,Resident,W,Wild Fish or Natural Production,"CHIWAT - Chiwawa River Trap, 0.5 km below CHIP acclimation pond",SCREWT,Screw Trap,460,1
3D9.1C2DFCA98B,NBD14267.AAZ,CHU - Upper Chiwawa River,7/17/2015 11:26:47 PM,7/1/2018 12:23:06 PM,LOWER IN-STREAM ARRAY,LOWER IN-STREAM ARRAY,9/24/2014,7,Bull Trout,R,Resident,W,Wild Fish or Natural Production,"CHIWAT - Chiwawa River Trap, 0.5 km below CHIP acclimation pond",SCREWT,Screw Trap,460,1
3D9.1C2DFCA98B,NBD14267.AAZ,UWE - Upper Wenatchee River,9/24/2014 10:56:37 PM,9/22/2015 1:59:53 AM,IN-STREAM ARRAY,IN-STREAM ARRAY,9/24/2014,7,Bull Trout,R,Resident,W,Wild Fish or Natural Production,"CHIWAT - Chiwawa River Trap, 0.5 km below CHIP acclimation pond",SCREWT,Screw Trap,460,1
3D9.1C2DFCA9A6,CGS14153.TW1,TWR - Lwr Twisp Rvr near MSRF Ponds,7/18/2014 3:18:32 AM,6/17/2015 9:03:18 PM,LOWER IN-STREAM ARRAY,UPPER IN-STREAM ARRAY,7/5/2014,7,Bull Trout,R,Resident,W,Wild Fish or Natural Production,TWISPW - Twisp River Weir (WDFW),WTRAP,Weir Trap,540,1
3D9.1C2DFCA9BF,CFM-2013-060-TUM.xml,CHW - Chiwaukum Creek,7/11/2013 12:50:01 AM,7/11/2013 12:50:01 AM,DOWNSTREAM ARRAY,DOWNSTREAM ARRAY,6/30/2013,7,Bull Trout,R,Resident,W,Wild Fish or Natural Production,TUMFBY - TUM - Release into the Forebay within 0.5 km upstream of Dam,LADDER,Adult Passage Ladder,NA,1
3D9.1C2DFCA9D9,TLM12262.AAZ,CHL - Lower Chiwawa River,9/18/2016 9:59:54 PM,9/20/2016 9:05:40 PM,LOWER IN-STREAM ARRAY,LOWER IN-STREAM ARRAY,9/19/2012,7,Bull Trout,R,Resident,W,Wild Fish or Natural Production,"CHIWAT - Chiwawa River Trap, 0.5 km below CHIP acclimation pond",SCREWT,Screw Trap,238,1
3D9.1C2DFCA9D9,TLM12262.AAZ,CHU - Upper Chiwawa River,9/18/2016 4:13:26 AM,9/25/2018 1:54:55 AM,LOWER IN-STREAM ARRAY,LOWER IN-STREAM ARRAY,9/19/2012,7,Bull Trout,R,Resident,W,Wild Fish or Natural Production,"CHIWAT - Chiwawa River Trap, 0.5 km below CHIP acclimation pond",SCREWT,Screw Trap,238,1
3D9.1C2DFCA9D9,TLM12262.AAZ,UWE - Upper Wenatchee River,9/21/2016 7:40:31 PM,10/3/2018 4:43:24 AM,IN-STREAM ARRAY,IN-STREAM ARRAY,9/19/2012,7,Bull Trout,R,Resident,W,Wild Fish or Natural Production,"CHIWAT - Chiwawa River Trap, 0.5 km below CHIP acclimation pond",SCREWT,Screw Trap,238,1
3D9.1C2DFCA9D9,TLM12262.AAZ,"WTL - White River, Wenatchee Basin",8/2/2017 4:13:58 AM,8/22/2017 7:47:36 PM,UPPER IN-STREAM ARRAY,UPPER IN-STREAM ARRAY,9/19/2012,7,Bull Trout,R,Resident,W,Wild Fish or Natural Production,"CHIWAT - Chiwawa River Trap, 0.5 km below CHIP acclimation pond",SCREWT,Screw Trap,238,1
3D9.1C2DFCA9DA,TLM12275.AAZ,UWE - Upper Wenatchee River,10/13/2012 8:06:46 PM,10/13/2012 8:06:46 PM,IN-STREAM ARRAY,IN-STREAM ARRAY,10/12/2012,7,Bull Trout,R,Resident,W,Wild Fish or Natural Production,"CHIWAT - Chiwawa River Trap, 0.5 km below CHIP acclimation pond",SCREWT,Screw Trap,185,1
3D9.1C2DFCA9FD,TLM12262.AAZ,CHL - Lower Chiwawa River,9/19/2012 11:37:00 AM,9/19/2012 11:38:13 AM,LOWER IN-STREAM ARRAY,UPPER IN-STREAM ARRAY,9/19/2012,7,Bull Trout,R,Resident,W,Wild Fish or Natural Production,"CHIWAT - Chiwawa River Trap, 0.5 km below CHIP acclimation pond",SCREWT,Screw Trap,230,1
3D9.1C2DFCA9FD,TLM12262.AAZ,CHU - Upper Chiwawa River,6/27/2015 1:03:49 AM,6/27/2015 1:03:49 AM,UPPER IN-STREAM ARRAY,UPPER IN-STREAM ARRAY,9/19/2012,7,Bull Trout,R,Resident,W,Wild Fish or Natural Production,"CHIWAT - Chiwawa River Trap, 0.5 km below CHIP acclimation pond",SCREWT,Screw Trap,230,1
3D9.1C2DFCA9FD,TLM12262.AAZ,"WTL - White River, Wenatchee Basin",9/26/2013 2:39:59 AM,10/6/2014 12:15:10 AM,LOWER IN-STREAM ARRAY,LOWER IN-STREAM ARRAY,9/19/2012,7,Bull Trout,R,Resident,W,Wild Fish or Natural Production,"CHIWAT - Chiwawa River Trap, 0.5 km below CHIP acclimation pond",SCREWT,Screw Trap,230,1
3D9.1C2DFCAA08,TLM12275.AAZ,CHL - Lower Chiwawa River,9/29/2016 8:46:25 PM,9/29/2016 8:46:25 PM,LOWER IN-STREAM ARRAY,LOWER IN-STREAM ARRAY,10/6/2012,7,Bull Trout,R,Resident,W,Wild Fish or Natural Production,"CHIWAT - Chiwawa River Trap, 0.5 km below CHIP acclimation pond",SCREWT,Screw Trap,212,1
3D9.1C2DFCAA08,TLM12275.AAZ,CHU - Upper Chiwawa River,9/29/2016 3:24:39 AM,9/29/2016 3:24:48 AM,UPPER IN-STREAM ARRAY,LOWER IN-STREAM ARRAY,10/6/2012,7,Bull Trout,R,Resident,W,Wild Fish or Natural Production,"CHIWAT - Chiwawa River Trap, 0.5 km below CHIP acclimation pond",SCREWT,Screw Trap,212,1
3D9.1C2DFCAA08,TLM12275.AAZ,UWE - Upper Wenatchee River,9/30/2016 2:29:22 AM,9/30/2016 2:29:22 AM,IN-STREAM ARRAY,IN-STREAM ARRAY,10/6/2012,7,Bull Trout,R,Resident,W,Wild Fish or Natural Production,"CHIWAT - Chiwawa River Trap, 0.5 km below CHIP acclimation pond",SCREWT,Screw Trap,212,1
3D9.1C2DFCAA2F,CFM-2013-060-TUM.xml,CHW - Chiwaukum Creek,7/10/2013 4:18:17 AM,7/10/2013 4:19:20 AM,DOWNSTREAM ARRAY,UPSTREAM ARRAY,4/27/2013,7,Bull Trout,R,Resident,W,Wild Fish or Natural Production,TUMFBY - TUM - Release into the Forebay within 0.5 km upstream of Dam,LADDER,Adult Passage Ladder,NA,1
3D9.1C2DFCAA2F,CFM-2013-060-TUM.xml,TUF - Tumwater Dam Adult Fishway,6/16/2013 3:40:27 PM,6/25/2013 10:38:56 AM,WEIR 14,WEIR 17,4/27/2013,7,Bull Trout,R,Resident,W,Wild Fish or Natural Production,TUMFBY - TUM - Release into the Forebay within 0.5 km upstream of Dam,LADDER,Adult Passage Ladder,NA,1
3D9.1C2DFCAA37,CGS12160.TW2,TWR - Lwr Twisp Rvr near MSRF Ponds,7/23/2012 4:48:55 AM,7/28/2012 11:33:23 PM,LOWER IN-STREAM ARRAY,LOWER IN-STREAM ARRAY,7/14/2012,7,Bull Trout,R,Resident,W,Wild Fish or Natural Production,TWISPW - Twisp River Weir (WDFW),WTRAP,Weir Trap,630,1
3D9.1C2DFCAA3C,NBD14268.AAZ,UWE - Upper Wenatchee River,9/30/2014 6:07:47 PM,9/30/2014 6:07:47 PM,IN-STREAM ARRAY,IN-STREAM ARRAY,9/25/2014,7,Bull Trout,R,Resident,W,Wild Fish or Natural Production,"CHIWAT - Chiwawa River Trap, 0.5 km below CHIP acclimation pond",SCREWT,Screw Trap,224,1
3D9.1C2DFCAA74,CFM12212.CHI,CHL - Lower Chiwawa River,9/26/2012 2:15:41 AM,9/26/2012 2:15:41 AM,LOWER IN-STREAM ARRAY,LOWER IN-STREAM ARRAY,8/1/2012,7,Bull Trout,R,Resident,W,Wild Fish or Natural Production,CHIWAR - Chiwawa River,WTRAP,Weir Trap,NA,1
3D9.1C2DFCAA74,CFM12212.CHI,CHU - Upper Chiwawa River,8/1/2012 1:03:58 PM,9/25/2012 11:10:22 PM,LOWER IN-STREAM ARRAY,UPPER IN-STREAM ARRAY,8/1/2012,7,Bull Trout,R,Resident,W,Wild Fish or Natural Production,CHIWAR - Chiwawa River,WTRAP,Weir Trap,NA,1
3D9.1C2DFCAAAE,CGS14153.TW1,LMR - Lower Methow River at Pateros,9/29/2014 10:12:57 PM,11/29/2015 3:57:09 AM,UPSTREAM FULL-WIDTH ARRAY,DOWNSTREAM FULL-WIDTH ARRAY,7/8/2014,7,Bull Trout,R,Resident,W,Wild Fish or Natural Production,TWISPW - Twisp River Weir (WDFW),WTRAP,Weir Trap,470,1
3D9.1C2DFCAAAE,CGS14153.TW1,TWR - Lwr Twisp Rvr near MSRF Ponds,7/11/2014 1:47:25 AM,10/19/2015 7:21:10 PM,LOWER IN-STREAM ARRAY,LOWER IN-STREAM ARRAY,7/8/2014,7,Bull Trout,R,Resident,W,Wild Fish or Natural Production,TWISPW - Twisp River Weir (WDFW),WTRAP,Weir Trap,470,1
3D9.1C2DFCB5CF,TLM13280.AAZ,CHU - Upper Chiwawa River,7/11/2019 2:28:46 AM,7/11/2019 2:28:47 AM,UPPER IN-STREAM ARRAY,UPPER IN-STREAM ARRAY,10/7/2013,7,Bull Trout,R,Resident,W,Wild Fish or Natural Production,"CHIWAT - Chiwawa River Trap, 0.5 km below CHIP acclimation pond",SCREWT,Screw Trap,174,1
3D9.1C2DFCB5CF,TLM13280.AAZ,UWE - Upper Wenatchee River,10/12/2017 4:57:43 AM,9/27/2019 3:18:56 AM,IN-STREAM ARRAY,IN-STREAM ARRAY,10/7/2013,7,Bull Trout,R,Resident,W,Wild Fish or Natural Production,"CHIWAT - Chiwawa River Trap, 0.5 km below CHIP acclimation pond",SCREWT,Screw Trap,174,1
3D9.1C2DFCB5EB,CFM12212.CHI,CHL - Lower Chiwawa River,7/26/2013 2:31:27 AM,7/26/2013 2:31:27 AM,LOWER IN-STREAM ARRAY,LOWER IN-STREAM ARRAY,7/31/2012,7,Bull Trout,R,Resident,W,Wild Fish or Natural Production,CHIWAR - Chiwawa River,WTRAP,Weir Trap,NA,1
3D9.1C2DFCB5EB,CFM12212.CHI,CHU - Upper Chiwawa River,7/31/2012 8:33:08 PM,7/28/2013 11:54:18 PM,LOWER IN-STREAM ARRAY,UPPER IN-STREAM ARRAY,7/31/2012,7,Bull Trout,R,Resident,W,Wild Fish or Natural Production,CHIWAR - Chiwawa River,WTRAP,Weir Trap,NA,1
3D9.1C2DFCB5EB,CFM12212.CHI,LWN - Little Wenatchee River,6/30/2013 1:33:08 PM,7/3/2013 3:45:14 PM,UPPER IN-STREAM ARRAY,UPPER IN-STREAM ARRAY,7/31/2012,7,Bull Trout,R,Resident,W,Wild Fish or Natural Production,CHIWAR - Chiwawa River,WTRAP,Weir Trap,NA,1
3D9.1C2DFCB61C,CGS12160.TW2,LMR - Lower Methow River at Pateros,2/28/2013 3:28:52 AM,3/29/2014 5:20:50 AM,DOWNSTREAM FULL-WIDTH ARRAY,UPSTREAM FULL-WIDTH ARRAY,7/17/2012,7,Bull Trout,R,Resident,W,Wild Fish or Natural Production,TWISPW - Twisp River Weir (WDFW),WTRAP,Weir Trap,520,1
3D9.1C2DFCB61C,CGS12160.TW2,MRC - Methow River at Carlton,6/28/2016 11:49:16 PM,6/28/2016 11:49:16 PM,Single Array,Single Array,7/17/2012,7,Bull Trout,R,Resident,W,Wild Fish or Natural Production,TWISPW - Twisp River Weir (WDFW),WTRAP,Weir Trap,520,1
3D9.1C2DFCB61C,CGS12160.TW2,TWR - Lwr Twisp Rvr near MSRF Ponds,10/22/2012 8:47:37 PM,7/12/2017 12:22:14 AM,UPPER IN-STREAM ARRAY,UPPER IN-STREAM ARRAY,7/17/2012,7,Bull Trout,R,Resident,W,Wild Fish or Natural Production,TWISPW - Twisp River Weir (WDFW),WTRAP,Weir Trap,520,1
3D9.1C2DFCB622,CFM-2013-060-TUM.xml,CHW - Chiwaukum Creek,7/19/2013 1:34:13 AM,7/5/2015 1:32:49 AM,DOWNSTREAM ARRAY,UPSTREAM ARRAY,7/9/2013,7,Bull Trout,R,Resident,W,Wild Fish or Natural Production,TUMFBY - TUM - Release into the Forebay within 0.5 km upstream of Dam,LADDER,Adult Passage Ladder,NA,1
3D9.1C2DFCB622,CFM-2013-060-TUM.xml,TUF - Tumwater Dam Adult Fishway,7/18/2014 7:52:15 PM,6/16/2015 7:29:08 PM,WEIR 14,WEIR 17,7/9/2013,7,Bull Trout,R,Resident,W,Wild Fish or Natural Production,TUMFBY - TUM - Release into the Forebay within 0.5 km upstream of Dam,LADDER,Adult Passage Ladder,NA,1
3D9.1C2DFCB628,CFM12212.CHI,CHU - Upper Chiwawa River,8/4/2012 2:16:48 PM,8/4/2012 2:19:32 PM,LOWER IN-STREAM ARRAY,UPPER IN-STREAM ARRAY,7/31/2012,7,Bull Trout,R,Resident,W,Wild Fish or Natural Production,CHIWAR - Chiwawa River,WTRAP,Weir Trap,NA,1
3D9.1C2DFCB639,NBD14264.AAZ,UWE - Upper Wenatchee River,9/22/2014 10:46:34 PM,9/22/2014 10:46:34 PM,IN-STREAM ARRAY,IN-STREAM ARRAY,9/22/2014,7,Bull Trout,R,Resident,W,Wild Fish or Natural Production,"CHIWAT - Chiwawa River Trap, 0.5 km below CHIP acclimation pond",SCREWT,Screw Trap,223,1
3D9.1C2DFCB63D,CGS12160.TW2,TWR - Lwr Twisp Rvr near MSRF Ponds,10/17/2012 4:27:20 AM,10/17/2012 4:27:27 AM,UPPER IN-STREAM ARRAY,LOWER IN-STREAM ARRAY,7/7/2012,7,Bull Trout,R,Resident,W,Wild Fish or Natural Production,TWISPW - Twisp River Weir (WDFW),WTRAP,Weir Trap,590,1
3D9.1C2DFCB641,CFM-2013-060-TUM.xml,CHW - Chiwaukum Creek,7/8/2013 4:33:47 AM,8/12/2014 8:48:34 PM,DOWNSTREAM ARRAY,DOWNSTREAM ARRAY,7/4/2013,7,Bull Trout,R,Resident,W,Wild Fish or Natural Production,TUMFBY - TUM - Release into the Forebay within 0.5 km upstream of Dam,LADDER,Adult Passage Ladder,NA,1
3D9.1C2DFCB641,CFM-2013-060-TUM.xml,ICL - Lower Icicle Instream Array,7/9/2014 12:36:54 AM,7/4/2015 11:35:44 AM,INSTREAM ARRAY,Downstream Array,7/4/2013,7,Bull Trout,R,Resident,W,Wild Fish or Natural Production,TUMFBY - TUM - Release into the Forebay within 0.5 km upstream of Dam,LADDER,Adult Passage Ladder,NA,1
3D9.1C2DFCB641,CFM-2013-060-TUM.xml,LWE - Lower Wenatchee River,10/22/2014 5:59:59 AM,12/7/2014 3:52:21 AM,DOWNSTREAM ANTENNA ARRAY,UPSTREAM ANTENNA ARRAY,7/4/2013,7,Bull Trout,R,Resident,W,Wild Fish or Natural Production,TUMFBY - TUM - Release into the Forebay within 0.5 km upstream of Dam,LADDER,Adult Passage Ladder,NA,1
3D9.1C2DFCB641,CFM-2013-060-TUM.xml,TUF - Tumwater Dam Adult Fishway,8/4/2014 1:47:47 PM,6/25/2015 1:14:18 PM,WEIR 14,WEIR 14,7/4/2013,7,Bull Trout,R,Resident,W,Wild Fish or Natural Production,TUMFBY - TUM - Release into the Forebay within 0.5 km upstream of Dam,LADDER,Adult Passage Ladder,NA,1
3D9.1C2DFCB644,CGS12160.TW2,"GLC - Gold Creek, Methow River",6/9/2015 2:17:06 AM,6/9/2015 2:17:06 AM,UPPER IN-STREAM ARRAY,UPPER IN-STREAM ARRAY,7/7/2012,7,Bull Trout,R,Resident,W,Wild Fish or Natural Production,TWISPW - Twisp River Weir (WDFW),WTRAP,Weir Trap,510,1
3D9.1C2DFCB644,CGS12160.TW2,TWR - Lwr Twisp Rvr near MSRF Ponds,10/22/2012 3:33:07 AM,6/22/2016 12:36:52 AM,UPPER IN-STREAM ARRAY,UPPER IN-STREAM ARRAY,7/7/2012,7,Bull Trout,R,Resident,W,Wild Fish or Natural Production,TWISPW - Twisp River Weir (WDFW),WTRAP,Weir Trap,510,1
3D9.1C2DFCB670,CGS14153.TW1,TWR - Lwr Twisp Rvr near MSRF Ponds,7/10/2014 9:40:39 AM,7/10/2014 9:40:41 AM,UPPER IN-STREAM ARRAY,LOWER IN-STREAM ARRAY,7/7/2014,7,Bull Trout,R,Resident,W,Wild Fish or Natural Production,TWISPW - Twisp River Weir (WDFW),WTRAP,Weir Trap,620,1
3D9.1C2DFCB67F,TLM12185.AAZ,CHL - Lower Chiwawa River,10/1/2019 10:41:33 PM,9/29/2021 10:04:20 PM,LOWER IN-STREAM ARRAY,LOWER IN-STREAM ARRAY,7/3/2012,7,Bull Trout,R,Resident,W,Wild Fish or Natural Production,"CHIWAT - Chiwawa River Trap, 0.5 km below CHIP acclimation pond",SCREWT,Screw Trap,174,1
3D9.1C2DFCB67F,TLM12185.AAZ,CHU - Upper Chiwawa River,7/4/2018 9:00:28 PM,7/12/2021 1:54:37 AM,UPPER IN-STREAM ARRAY,UPPER IN-STREAM ARRAY,7/3/2012,7,Bull Trout,R,Resident,W,Wild Fish or Natural Production,"CHIWAT - Chiwawa River Trap, 0.5 km below CHIP acclimation pond",SCREWT,Screw Trap,174,1
3D9.1C2DFCB67F,TLM12185.AAZ,UWE - Upper Wenatchee River,10/6/2018 3:46:21 AM,9/30/2021 2:58:19 PM,IN-STREAM ARRAY,IN-STREAM ARRAY,7/3/2012,7,Bull Trout,R,Resident,W,Wild Fish or Natural Production,"CHIWAT - Chiwawa River Trap, 0.5 km below CHIP acclimation pond",SCREWT,Screw Trap,174,1
3D9.1C2DFCB67F,TLM12185.AAZ,"WTL - White River, Wenatchee Basin",7/7/2016 5:54:04 AM,9/19/2016 6:26:16 AM,LOWER IN-STREAM ARRAY,UPPER IN-STREAM ARRAY,7/3/2012,7,Bull Trout,R,Resident,W,Wild Fish or Natural Production,"CHIWAT - Chiwawa River Trap, 0.5 km below CHIP acclimation pond",SCREWT,Screw Trap,174,1
3D9.1C2DFCB6A9,CGS12160.TW2,TWR - Lwr Twisp Rvr near MSRF Ponds,10/31/2012 7:09:19 AM,11/1/2015 2:28:24 AM,UPPER IN-STREAM ARRAY,LOWER IN-STREAM ARRAY,7/8/2012,7,Bull Trout,R,Resident,W,Wild Fish or Natural Production,TWISPW - Twisp River Weir (WDFW),WTRAP,Weir Trap,530,1
3D9.1C2DFCB73E,TLM13271.AAZ,CHL - Lower Chiwawa River,6/20/2016 3:55:52 AM,6/20/2016 3:55:52 AM,UPPER IN-STREAM ARRAY,UPPER IN-STREAM ARRAY,9/28/2013,7,Bull Trout,R,Resident,W,Wild Fish or Natural Production,"CHIWAT - Chiwawa River Trap, 0.5 km below CHIP acclimation pond",SCREWT,Screw Trap,267,1
3D9.1C2DFCB73E,TLM13271.AAZ,CHU - Upper Chiwawa River,6/23/2016 3:00:42 AM,10/6/2016 1:33:56 AM,LOWER IN-STREAM ARRAY,LOWER IN-STREAM ARRAY,9/28/2013,7,Bull Trout,R,Resident,W,Wild Fish or Natural Production,"CHIWAT - Chiwawa River Trap, 0.5 km below CHIP acclimation pond",SCREWT,Screw Trap,267,1
3D9.1C2DFCB73E,TLM13271.AAZ,UWE - Upper Wenatchee River,2/16/2017 12:00:19 AM,2/16/2017 12:00:19 AM,IN-STREAM ARRAY,IN-STREAM ARRAY,9/28/2013,7,Bull Trout,R,Resident,W,Wild Fish or Natural Production,"CHIWAT - Chiwawa River Trap, 0.5 km below CHIP acclimation pond",SCREWT,Screw Trap,267,1
3D9.1C2DFCB73E,TLM13271.AAZ,"WTL - White River, Wenatchee Basin",8/14/2014 5:20:21 AM,7/18/2015 8:39:57 PM,LOWER IN-STREAM ARRAY,UPPER IN-STREAM ARRAY,9/28/2013,7,Bull Trout,R,Resident,W,Wild Fish or Natural Production,"CHIWAT - Chiwawa River Trap, 0.5 km below CHIP acclimation pond",SCREWT,Screw Trap,267,1
3D9.1C2DFCB760,TLM12303.AAZ,CHL - Lower Chiwawa River,10/30/2012 1:01:45 PM,10/30/2012 1:01:45 PM,UPPER IN-STREAM ARRAY,UPPER IN-STREAM ARRAY,10/29/2012,7,Bull Trout,R,Resident,W,Wild Fish or Natural Production,"CHIWAT - Chiwawa River Trap, 0.5 km below CHIP acclimation pond",SCREWT,Screw Trap,205,1
3D9.1C2DFCB772,TLM12262.AAZ,LWN - Little Wenatchee River,7/9/2013 11:53:03 PM,7/9/2013 11:53:03 PM,UPPER IN-STREAM ARRAY,UPPER IN-STREAM ARRAY,9/18/2012,7,Bull Trout,R,Resident,W,Wild Fish or Natural Production,"CHIWAT - Chiwawa River Trap, 0.5 km below CHIP acclimation pond",SCREWT,Screw Trap,236,1
3D9.1C2DFCB77B,CFM-2013-060-TUM.xml,CHU - Upper Chiwawa River,7/11/2013 10:51:25 PM,7/11/2013 10:51:25 PM,UPPER IN-STREAM ARRAY,UPPER IN-STREAM ARRAY,6/30/2013,7,Bull Trout,R,Resident,W,Wild Fish or Natural Production,TUMFBY - TUM - Release into the Forebay within 0.5 km upstream of Dam,LADDER,Adult Passage Ladder,NA,1
3D9.1C2DFCB7AC,CGS12160.TW2,MRC - Methow River at Carlton,11/14/2015 7:25:45 PM,11/14/2015 7:25:45 PM,Single Array,Single Array,6/30/2012,7,Bull Trout,R,Resident,W,Wild Fish or Natural Production,TWISPW - Twisp River Weir (WDFW),WTRAP,Weir Trap,580,1
3D9.1C2DFCB7AC,CGS12160.TW2,TWR - Lwr Twisp Rvr near MSRF Ponds,7/12/2012 2:35:04 AM,11/1/2015 12:58:18 AM,UPPER IN-STREAM ARRAY,LOWER IN-STREAM ARRAY,6/30/2012,7,Bull Trout,R,Resident,W,Wild Fish or Natural Production,TWISPW - Twisp River Weir (WDFW),WTRAP,Weir Trap,580,1
3D9.1C2DFCB7B5,TLM12275.AAZ,CHL - Lower Chiwawa River,5/27/2015 3:15:19 AM,9/4/2016 7:36:58 PM,LOWER IN-STREAM ARRAY,UPPER IN-STREAM ARRAY,10/3/2012,7,Bull Trout,R,Resident,W,Wild Fish or Natural Production,"CHIWAT - Chiwawa River Trap, 0.5 km below CHIP acclimation pond",SCREWT,Screw Trap,205,1
3D9.1C2DFCB7B5,TLM12275.AAZ,CHU - Upper Chiwawa River,9/29/2015 11:44:44 PM,9/30/2018 7:00:37 PM,LOWER IN-STREAM ARRAY,UPPER IN-STREAM ARRAY,10/3/2012,7,Bull Trout,R,Resident,W,Wild Fish or Natural Production,"CHIWAT - Chiwawa River Trap, 0.5 km below CHIP acclimation pond",SCREWT,Screw Trap,205,1
3D9.1C2DFCB7B5,TLM12275.AAZ,UWE - Upper Wenatchee River,10/1/2015 12:07:47 AM,12/24/2018 8:36:13 PM,IN-STREAM ARRAY,IN-STREAM ARRAY,10/3/2012,7,Bull Trout,R,Resident,W,Wild Fish or Natural Production,"CHIWAT - Chiwawa River Trap, 0.5 km below CHIP acclimation pond",SCREWT,Screw Trap,205,1
3D9.1C2DFCC275,TLM12275.AAZ,CHL - Lower Chiwawa River,10/12/2014 4:37:07 AM,10/12/2014 4:37:07 AM,LOWER IN-STREAM ARRAY,LOWER IN-STREAM ARRAY,10/9/2012,7,Bull Trout,R,Resident,W,Wild Fish or Natural Production,"CHIWAT - Chiwawa River Trap, 0.5 km below CHIP acclimation pond",SCREWT,Screw Trap,480,1
3D9.1C2DFCC275,TLM12275.AAZ,CHU - Upper Chiwawa River,10/12/2014 12:42:27 AM,10/12/2014 12:42:27 AM,UPPER IN-STREAM ARRAY,UPPER IN-STREAM ARRAY,10/9/2012,7,Bull Trout,R,Resident,W,Wild Fish or Natural Production,"CHIWAT - Chiwawa River Trap, 0.5 km below CHIP acclimation pond",SCREWT,Screw Trap,480,1
3D9.1C2DFCC275,TLM12275.AAZ,NAU - Upper Nason Creek,7/29/2016 9:53:19 PM,7/29/2016 9:53:33 PM,UPPER IN-STREAM ARRAY,LOWER IN-STREAM ARRAY,10/9/2012,7,Bull Trout,R,Resident,W,Wild Fish or Natural Production,"CHIWAT - Chiwawa River Trap, 0.5 km below CHIP acclimation pond",SCREWT,Screw Trap,480,1
3D9.1C2DFCC275,TLM12275.AAZ,UWE - Upper Wenatchee River,10/12/2014 11:21:33 PM,10/12/2014 11:21:33 PM,IN-STREAM ARRAY,IN-STREAM ARRAY,10/9/2012,7,Bull Trout,R,Resident,W,Wild Fish or Natural Production,"CHIWAT - Chiwawa River Trap, 0.5 km below CHIP acclimation pond",SCREWT,Screw Trap,480,1
3D9.1C2DFCC3FD,CFM12212.CHI,CHL - Lower Chiwawa River,9/10/2012 9:45:18 PM,9/10/2012 9:45:18 PM,LOWER IN-STREAM ARRAY,LOWER IN-STREAM ARRAY,7/31/2012,7,Bull Trout,R,Resident,W,Wild Fish or Natural Production,CHIWAR - Chiwawa River,WTRAP,Weir Trap,NA,1
3D9.1C2DFCC3FD,CFM12212.CHI,CHU - Upper Chiwawa River,8/19/2012 1:06:53 AM,8/19/2012 1:07:21 AM,LOWER IN-STREAM ARRAY,UPPER IN-STREAM ARRAY,7/31/2012,7,Bull Trout,R,Resident,W,Wild Fish or Natural Production,CHIWAR - Chiwawa River,WTRAP,Weir Trap,NA,1
3D9.1C2DFCC3FD,CFM12212.CHI,ICL - Lower Icicle Instream Array,8/2/2013 11:16:27 PM,8/6/2015 11:28:40 PM,INSTREAM ARRAY,Downstream Array,7/31/2012,7,Bull Trout,R,Resident,W,Wild Fish or Natural Production,CHIWAR - Chiwawa River,WTRAP,Weir Trap,NA,1
3D9.1C2DFCC3FD,CFM12212.CHI,ICM - Middle Icicle Instream Array,8/3/2015 10:28:56 PM,8/3/2015 10:29:42 PM,Upstream Array,Downstream Array,7/31/2012,7,Bull Trout,R,Resident,W,Wild Fish or Natural Production,CHIWAR - Chiwawa River,WTRAP,Weir Trap,NA,1
3D9.1C2DFCC3FD,CFM12212.CHI,MWE - Middle Wenatchee River,9/15/2012 6:22:18 AM,9/15/2012 6:22:18 AM,IN-STREAM ARRAY,IN-STREAM ARRAY,7/31/2012,7,Bull Trout,R,Resident,W,Wild Fish or Natural Production,CHIWAR - Chiwawa River,WTRAP,Weir Trap,NA,1
3D9.1C2DFCC417,TLM13053.AAZ,CHL - Lower Chiwawa River,7/8/2016 9:46:02 PM,9/27/2016 10:41:50 PM,UPPER IN-STREAM ARRAY,LOWER IN-STREAM ARRAY,2/28/2013,7,Bull Trout,R,Resident,W,Wild Fish or Natural Production,"CHIWAT - Chiwawa River Trap, 0.5 km below CHIP acclimation pond",SCREWT,Screw Trap,149,1
3D9.1C2DFCC417,TLM13053.AAZ,CHU - Upper Chiwawa River,7/13/2016 10:13:04 PM,7/13/2016 10:13:04 PM,UPPER IN-STREAM ARRAY,UPPER IN-STREAM ARRAY,2/28/2013,7,Bull Trout,R,Resident,W,Wild Fish or Natural Production,"CHIWAT - Chiwawa River Trap, 0.5 km below CHIP acclimation pond",SCREWT,Screw Trap,149,1
3D9.1C2DFCC417,TLM13053.AAZ,UWE - Upper Wenatchee River,7/28/2013 9:06:34 PM,9/28/2016 9:35:16 PM,IN-STREAM ARRAY,IN-STREAM ARRAY,2/28/2013,7,Bull Trout,R,Resident,W,Wild Fish or Natural Production,"CHIWAT - Chiwawa River Trap, 0.5 km below CHIP acclimation pond",SCREWT,Screw Trap,149,1
3D9.1C2DFCC41C,CFM12212.CHI,CHU - Upper Chiwawa River,7/30/2012 1:31:37 PM,7/30/2012 1:31:37 PM,LOWER IN-STREAM ARRAY,LOWER IN-STREAM ARRAY,7/30/2012,7,Bull Trout,R,Resident,W,Wild Fish or Natural Production,CHIWAR - Chiwawa River,WTRAP,Weir Trap,NA,1
3D9.1C2DFCC435,TLM12275.AAZ,UWE - Upper Wenatchee River,10/12/2012 10:46:01 PM,10/12/2012 10:46:01 PM,IN-STREAM ARRAY,IN-STREAM ARRAY,10/12/2012,7,Bull Trout,R,Resident,W,Wild Fish or Natural Production,"CHIWAT - Chiwawa River Trap, 0.5 km below CHIP acclimation pond",SCREWT,Screw Trap,186,1
3D9.1C2DFCC450,CGS12160.TW2,LMR - Lower Methow River at Pateros,10/23/2012 7:16:37 AM,9/13/2013 2:09:50 AM,UPSTREAM FULL-WIDTH ARRAY,UPSTREAM FULL-WIDTH ARRAY,7/12/2012,7,Bull Trout,R,Resident,W,Wild Fish or Natural Production,TWISPW - Twisp River Weir (WDFW),WTRAP,Weir Trap,510,1
3D9.1C2DFCC450,CGS12160.TW2,MRC - Methow River at Carlton,6/13/2016 10:52:34 PM,7/4/2017 9:31:39 PM,Single Array,Single Array,7/12/2012,7,Bull Trout,R,Resident,W,Wild Fish or Natural Production,TWISPW - Twisp River Weir (WDFW),WTRAP,Weir Trap,510,1
3D9.1C2DFCC450,CGS12160.TW2,TWR - Lwr Twisp Rvr near MSRF Ponds,10/2/2012 10:38:21 PM,7/7/2017 9:59:08 PM,UPPER IN-STREAM ARRAY,LOWER IN-STREAM ARRAY,7/12/2012,7,Bull Trout,R,Resident,W,Wild Fish or Natural Production,TWISPW - Twisp River Weir (WDFW),WTRAP,Weir Trap,510,1
3D9.1C2DFCC450,CGS12160.TW2,"WEA - Wells Dam, DCPUD Adult Ladders",5/30/2013 9:18:39 AM,5/22/2016 3:42:37 PM,LEFT LADDER POOL 19,Right Ladder Pool 67,7/12/2012,7,Bull Trout,R,Resident,W,Wild Fish or Natural Production,TWISPW - Twisp River Weir (WDFW),WTRAP,Weir Trap,510,1
3D9.1C2DFCC48D,CFM12212.CHI,CHL - Lower Chiwawa River,9/26/2012 1:11:38 AM,9/26/2012 1:11:38 AM,LOWER IN-STREAM ARRAY,LOWER IN-STREAM ARRAY,7/30/2012,7,Bull Trout,R,Resident,W,Wild Fish or Natural Production,CHIWAR - Chiwawa River,WTRAP,Weir Trap,NA,1
3D9.1C2DFCC48D,CFM12212.CHI,CHU - Upper Chiwawa River,7/30/2012 8:47:22 PM,9/25/2012 10:03:42 PM,LOWER IN-STREAM ARRAY,UPPER IN-STREAM ARRAY,7/30/2012,7,Bull Trout,R,Resident,W,Wild Fish or Natural Production,CHIWAR - Chiwawa River,WTRAP,Weir Trap,NA,1
3D9.1C2DFCC501,NBD14272.AAZ,UWE - Upper Wenatchee River,9/30/2014 10:23:51 PM,9/30/2014 10:23:51 PM,IN-STREAM ARRAY,IN-STREAM ARRAY,9/30/2014,7,Bull Trout,R,Resident,W,Wild Fish or Natural Production,"CHIWAT - Chiwawa River Trap, 0.5 km below CHIP acclimation pond",SCREWT,Screw Trap,231,1
3D9.1C2DFCC533,TLM12310.AAZ,CHU - Upper Chiwawa River,7/27/2016 11:47:30 PM,7/27/2016 11:47:30 PM,UPPER IN-STREAM ARRAY,UPPER IN-STREAM ARRAY,11/5/2012,7,Bull Trout,R,Resident,W,Wild Fish or Natural Production,"CHIWAT - Chiwawa River Trap, 0.5 km below CHIP acclimation pond",SCREWT,Screw Trap,174,1
3D9.1C2DFCC533,TLM12310.AAZ,UWE - Upper Wenatchee River,9/22/2016 4:47:37 AM,9/22/2016 4:47:37 AM,IN-STREAM ARRAY,IN-STREAM ARRAY,11/5/2012,7,Bull Trout,R,Resident,W,Wild Fish or Natural Production,"CHIWAT - Chiwawa River Trap, 0.5 km below CHIP acclimation pond",SCREWT,Screw Trap,174,1
3D9.1C2DFCC593,TLM12275.AAZ,CHL - Lower Chiwawa River,10/16/2012 1:31:28 PM,10/16/2012 1:36:11 PM,LOWER IN-STREAM ARRAY,UPPER IN-STREAM ARRAY,10/16/2012,7,Bull Trout,R,Resident,W,Wild Fish or Natural Production,"CHIWAT - Chiwawa River Trap, 0.5 km below CHIP acclimation pond",SCREWT,Screw Trap,165,1
3D9.1C2DFCC595,TLM12275.AAZ,CHL - Lower Chiwawa River,7/17/2015 11:28:55 PM,7/17/2015 11:29:21 PM,LOWER IN-STREAM ARRAY,UPPER IN-STREAM ARRAY,10/9/2012,7,Bull Trout,R,Resident,W,Wild Fish or Natural Production,"CHIWAT - Chiwawa River Trap, 0.5 km below CHIP acclimation pond",SCREWT,Screw Trap,265,1
3D9.1C2DFCC595,TLM12275.AAZ,CHU - Upper Chiwawa River,7/19/2015 3:22:04 AM,7/19/2015 3:22:27 AM,LOWER IN-STREAM ARRAY,UPPER IN-STREAM ARRAY,10/9/2012,7,Bull Trout,R,Resident,W,Wild Fish or Natural Production,"CHIWAT - Chiwawa River Trap, 0.5 km below CHIP acclimation pond",SCREWT,Screw Trap,265,1
3D9.1C2DFCC595,TLM12275.AAZ,UWE - Upper Wenatchee River,7/17/2015 9:56:09 PM,7/17/2015 9:56:09 PM,IN-STREAM ARRAY,IN-STREAM ARRAY,10/9/2012,7,Bull Trout,R,Resident,W,Wild Fish or Natural Production,"CHIWAT - Chiwawa River Trap, 0.5 km below CHIP acclimation pond",SCREWT,Screw Trap,265,1
3D9.1C2DFCC595,TLM12275.AAZ,"WTL - White River, Wenatchee Basin",7/13/2015 1:04:42 AM,7/13/2015 9:43:20 PM,UPPER IN-STREAM ARRAY,LOWER IN-STREAM ARRAY,10/9/2012,7,Bull Trout,R,Resident,W,Wild Fish or Natural Production,"CHIWAT - Chiwawa River Trap, 0.5 km below CHIP acclimation pond",SCREWT,Screw Trap,265,1
3D9.1C2DFCC59F,CGS12160.TW2,TWR - Lwr Twisp Rvr near MSRF Ponds,10/14/2012 2:43:55 AM,6/16/2015 3:38:43 AM,UPPER IN-STREAM ARRAY,UPPER IN-STREAM ARRAY,7/13/2012,7,Bull Trout,R,Resident,W,Wild Fish or Natural Production,TWISPW - Twisp River Weir (WDFW),WTRAP,Weir Trap,580,1
3D9.1C2DFCC5BA,TLM12275.AAZ,RRF - Rocky Reach Fishway,10/21/2012 11:13:00 AM,10/21/2012 11:13:00 AM,WEIR 6,WEIR 6,10/3/2012,7,Bull Trout,R,Resident,W,Wild Fish or Natural Production,"CHIWAT - Chiwawa River Trap, 0.5 km below CHIP acclimation pond",SCREWT,Screw Trap,225,1
3D9.1C2DFCC604,CFM-2013-060-TUM.xml,CHW - Chiwaukum Creek,7/15/2013 4:17:42 AM,9/29/2013 3:39:24 PM,DOWNSTREAM ARRAY,DOWNSTREAM ARRAY,7/7/2013,7,Bull Trout,R,Resident,W,Wild Fish or Natural Production,TUMFBY - TUM - Release into the Forebay within 0.5 km upstream of Dam,LADDER,Adult Passage Ladder,NA,1
3D9.1C2DFCC604,CFM-2013-060-TUM.xml,RIA - Rock Island Adult,5/26/2014 3:38:39 PM,5/26/2014 3:41:39 PM,LEFT LADDER BAFFLE 2,LEFT LADDER BAFFLE 4,7/7/2013,7,Bull Trout,R,Resident,W,Wild Fish or Natural Production,TUMFBY - TUM - Release into the Forebay within 0.5 km upstream of Dam,LADDER,Adult Passage Ladder,NA,1
3D9.1C2DFCD22D,NBD-2014-085-TUM.json,NAL - Lower Nason Creek,7/7/2014 2:26:19 AM,7/7/2014 2:26:19 AM,UPPER IN-STREAM ARRAY,UPPER IN-STREAM ARRAY,6/27/2014,7,Bull Trout,R,Resident,W,Wild Fish or Natural Production,TUMFBY - TUM - Release into the Forebay within 0.5 km upstream of Dam,LADDER,Adult Passage Ladder,NA,1
3D9.1C2DFCD22D,NBD-2014-085-TUM.json,NAU - Upper Nason Creek,7/10/2014 2:24:54 AM,7/10/2014 2:25:28 AM,LOWER IN-STREAM ARRAY,UPPER IN-STREAM ARRAY,6/27/2014,7,Bull Trout,R,Resident,W,Wild Fish or Natural Production,TUMFBY - TUM - Release into the Forebay within 0.5 km upstream of Dam,LADDER,Adult Passage Ladder,NA,1
3D9.1C2DFCD22D,NBD-2014-085-TUM.json,UWE - Upper Wenatchee River,7/6/2014 9:12:35 PM,7/6/2014 9:12:35 PM,IN-STREAM ARRAY,IN-STREAM ARRAY,6/27/2014,7,Bull Trout,R,Resident,W,Wild Fish or Natural Production,TUMFBY - TUM - Release into the Forebay within 0.5 km upstream of Dam,LADDER,Adult Passage Ladder,NA,1
3D9.1C2DFCD249,TLM12146.AAZ,NAU - Upper Nason Creek,9/11/2012 12:01:43 PM,9/11/2012 12:01:43 PM,UPPER IN-STREAM ARRAY,UPPER IN-STREAM ARRAY,5/25/2012,7,Bull Trout,R,Resident,W,Wild Fish or Natural Production,"CHIWAT - Chiwawa River Trap, 0.5 km below CHIP acclimation pond",SCREWT,Screw Trap,171,1
3D9.1C2DFCD250,CFM-2013-060-TUM.xml,CHW - Chiwaukum Creek,7/8/2013 6:16:51 AM,7/7/2014 5:36:05 PM,DOWNSTREAM ARRAY,UPSTREAM ARRAY,6/22/2013,7,Bull Trout,R,Resident,W,Wild Fish or Natural Production,TUMFBY - TUM - Release into the Forebay within 0.5 km upstream of Dam,LADDER,Adult Passage Ladder,NA,1
3D9.1C2DFCD250,CFM-2013-060-TUM.xml,TUF - Tumwater Dam Adult Fishway,6/16/2014 1:20:33 PM,6/23/2014 1:08:06 PM,WEIR 17,WEIR 17,6/22/2013,7,Bull Trout,R,Resident,W,Wild Fish or Natural Production,TUMFBY - TUM - Release into the Forebay within 0.5 km upstream of Dam,LADDER,Adult Passage Ladder,NA,1
3D9.1C2DFCD256,CGS12160.TW2,TWR - Lwr Twisp Rvr near MSRF Ponds,10/26/2012 10:37:01 PM,10/26/2012 10:37:04 PM,UPPER IN-STREAM ARRAY,LOWER IN-STREAM ARRAY,7/8/2012,7,Bull Trout,R,Resident,W,Wild Fish or Natural Production,TWISPW - Twisp River Weir (WDFW),WTRAP,Weir Trap,530,1
3D9.1C2DFCD28A,NBD14270.AAZ,UWE - Upper Wenatchee River,9/28/2014 4:51:48 AM,9/28/2014 4:51:48 AM,IN-STREAM ARRAY,IN-STREAM ARRAY,9/27/2014,7,Bull Trout,R,Resident,W,Wild Fish or Natural Production,"CHIWAT - Chiwawa River Trap, 0.5 km below CHIP acclimation pond",SCREWT,Screw Trap,174,1
3D9.1C2DFCD2F5,CFM12212.CHI,CHU - Upper Chiwawa River,8/4/2012 7:57:57 AM,8/4/2012 8:27:04 PM,LOWER IN-STREAM ARRAY,UPPER IN-STREAM ARRAY,8/1/2012,7,Bull Trout,R,Resident,W,Wild Fish or Natural Production,CHIWAR - Chiwawa River,WTRAP,Weir Trap,NA,1
3D9.1C2DFCD2FF,CFM-2013-060-TUM.xml,CHW - Chiwaukum Creek,7/17/2013 12:02:00 AM,7/11/2014 12:28:42 AM,DOWNSTREAM ARRAY,UPSTREAM ARRAY,7/4/2013,7,Bull Trout,R,Resident,W,Wild Fish or Natural Production,TUMFBY - TUM - Release into the Forebay within 0.5 km upstream of Dam,LADDER,Adult Passage Ladder,NA,1
3D9.1C2DFCD2FF,CFM-2013-060-TUM.xml,TUF - Tumwater Dam Adult Fishway,7/7/2013 12:02:46 PM,6/24/2014 1:15:36 PM,WEIR 14,WEIR 17,7/4/2013,7,Bull Trout,R,Resident,W,Wild Fish or Natural Production,TUMFBY - TUM - Release into the Forebay within 0.5 km upstream of Dam,LADDER,Adult Passage Ladder,NA,1
3D9.1C2DFCD303,TLM13248.AAZ,CHL - Lower Chiwawa River,9/5/2013 11:27:39 AM,9/5/2013 11:28:15 AM,LOWER IN-STREAM ARRAY,UPPER IN-STREAM ARRAY,9/5/2013,7,Bull Trout,R,Resident,W,Wild Fish or Natural Production,"CHIWAT - Chiwawa River Trap, 0.5 km below CHIP acclimation pond",SCREWT,Screw Trap,228,1
3D9.1C2DFCD334,TLM13263.AAZ,CHL - Lower Chiwawa River,9/16/2014 4:12:15 AM,9/17/2015 4:26:57 AM,LOWER IN-STREAM ARRAY,LOWER IN-STREAM ARRAY,9/20/2013,7,Bull Trout,R,Resident,W,Wild Fish or Natural Production,"CHIWAT - Chiwawa River Trap, 0.5 km below CHIP acclimation pond",SCREWT,Screw Trap,500,1
3D9.1C2DFCD334,TLM13263.AAZ,CHU - Upper Chiwawa River,9/16/2014 1:12:59 AM,6/24/2015 9:37:22 PM,UPPER IN-STREAM ARRAY,UPPER IN-STREAM ARRAY,9/20/2013,7,Bull Trout,R,Resident,W,Wild Fish or Natural Production,"CHIWAT - Chiwawa River Trap, 0.5 km below CHIP acclimation pond",SCREWT,Screw Trap,500,1
3D9.1C2DFCD334,TLM13263.AAZ,UWE - Upper Wenatchee River,9/16/2014 8:06:11 PM,9/17/2015 9:34:25 PM,IN-STREAM ARRAY,IN-STREAM ARRAY,9/20/2013,7,Bull Trout,R,Resident,W,Wild Fish or Natural Production,"CHIWAT - Chiwawa River Trap, 0.5 km below CHIP acclimation pond",SCREWT,Screw Trap,500,1
3D9.1C2DFCD337,NBD14264.AAZ,RRF - Rocky Reach Fishway,10/23/2014 6:18:28 AM,10/23/2014 7:56:45 AM,Lower Weir,Trap,9/22/2014,7,Bull Trout,R,Resident,W,Wild Fish or Natural Production,"CHIWAT - Chiwawa River Trap, 0.5 km below CHIP acclimation pond",SCREWT,Screw Trap,205,1
3D9.1C2DFCD342,CFM-2013-060-TUM.xml,CHW - Chiwaukum Creek,7/15/2013 3:27:55 AM,7/15/2013 3:28:22 AM,DOWNSTREAM ARRAY,UPSTREAM ARRAY,7/4/2013,7,Bull Trout,R,Resident,W,Wild Fish or Natural Production,TUMFBY - TUM - Release into the Forebay within 0.5 km upstream of Dam,LADDER,Adult Passage Ladder,NA,1
3D9.1C2DFCD397,TLM12296.AAZ,UWE - Upper Wenatchee River,10/29/2012 2:30:40 PM,10/29/2012 2:30:40 PM,IN-STREAM ARRAY,IN-STREAM ARRAY,10/22/2012,7,Bull Trout,R,Resident,W,Wild Fish or Natural Production,"CHIWAT - Chiwawa River Trap, 0.5 km below CHIP acclimation pond",SCREWT,Screw Trap,152,1
3D9.1C2DFCDEAE,CFM-2013-060-TUM.xml,CHW - Chiwaukum Creek,7/18/2013 5:48:28 AM,7/16/2014 2:35:19 AM,DOWNSTREAM ARRAY,UPSTREAM ARRAY,7/4/2013,7,Bull Trout,R,Resident,W,Wild Fish or Natural Production,TUMFBY - TUM - Release into the Forebay within 0.5 km upstream of Dam,LADDER,Adult Passage Ladder,NA,1
3D9.1C2DFCDEAE,CFM-2013-060-TUM.xml,ENL - Lower Entiat River,10/25/2013 7:48:44 PM,11/19/2013 9:48:42 PM,LOWER IN-STREAM ARRAY,LOWER IN-STREAM ARRAY,7/4/2013,7,Bull Trout,R,Resident,W,Wild Fish or Natural Production,TUMFBY - TUM - Release into the Forebay within 0.5 km upstream of Dam,LADDER,Adult Passage Ladder,NA,1
3D9.1C2DFCDEAE,CFM-2013-060-TUM.xml,RRF - Rocky Reach Fishway,10/23/2013 2:36:51 PM,10/23/2013 2:37:45 PM,WEIR 4,WEIR 6,7/4/2013,7,Bull Trout,R,Resident,W,Wild Fish or Natural Production,TUMFBY - TUM - Release into the Forebay within 0.5 km upstream of Dam,LADDER,Adult Passage Ladder,NA,1
3D9.1C2DFCDEAE,CFM-2013-060-TUM.xml,TUF - Tumwater Dam Adult Fishway,6/27/2014 5:10:53 AM,7/3/2014 9:12:54 PM,WEIR 14,WEIR 17,7/4/2013,7,Bull Trout,R,Resident,W,Wild Fish or Natural Production,TUMFBY - TUM - Release into the Forebay within 0.5 km upstream of Dam,LADDER,Adult Passage Ladder,NA,1
3D9.1C2DFCDF22,TLM13215.AAZ,CHL - Lower Chiwawa River,8/3/2013 12:23:44 PM,8/3/2013 12:23:44 PM,UPPER IN-STREAM ARRAY,UPPER IN-STREAM ARRAY,8/3/2013,7,Bull Trout,R,Resident,W,Wild Fish or Natural Production,"CHIWAT - Chiwawa River Trap, 0.5 km below CHIP acclimation pond",SCREWT,Screw Trap,201,1
3D9.1C2DFCDF22,TLM13215.AAZ,UWE - Upper Wenatchee River,8/5/2013 11:18:18 AM,8/5/2013 11:18:18 AM,IN-STREAM ARRAY,IN-STREAM ARRAY,8/3/2013,7,Bull Trout,R,Resident,W,Wild Fish or Natural Production,"CHIWAT - Chiwawa River Trap, 0.5 km below CHIP acclimation pond",SCREWT,Screw Trap,201,1
3D9.1C2DFCDF63,TLM13264.AAZ,CHL - Lower Chiwawa River,9/30/2014 7:20:12 PM,11/8/2016 1:40:27 PM,UPPER IN-STREAM ARRAY,UPPER IN-STREAM ARRAY,9/21/2013,7,Bull Trout,R,Resident,W,Wild Fish or Natural Production,"CHIWAT - Chiwawa River Trap, 0.5 km below CHIP acclimation pond",SCREWT,Screw Trap,415,1
3D9.1C2DFCDF63,TLM13264.AAZ,CHU - Upper Chiwawa River,7/5/2014 11:53:31 AM,9/21/2016 8:33:29 PM,LOWER IN-STREAM ARRAY,LOWER IN-STREAM ARRAY,9/21/2013,7,Bull Trout,R,Resident,W,Wild Fish or Natural Production,"CHIWAT - Chiwawa River Trap, 0.5 km below CHIP acclimation pond",SCREWT,Screw Trap,415,1
3D9.1C2DFCDF63,TLM13264.AAZ,UWE - Upper Wenatchee River,9/23/2015 9:22:45 PM,9/24/2016 3:42:17 AM,IN-STREAM ARRAY,IN-STREAM ARRAY,9/21/2013,7,Bull Trout,R,Resident,W,Wild Fish or Natural Production,"CHIWAT - Chiwawa River Trap, 0.5 km below CHIP acclimation pond",SCREWT,Screw Trap,415,1
3D9.1C2DFCDF69,CFM12212.CHI,CHL - Lower Chiwawa River,9/26/2012 1:07:48 AM,9/26/2012 1:08:21 AM,UPPER IN-STREAM ARRAY,LOWER IN-STREAM ARRAY,8/2/2012,7,Bull Trout,R,Resident,W,Wild Fish or Natural Production,CHIWAR - Chiwawa River,WTRAP,Weir Trap,NA,1
3D9.1C2DFCDF69,CFM12212.CHI,CHU - Upper Chiwawa River,8/12/2012 9:04:10 PM,8/12/2012 9:04:10 PM,UPPER IN-STREAM ARRAY,UPPER IN-STREAM ARRAY,8/2/2012,7,Bull Trout,R,Resident,W,Wild Fish or Natural Production,CHIWAR - Chiwawa River,WTRAP,Weir Trap,NA,1
3D9.1C2DFCDF75,CGS12160.TW2,TWR - Lwr Twisp Rvr near MSRF Ponds,10/20/2012 6:08:56 AM,7/5/2014 3:49:29 AM,UPPER IN-STREAM ARRAY,UPPER IN-STREAM ARRAY,7/17/2012,7,Bull Trout,R,Resident,W,Wild Fish or Natural Production,TWISPW - Twisp River Weir (WDFW),WTRAP,Weir Trap,600,1
3D9.1C2DFCDFD6,CFM-2013-060-TUM.xml,CHW - Chiwaukum Creek,7/19/2013 12:37:44 AM,7/13/2014 11:29:00 PM,DOWNSTREAM ARRAY,UPSTREAM ARRAY,7/8/2013,7,Bull Trout,R,Resident,W,Wild Fish or Natural Production,TUMFBY - TUM - Release into the Forebay within 0.5 km upstream of Dam,LADDER,Adult Passage Ladder,NA,1
3D9.1C2DFCDFD6,CFM-2013-060-TUM.xml,TUF - Tumwater Dam Adult Fishway,7/3/2014 2:55:22 PM,7/6/2014 6:50:27 PM,WEIR 14,WEIR 17,7/8/2013,7,Bull Trout,R,Resident,W,Wild Fish or Natural Production,TUMFBY - TUM - Release into the Forebay within 0.5 km upstream of Dam,LADDER,Adult Passage Ladder,NA,1
3D9.1C2DFCDFFF,CFM-2013-060-TUM.xml,CHW - Chiwaukum Creek,7/11/2013 2:00:34 AM,8/6/2015 1:33:51 AM,DOWNSTREAM ARRAY,UPSTREAM ARRAY,6/22/2013,7,Bull Trout,R,Resident,W,Wild Fish or Natural Production,TUMFBY - TUM - Release into the Forebay within 0.5 km upstream of Dam,LADDER,Adult Passage Ladder,NA,1
3D9.1C2DFCDFFF,CFM-2013-060-TUM.xml,TUF - Tumwater Dam Adult Fishway,6/21/2014 9:42:54 PM,7/13/2015 3:07:42 PM,WEIR 14,WEIR 17,6/22/2013,7,Bull Trout,R,Resident,W,Wild Fish or Natural Production,TUMFBY - TUM - Release into the Forebay within 0.5 km upstream of Dam,LADDER,Adult Passage Ladder,NA,1
3D9.1C2DFCEAEB,TLM12275.AAZ,UWE - Upper Wenatchee River,10/12/2012 11:35:01 PM,10/12/2012 11:35:01 PM,IN-STREAM ARRAY,IN-STREAM ARRAY,10/12/2012,7,Bull Trout,R,Resident,W,Wild Fish or Natural Production,"CHIWAT - Chiwawa River Trap, 0.5 km below CHIP acclimation pond",SCREWT,Screw Trap,196,1
3D9.1C2DFCEBB5,TLM12275.AAZ,CHL - Lower Chiwawa River,10/10/2012 11:32:43 AM,10/10/2012 11:33:49 AM,LOWER IN-STREAM ARRAY,UPPER IN-STREAM ARRAY,10/10/2012,7,Bull Trout,R,Resident,W,Wild Fish or Natural Production,"CHIWAT - Chiwawa River Trap, 0.5 km below CHIP acclimation pond",SCREWT,Screw Trap,217,1
3D9.1C2DFCED35,TLM13060.AAZ,LWN - Little Wenatchee River,5/20/2013 7:31:45 PM,10/26/2013 9:50:09 PM,UPPER IN-STREAM ARRAY,UPPER IN-STREAM ARRAY,3/22/2013,7,Bull Trout,R,Resident,W,Wild Fish or Natural Production,"CHIWAT - Chiwawa River Trap, 0.5 km below CHIP acclimation pond",SCREWT,Screw Trap,135,1
3D9.1C2DFCF4CC,CFM12212.CHI,CHL - Lower Chiwawa River,10/2/2012 2:40:39 AM,9/20/2019 8:05:00 PM,LOWER IN-STREAM ARRAY,LOWER IN-STREAM ARRAY,8/1/2012,7,Bull Trout,R,Resident,W,Wild Fish or Natural Production,CHIWAR - Chiwawa River,WTRAP,Weir Trap,NA,1
3D9.1C2DFCF4CC,CFM12212.CHI,CHU - Upper Chiwawa River,10/1/2012 7:52:12 PM,9/20/2019 12:43:35 AM,UPPER IN-STREAM ARRAY,LOWER IN-STREAM ARRAY,8/1/2012,7,Bull Trout,R,Resident,W,Wild Fish or Natural Production,CHIWAR - Chiwawa River,WTRAP,Weir Trap,NA,1
3D9.1C2DFCF4CC,CFM12212.CHI,LWN - Little Wenatchee River,4/3/2013 2:14:15 AM,9/24/2019 4:02:13 AM,LOWER IN-STREAM ARRAY,UPPER IN-STREAM ARRAY,8/1/2012,7,Bull Trout,R,Resident,W,Wild Fish or Natural Production,CHIWAR - Chiwawa River,WTRAP,Weir Trap,NA,1
3D9.1C2DFCF4CC,CFM12212.CHI,UWE - Upper Wenatchee River,9/13/2015 10:17:56 PM,9/20/2019 11:43:27 PM,IN-STREAM ARRAY,IN-STREAM ARRAY,8/1/2012,7,Bull Trout,R,Resident,W,Wild Fish or Natural Production,CHIWAR - Chiwawa River,WTRAP,Weir Trap,NA,1
3D9.1C2DFE4B77,CSS-2020-286-112.xml,CHL - Lower Chiwawa River,10/12/2020 6:32:38 PM,10/12/2020 6:36:57 PM,LOWER IN-STREAM ARRAY,UPPER IN-STREAM ARRAY,10/12/2020,7,Bull Trout,R,Resident,W,Wild Fish or Natural Production,"CHIWAT - Chiwawa River Trap, 0.5 km below CHIP acclimation pond",SCREWT,Screw Trap,249,1
3D9.1C2DFE6B32,CSS-2020-277-112.xml,CHL - Lower Chiwawa River,9/29/2023 3:21:32 AM,9/29/2023 3:21:40 AM,UPPER IN-STREAM ARRAY,LOWER IN-STREAM ARRAY,10/4/2020,7,Bull Trout,R,Resident,W,Wild Fish or Natural Production,"CHIWAT - Chiwawa River Trap, 0.5 km below CHIP acclimation pond",SCREWT,Screw Trap,192,1
3D9.1C2DFE6B32,CSS-2020-277-112.xml,CHU - Upper Chiwawa River,6/24/2023 10:17:00 PM,9/29/2023 12:01:54 AM,LOWER IN-STREAM ARRAY,UPPER IN-STREAM ARRAY,10/4/2020,7,Bull Trout,R,Resident,W,Wild Fish or Natural Production,"CHIWAT - Chiwawa River Trap, 0.5 km below CHIP acclimation pond",SCREWT,Screw Trap,192,1
3D9.1C2DFE6B32,CSS-2020-277-112.xml,CHW - Chiwaukum Creek,8/16/2022 11:30:55 PM,8/24/2022 11:17:42 PM,DOWNSTREAM ARRAY,DOWNSTREAM ARRAY,10/4/2020,7,Bull Trout,R,Resident,W,Wild Fish or Natural Production,"CHIWAT - Chiwawa River Trap, 0.5 km below CHIP acclimation pond",SCREWT,Screw Trap,192,1
3D9.1C2DFE6B32,CSS-2020-277-112.xml,ICL - Lower Icicle Instream Array,7/14/2021 9:19:13 PM,1/4/2023 7:02:40 PM,Downstream Array,Downstream Array,10/4/2020,7,Bull Trout,R,Resident,W,Wild Fish or Natural Production,"CHIWAT - Chiwawa River Trap, 0.5 km below CHIP acclimation pond",SCREWT,Screw Trap,192,1
3D9.1C2DFE6B32,CSS-2020-277-112.xml,TUF - Tumwater Dam Adult Fishway,8/6/2022 4:33:26 AM,6/21/2024 8:08:33 AM,WEIR 3,WEIR 17,10/4/2020,7,Bull Trout,R,Resident,W,Wild Fish or Natural Production,"CHIWAT - Chiwawa River Trap, 0.5 km below CHIP acclimation pond",SCREWT,Screw Trap,192,1
3D9.1C2DFE7142,CSS-2020-313-112.xml,CHL - Lower Chiwawa River,10/16/2023 12:30:44 AM,10/16/2023 12:30:52 AM,UPPER IN-STREAM ARRAY,LOWER IN-STREAM ARRAY,11/8/2020,7,Bull Trout,R,Resident,W,Wild Fish or Natural Production,"CHIWAT - Chiwawa River Trap, 0.5 km below CHIP acclimation pond",SCREWT,Screw Trap,206,1
3D9.1C2DFE7142,CSS-2020-313-112.xml,CHU - Upper Chiwawa River,10/15/2023 8:20:04 PM,10/15/2023 8:20:13 PM,UPPER IN-STREAM ARRAY,LOWER IN-STREAM ARRAY,11/8/2020,7,Bull Trout,R,Resident,W,Wild Fish or Natural Production,"CHIWAT - Chiwawa River Trap, 0.5 km below CHIP acclimation pond",SCREWT,Screw Trap,206,1
3D9.1C2DFE7142,CSS-2020-313-112.xml,NAL - Lower Nason Creek,7/20/2021 12:54:50 AM,6/1/2024 11:47:37 PM,UPPER IN-STREAM ARRAY,LOWER IN-STREAM ARRAY,11/8/2020,7,Bull Trout,R,Resident,W,Wild Fish or Natural Production,"CHIWAT - Chiwawa River Trap, 0.5 km below CHIP acclimation pond",SCREWT,Screw Trap,206,1
3D9.1C2DFE877C,CSS-2022-286-112.xml,CHL - Lower Chiwawa River,10/13/2022 9:01:11 AM,10/31/2022 7:56:37 PM,LOWER IN-STREAM ARRAY,UPPER IN-STREAM ARRAY,10/13/2022,7,Bull Trout,R,Resident,W,Wild Fish or Natural Production,"CHIWAT - Chiwawa River Trap, 0.5 km below CHIP acclimation pond",SCREWT,Screw Trap,235,1
3D9.1C2DFE877C,CSS-2022-286-112.xml,UWE - Upper Wenatchee River,11/1/2022 1:45:24 AM,11/1/2022 1:45:24 AM,IN-STREAM ARRAY,IN-STREAM ARRAY,10/13/2022,7,Bull Trout,R,Resident,W,Wild Fish or Natural Production,"CHIWAT - Chiwawa River Trap, 0.5 km below CHIP acclimation pond",SCREWT,Screw Trap,235,1
3D9.1C2DFE8D5F,CSS-2020-296-112.xml,CHL - Lower Chiwawa River,10/22/2020 4:49:24 PM,10/22/2020 4:49:24 PM,LOWER IN-STREAM ARRAY,LOWER IN-STREAM ARRAY,10/22/2020,7,Bull Trout,R,Resident,W,Wild Fish or Natural Production,"CHIWAT - Chiwawa River Trap, 0.5 km below CHIP acclimation pond",SCREWT,Screw Trap,163,1
3D9.1C2DFE998B,CSS-2022-285-112.xml,CHL - Lower Chiwawa River,10/13/2022 12:34:04 PM,1/24/2023 8:17:15 AM,LOWER IN-STREAM ARRAY,LOWER IN-STREAM ARRAY,10/13/2022,7,Bull Trout,R,Resident,W,Wild Fish or Natural Production,"CHIWAT - Chiwawa River Trap, 0.5 km below CHIP acclimation pond",SCREWT,Screw Trap,250,1
3D9.1C2DFEB4E7,CSS-2020-316-112.xml,CHL - Lower Chiwawa River,11/12/2020 9:01:44 PM,12/20/2020 1:21:32 AM,UPPER IN-STREAM ARRAY,LOWER IN-STREAM ARRAY,11/12/2020,7,Bull Trout,R,Resident,W,Wild Fish or Natural Production,"CHIWAT - Chiwawa River Trap, 0.5 km below CHIP acclimation pond",SCREWT,Screw Trap,161,1
3D9.1C2DFEC2D6,CSS-2020-287-112.xml,CHL - Lower Chiwawa River,9/27/2024 6:49:46 PM,9/27/2024 6:49:46 PM,LOWER IN-STREAM ARRAY,LOWER IN-STREAM ARRAY,10/13/2020,7,Bull Trout,R,Resident,W,Wild Fish or Natural Production,"CHIWAT - Chiwawa River Trap, 0.5 km below CHIP acclimation pond",SCREWT,Screw Trap,139,1
3D9.1C2DFEC2D6,CSS-2020-287-112.xml,CHU - Upper Chiwawa River,7/9/2024 8:49:14 PM,9/26/2024 11:16:22 PM,LOWER IN-STREAM ARRAY,UPPER IN-STREAM ARRAY,10/13/2020,7,Bull Trout,R,Resident,W,Wild Fish or Natural Production,"CHIWAT - Chiwawa River Trap, 0.5 km below CHIP acclimation pond",SCREWT,Screw Trap,139,1
3D9.1C2DFEC2D6,CSS-2020-287-112.xml,UWE - Upper Wenatchee River,9/1/2021 8:32:12 PM,9/1/2021 8:32:12 PM,IN-STREAM ARRAY,IN-STREAM ARRAY,10/13/2020,7,Bull Trout,R,Resident,W,Wild Fish or Natural Production,"CHIWAT - Chiwawa River Trap, 0.5 km below CHIP acclimation pond",SCREWT,Screw Trap,139,1
3D9.1C2DFED1A3,CSS-2020-280-112.xml,CHL - Lower Chiwawa River,10/7/2020 4:25:40 AM,10/7/2020 4:25:40 AM,UPPER IN-STREAM ARRAY,UPPER IN-STREAM ARRAY,10/6/2020,7,Bull Trout,R,Resident,W,Wild Fish or Natural Production,"CHIWAT - Chiwawa River Trap, 0.5 km below CHIP acclimation pond",SCREWT,Screw Trap,190,1
3D9.1C2DFED1A3,CSS-2020-280-112.xml,UWE - Upper Wenatchee River,10/7/2020 10:41:17 PM,10/7/2020 10:41:17 PM,IN-STREAM ARRAY,IN-STREAM ARRAY,10/6/2020,7,Bull Trout,R,Resident,W,Wild Fish or Natural Production,"CHIWAT - Chiwawa River Trap, 0.5 km below CHIP acclimation pond",SCREWT,Screw Trap,190,1
3D9.1C2DFED7C0,CSS-2020-277-112.xml,UWE - Upper Wenatchee River,10/5/2020 3:03:32 PM,10/5/2020 3:03:32 PM,IN-STREAM ARRAY,IN-STREAM ARRAY,10/4/2020,7,Bull Trout,R,Resident,W,Wild Fish or Natural Production,"CHIWAT - Chiwawa River Trap, 0.5 km below CHIP acclimation pond",SCREWT,Screw Trap,200,1
3D9.1C2DFEDB1A,CSS-2020-294-112.xml,UWE - Upper Wenatchee River,10/23/2020 11:34:14 AM,10/23/2020 11:34:15 AM,IN-STREAM ARRAY,IN-STREAM ARRAY,10/20/2020,7,Bull Trout,R,Resident,W,Wild Fish or Natural Production,"CHIWAT - Chiwawa River Trap, 0.5 km below CHIP acclimation pond",SCREWT,Screw Trap,193,1
3D9.1C2DFF87C2,CSS-2020-279-112.xml,UWE - Upper Wenatchee River,10/5/2020 11:56:17 PM,10/5/2020 11:56:17 PM,IN-STREAM ARRAY,IN-STREAM ARRAY,10/5/2020,7,Bull Trout,R,Resident,W,Wild Fish or Natural Production,"CHIWAT - Chiwawa River Trap, 0.5 km below CHIP acclimation pond",SCREWT,Screw Trap,210,1
3D9.1C2DFF8A28,CSS-2020-309-112.xml,CHL - Lower Chiwawa River,10/4/2023 6:45:48 PM,9/29/2024 6:33:24 PM,UPPER IN-STREAM ARRAY,LOWER IN-STREAM ARRAY,11/4/2020,7,Bull Trout,R,Resident,W,Wild Fish or Natural Production,"CHIWAT - Chiwawa River Trap, 0.5 km below CHIP acclimation pond",SCREWT,Screw Trap,185,1
3D9.1C2DFF8A28,CSS-2020-309-112.xml,CHU - Upper Chiwawa River,6/30/2023 3:31:17 PM,9/27/2024 9:34:17 PM,LOWER IN-STREAM ARRAY,LOWER IN-STREAM ARRAY,11/4/2020,7,Bull Trout,R,Resident,W,Wild Fish or Natural Production,"CHIWAT - Chiwawa River Trap, 0.5 km below CHIP acclimation pond",SCREWT,Screw Trap,185,1
3D9.1C2DFF8FE1,CSS-2020-279-112.xml,UWE - Upper Wenatchee River,10/6/2020 5:54:55 PM,10/6/2020 5:54:56 PM,IN-STREAM ARRAY,IN-STREAM ARRAY,10/5/2020,7,Bull Trout,R,Resident,W,Wild Fish or Natural Production,"CHIWAT - Chiwawa River Trap, 0.5 km below CHIP acclimation pond",SCREWT,Screw Trap,205,1
3D9.1C2DFFB4A5,CSS-2020-301-112.xml,UWE - Upper Wenatchee River,10/29/2020 6:22:48 AM,10/29/2020 6:22:49 AM,IN-STREAM ARRAY,IN-STREAM ARRAY,10/27/2020,7,Bull Trout,R,Resident,W,Wild Fish or Natural Production,"CHIWAT - Chiwawa River Trap, 0.5 km below CHIP acclimation pond",SCREWT,Screw Trap,171,1
3D9.1C2DFFB91B,CSS-2022-285-112.xml,CHL - Lower Chiwawa River,6/18/2025 3:16:42 AM,9/28/2025 8:18:16 PM,LOWER IN-STREAM ARRAY,LOWER IN-STREAM ARRAY,10/13/2022,7,Bull Trout,R,Resident,W,Wild Fish or Natural Production,"CHIWAT - Chiwawa River Trap, 0.5 km below CHIP acclimation pond",SCREWT,Screw Trap,228,1
3D9.1C2DFFB91B,CSS-2022-285-112.xml,CHU - Upper Chiwawa River,9/28/2025 1:01:21 AM,9/28/2025 1:01:30 AM,UPPER IN-STREAM ARRAY,LOWER IN-STREAM ARRAY,10/13/2022,7,Bull Trout,R,Resident,W,Wild Fish or Natural Production,"CHIWAT - Chiwawa River Trap, 0.5 km below CHIP acclimation pond",SCREWT,Screw Trap,228,1
3D9.1C2DFFB91B,CSS-2022-285-112.xml,CWT - Chiwawa River Weir Trap Array,6/18/2025 6:16:30 AM,9/28/2025 8:12:38 PM,Single Pass,Single Pass,10/13/2022,7,Bull Trout,R,Resident,W,Wild Fish or Natural Production,"CHIWAT - Chiwawa River Trap, 0.5 km below CHIP acclimation pond",SCREWT,Screw Trap,228,1
3D9.1C2DFFB91B,CSS-2022-285-112.xml,LWN - Little Wenatchee River,7/6/2023 4:46:26 AM,7/6/2023 8:37:31 PM,UPPER IN-STREAM ARRAY,UPPER IN-STREAM ARRAY,10/13/2022,7,Bull Trout,R,Resident,W,Wild Fish or Natural Production,"CHIWAT - Chiwawa River Trap, 0.5 km below CHIP acclimation pond",SCREWT,Screw Trap,228,1
3D9.1C2DFFB91B,CSS-2022-285-112.xml,"WTL - White River, Wenatchee Basin",7/11/2023 8:21:50 PM,9/30/2025 6:31:00 PM,LOWER IN-STREAM ARRAY,UPPER IN-STREAM ARRAY,10/13/2022,7,Bull Trout,R,Resident,W,Wild Fish or Natural Production,"CHIWAT - Chiwawa River Trap, 0.5 km below CHIP acclimation pond",SCREWT,Screw Trap,228,1
3D9.1C2DFFB9A9,CSS-2020-310-112.xml,UWE - Upper Wenatchee River,11/8/2020 1:31:01 AM,11/8/2020 1:31:01 AM,IN-STREAM ARRAY,IN-STREAM ARRAY,11/5/2020,7,Bull Trout,R,Resident,W,Wild Fish or Natural Production,"CHIWAT - Chiwawa River Trap, 0.5 km below CHIP acclimation pond",SCREWT,Screw Trap,203,1
3D9.1C2DFFD395,CSS-2020-295-112.xml,UWE - Upper Wenatchee River,10/22/2020 7:12:15 PM,10/22/2020 7:12:16 PM,IN-STREAM ARRAY,IN-STREAM ARRAY,10/21/2020,7,Bull Trout,R,Resident,W,Wild Fish or Natural Production,"CHIWAT - Chiwawa River Trap, 0.5 km below CHIP acclimation pond",SCREWT,Screw Trap,187,1
3D9.1C2DFFE1E5,CSS-2020-293-112.xml,CHL - Lower Chiwawa River,10/19/2020 7:30:44 PM,10/30/2020 8:20:18 PM,LOWER IN-STREAM ARRAY,LOWER IN-STREAM ARRAY,10/19/2020,7,Bull Trout,R,Resident,W,Wild Fish or Natural Production,"CHIWAT - Chiwawa River Trap, 0.5 km below CHIP acclimation pond",SCREWT,Screw Trap,197,1
3D9.1C2DFFEFFF,CSS-2022-287-112.xml,CHL - Lower Chiwawa River,11/3/2022 1:36:42 AM,10/1/2025 6:43:28 PM,LOWER IN-STREAM ARRAY,LOWER IN-STREAM ARRAY,10/14/2022,7,Bull Trout,R,Resident,W,Wild Fish or Natural Production,"CHIWAT - Chiwawa River Trap, 0.5 km below CHIP acclimation pond",SCREWT,Screw Trap,237,1
3D9.1C2DFFEFFF,CSS-2022-287-112.xml,CHU - Upper Chiwawa River,6/27/2025 9:36:48 PM,9/30/2025 10:54:42 PM,UPPER IN-STREAM ARRAY,LOWER IN-STREAM ARRAY,10/14/2022,7,Bull Trout,R,Resident,W,Wild Fish or Natural Production,"CHIWAT - Chiwawa River Trap, 0.5 km below CHIP acclimation pond",SCREWT,Screw Trap,237,1
3D9.1C2DFFEFFF,CSS-2022-287-112.xml,CWT - Chiwawa River Weir Trap Array,6/23/2025 11:13:48 PM,6/23/2025 11:13:48 PM,Single Pass,Single Pass,10/14/2022,7,Bull Trout,R,Resident,W,Wild Fish or Natural Production,"CHIWAT - Chiwawa River Trap, 0.5 km below CHIP acclimation pond",SCREWT,Screw Trap,237,1
3D9.1C2DFFF833,CSS-2020-280-112.xml,UWE - Upper Wenatchee River,10/7/2020 12:59:40 AM,10/7/2020 12:59:40 AM,IN-STREAM ARRAY,IN-STREAM ARRAY,10/6/2020,7,Bull Trout,R,Resident,W,Wild Fish or Natural Production,"CHIWAT - Chiwawa River Trap, 0.5 km below CHIP acclimation pond",SCREWT,Screw Trap,195,1
3D9.1C2DFFFC9C,CSS-2020-288-112.xml,CHU - Upper Chiwawa River,7/4/2023 12:20:47 AM,7/4/2023 12:22:10 AM,LOWER IN-STREAM ARRAY,UPPER IN-STREAM ARRAY,10/14/2020,7,Bull Trout,R,Resident,W,Wild Fish or Natural Production,"CHIWAT - Chiwawa River Trap, 0.5 km below CHIP acclimation pond",SCREWT,Screw Trap,184,1
3D9.1C2DFFFC9C,CSS-2020-288-112.xml,LWN - Little Wenatchee River,7/19/2021 1:21:09 AM,7/19/2021 1:21:09 AM,LOWER IN-STREAM ARRAY,LOWER IN-STREAM ARRAY,10/14/2020,7,Bull Trout,R,Resident,W,Wild Fish or Natural Production,"CHIWAT - Chiwawa River Trap, 0.5 km below CHIP acclimation pond",SCREWT,Screw Trap,184,1
3D9.1C2DFFFC9C,CSS-2020-288-112.xml,"WTL - White River, Wenatchee Basin",9/20/2021 5:45:59 AM,9/20/2021 5:45:59 AM,UPPER IN-STREAM ARRAY,UPPER IN-STREAM ARRAY,10/14/2020,7,Bull Trout,R,Resident,W,Wild Fish or Natural Production,"CHIWAT - Chiwawa River Trap, 0.5 km below CHIP acclimation pond",SCREWT,Screw Trap,184,1
3D9.1C2E033BA2,NBD-2015-065-TUM.xml,CHW - Chiwaukum Creek,6/24/2015 1:11:03 AM,8/30/2015 10:32:23 PM,DOWNSTREAM ARRAY,UPSTREAM ARRAY,6/18/2015,7,Bull Trout,R,Resident,W,Wild Fish or Natural Production,TUMFBY - TUM - Release into the Forebay within 0.5 km upstream of Dam,LADDER,Adult Passage Ladder,NA,1
3D9.1C2E036EFC,NBD-2015-065-TUM.xml,TUF - Tumwater Dam Adult Fishway,7/2/2016 11:07:27 AM,7/4/2016 3:56:29 PM,WEIR 14,WEIR 17,6/28/2015,7,Bull Trout,R,Resident,W,Wild Fish or Natural Production,TUMFBY - TUM - Release into the Forebay within 0.5 km upstream of Dam,LADDER,Adult Passage Ladder,NA,1
3D9.1C2E0415F4,NBD-2015-065-TUM.xml,CHW - Chiwaukum Creek,6/27/2015 3:52:58 AM,6/27/2015 3:55:12 AM,DOWNSTREAM ARRAY,UPSTREAM ARRAY,6/16/2015,7,Bull Trout,R,Resident,W,Wild Fish or Natural Production,TUMFBY - TUM - Release into the Forebay within 0.5 km upstream of Dam,LADDER,Adult Passage Ladder,NA,1
3D9.1C2E042A9D,NBD-2015-065-TUM.xml,CHW - Chiwaukum Creek,6/27/2015 3:31:52 AM,6/27/2015 3:32:03 AM,DOWNSTREAM ARRAY,UPSTREAM ARRAY,6/17/2015,7,Bull Trout,R,Resident,W,Wild Fish or Natural Production,TUMFBY - TUM - Release into the Forebay within 0.5 km upstream of Dam,LADDER,Adult Passage Ladder,NA,1
3D9.1C2E0447ED,NBD-2014-085-TUM.json,CHL - Lower Chiwawa River,7/9/2014 9:28:49 PM,10/11/2015 1:32:43 AM,LOWER IN-STREAM ARRAY,LOWER IN-STREAM ARRAY,7/2/2014,7,Bull Trout,R,Resident,W,Wild Fish or Natural Production,TUMFBY - TUM - Release into the Forebay within 0.5 km upstream of Dam,LADDER,Adult Passage Ladder,NA,1
3D9.1C2E0447ED,NBD-2014-085-TUM.json,CHU - Upper Chiwawa River,7/31/2014 2:36:27 AM,10/10/2015 9:42:57 PM,UPPER IN-STREAM ARRAY,LOWER IN-STREAM ARRAY,7/2/2014,7,Bull Trout,R,Resident,W,Wild Fish or Natural Production,TUMFBY - TUM - Release into the Forebay within 0.5 km upstream of Dam,LADDER,Adult Passage Ladder,NA,1
3D9.1C2E0447ED,NBD-2014-085-TUM.json,ICL - Lower Icicle Instream Array,6/15/2016 2:13:30 AM,8/18/2016 8:28:12 PM,Downstream Array,Downstream Array,7/2/2014,7,Bull Trout,R,Resident,W,Wild Fish or Natural Production,TUMFBY - TUM - Release into the Forebay within 0.5 km upstream of Dam,LADDER,Adult Passage Ladder,NA,1
3D9.1C2E0447ED,NBD-2014-085-TUM.json,ICM - Middle Icicle Instream Array,8/13/2016 11:40:43 PM,8/21/2016 8:30:40 PM,Downstream Array,Upstream Array,7/2/2014,7,Bull Trout,R,Resident,W,Wild Fish or Natural Production,TUMFBY - TUM - Release into the Forebay within 0.5 km upstream of Dam,LADDER,Adult Passage Ladder,NA,1
3D9.1C2E0447ED,NBD-2014-085-TUM.json,LWE - Lower Wenatchee River,10/29/2015 10:56:50 PM,6/28/2016 5:24:31 PM,DOWNSTREAM ANTENNA ARRAY,DOWNSTREAM ANTENNA ARRAY,7/2/2014,7,Bull Trout,R,Resident,W,Wild Fish or Natural Production,TUMFBY - TUM - Release into the Forebay within 0.5 km upstream of Dam,LADDER,Adult Passage Ladder,NA,1
3D9.1C2E0447ED,NBD-2014-085-TUM.json,RIA - Rock Island Adult,5/20/2015 8:52:03 AM,5/12/2016 3:09:57 AM,LEFT LADDER BAFFLE 2,MIDDLE LADDER BAFFLE 4,7/2/2014,7,Bull Trout,R,Resident,W,Wild Fish or Natural Production,TUMFBY - TUM - Release into the Forebay within 0.5 km upstream of Dam,LADDER,Adult Passage Ladder,NA,1
3D9.1C2E0447ED,NBD-2014-085-TUM.json,TUF - Tumwater Dam Adult Fishway,6/8/2015 3:23:38 PM,6/8/2015 3:30:44 PM,WEIR 14,WEIR 17,7/2/2014,7,Bull Trout,R,Resident,W,Wild Fish or Natural Production,TUMFBY - TUM - Release into the Forebay within 0.5 km upstream of Dam,LADDER,Adult Passage Ladder,NA,1
3D9.1C2E046127,NBD-2015-065-TUM.xml,ICL - Lower Icicle Instream Array,6/22/2015 12:50:56 AM,11/14/2015 11:42:31 AM,Downstream Array,Upstream Array,6/17/2015,7,Bull Trout,R,Resident,W,Wild Fish or Natural Production,TUMFBY - TUM - Release into the Forebay within 0.5 km upstream of Dam,LADDER,Adult Passage Ladder,NA,1
3D9.1C2E05326E,CSS-2020-279-112.xml,UWE - Upper Wenatchee River,10/5/2020 9:58:45 PM,10/5/2020 9:58:45 PM,IN-STREAM ARRAY,IN-STREAM ARRAY,10/5/2020,7,Bull Trout,R,Resident,W,Wild Fish or Natural Production,"CHIWAT - Chiwawa River Trap, 0.5 km below CHIP acclimation pond",SCREWT,Screw Trap,220,1
3D9.1C2E0555B2,CSS-2021-324-112.xml,"WTL - White River, Wenatchee Basin",9/10/2022 10:19:53 PM,9/10/2022 11:14:40 PM,LOWER IN-STREAM ARRAY,LOWER IN-STREAM ARRAY,11/20/2021,7,Bull Trout,R,Resident,W,Wild Fish or Natural Production,"CHIWAT - Chiwawa River Trap, 0.5 km below CHIP acclimation pond",SCREWT,Screw Trap,179,1
3D9.1C2E056743,CSS-2020-289-112.xml,UWE - Upper Wenatchee River,10/16/2020 6:05:40 PM,10/16/2020 6:05:41 PM,IN-STREAM ARRAY,IN-STREAM ARRAY,10/15/2020,7,Bull Trout,R,Resident,W,Wild Fish or Natural Production,"CHIWAT - Chiwawa River Trap, 0.5 km below CHIP acclimation pond",SCREWT,Screw Trap,204,1
3D9.1C2E058FFE,CSS-2020-285-112.xml,CHL - Lower Chiwawa River,10/11/2020 5:56:04 PM,10/11/2020 5:56:04 PM,LOWER IN-STREAM ARRAY,LOWER IN-STREAM ARRAY,10/11/2020,7,Bull Trout,R,Resident,W,Wild Fish or Natural Production,"CHIWAT - Chiwawa River Trap, 0.5 km below CHIP acclimation pond",SCREWT,Screw Trap,322,1
3D9.1C2E058FFE,CSS-2020-285-112.xml,CHU - Upper Chiwawa River,9/17/2021 5:07:34 AM,9/17/2021 5:30:56 AM,UPPER IN-STREAM ARRAY,LOWER IN-STREAM ARRAY,10/11/2020,7,Bull Trout,R,Resident,W,Wild Fish or Natural Production,"CHIWAT - Chiwawa River Trap, 0.5 km below CHIP acclimation pond",SCREWT,Screw Trap,322,1
3D9.1C2E05B1B0,CSS-2020-305-112.xml,UWE - Upper Wenatchee River,11/1/2020 7:59:12 PM,11/1/2020 7:59:12 PM,IN-STREAM ARRAY,IN-STREAM ARRAY,10/31/2020,7,Bull Trout,R,Resident,W,Wild Fish or Natural Production,"CHIWAT - Chiwawa River Trap, 0.5 km below CHIP acclimation pond",SCREWT,Screw Trap,153,1
3D9.1C2E05C80A,CSS-2020-322-112.xml,CHL - Lower Chiwawa River,11/20/2020 9:10:09 PM,11/20/2020 9:10:14 PM,UPPER IN-STREAM ARRAY,LOWER IN-STREAM ARRAY,11/17/2020,7,Bull Trout,R,Resident,W,Wild Fish or Natural Production,"CHIWAT - Chiwawa River Trap, 0.5 km below CHIP acclimation pond",SCREWT,Screw Trap,161,1
3D9.1C2E05C82A,CSS-2022-286-112.xml,CHL - Lower Chiwawa River,5/28/2024 2:35:26 AM,5/28/2024 2:36:42 AM,LOWER IN-STREAM ARRAY,UPPER IN-STREAM ARRAY,10/13/2022,7,Bull Trout,R,Resident,W,Wild Fish or Natural Production,"CHIWAT - Chiwawa River Trap, 0.5 km below CHIP acclimation pond",SCREWT,Screw Trap,269,1
3D9.1C2E05D1CB,CSS-2020-310-112.xml,UWE - Upper Wenatchee River,11/7/2020 9:31:15 AM,11/7/2020 10:38:40 AM,IN-STREAM ARRAY,IN-STREAM ARRAY,11/5/2020,7,Bull Trout,R,Resident,W,Wild Fish or Natural Production,"CHIWAT - Chiwawa River Trap, 0.5 km below CHIP acclimation pond",SCREWT,Screw Trap,203,1
3D9.1C2E05D1DD,CSS-2020-304-112.xml,UWE - Upper Wenatchee River,10/31/2020 7:44:52 PM,10/31/2020 7:44:52 PM,IN-STREAM ARRAY,IN-STREAM ARRAY,10/30/2020,7,Bull Trout,R,Resident,W,Wild Fish or Natural Production,"CHIWAT - Chiwawa River Trap, 0.5 km below CHIP acclimation pond",SCREWT,Screw Trap,158,1
3D9.1C2E05D7BF,CSS-2020-301-112.xml,UWE - Upper Wenatchee River,10/29/2020 5:42:17 AM,10/29/2020 5:42:18 AM,IN-STREAM ARRAY,IN-STREAM ARRAY,10/27/2020,7,Bull Trout,R,Resident,W,Wild Fish or Natural Production,"CHIWAT - Chiwawa River Trap, 0.5 km below CHIP acclimation pond",SCREWT,Screw Trap,165,1
3D9.1C2E05D818,CSS-2020-280-112.xml,CHL - Lower Chiwawa River,10/6/2020 1:26:46 PM,10/6/2020 1:31:38 PM,UPPER IN-STREAM ARRAY,LOWER IN-STREAM ARRAY,10/6/2020,7,Bull Trout,R,Resident,W,Wild Fish or Natural Production,"CHIWAT - Chiwawa River Trap, 0.5 km below CHIP acclimation pond",SCREWT,Screw Trap,276,1
3D9.1C2E05D818,CSS-2020-280-112.xml,UWE - Upper Wenatchee River,10/6/2020 10:51:45 PM,10/6/2020 10:51:46 PM,IN-STREAM ARRAY,IN-STREAM ARRAY,10/6/2020,7,Bull Trout,R,Resident,W,Wild Fish or Natural Production,"CHIWAT - Chiwawa River Trap, 0.5 km below CHIP acclimation pond",SCREWT,Screw Trap,276,1
3D9.1C2E05D882,CSS-2020-293-112.xml,UWE - Upper Wenatchee River,10/22/2020 9:23:57 PM,10/22/2020 9:23:58 PM,IN-STREAM ARRAY,IN-STREAM ARRAY,10/19/2020,7,Bull Trout,R,Resident,W,Wild Fish or Natural Production,"CHIWAT - Chiwawa River Trap, 0.5 km below CHIP acclimation pond",SCREWT,Screw Trap,197,1
3D9.1C2E05E186,CSS-2020-280-112.xml,UWE - Upper Wenatchee River,10/6/2020 11:00:05 PM,10/6/2020 11:00:05 PM,IN-STREAM ARRAY,IN-STREAM ARRAY,10/6/2020,7,Bull Trout,R,Resident,W,Wild Fish or Natural Production,"CHIWAT - Chiwawa River Trap, 0.5 km below CHIP acclimation pond",SCREWT,Screw Trap,202,1
3D9.1C2E05E7EC,CSS-2020-297-112.xml,NAL - Lower Nason Creek,4/16/2021 11:03:50 AM,4/17/2021 6:44:15 PM,LOWER IN-STREAM ARRAY,UPPER IN-STREAM ARRAY,10/23/2020,7,Bull Trout,R,Resident,W,Wild Fish or Natural Production,"CHIWAT - Chiwawa River Trap, 0.5 km below CHIP acclimation pond",SCREWT,Screw Trap,170,1
3D9.1C2E05E7EC,CSS-2020-297-112.xml,UWE - Upper Wenatchee River,10/27/2020 6:40:27 AM,10/27/2020 6:40:28 AM,IN-STREAM ARRAY,IN-STREAM ARRAY,10/23/2020,7,Bull Trout,R,Resident,W,Wild Fish or Natural Production,"CHIWAT - Chiwawa River Trap, 0.5 km below CHIP acclimation pond",SCREWT,Screw Trap,170,1
3D9.1C2E05F07F,CSS-2020-294-112.xml,CHL - Lower Chiwawa River,10/20/2020 12:11:42 PM,9/27/2024 9:01:07 PM,LOWER IN-STREAM ARRAY,LOWER IN-STREAM ARRAY,10/20/2020,7,Bull Trout,R,Resident,W,Wild Fish or Natural Production,"CHIWAT - Chiwawa River Trap, 0.5 km below CHIP acclimation pond",SCREWT,Screw Trap,207,1
3D9.1C2E05F07F,CSS-2020-294-112.xml,CHU - Upper Chiwawa River,9/27/2024 1:00:04 AM,9/27/2024 1:00:14 AM,UPPER IN-STREAM ARRAY,LOWER IN-STREAM ARRAY,10/20/2020,7,Bull Trout,R,Resident,W,Wild Fish or Natural Production,"CHIWAT - Chiwawa River Trap, 0.5 km below CHIP acclimation pond",SCREWT,Screw Trap,207,1
3D9.1C2E05F07F,CSS-2020-294-112.xml,UWE - Upper Wenatchee River,10/27/2020 6:58:07 AM,10/27/2020 6:58:08 AM,IN-STREAM ARRAY,IN-STREAM ARRAY,10/20/2020,7,Bull Trout,R,Resident,W,Wild Fish or Natural Production,"CHIWAT - Chiwawa River Trap, 0.5 km below CHIP acclimation pond",SCREWT,Screw Trap,207,1
3D9.1C2E05F4C0,CSS-2020-279-112.xml,CHU - Upper Chiwawa River,7/3/2023 9:55:24 PM,7/3/2023 10:01:47 PM,LOWER IN-STREAM ARRAY,UPPER IN-STREAM ARRAY,10/5/2020,7,Bull Trout,R,Resident,W,Wild Fish or Natural Production,"CHIWAT - Chiwawa River Trap, 0.5 km below CHIP acclimation pond",SCREWT,Screw Trap,227,1
3D9.1C2E05F4C0,CSS-2020-279-112.xml,LWN - Little Wenatchee River,6/30/2021 11:15:21 PM,7/1/2021 8:26:58 PM,LOWER IN-STREAM ARRAY,UPPER IN-STREAM ARRAY,10/5/2020,7,Bull Trout,R,Resident,W,Wild Fish or Natural Production,"CHIWAT - Chiwawa River Trap, 0.5 km below CHIP acclimation pond",SCREWT,Screw Trap,227,1
3D9.1C2E05F4C0,CSS-2020-279-112.xml,UWE - Upper Wenatchee River,10/6/2020 12:09:04 PM,10/6/2020 5:38:11 PM,IN-STREAM ARRAY,IN-STREAM ARRAY,10/5/2020,7,Bull Trout,R,Resident,W,Wild Fish or Natural Production,"CHIWAT - Chiwawa River Trap, 0.5 km below CHIP acclimation pond",SCREWT,Screw Trap,227,1
3D9.1C2E05F4C0,CSS-2020-279-112.xml,"WTL - White River, Wenatchee Basin",9/3/2022 8:33:50 AM,10/5/2022 6:13:57 PM,LOWER IN-STREAM ARRAY,LOWER IN-STREAM ARRAY,10/5/2020,7,Bull Trout,R,Resident,W,Wild Fish or Natural Production,"CHIWAT - Chiwawa River Trap, 0.5 km below CHIP acclimation pond",SCREWT,Screw Trap,227,1
3D9.1C2E05F967,CSS-2020-278-112.xml,UWE - Upper Wenatchee River,10/4/2020 10:13:51 PM,10/4/2020 10:13:52 PM,IN-STREAM ARRAY,IN-STREAM ARRAY,10/4/2020,7,Bull Trout,R,Resident,W,Wild Fish or Natural Production,"CHIWAT - Chiwawa River Trap, 0.5 km below CHIP acclimation pond",SCREWT,Screw Trap,211,1
3D9.1C2E06039F,CSS-2020-314-112.xml,CHL - Lower Chiwawa River,1/14/2021 6:39:48 AM,1/29/2021 6:28:19 PM,LOWER IN-STREAM ARRAY,LOWER IN-STREAM ARRAY,11/9/2020,7,Bull Trout,R,Resident,W,Wild Fish or Natural Production,"CHIWAT - Chiwawa River Trap, 0.5 km below CHIP acclimation pond",SCREWT,Screw Trap,163,1
3D9.1C2E060A06,CSS-2020-321-112.xml,CHL - Lower Chiwawa River,8/8/2025 8:32:38 PM,8/8/2025 8:33:05 PM,LOWER IN-STREAM ARRAY,UPPER IN-STREAM ARRAY,11/16/2020,7,Bull Trout,R,Resident,W,Wild Fish or Natural Production,"CHIWAT - Chiwawa River Trap, 0.5 km below CHIP acclimation pond",SCREWT,Screw Trap,174,1
3D9.1C2E060A06,CSS-2020-321-112.xml,CHU - Upper Chiwawa River,8/10/2025 9:14:38 PM,8/10/2025 9:15:02 PM,LOWER IN-STREAM ARRAY,UPPER IN-STREAM ARRAY,11/16/2020,7,Bull Trout,R,Resident,W,Wild Fish or Natural Production,"CHIWAT - Chiwawa River Trap, 0.5 km below CHIP acclimation pond",SCREWT,Screw Trap,174,1
3D9.1C2E060A06,CSS-2020-321-112.xml,CWT - Chiwawa River Weir Trap Array,8/8/2025 8:51:35 PM,8/8/2025 8:51:35 PM,Single Pass,Single Pass,11/16/2020,7,Bull Trout,R,Resident,W,Wild Fish or Natural Production,"CHIWAT - Chiwawa River Trap, 0.5 km below CHIP acclimation pond",SCREWT,Screw Trap,174,1
3D9.1C2E060A06,CSS-2020-321-112.xml,UWE - Upper Wenatchee River,11/22/2020 6:42:57 PM,11/22/2020 6:42:58 PM,IN-STREAM ARRAY,IN-STREAM ARRAY,11/16/2020,7,Bull Trout,R,Resident,W,Wild Fish or Natural Production,"CHIWAT - Chiwawa River Trap, 0.5 km below CHIP acclimation pond",SCREWT,Screw Trap,174,1
3D9.1C2E060A0D,CSS-2022-247-112.xml,UWE - Upper Wenatchee River,9/5/2022 8:17:41 PM,9/5/2022 8:17:42 PM,IN-STREAM ARRAY,IN-STREAM ARRAY,9/4/2022,7,Bull Trout,R,Resident,W,Wild Fish or Natural Production,"CHIWAT - Chiwawa River Trap, 0.5 km below CHIP acclimation pond",SCREWT,Screw Trap,230,1
3D9.1C2E060CDE,CSS-2020-289-112.xml,ICL - Lower Icicle Instream Array,7/15/2021 10:23:31 PM,8/16/2021 1:46:34 AM,Downstream Array,Downstream Array,10/15/2020,7,Bull Trout,R,Resident,W,Wild Fish or Natural Production,"CHIWAT - Chiwawa River Trap, 0.5 km below CHIP acclimation pond",SCREWT,Screw Trap,197,1
3D9.1C2E061932,CSS-2020-289-112.xml,CHL - Lower Chiwawa River,10/15/2020 1:37:20 PM,10/16/2020 1:28:13 AM,LOWER IN-STREAM ARRAY,UPPER IN-STREAM ARRAY,10/15/2020,7,Bull Trout,R,Resident,W,Wild Fish or Natural Production,"CHIWAT - Chiwawa River Trap, 0.5 km below CHIP acclimation pond",SCREWT,Screw Trap,185,1
3D9.1C2E061932,CSS-2020-289-112.xml,UWE - Upper Wenatchee River,10/16/2020 5:46:18 PM,10/16/2020 5:46:19 PM,IN-STREAM ARRAY,IN-STREAM ARRAY,10/15/2020,7,Bull Trout,R,Resident,W,Wild Fish or Natural Production,"CHIWAT - Chiwawa River Trap, 0.5 km below CHIP acclimation pond",SCREWT,Screw Trap,185,1
3D9.1C2E061A30,CSS-2020-289-112.xml,UWE - Upper Wenatchee River,10/16/2020 6:15:35 PM,10/16/2020 6:15:35 PM,IN-STREAM ARRAY,IN-STREAM ARRAY,10/15/2020,7,Bull Trout,R,Resident,W,Wild Fish or Natural Production,"CHIWAT - Chiwawa River Trap, 0.5 km below CHIP acclimation pond",SCREWT,Screw Trap,230,1
3D9.1C2E061C9A,CSS-2020-321-112.xml,CHL - Lower Chiwawa River,11/16/2020 9:20:54 PM,11/16/2020 9:20:54 PM,LOWER IN-STREAM ARRAY,LOWER IN-STREAM ARRAY,11/16/2020,7,Bull Trout,R,Resident,W,Wild Fish or Natural Production,"CHIWAT - Chiwawa River Trap, 0.5 km below CHIP acclimation pond",SCREWT,Screw Trap,180,1
3D9.1C2E061C9A,CSS-2020-321-112.xml,UWE - Upper Wenatchee River,11/20/2020 8:00:53 PM,11/20/2020 8:00:53 PM,IN-STREAM ARRAY,IN-STREAM ARRAY,11/16/2020,7,Bull Trout,R,Resident,W,Wild Fish or Natural Production,"CHIWAT - Chiwawa River Trap, 0.5 km below CHIP acclimation pond",SCREWT,Screw Trap,180,1
3D9.1C2E06234B,CSS-2020-287-112.xml,CHL - Lower Chiwawa River,7/5/2023 12:55:19 AM,9/27/2023 4:06:23 AM,LOWER IN-STREAM ARRAY,LOWER IN-STREAM ARRAY,10/13/2020,7,Bull Trout,R,Resident,W,Wild Fish or Natural Production,"CHIWAT - Chiwawa River Trap, 0.5 km below CHIP acclimation pond",SCREWT,Screw Trap,120,1
3D9.1C2E06234B,CSS-2020-287-112.xml,CHU - Upper Chiwawa River,9/27/2023 1:10:39 AM,9/27/2023 1:10:39 AM,UPPER IN-STREAM ARRAY,UPPER IN-STREAM ARRAY,10/13/2020,7,Bull Trout,R,Resident,W,Wild Fish or Natural Production,"CHIWAT - Chiwawa River Trap, 0.5 km below CHIP acclimation pond",SCREWT,Screw Trap,120,1
3D9.1C2E06234B,CSS-2020-287-112.xml,LWN - Little Wenatchee River,7/3/2021 3:20:54 AM,7/3/2021 3:20:54 AM,UPPER IN-STREAM ARRAY,UPPER IN-STREAM ARRAY,10/13/2020,7,Bull Trout,R,Resident,W,Wild Fish or Natural Production,"CHIWAT - Chiwawa River Trap, 0.5 km below CHIP acclimation pond",SCREWT,Screw Trap,120,1
3D9.1C2E06236B,CSS-2020-298-112.xml,UWE - Upper Wenatchee River,10/25/2020 6:28:24 PM,10/25/2020 6:28:24 PM,IN-STREAM ARRAY,IN-STREAM ARRAY,10/24/2020,7,Bull Trout,R,Resident,W,Wild Fish or Natural Production,"CHIWAT - Chiwawa River Trap, 0.5 km below CHIP acclimation pond",SCREWT,Screw Trap,181,1
3D9.1C2E06478D,CSS-2020-330-112.xml,UWE - Upper Wenatchee River,12/4/2020 12:57:08 AM,12/4/2020 12:57:09 AM,IN-STREAM ARRAY,IN-STREAM ARRAY,11/25/2020,7,Bull Trout,R,Resident,W,Wild Fish or Natural Production,"CHIWAT - Chiwawa River Trap, 0.5 km below CHIP acclimation pond",SCREWT,Screw Trap,145,1
3D9.1C2E064F2A,CSS-2020-274-112.xml,UWE - Upper Wenatchee River,9/30/2020 11:29:36 PM,9/30/2020 11:29:37 PM,IN-STREAM ARRAY,IN-STREAM ARRAY,9/30/2020,7,Bull Trout,R,Resident,W,Wild Fish or Natural Production,"CHIWAT - Chiwawa River Trap, 0.5 km below CHIP acclimation pond",SCREWT,Screw Trap,170,1
3D9.1C2E065C3E,CSS-2020-309-112.xml,CHL - Lower Chiwawa River,10/2/2025 8:12:45 PM,10/2/2025 8:14:00 PM,UPPER IN-STREAM ARRAY,LOWER IN-STREAM ARRAY,11/4/2020,7,Bull Trout,R,Resident,W,Wild Fish or Natural Production,"CHIWAT - Chiwawa River Trap, 0.5 km below CHIP acclimation pond",SCREWT,Screw Trap,165,1
3D9.1C2E065C3E,CSS-2020-309-112.xml,CHU - Upper Chiwawa River,10/1/2025 11:46:06 PM,10/1/2025 11:46:35 PM,UPPER IN-STREAM ARRAY,LOWER IN-STREAM ARRAY,11/4/2020,7,Bull Trout,R,Resident,W,Wild Fish or Natural Production,"CHIWAT - Chiwawa River Trap, 0.5 km below CHIP acclimation pond",SCREWT,Screw Trap,165,1
3D9.1C2E065C3E,CSS-2020-309-112.xml,CWT - Chiwawa River Weir Trap Array,10/2/2025 7:51:28 PM,10/2/2025 7:51:28 PM,Single Pass,Single Pass,11/4/2020,7,Bull Trout,R,Resident,W,Wild Fish or Natural Production,"CHIWAT - Chiwawa River Trap, 0.5 km below CHIP acclimation pond",SCREWT,Screw Trap,165,1
3D9.1C2E065C3E,CSS-2020-309-112.xml,"WTL - White River, Wenatchee Basin",7/9/2024 12:02:09 AM,10/5/2025 12:45:55 PM,UPPER IN-STREAM ARRAY,UPPER IN-STREAM ARRAY,11/4/2020,7,Bull Trout,R,Resident,W,Wild Fish or Natural Production,"CHIWAT - Chiwawa River Trap, 0.5 km below CHIP acclimation pond",SCREWT,Screw Trap,165,1
3D9.1C2E065EA0,CSS-2020-313-112.xml,CHL - Lower Chiwawa River,11/8/2020 7:59:24 PM,11/8/2020 7:59:24 PM,LOWER IN-STREAM ARRAY,LOWER IN-STREAM ARRAY,11/8/2020,7,Bull Trout,R,Resident,W,Wild Fish or Natural Production,"CHIWAT - Chiwawa River Trap, 0.5 km below CHIP acclimation pond",SCREWT,Screw Trap,184,1
3D9.1C2E065F10,CSS-2020-310-112.xml,UWE - Upper Wenatchee River,11/6/2020 12:59:55 PM,11/6/2020 12:59:56 PM,IN-STREAM ARRAY,IN-STREAM ARRAY,11/5/2020,7,Bull Trout,R,Resident,W,Wild Fish or Natural Production,"CHIWAT - Chiwawa River Trap, 0.5 km below CHIP acclimation pond",SCREWT,Screw Trap,187,1
3D9.1C2E065F31,CSS-2020-278-112.xml,CHL - Lower Chiwawa River,10/3/2024 3:21:37 AM,10/1/2025 8:48:16 PM,LOWER IN-STREAM ARRAY,LOWER IN-STREAM ARRAY,10/4/2020,7,Bull Trout,R,Resident,W,Wild Fish or Natural Production,"CHIWAT - Chiwawa River Trap, 0.5 km below CHIP acclimation pond",SCREWT,Screw Trap,234,1
3D9.1C2E065F31,CSS-2020-278-112.xml,CHU - Upper Chiwawa River,10/2/2024 8:18:32 PM,10/1/2025 3:05:00 AM,UPPER IN-STREAM ARRAY,LOWER IN-STREAM ARRAY,10/4/2020,7,Bull Trout,R,Resident,W,Wild Fish or Natural Production,"CHIWAT - Chiwawa River Trap, 0.5 km below CHIP acclimation pond",SCREWT,Screw Trap,234,1
3D9.1C2E065F31,CSS-2020-278-112.xml,CWT - Chiwawa River Weir Trap Array,10/3/2024 3:44:20 AM,10/1/2025 8:38:14 PM,Single Pass,Single Pass,10/4/2020,7,Bull Trout,R,Resident,W,Wild Fish or Natural Production,"CHIWAT - Chiwawa River Trap, 0.5 km below CHIP acclimation pond",SCREWT,Screw Trap,234,1
3D9.1C2E065F31,CSS-2020-278-112.xml,UWE - Upper Wenatchee River,10/5/2020 3:57:23 AM,6/27/2023 1:59:51 AM,IN-STREAM ARRAY,IN-STREAM ARRAY,10/4/2020,7,Bull Trout,R,Resident,W,Wild Fish or Natural Production,"CHIWAT - Chiwawa River Trap, 0.5 km below CHIP acclimation pond",SCREWT,Screw Trap,234,1
3D9.1C2E0A4765,CFM-2012-086-TUM.xml,CHW - Chiwaukum Creek,8/1/2012 3:40:24 AM,9/26/2012 3:23:34 AM,DOWNSTREAM ARRAY,DOWNSTREAM ARRAY,7/23/2012,7,Bull Trout,R,Resident,W,Wild Fish or Natural Production,TUMFBY - TUM - Release into the Forebay within 0.5 km upstream of Dam,LADDER,Adult Passage Ladder,NA,1
3D9.1C2E0A4765,CFM-2012-086-TUM.xml,ICL - Lower Icicle Instream Array,9/29/2012 10:04:48 PM,9/29/2012 10:04:48 PM,INSTREAM ARRAY,INSTREAM ARRAY,7/23/2012,7,Bull Trout,R,Resident,W,Wild Fish or Natural Production,TUMFBY - TUM - Release into the Forebay within 0.5 km upstream of Dam,LADDER,Adult Passage Ladder,NA,1
3D9.1C2E0A4B00,TLM12262.AAZ,CHL - Lower Chiwawa River,10/8/2015 2:31:56 AM,9/26/2019 2:33:17 AM,LOWER IN-STREAM ARRAY,LOWER IN-STREAM ARRAY,9/24/2012,7,Bull Trout,R,Resident,W,Wild Fish or Natural Production,"CHIWAT - Chiwawa River Trap, 0.5 km below CHIP acclimation pond",SCREWT,Screw Trap,273,1
3D9.1C2E0A4B00,TLM12262.AAZ,CHU - Upper Chiwawa River,10/4/2016 11:41:35 PM,9/25/2019 3:05:22 AM,UPPER IN-STREAM ARRAY,LOWER IN-STREAM ARRAY,9/24/2012,7,Bull Trout,R,Resident,W,Wild Fish or Natural Production,"CHIWAT - Chiwawa River Trap, 0.5 km below CHIP acclimation pond",SCREWT,Screw Trap,273,1
3D9.1C2E0A4B00,TLM12262.AAZ,UWE - Upper Wenatchee River,5/29/2015 9:35:27 PM,10/4/2019 5:00:53 PM,IN-STREAM ARRAY,IN-STREAM ARRAY,9/24/2012,7,Bull Trout,R,Resident,W,Wild Fish or Natural Production,"CHIWAT - Chiwawa River Trap, 0.5 km below CHIP acclimation pond",SCREWT,Screw Trap,273,1
3D9.1C2E0A6AD5,CFM-2012-086-TUM.xml,CHW - Chiwaukum Creek,7/29/2012 10:41:23 PM,7/10/2013 12:02:45 PM,DOWNSTREAM ARRAY,UPSTREAM ARRAY,7/23/2012,7,Bull Trout,R,Resident,W,Wild Fish or Natural Production,TUMFBY - TUM - Release into the Forebay within 0.5 km upstream of Dam,LADDER,Adult Passage Ladder,NA,1
3D9.1C2E0A6AD5,CFM-2012-086-TUM.xml,TUF - Tumwater Dam Adult Fishway,7/1/2013 5:36:13 PM,7/1/2013 5:45:22 PM,WEIR 14,WEIR 17,7/23/2012,7,Bull Trout,R,Resident,W,Wild Fish or Natural Production,TUMFBY - TUM - Release into the Forebay within 0.5 km upstream of Dam,LADDER,Adult Passage Ladder,NA,1
3D9.1C2E0A945A,CFM-2012-086-TUM.xml,CHW - Chiwaukum Creek,7/29/2012 10:33:19 PM,7/29/2012 10:34:11 PM,DOWNSTREAM ARRAY,UPSTREAM ARRAY,7/23/2012,7,Bull Trout,R,Resident,W,Wild Fish or Natural Production,TUMFBY - TUM - Release into the Forebay within 0.5 km upstream of Dam,LADDER,Adult Passage Ladder,NA,1
3D9.1C2E0ACB1B,NBD14264.AAZ,CHL - Lower Chiwawa River,8/16/2017 10:13:07 PM,10/1/2019 10:49:37 PM,LOWER IN-STREAM ARRAY,UPPER IN-STREAM ARRAY,9/22/2014,7,Bull Trout,R,Resident,W,Wild Fish or Natural Production,"CHIWAT - Chiwawa River Trap, 0.5 km below CHIP acclimation pond",SCREWT,Screw Trap,215,1
3D9.1C2E0ACB1B,NBD14264.AAZ,CHU - Upper Chiwawa River,6/13/2018 10:56:35 PM,9/30/2019 9:38:49 PM,LOWER IN-STREAM ARRAY,LOWER IN-STREAM ARRAY,9/22/2014,7,Bull Trout,R,Resident,W,Wild Fish or Natural Production,"CHIWAT - Chiwawa River Trap, 0.5 km below CHIP acclimation pond",SCREWT,Screw Trap,215,1
3D9.1C2E0ACB1B,NBD14264.AAZ,CHW - Chiwaukum Creek,7/6/2015 9:00:04 PM,7/7/2015 3:27:08 AM,DOWNSTREAM ARRAY,DOWNSTREAM ARRAY,9/22/2014,7,Bull Trout,R,Resident,W,Wild Fish or Natural Production,"CHIWAT - Chiwawa River Trap, 0.5 km below CHIP acclimation pond",SCREWT,Screw Trap,215,1
3D9.1C2E0ACFAF,CFM-2012-086-TUM.xml,CHW - Chiwaukum Creek,7/31/2012 11:32:16 PM,8/2/2012 1:53:18 AM,DOWNSTREAM ARRAY,UPSTREAM ARRAY,7/23/2012,7,Bull Trout,R,Resident,W,Wild Fish or Natural Production,TUMFBY - TUM - Release into the Forebay within 0.5 km upstream of Dam,LADDER,Adult Passage Ladder,NA,1
3D9.1C2E0AD3BC,CFM12212.CHI,CHL - Lower Chiwawa River,8/18/2012 4:53:52 PM,8/18/2012 4:55:59 PM,LOWER IN-STREAM ARRAY,UPPER IN-STREAM ARRAY,8/6/2012,7,Bull Trout,R,Resident,W,Wild Fish or Natural Production,CHIWAR - Chiwawa River,WTRAP,Weir Trap,NA,1
3D9.1C2E0AD47B,CFM12212.CHI,CHL - Lower Chiwawa River,9/30/2012 1:37:21 AM,9/21/2015 3:08:21 AM,UPPER IN-STREAM ARRAY,LOWER IN-STREAM ARRAY,8/6/2012,7,Bull Trout,R,Resident,W,Wild Fish or Natural Production,CHIWAR - Chiwawa River,WTRAP,Weir Trap,NA,1
3D9.1C2E0AD47B,CFM12212.CHI,CHU - Upper Chiwawa River,8/6/2012 3:08:05 PM,7/9/2016 2:25:41 AM,LOWER IN-STREAM ARRAY,LOWER IN-STREAM ARRAY,8/6/2012,7,Bull Trout,R,Resident,W,Wild Fish or Natural Production,CHIWAR - Chiwawa River,WTRAP,Weir Trap,NA,1
3D9.1C2E0AD47B,CFM12212.CHI,UWE - Upper Wenatchee River,9/19/2014 2:39:00 AM,9/21/2015 8:36:26 PM,IN-STREAM ARRAY,IN-STREAM ARRAY,8/6/2012,7,Bull Trout,R,Resident,W,Wild Fish or Natural Production,CHIWAR - Chiwawa River,WTRAP,Weir Trap,NA,1
3D9.1C2E0AD4C1,CGS12160.TW2,TWR - Lwr Twisp Rvr near MSRF Ponds,10/4/2012 8:27:34 PM,10/4/2012 8:27:42 PM,UPPER IN-STREAM ARRAY,LOWER IN-STREAM ARRAY,7/20/2012,7,Bull Trout,R,Resident,W,Wild Fish or Natural Production,TWISPW - Twisp River Weir (WDFW),WTRAP,Weir Trap,640,1
3D9.1C2E0AD51F,TLM12275.AAZ,ICL - Lower Icicle Instream Array,11/2/2012 8:25:50 AM,11/2/2012 8:25:50 AM,INSTREAM ARRAY,INSTREAM ARRAY,10/16/2012,7,Bull Trout,R,Resident,W,Wild Fish or Natural Production,"CHIWAT - Chiwawa River Trap, 0.5 km below CHIP acclimation pond",SCREWT,Screw Trap,200,1
3D9.1C2E0AD51F,TLM12275.AAZ,LNF - Leavenworth NFH Adult Ladder,7/13/2013 5:31:14 PM,7/14/2013 1:44:59 AM,UPPER FISH LADDER,UPPER FISH LADDER,10/16/2012,7,Bull Trout,R,Resident,W,Wild Fish or Natural Production,"CHIWAT - Chiwawa River Trap, 0.5 km below CHIP acclimation pond",SCREWT,Screw Trap,200,1
3D9.1C2E0AD619,CGS-2023-271-MTT.xml,LMR - Lower Methow River at Pateros,4/12/2024 8:15:22 AM,3/25/2025 1:30:45 AM,Upstream Array,Upstream Array,9/28/2023,7,Bull Trout,R,Resident,W,Wild Fish or Natural Production,METHR - Methow River,HOOK,Hook and Line,430,1
3D9.1C2E0AD619,CGS-2023-271-MTT.xml,MRC - Methow River at Carlton,10/13/2023 10:08:13 PM,5/20/2025 8:58:45 PM,Single Array,Single Array,9/28/2023,7,Bull Trout,R,Resident,W,Wild Fish or Natural Production,METHR - Methow River,HOOK,Hook and Line,430,1
3D9.1C2E0AD619,CGS-2023-271-MTT.xml,MRW - Methow River at Winthrop,6/5/2025 11:58:29 PM,6/5/2025 11:58:29 PM,DOWNSTREAM ARRAY,DOWNSTREAM ARRAY,9/28/2023,7,Bull Trout,R,Resident,W,Wild Fish or Natural Production,METHR - Methow River,HOOK,Hook and Line,430,1
3D9.1C2E0AD73F,TLM12275.AAZ,CHL - Lower Chiwawa River,9/26/2015 10:05:29 PM,9/29/2015 9:50:41 PM,LOWER IN-STREAM ARRAY,LOWER IN-STREAM ARRAY,10/15/2012,7,Bull Trout,R,Resident,W,Wild Fish or Natural Production,"CHIWAT - Chiwawa River Trap, 0.5 km below CHIP acclimation pond",SCREWT,Screw Trap,220,1
3D9.1C2E0AD73F,TLM12275.AAZ,CHU - Upper Chiwawa River,6/27/2015 10:56:43 PM,9/25/2015 8:41:21 PM,UPPER IN-STREAM ARRAY,UPPER IN-STREAM ARRAY,10/15/2012,7,Bull Trout,R,Resident,W,Wild Fish or Natural Production,"CHIWAT - Chiwawa River Trap, 0.5 km below CHIP acclimation pond",SCREWT,Screw Trap,220,1
3D9.1C2E0AD73F,TLM12275.AAZ,UWE - Upper Wenatchee River,9/30/2015 3:04:02 AM,9/30/2015 3:04:02 AM,IN-STREAM ARRAY,IN-STREAM ARRAY,10/15/2012,7,Bull Trout,R,Resident,W,Wild Fish or Natural Production,"CHIWAT - Chiwawa River Trap, 0.5 km below CHIP acclimation pond",SCREWT,Screw Trap,220,1
3D9.1C2E0ADF2D,CFM12212.CHI,CHL - Lower Chiwawa River,9/27/2012 4:24:42 AM,9/25/2014 7:02:59 PM,LOWER IN-STREAM ARRAY,LOWER IN-STREAM ARRAY,8/1/2012,7,Bull Trout,R,Resident,W,Wild Fish or Natural Production,CHIWAR - Chiwawa River,WTRAP,Weir Trap,NA,1
3D9.1C2E0ADF2D,CFM12212.CHI,CHU - Upper Chiwawa River,8/1/2012 8:36:45 PM,9/25/2014 1:39:18 AM,LOWER IN-STREAM ARRAY,UPPER IN-STREAM ARRAY,8/1/2012,7,Bull Trout,R,Resident,W,Wild Fish or Natural Production,CHIWAR - Chiwawa River,WTRAP,Weir Trap,NA,1
3D9.1C2E0AE147,TLM12275.AAZ,CHU - Upper Chiwawa River,10/8/2016 7:36:26 PM,6/18/2018 11:52:59 PM,UPPER IN-STREAM ARRAY,LOWER IN-STREAM ARRAY,10/15/2012,7,Bull Trout,R,Resident,W,Wild Fish or Natural Production,"CHIWAT - Chiwawa River Trap, 0.5 km below CHIP acclimation pond",SCREWT,Screw Trap,172,1
3D9.1C2E0AE147,TLM12275.AAZ,UWE - Upper Wenatchee River,10/16/2012 7:01:44 AM,10/9/2016 12:57:36 AM,IN-STREAM ARRAY,IN-STREAM ARRAY,10/15/2012,7,Bull Trout,R,Resident,W,Wild Fish or Natural Production,"CHIWAT - Chiwawa River Trap, 0.5 km below CHIP acclimation pond",SCREWT,Screw Trap,172,1
3D9.1C2E0AEC9D,CFM-2013-060-TUM.xml,CHW - Chiwaukum Creek,7/17/2013 12:45:42 AM,7/17/2013 12:46:00 AM,DOWNSTREAM ARRAY,UPSTREAM ARRAY,7/9/2013,7,Bull Trout,R,Resident,W,Wild Fish or Natural Production,TUMFBY - TUM - Release into the Forebay within 0.5 km upstream of Dam,LADDER,Adult Passage Ladder,NA,1
3D9.1C2E0AECA5,CGS14153.TW1,TWR - Lwr Twisp Rvr near MSRF Ponds,7/12/2014 1:01:54 AM,7/12/2014 1:01:54 AM,LOWER IN-STREAM ARRAY,LOWER IN-STREAM ARRAY,7/8/2014,7,Bull Trout,R,Resident,W,Wild Fish or Natural Production,TWISPW - Twisp River Weir (WDFW),WTRAP,Weir Trap,630,1
3D9.1C2E0AECF9,TLM13278.AAZ,CHL - Lower Chiwawa River,1/1/2014 6:51:38 PM,1/1/2014 6:58:25 PM,UPPER IN-STREAM ARRAY,LOWER IN-STREAM ARRAY,10/5/2013,7,Bull Trout,R,Resident,W,Wild Fish or Natural Production,"CHIWAT - Chiwawa River Trap, 0.5 km below CHIP acclimation pond",SCREWT,Screw Trap,247,1
3D9.1C2E0AECF9,TLM13278.AAZ,CHU - Upper Chiwawa River,6/19/2016 8:30:05 PM,9/21/2016 8:55:41 PM,LOWER IN-STREAM ARRAY,LOWER IN-STREAM ARRAY,10/5/2013,7,Bull Trout,R,Resident,W,Wild Fish or Natural Production,"CHIWAT - Chiwawa River Trap, 0.5 km below CHIP acclimation pond",SCREWT,Screw Trap,247,1
3D9.1C2E0AECF9,TLM13278.AAZ,UWE - Upper Wenatchee River,1/3/2014 4:14:55 AM,9/22/2016 7:19:27 PM,IN-STREAM ARRAY,IN-STREAM ARRAY,10/5/2013,7,Bull Trout,R,Resident,W,Wild Fish or Natural Production,"CHIWAT - Chiwawa River Trap, 0.5 km below CHIP acclimation pond",SCREWT,Screw Trap,247,1
3D9.1C2E0AEE2E,CGS-2020-042-HL1.xml,MRC - Methow River at Carlton,7/5/2021 11:35:39 PM,7/5/2021 11:35:39 PM,Single Array,Single Array,2/3/2021,7,Bull Trout,R,Resident,W,Wild Fish or Natural Production,METHR - Methow River,HOOK,Hook and Line,390,1
3D9.1C2E0AEE3D,CFM12212.CHI,CHL - Lower Chiwawa River,7/16/2013 2:32:13 AM,9/24/2017 8:00:47 PM,LOWER IN-STREAM ARRAY,LOWER IN-STREAM ARRAY,8/2/2012,7,Bull Trout,R,Resident,W,Wild Fish or Natural Production,CHIWAR - Chiwawa River,WTRAP,Weir Trap,NA,1
3D9.1C2E0AEE3D,CFM12212.CHI,CHU - Upper Chiwawa River,8/10/2012 11:02:36 PM,9/24/2017 3:34:46 AM,LOWER IN-STREAM ARRAY,LOWER IN-STREAM ARRAY,8/2/2012,7,Bull Trout,R,Resident,W,Wild Fish or Natural Production,CHIWAR - Chiwawa River,WTRAP,Weir Trap,NA,1
3D9.1C2E0AEE3D,CFM12212.CHI,UWE - Upper Wenatchee River,9/18/2015 4:58:18 AM,9/24/2017 10:07:35 PM,IN-STREAM ARRAY,IN-STREAM ARRAY,8/2/2012,7,Bull Trout,R,Resident,W,Wild Fish or Natural Production,CHIWAR - Chiwawa River,WTRAP,Weir Trap,NA,1
3D9.1C2E0AFAE4,TLM12291.AAZ,UWE - Upper Wenatchee River,10/19/2012 1:57:27 AM,10/19/2012 1:57:27 AM,IN-STREAM ARRAY,IN-STREAM ARRAY,10/17/2012,7,Bull Trout,R,Resident,W,Wild Fish or Natural Production,"CHIWAT - Chiwawa River Trap, 0.5 km below CHIP acclimation pond",SCREWT,Screw Trap,157,1
3D9.1C2E0AFC99,TLM13264.AAZ,CHL - Lower Chiwawa River,9/29/2016 9:04:47 PM,10/4/2020 12:54:11 AM,LOWER IN-STREAM ARRAY,UPPER IN-STREAM ARRAY,9/21/2013,7,Bull Trout,R,Resident,W,Wild Fish or Natural Production,"CHIWAT - Chiwawa River Trap, 0.5 km below CHIP acclimation pond",SCREWT,Screw Trap,215,1
3D9.1C2E0AFC99,TLM13264.AAZ,CHU - Upper Chiwawa River,7/28/2016 2:38:23 AM,10/3/2020 6:09:58 PM,LOWER IN-STREAM ARRAY,LOWER IN-STREAM ARRAY,9/21/2013,7,Bull Trout,R,Resident,W,Wild Fish or Natural Production,"CHIWAT - Chiwawa River Trap, 0.5 km below CHIP acclimation pond",SCREWT,Screw Trap,215,1
3D9.1C2E0AFC99,TLM13264.AAZ,UWE - Upper Wenatchee River,7/25/2016 9:53:43 PM,10/4/2020 7:14:56 PM,IN-STREAM ARRAY,IN-STREAM ARRAY,9/21/2013,7,Bull Trout,R,Resident,W,Wild Fish or Natural Production,"CHIWAT - Chiwawa River Trap, 0.5 km below CHIP acclimation pond",SCREWT,Screw Trap,215,1
3D9.1C2E0B003A,CFM-2012-086-TUM.xml,CHW - Chiwaukum Creek,7/30/2012 11:50:55 PM,9/25/2012 2:56:16 AM,DOWNSTREAM ARRAY,DOWNSTREAM ARRAY,7/25/2012,7,Bull Trout,R,Resident,W,Wild Fish or Natural Production,TUMFBY - TUM - Release into the Forebay within 0.5 km upstream of Dam,LADDER,Adult Passage Ladder,NA,1
3D9.1C2E0B012A,CFM-2012-086-TUM.xml,CHW - Chiwaukum Creek,8/5/2012 12:16:15 AM,7/22/2013 4:39:46 AM,DOWNSTREAM ARRAY,UPSTREAM ARRAY,7/25/2012,7,Bull Trout,R,Resident,W,Wild Fish or Natural Production,TUMFBY - TUM - Release into the Forebay within 0.5 km upstream of Dam,LADDER,Adult Passage Ladder,NA,1
3D9.1C2E0B012A,CFM-2012-086-TUM.xml,LWE - Lower Wenatchee River,1/2/2013 9:56:08 AM,3/13/2013 10:08:21 PM,UPSTREAM ANTENNA ARRAY,UPSTREAM ANTENNA ARRAY,7/25/2012,7,Bull Trout,R,Resident,W,Wild Fish or Natural Production,TUMFBY - TUM - Release into the Forebay within 0.5 km upstream of Dam,LADDER,Adult Passage Ladder,NA,1
3D9.1C2E0B012A,CFM-2012-086-TUM.xml,TUF - Tumwater Dam Adult Fishway,7/9/2013 6:52:09 PM,7/11/2013 4:34:49 AM,WEIR 14,WEIR 17,7/25/2012,7,Bull Trout,R,Resident,W,Wild Fish or Natural Production,TUMFBY - TUM - Release into the Forebay within 0.5 km upstream of Dam,LADDER,Adult Passage Ladder,NA,1
3D9.1C2E0B0830,CFM-2013-060-TUM.xml,CHW - Chiwaukum Creek,7/9/2013 5:12:54 AM,7/4/2014 11:41:47 PM,DOWNSTREAM ARRAY,UPSTREAM ARRAY,6/27/2013,7,Bull Trout,R,Resident,W,Wild Fish or Natural Production,TUMFBY - TUM - Release into the Forebay within 0.5 km upstream of Dam,LADDER,Adult Passage Ladder,NA,1
3D9.1C2E0B0830,CFM-2013-060-TUM.xml,LWE - Lower Wenatchee River,9/18/2013 11:23:37 PM,9/18/2013 11:23:37 PM,DOWNSTREAM ANTENNA ARRAY,DOWNSTREAM ANTENNA ARRAY,6/27/2013,7,Bull Trout,R,Resident,W,Wild Fish or Natural Production,TUMFBY - TUM - Release into the Forebay within 0.5 km upstream of Dam,LADDER,Adult Passage Ladder,NA,1
3D9.1C2E0B0830,CFM-2013-060-TUM.xml,TUF - Tumwater Dam Adult Fishway,6/23/2014 2:19:32 PM,6/23/2014 2:26:49 PM,WEIR 14,WEIR 17,6/27/2013,7,Bull Trout,R,Resident,W,Wild Fish or Natural Production,TUMFBY - TUM - Release into the Forebay within 0.5 km upstream of Dam,LADDER,Adult Passage Ladder,NA,1
3D9.1C2E0B1078,NBD14265.AAZ,CHL - Lower Chiwawa River,9/24/2014 8:05:26 PM,9/24/2014 8:05:26 PM,UPPER IN-STREAM ARRAY,UPPER IN-STREAM ARRAY,9/22/2014,7,Bull Trout,R,Resident,W,Wild Fish or Natural Production,"CHIWAT - Chiwawa River Trap, 0.5 km below CHIP acclimation pond",SCREWT,Screw Trap,206,1
3D9.1C2E0B1078,NBD14265.AAZ,UWE - Upper Wenatchee River,9/25/2014 4:55:05 AM,9/25/2014 4:55:05 AM,IN-STREAM ARRAY,IN-STREAM ARRAY,9/22/2014,7,Bull Trout,R,Resident,W,Wild Fish or Natural Production,"CHIWAT - Chiwawa River Trap, 0.5 km below CHIP acclimation pond",SCREWT,Screw Trap,206,1
3D9.1C2E0B110E,CFM12212.CHI,CHL - Lower Chiwawa River,9/23/2012 1:39:11 AM,9/17/2014 10:54:32 PM,UPPER IN-STREAM ARRAY,UPPER IN-STREAM ARRAY,8/2/2012,7,Bull Trout,R,Resident,W,Wild Fish or Natural Production,CHIWAR - Chiwawa River,WTRAP,Weir Trap,NA,1
3D9.1C2E0B110E,CFM12212.CHI,CHU - Upper Chiwawa River,8/19/2012 8:54:19 PM,8/19/2012 8:54:19 PM,UPPER IN-STREAM ARRAY,UPPER IN-STREAM ARRAY,8/2/2012,7,Bull Trout,R,Resident,W,Wild Fish or Natural Production,CHIWAR - Chiwawa River,WTRAP,Weir Trap,NA,1
3D9.1C2E0B1AB4,TLM12158.AAZ,ICL - Lower Icicle Instream Array,8/7/2012 9:39:40 PM,8/7/2012 9:39:42 PM,INSTREAM ARRAY,INSTREAM ARRAY,6/6/2012,7,Bull Trout,R,Resident,W,Wild Fish or Natural Production,"CHIWAT - Chiwawa River Trap, 0.5 km below CHIP acclimation pond",SCREWT,Screw Trap,143,1
3D9.1C2E0B261D,NBD14269.AAZ,CHL - Lower Chiwawa River,6/5/2015 1:20:44 AM,9/20/2016 8:10:12 PM,LOWER IN-STREAM ARRAY,LOWER IN-STREAM ARRAY,9/26/2014,7,Bull Trout,R,Resident,W,Wild Fish or Natural Production,"CHIWAT - Chiwawa River Trap, 0.5 km below CHIP acclimation pond",SCREWT,Screw Trap,470,1
3D9.1C2E0B261D,NBD14269.AAZ,CHU - Upper Chiwawa River,6/18/2015 11:53:12 PM,9/20/2016 2:58:11 AM,LOWER IN-STREAM ARRAY,LOWER IN-STREAM ARRAY,9/26/2014,7,Bull Trout,R,Resident,W,Wild Fish or Natural Production,"CHIWAT - Chiwawa River Trap, 0.5 km below CHIP acclimation pond",SCREWT,Screw Trap,470,1
3D9.1C2E0B261D,NBD14269.AAZ,UWE - Upper Wenatchee River,9/26/2014 10:32:53 PM,9/21/2016 8:42:43 PM,IN-STREAM ARRAY,IN-STREAM ARRAY,9/26/2014,7,Bull Trout,R,Resident,W,Wild Fish or Natural Production,"CHIWAT - Chiwawa River Trap, 0.5 km below CHIP acclimation pond",SCREWT,Screw Trap,470,1
3D9.1C2E0B2D1E,NBD14270.AAZ,UWE - Upper Wenatchee River,9/27/2014 11:53:25 PM,9/27/2014 11:53:25 PM,IN-STREAM ARRAY,IN-STREAM ARRAY,9/27/2014,7,Bull Trout,R,Resident,W,Wild Fish or Natural Production,"CHIWAT - Chiwawa River Trap, 0.5 km below CHIP acclimation pond",SCREWT,Screw Trap,231,1
3D9.1C2E0B2ED9,TLM12315.AAZ,UWE - Upper Wenatchee River,11/11/2012 11:50:00 PM,11/11/2012 11:50:00 PM,IN-STREAM ARRAY,IN-STREAM ARRAY,11/10/2012,7,Bull Trout,R,Resident,W,Wild Fish or Natural Production,"CHIWAT - Chiwawa River Trap, 0.5 km below CHIP acclimation pond",SCREWT,Screw Trap,192,1
3D9.1C2E0B2EE1,TLM12308.AAZ,UWE - Upper Wenatchee River,11/6/2012 11:14:29 AM,11/6/2012 11:15:35 AM,IN-STREAM ARRAY,IN-STREAM ARRAY,11/3/2012,7,Bull Trout,R,Resident,W,Wild Fish or Natural Production,"CHIWAT - Chiwawa River Trap, 0.5 km below CHIP acclimation pond",SCREWT,Screw Trap,179,1
3D9.1C2E0B2EF1,CGS14153.TW1,TWR - Lwr Twisp Rvr near MSRF Ponds,7/11/2014 11:10:42 PM,7/11/2014 11:10:42 PM,LOWER IN-STREAM ARRAY,LOWER IN-STREAM ARRAY,7/8/2014,7,Bull Trout,R,Resident,W,Wild Fish or Natural Production,TWISPW - Twisp River Weir (WDFW),WTRAP,Weir Trap,560,1
3D9.1C2E0B31B1,TLM12292.AAZ,UWE - Upper Wenatchee River,10/19/2012 7:10:30 PM,10/19/2012 7:10:30 PM,IN-STREAM ARRAY,IN-STREAM ARRAY,10/18/2012,7,Bull Trout,R,Resident,W,Wild Fish or Natural Production,"CHIWAT - Chiwawa River Trap, 0.5 km below CHIP acclimation pond",SCREWT,Screw Trap,554,1
3D9.1C2E0B3E76,CFM12212.CHI,CHL - Lower Chiwawa River,8/20/2012 10:46:57 AM,8/20/2012 10:46:57 AM,UPPER IN-STREAM ARRAY,UPPER IN-STREAM ARRAY,8/2/2012,7,Bull Trout,R,Resident,W,Wild Fish or Natural Production,CHIWAR - Chiwawa River,WTRAP,Weir Trap,NA,1
3D9.1C2E0B3F26,TLM12267.AAZ,CHL - Lower Chiwawa River,9/23/2013 6:32:02 AM,9/19/2015 7:37:37 PM,UPPER IN-STREAM ARRAY,LOWER IN-STREAM ARRAY,9/23/2012,7,Bull Trout,R,Resident,W,Wild Fish or Natural Production,"CHIWAT - Chiwawa River Trap, 0.5 km below CHIP acclimation pond",SCREWT,Screw Trap,530,1
3D9.1C2E0B3F26,TLM12267.AAZ,CHU - Upper Chiwawa River,6/10/2015 11:47:10 AM,9/19/2015 1:21:58 AM,LOWER IN-STREAM ARRAY,UPPER IN-STREAM ARRAY,9/23/2012,7,Bull Trout,R,Resident,W,Wild Fish or Natural Production,"CHIWAT - Chiwawa River Trap, 0.5 km below CHIP acclimation pond",SCREWT,Screw Trap,530,1
3D9.1C2E0B3F26,TLM12267.AAZ,UWE - Upper Wenatchee River,9/22/2014 4:12:34 AM,9/19/2015 11:51:57 PM,IN-STREAM ARRAY,IN-STREAM ARRAY,9/23/2012,7,Bull Trout,R,Resident,W,Wild Fish or Natural Production,"CHIWAT - Chiwawa River Trap, 0.5 km below CHIP acclimation pond",SCREWT,Screw Trap,530,1
3D9.1C2E0B48AF,TLM12282.AAZ,CHU - Upper Chiwawa River,5/31/2016 2:43:41 AM,6/9/2019 8:21:00 PM,LOWER IN-STREAM ARRAY,UPPER IN-STREAM ARRAY,10/8/2012,7,Bull Trout,R,Resident,W,Wild Fish or Natural Production,"CHIWAT - Chiwawa River Trap, 0.5 km below CHIP acclimation pond",SCREWT,Screw Trap,185,1
3D9.1C2E0B48AF,TLM12282.AAZ,UWE - Upper Wenatchee River,9/24/2016 1:00:50 AM,9/30/2018 8:18:57 AM,IN-STREAM ARRAY,IN-STREAM ARRAY,10/8/2012,7,Bull Trout,R,Resident,W,Wild Fish or Natural Production,"CHIWAT - Chiwawa River Trap, 0.5 km below CHIP acclimation pond",SCREWT,Screw Trap,185,1
3D9.1C2E0B4B30,CFM-2013-060-TUM.xml,CHW - Chiwaukum Creek,7/14/2013 12:18:34 AM,7/14/2013 12:19:12 AM,DOWNSTREAM ARRAY,UPSTREAM ARRAY,6/27/2013,7,Bull Trout,R,Resident,W,Wild Fish or Natural Production,TUMFBY - TUM - Release into the Forebay within 0.5 km upstream of Dam,LADDER,Adult Passage Ladder,NA,1
3D9.1C2E0B53C1,NBD14269.AAZ,UWE - Upper Wenatchee River,10/19/2014 6:47:54 PM,10/19/2014 6:47:54 PM,IN-STREAM ARRAY,IN-STREAM ARRAY,9/26/2014,7,Bull Trout,R,Resident,W,Wild Fish or Natural Production,"CHIWAT - Chiwawa River Trap, 0.5 km below CHIP acclimation pond",SCREWT,Screw Trap,215,1
3D9.1C2E0B5AB3,TLM12318.AAZ,CHL - Lower Chiwawa River,11/14/2012 7:37:17 AM,11/14/2012 7:37:17 AM,LOWER IN-STREAM ARRAY,LOWER IN-STREAM ARRAY,11/14/2012,7,Bull Trout,R,Resident,W,Wild Fish or Natural Production,"CHIWAT - Chiwawa River Trap, 0.5 km below CHIP acclimation pond",SCREWT,Screw Trap,148,1
3D9.1C2E0B5ACE,CFM12212.CHI,CHL - Lower Chiwawa River,9/25/2012 5:02:23 AM,9/25/2012 5:02:23 AM,LOWER IN-STREAM ARRAY,LOWER IN-STREAM ARRAY,8/2/2012,7,Bull Trout,R,Resident,W,Wild Fish or Natural Production,CHIWAR - Chiwawa River,WTRAP,Weir Trap,NA,1
3D9.1C2E0B5ACE,CFM12212.CHI,CHU - Upper Chiwawa River,8/18/2012 9:14:40 PM,9/25/2012 1:31:27 AM,UPPER IN-STREAM ARRAY,UPPER IN-STREAM ARRAY,8/2/2012,7,Bull Trout,R,Resident,W,Wild Fish or Natural Production,CHIWAR - Chiwawa River,WTRAP,Weir Trap,NA,1
3D9.1C2E0B5C22,NBD14269.AAZ,CHL - Lower Chiwawa River,7/3/2016 4:01:02 AM,7/3/2016 4:01:02 AM,UPPER IN-STREAM ARRAY,UPPER IN-STREAM ARRAY,9/26/2014,7,Bull Trout,R,Resident,W,Wild Fish or Natural Production,"CHIWAT - Chiwawa River Trap, 0.5 km below CHIP acclimation pond",SCREWT,Screw Trap,305,1
3D9.1C2E0B5C22,NBD14269.AAZ,UWE - Upper Wenatchee River,9/28/2014 7:25:16 PM,9/28/2014 7:25:16 PM,IN-STREAM ARRAY,IN-STREAM ARRAY,9/26/2014,7,Bull Trout,R,Resident,W,Wild Fish or Natural Production,"CHIWAT - Chiwawa River Trap, 0.5 km below CHIP acclimation pond",SCREWT,Screw Trap,305,1
3D9.1C2E0B5E32,CGS14153.TW1,"GLC - Gold Creek, Methow River",7/11/2014 9:27:23 PM,7/11/2014 10:29:50 PM,LOWER IN-STREAM ARRAY,LOWER IN-STREAM ARRAY,7/5/2014,7,Bull Trout,R,Resident,W,Wild Fish or Natural Production,TWISPW - Twisp River Weir (WDFW),WTRAP,Weir Trap,600,1
3D9.1C2E0B5E32,CGS14153.TW1,MRC - Methow River at Carlton,11/9/2016 2:34:57 AM,11/9/2016 2:34:57 AM,Single Array,Single Array,7/5/2014,7,Bull Trout,R,Resident,W,Wild Fish or Natural Production,TWISPW - Twisp River Weir (WDFW),WTRAP,Weir Trap,600,1
3D9.1C2E0B5E32,CGS14153.TW1,RRJ - Rocky Reach Dam Juvenile,6/24/2017 3:10:31 PM,6/24/2017 3:10:31 PM,DSM Bypass Surface Collector,DSM Bypass Surface Collector,7/5/2014,7,Bull Trout,R,Resident,W,Wild Fish or Natural Production,TWISPW - Twisp River Weir (WDFW),WTRAP,Weir Trap,600,1
3D9.1C2E0B5E32,CGS14153.TW1,TWR - Lwr Twisp Rvr near MSRF Ponds,7/9/2014 11:50:12 PM,10/13/2016 1:07:22 AM,LOWER IN-STREAM ARRAY,LOWER IN-STREAM ARRAY,7/5/2014,7,Bull Trout,R,Resident,W,Wild Fish or Natural Production,TWISPW - Twisp River Weir (WDFW),WTRAP,Weir Trap,600,1
3D9.1C2E0B5E32,CGS14153.TW1,"WEA - Wells Dam, DCPUD Adult Ladders",6/14/2017 4:08:59 PM,6/14/2017 4:08:59 PM,West Trap,West Trap,7/5/2014,7,Bull Trout,R,Resident,W,Wild Fish or Natural Production,TWISPW - Twisp River Weir (WDFW),WTRAP,Weir Trap,600,1
3D9.1C2E0B5E66,CFM-2013-060-TUM.xml,CHW - Chiwaukum Creek,7/9/2013 12:59:29 AM,7/9/2013 12:59:56 AM,DOWNSTREAM ARRAY,UPSTREAM ARRAY,7/1/2013,7,Bull Trout,R,Resident,W,Wild Fish or Natural Production,TUMFBY - TUM - Release into the Forebay within 0.5 km upstream of Dam,LADDER,Adult Passage Ladder,NA,1
3D9.1C2E0B6B0D,TLM12275.AAZ,ICL - Lower Icicle Instream Array,7/25/2013 10:08:47 PM,7/25/2013 10:08:47 PM,INSTREAM ARRAY,INSTREAM ARRAY,10/16/2012,7,Bull Trout,R,Resident,W,Wild Fish or Natural Production,"CHIWAT - Chiwawa River Trap, 0.5 km below CHIP acclimation pond",SCREWT,Screw Trap,210,1
3D9.1C2E0B6BB8,TLM13277.AAZ,CHL - Lower Chiwawa River,10/4/2013 1:30:49 PM,7/11/2017 11:26:43 PM,LOWER IN-STREAM ARRAY,UPPER IN-STREAM ARRAY,10/4/2013,7,Bull Trout,R,Resident,W,Wild Fish or Natural Production,"CHIWAT - Chiwawa River Trap, 0.5 km below CHIP acclimation pond",SCREWT,Screw Trap,202,1
3D9.1C2E0B6BB8,TLM13277.AAZ,CHU - Upper Chiwawa River,7/15/2017 3:46:23 AM,9/29/2017 7:01:51 PM,UPPER IN-STREAM ARRAY,UPPER IN-STREAM ARRAY,10/4/2013,7,Bull Trout,R,Resident,W,Wild Fish or Natural Production,"CHIWAT - Chiwawa River Trap, 0.5 km below CHIP acclimation pond",SCREWT,Screw Trap,202,1
3D9.1C2E0B6BB8,TLM13277.AAZ,UWE - Upper Wenatchee River,9/30/2017 4:04:06 AM,9/30/2017 4:04:06 AM,IN-STREAM ARRAY,IN-STREAM ARRAY,10/4/2013,7,Bull Trout,R,Resident,W,Wild Fish or Natural Production,"CHIWAT - Chiwawa River Trap, 0.5 km below CHIP acclimation pond",SCREWT,Screw Trap,202,1
3D9.1C2E0B6BB8,TLM13277.AAZ,"WTL - White River, Wenatchee Basin",4/16/2017 10:46:58 PM,10/1/2017 6:49:44 PM,LOWER IN-STREAM ARRAY,UPPER IN-STREAM ARRAY,10/4/2013,7,Bull Trout,R,Resident,W,Wild Fish or Natural Production,"CHIWAT - Chiwawa River Trap, 0.5 km below CHIP acclimation pond",SCREWT,Screw Trap,202,1
3D9.1C2E0B6BC6,CGS12160.TW2,"GLC - Gold Creek, Methow River",7/13/2014 8:29:59 AM,7/13/2014 7:02:06 PM,UPPER IN-STREAM ARRAY,UPPER IN-STREAM ARRAY,7/15/2012,7,Bull Trout,R,Resident,W,Wild Fish or Natural Production,TWISPW - Twisp River Weir (WDFW),WTRAP,Weir Trap,570,1
3D9.1C2E0B6BC6,CGS12160.TW2,TWR - Lwr Twisp Rvr near MSRF Ponds,10/16/2012 7:10:34 PM,9/29/2013 8:57:14 PM,UPPER IN-STREAM ARRAY,LOWER IN-STREAM ARRAY,7/15/2012,7,Bull Trout,R,Resident,W,Wild Fish or Natural Production,TWISPW - Twisp River Weir (WDFW),WTRAP,Weir Trap,570,1
3D9.1C2E0B6C0E,CGS14153.TW1,TWR - Lwr Twisp Rvr near MSRF Ponds,7/11/2014 10:07:38 PM,9/19/2014 4:18:35 AM,LOWER IN-STREAM ARRAY,LOWER IN-STREAM ARRAY,7/6/2014,7,Bull Trout,R,Resident,W,Wild Fish or Natural Production,TWISPW - Twisp River Weir (WDFW),WTRAP,Weir Trap,670,1
3D9.1C2E0B6C16,TLM12291.AAZ,UWE - Upper Wenatchee River,10/18/2012 6:28:11 PM,10/18/2012 6:28:11 PM,IN-STREAM ARRAY,IN-STREAM ARRAY,10/17/2012,7,Bull Trout,R,Resident,W,Wild Fish or Natural Production,"CHIWAT - Chiwawa River Trap, 0.5 km below CHIP acclimation pond",SCREWT,Screw Trap,179,1
3D9.1C2E0B6C18,TLM13186.AAZ,CHL - Lower Chiwawa River,7/6/2013 11:01:52 PM,7/6/2013 11:01:52 PM,LOWER IN-STREAM ARRAY,LOWER IN-STREAM ARRAY,7/5/2013,7,Bull Trout,R,Resident,W,Wild Fish or Natural Production,"CHIWAT - Chiwawa River Trap, 0.5 km below CHIP acclimation pond",SCREWT,Screw Trap,130,1
3D9.1C2E0B6C57,TLM12291.AAZ,CHL - Lower Chiwawa River,10/17/2012 3:57:18 PM,10/17/2012 3:58:57 PM,LOWER IN-STREAM ARRAY,UPPER IN-STREAM ARRAY,10/17/2012,7,Bull Trout,R,Resident,W,Wild Fish or Natural Production,"CHIWAT - Chiwawa River Trap, 0.5 km below CHIP acclimation pond",SCREWT,Screw Trap,211,1
3D9.1C2E0B6C63,CFM-2013-060-TUM.xml,CHW - Chiwaukum Creek,7/12/2013 1:18:45 AM,7/12/2013 1:18:45 AM,DOWNSTREAM ARRAY,DOWNSTREAM ARRAY,6/27/2013,7,Bull Trout,R,Resident,W,Wild Fish or Natural Production,TUMFBY - TUM - Release into the Forebay within 0.5 km upstream of Dam,LADDER,Adult Passage Ladder,NA,1
3D9.1C2E0B6CA2,TLM12256.AAZ,CHL - Lower Chiwawa River,9/12/2012 11:47:10 AM,9/12/2012 11:47:10 AM,UPPER IN-STREAM ARRAY,UPPER IN-STREAM ARRAY,9/12/2012,7,Bull Trout,R,Resident,W,Wild Fish or Natural Production,"CHIWAT - Chiwawa River Trap, 0.5 km below CHIP acclimation pond",SCREWT,Screw Trap,206,1
3D9.1C2E0B6CF4,TLM12310.AAZ,CHL - Lower Chiwawa River,9/23/2017 12:19:33 AM,9/23/2017 12:19:33 AM,LOWER IN-STREAM ARRAY,LOWER IN-STREAM ARRAY,11/5/2012,7,Bull Trout,R,Resident,W,Wild Fish or Natural Production,"CHIWAT - Chiwawa River Trap, 0.5 km below CHIP acclimation pond",SCREWT,Screw Trap,232,1
3D9.1C2E0B6CF4,TLM12310.AAZ,CHU - Upper Chiwawa River,7/17/2016 8:35:20 PM,7/31/2018 12:51:04 AM,LOWER IN-STREAM ARRAY,LOWER IN-STREAM ARRAY,11/5/2012,7,Bull Trout,R,Resident,W,Wild Fish or Natural Production,"CHIWAT - Chiwawa River Trap, 0.5 km below CHIP acclimation pond",SCREWT,Screw Trap,232,1
3D9.1C2E0B6CF4,TLM12310.AAZ,LWN - Little Wenatchee River,6/27/2013 3:14:16 AM,10/18/2017 6:27:44 PM,LOWER IN-STREAM ARRAY,UPPER IN-STREAM ARRAY,11/5/2012,7,Bull Trout,R,Resident,W,Wild Fish or Natural Production,"CHIWAT - Chiwawa River Trap, 0.5 km below CHIP acclimation pond",SCREWT,Screw Trap,232,1
3D9.1C2E0B6CF4,TLM12310.AAZ,UWE - Upper Wenatchee River,10/5/2016 5:12:30 AM,9/23/2017 2:38:39 AM,IN-STREAM ARRAY,IN-STREAM ARRAY,11/5/2012,7,Bull Trout,R,Resident,W,Wild Fish or Natural Production,"CHIWAT - Chiwawa River Trap, 0.5 km below CHIP acclimation pond",SCREWT,Screw Trap,232,1
3D9.1C2E0B6FAE,TLM12306.AAZ,UWE - Upper Wenatchee River,11/3/2012 7:43:41 AM,11/3/2012 7:43:41 AM,IN-STREAM ARRAY,IN-STREAM ARRAY,11/1/2012,7,Bull Trout,R,Resident,W,Wild Fish or Natural Production,"CHIWAT - Chiwawa River Trap, 0.5 km below CHIP acclimation pond",SCREWT,Screw Trap,191,1
3D9.1C2E0B7140,NBD14263.AAZ,ENA - Upper Entiat River at rkm 17.1,7/4/2015 11:14:57 PM,7/4/2015 11:14:57 PM,UPSTREAM ANTENNA ARRAY,UPSTREAM ANTENNA ARRAY,9/22/2014,7,Bull Trout,R,Resident,W,Wild Fish or Natural Production,"CHIWAT - Chiwawa River Trap, 0.5 km below CHIP acclimation pond",SCREWT,Screw Trap,243,1
3D9.1C2E0B7140,NBD14263.AAZ,ENL - Lower Entiat River,6/30/2015 10:31:52 PM,6/30/2015 10:32:34 PM,LOWER IN-STREAM ARRAY,UPPER IN-STREAM ARRAY,9/22/2014,7,Bull Trout,R,Resident,W,Wild Fish or Natural Production,"CHIWAT - Chiwawa River Trap, 0.5 km below CHIP acclimation pond",SCREWT,Screw Trap,243,1
3D9.1C2E0B7140,NBD14263.AAZ,RRF - Rocky Reach Fishway,12/17/2014 7:55:40 AM,12/17/2014 8:15:31 AM,Lower Weir,Trap,9/22/2014,7,Bull Trout,R,Resident,W,Wild Fish or Natural Production,"CHIWAT - Chiwawa River Trap, 0.5 km below CHIP acclimation pond",SCREWT,Screw Trap,243,1
3D9.1C2E0B7140,NBD14263.AAZ,"WEA - Wells Dam, DCPUD Adult Ladders",12/25/2014 5:37:01 PM,12/25/2014 5:37:01 PM,RIGHT LADDER POOL 19,RIGHT LADDER POOL 19,9/22/2014,7,Bull Trout,R,Resident,W,Wild Fish or Natural Production,"CHIWAT - Chiwawa River Trap, 0.5 km below CHIP acclimation pond",SCREWT,Screw Trap,243,1
3D9.1C2E0B7143,TLM12275.AAZ,CHL - Lower Chiwawa River,10/6/2012 3:32:32 PM,10/6/2012 3:32:42 PM,UPPER IN-STREAM ARRAY,UPPER IN-STREAM ARRAY,10/6/2012,7,Bull Trout,R,Resident,W,Wild Fish or Natural Production,"CHIWAT - Chiwawa River Trap, 0.5 km below CHIP acclimation pond",SCREWT,Screw Trap,230,1
3D9.1C2E0B7143,TLM12275.AAZ,CHU - Upper Chiwawa River,9/20/2016 10:20:09 PM,9/20/2016 10:20:09 PM,LOWER IN-STREAM ARRAY,LOWER IN-STREAM ARRAY,10/6/2012,7,Bull Trout,R,Resident,W,Wild Fish or Natural Production,"CHIWAT - Chiwawa River Trap, 0.5 km below CHIP acclimation pond",SCREWT,Screw Trap,230,1
3D9.1C2E0B7143,TLM12275.AAZ,UWE - Upper Wenatchee River,10/16/2012 9:42:40 AM,10/16/2012 9:42:40 AM,IN-STREAM ARRAY,IN-STREAM ARRAY,10/6/2012,7,Bull Trout,R,Resident,W,Wild Fish or Natural Production,"CHIWAT - Chiwawa River Trap, 0.5 km below CHIP acclimation pond",SCREWT,Screw Trap,230,1
3D9.1C2E0B716E,CFM12212.CHI,CHL - Lower Chiwawa River,10/1/2012 9:20:19 PM,10/5/2014 2:36:41 AM,UPPER IN-STREAM ARRAY,LOWER IN-STREAM ARRAY,8/6/2012,7,Bull Trout,R,Resident,W,Wild Fish or Natural Production,CHIWAR - Chiwawa River,WTRAP,Weir Trap,NA,1
3D9.1C2E0B716E,CFM12212.CHI,CHU - Upper Chiwawa River,8/6/2012 11:03:16 AM,10/4/2014 9:05:20 PM,LOWER IN-STREAM ARRAY,UPPER IN-STREAM ARRAY,8/6/2012,7,Bull Trout,R,Resident,W,Wild Fish or Natural Production,CHIWAR - Chiwawa River,WTRAP,Weir Trap,NA,1
3D9.1C2E0B716E,CFM12212.CHI,TUF - Tumwater Dam Adult Fishway,6/25/2013 7:38:51 AM,6/24/2014 5:22:25 AM,WEIR 14,WEIR 17,8/6/2012,7,Bull Trout,R,Resident,W,Wild Fish or Natural Production,CHIWAR - Chiwawa River,WTRAP,Weir Trap,NA,1
3D9.1C2E0B71C5,NBD14263.AAZ,UWE - Upper Wenatchee River,9/22/2014 9:02:16 PM,9/22/2014 9:02:16 PM,IN-STREAM ARRAY,IN-STREAM ARRAY,9/22/2014,7,Bull Trout,R,Resident,W,Wild Fish or Natural Production,"CHIWAT - Chiwawa River Trap, 0.5 km below CHIP acclimation pond",SCREWT,Screw Trap,241,1
3D9.1C2E0B730C,NBD-2014-085-TUM.json,CHL - Lower Chiwawa River,10/6/2014 9:43:01 PM,9/28/2015 7:49:11 PM,LOWER IN-STREAM ARRAY,LOWER IN-STREAM ARRAY,7/12/2014,7,Bull Trout,R,Resident,W,Wild Fish or Natural Production,TUMFBY - TUM - Release into the Forebay within 0.5 km upstream of Dam,LADDER,Adult Passage Ladder,NA,1
3D9.1C2E0B730C,NBD-2014-085-TUM.json,CHU - Upper Chiwawa River,7/22/2014 12:30:38 AM,9/28/2015 1:10:35 AM,LOWER IN-STREAM ARRAY,LOWER IN-STREAM ARRAY,7/12/2014,7,Bull Trout,R,Resident,W,Wild Fish or Natural Production,TUMFBY - TUM - Release into the Forebay within 0.5 km upstream of Dam,LADDER,Adult Passage Ladder,NA,1
3D9.1C2E0B730C,NBD-2014-085-TUM.json,UWE - Upper Wenatchee River,9/29/2015 12:28:59 AM,9/29/2015 12:28:59 AM,IN-STREAM ARRAY,IN-STREAM ARRAY,7/12/2014,7,Bull Trout,R,Resident,W,Wild Fish or Natural Production,TUMFBY - TUM - Release into the Forebay within 0.5 km upstream of Dam,LADDER,Adult Passage Ladder,NA,1
3D9.1C2E0B7314,CGS14153.TW1,TWR - Lwr Twisp Rvr near MSRF Ponds,8/9/2014 11:18:22 PM,8/9/2014 11:18:22 PM,UPPER IN-STREAM ARRAY,UPPER IN-STREAM ARRAY,7/7/2014,7,Bull Trout,R,Resident,W,Wild Fish or Natural Production,TWISPW - Twisp River Weir (WDFW),WTRAP,Weir Trap,660,1
3D9.1C2E0B734F,CGS12160.TW2,TWR - Lwr Twisp Rvr near MSRF Ponds,10/17/2012 2:37:12 AM,10/26/2014 12:26:50 AM,UPPER IN-STREAM ARRAY,LOWER IN-STREAM ARRAY,7/12/2012,7,Bull Trout,R,Resident,W,Wild Fish or Natural Production,TWISPW - Twisp River Weir (WDFW),WTRAP,Weir Trap,550,1
3D9.1C2E0B734F,CGS12160.TW2,"WEA - Wells Dam, DCPUD Adult Ladders",5/25/2014 3:13:44 PM,5/9/2015 7:06:44 PM,RIGHT LADDER POOL 67,RIGHT LADDER POOL 68,7/12/2012,7,Bull Trout,R,Resident,W,Wild Fish or Natural Production,TWISPW - Twisp River Weir (WDFW),WTRAP,Weir Trap,550,1
3D9.1C2E0B7352,NBD14265.AAZ,CHU - Upper Chiwawa River,6/26/2015 9:47:52 PM,6/26/2015 9:47:52 PM,UPPER IN-STREAM ARRAY,UPPER IN-STREAM ARRAY,9/22/2014,7,Bull Trout,R,Resident,W,Wild Fish or Natural Production,"CHIWAT - Chiwawa River Trap, 0.5 km below CHIP acclimation pond",SCREWT,Screw Trap,410,1
3D9.1C2E0B7376,NBD14269.AAZ,CHL - Lower Chiwawa River,9/26/2014 12:09:45 PM,9/26/2014 12:09:45 PM,LOWER IN-STREAM ARRAY,LOWER IN-STREAM ARRAY,9/26/2014,7,Bull Trout,R,Resident,W,Wild Fish or Natural Production,"CHIWAT - Chiwawa River Trap, 0.5 km below CHIP acclimation pond",SCREWT,Screw Trap,252,1
3D9.1C2E0B7385,CFM12212.CHI,CHU - Upper Chiwawa River,8/1/2012 6:05:50 PM,8/1/2012 6:05:50 PM,LOWER IN-STREAM ARRAY,LOWER IN-STREAM ARRAY,8/1/2012,7,Bull Trout,R,Resident,W,Wild Fish or Natural Production,CHIWAR - Chiwawa River,WTRAP,Weir Trap,NA,1
3D9.1C2E0B738E,CGS12160.TW2,LMR - Lower Methow River at Pateros,9/22/2013 10:04:29 PM,9/22/2013 10:04:29 PM,UPSTREAM FULL-WIDTH ARRAY,UPSTREAM FULL-WIDTH ARRAY,7/3/2012,7,Bull Trout,R,Resident,W,Wild Fish or Natural Production,TWISPW - Twisp River Weir (WDFW),WTRAP,Weir Trap,590,1
3D9.1C2E0B738E,CGS12160.TW2,TWR - Lwr Twisp Rvr near MSRF Ponds,10/20/2012 4:49:37 AM,6/22/2014 12:03:34 AM,UPPER IN-STREAM ARRAY,UPPER IN-STREAM ARRAY,7/3/2012,7,Bull Trout,R,Resident,W,Wild Fish or Natural Production,TWISPW - Twisp River Weir (WDFW),WTRAP,Weir Trap,590,1
3D9.1C2E0B738E,CGS12160.TW2,"WEA - Wells Dam, DCPUD Adult Ladders",5/21/2014 2:13:54 PM,5/22/2014 3:57:48 PM,West Trap,RIGHT LADDER POOL 68,7/3/2012,7,Bull Trout,R,Resident,W,Wild Fish or Natural Production,TWISPW - Twisp River Weir (WDFW),WTRAP,Weir Trap,590,1
3D9.1C2E0B7397,CGS14153.TW1,TWR - Lwr Twisp Rvr near MSRF Ponds,10/1/2014 12:46:36 AM,6/17/2015 9:56:09 PM,LOWER IN-STREAM ARRAY,UPPER IN-STREAM ARRAY,7/12/2014,7,Bull Trout,R,Resident,W,Wild Fish or Natural Production,TWISPW - Twisp River Weir (WDFW),WTRAP,Weir Trap,610,1
3D9.1C2E0B73C3,CGS12160.TW2,LTP - Lower Twisp Acclimation Pond,4/5/2013 6:50:08 AM,4/5/2013 11:47:52 PM,UPSTREAM ANTENNA,MIDDLE ANTENNA,7/14/2012,7,Bull Trout,R,Resident,W,Wild Fish or Natural Production,TWISPW - Twisp River Weir (WDFW),WTRAP,Weir Trap,650,1
3D9.1C2E0B73C3,CGS12160.TW2,TWR - Lwr Twisp Rvr near MSRF Ponds,11/5/2012 1:06:50 PM,7/5/2013 3:26:28 AM,UPPER IN-STREAM ARRAY,UPPER IN-STREAM ARRAY,7/14/2012,7,Bull Trout,R,Resident,W,Wild Fish or Natural Production,TWISPW - Twisp River Weir (WDFW),WTRAP,Weir Trap,650,1
3D9.1C2E0B73C6,CGS12160.TW2,TWR - Lwr Twisp Rvr near MSRF Ponds,7/23/2012 9:14:34 PM,7/30/2012 11:49:26 PM,LOWER IN-STREAM ARRAY,UPPER IN-STREAM ARRAY,7/17/2012,7,Bull Trout,R,Resident,W,Wild Fish or Natural Production,TWISPW - Twisp River Weir (WDFW),WTRAP,Weir Trap,530,1
3D9.1C2E0B73FE,NBD14269.AAZ,LWN - Little Wenatchee River,11/2/2014 9:08:19 PM,12/7/2014 1:52:38 PM,LOWER IN-STREAM ARRAY,UPPER IN-STREAM ARRAY,9/26/2014,7,Bull Trout,R,Resident,W,Wild Fish or Natural Production,"CHIWAT - Chiwawa River Trap, 0.5 km below CHIP acclimation pond",SCREWT,Screw Trap,540,1
3D9.1C2E0B73FE,NBD14269.AAZ,UWE - Upper Wenatchee River,9/26/2014 9:58:27 PM,9/26/2014 9:58:27 PM,IN-STREAM ARRAY,IN-STREAM ARRAY,9/26/2014,7,Bull Trout,R,Resident,W,Wild Fish or Natural Production,"CHIWAT - Chiwawa River Trap, 0.5 km below CHIP acclimation pond",SCREWT,Screw Trap,540,1
3D9.1C2E0B7410,NBD14273.AAZ,CHL - Lower Chiwawa River,10/1/2014 9:24:33 PM,10/1/2014 9:24:33 PM,UPPER IN-STREAM ARRAY,UPPER IN-STREAM ARRAY,9/30/2014,7,Bull Trout,R,Resident,W,Wild Fish or Natural Production,"CHIWAT - Chiwawa River Trap, 0.5 km below CHIP acclimation pond",SCREWT,Screw Trap,225,1
3D9.1C2E0B7410,NBD14273.AAZ,UWE - Upper Wenatchee River,10/2/2014 6:59:30 PM,10/2/2014 6:59:30 PM,IN-STREAM ARRAY,IN-STREAM ARRAY,9/30/2014,7,Bull Trout,R,Resident,W,Wild Fish or Natural Production,"CHIWAT - Chiwawa River Trap, 0.5 km below CHIP acclimation pond",SCREWT,Screw Trap,225,1
3D9.1C2E0B7447,TLM12294.AAZ,UWE - Upper Wenatchee River,10/21/2012 6:30:57 AM,10/21/2012 6:31:15 AM,IN-STREAM ARRAY,IN-STREAM ARRAY,10/20/2012,7,Bull Trout,R,Resident,W,Wild Fish or Natural Production,"CHIWAT - Chiwawa River Trap, 0.5 km below CHIP acclimation pond",SCREWT,Screw Trap,171,1
3D9.1C2E0B744C,CFM-2013-060-TUM.xml,CHW - Chiwaukum Creek,7/12/2013 4:59:49 AM,7/13/2014 12:39:08 PM,DOWNSTREAM ARRAY,UPSTREAM ARRAY,6/28/2013,7,Bull Trout,R,Resident,W,Wild Fish or Natural Production,TUMFBY - TUM - Release into the Forebay within 0.5 km upstream of Dam,LADDER,Adult Passage Ladder,NA,1
3D9.1C2E0B744C,CFM-2013-060-TUM.xml,TUF - Tumwater Dam Adult Fishway,7/2/2013 7:32:44 AM,7/9/2014 5:04:07 PM,WEIR 14,WEIR 17,6/28/2013,7,Bull Trout,R,Resident,W,Wild Fish or Natural Production,TUMFBY - TUM - Release into the Forebay within 0.5 km upstream of Dam,LADDER,Adult Passage Ladder,NA,1
3D9.1C2E0B747C,CFM-2013-060-TUM.xml,CHW - Chiwaukum Creek,7/22/2013 5:39:11 AM,8/5/2013 12:16:48 PM,DOWNSTREAM ARRAY,DOWNSTREAM ARRAY,6/29/2013,7,Bull Trout,R,Resident,W,Wild Fish or Natural Production,TUMFBY - TUM - Release into the Forebay within 0.5 km upstream of Dam,LADDER,Adult Passage Ladder,NA,1
3D9.1C2E0B747C,CFM-2013-060-TUM.xml,ICL - Lower Icicle Instream Array,8/6/2013 5:53:12 AM,8/6/2013 12:15:14 PM,INSTREAM ARRAY,INSTREAM ARRAY,6/29/2013,7,Bull Trout,R,Resident,W,Wild Fish or Natural Production,TUMFBY - TUM - Release into the Forebay within 0.5 km upstream of Dam,LADDER,Adult Passage Ladder,NA,1
3D9.1C2E0B74A0,TLM12238.AAZ,CHL - Lower Chiwawa River,9/19/2013 3:01:37 AM,9/16/2016 12:58:34 AM,UPPER IN-STREAM ARRAY,LOWER IN-STREAM ARRAY,8/25/2012,7,Bull Trout,R,Resident,W,Wild Fish or Natural Production,"CHIWAT - Chiwawa River Trap, 0.5 km below CHIP acclimation pond",SCREWT,Screw Trap,236,1
3D9.1C2E0B74A0,TLM12238.AAZ,CHU - Upper Chiwawa River,6/28/2015 9:44:03 PM,9/15/2016 2:05:15 AM,LOWER IN-STREAM ARRAY,LOWER IN-STREAM ARRAY,8/25/2012,7,Bull Trout,R,Resident,W,Wild Fish or Natural Production,"CHIWAT - Chiwawa River Trap, 0.5 km below CHIP acclimation pond",SCREWT,Screw Trap,236,1
3D9.1C2E0B74A0,TLM12238.AAZ,TUF - Tumwater Dam Adult Fishway,7/15/2013 9:35:43 AM,7/16/2013 2:26:26 PM,WEIR 14,WEIR 17,8/25/2012,7,Bull Trout,R,Resident,W,Wild Fish or Natural Production,"CHIWAT - Chiwawa River Trap, 0.5 km below CHIP acclimation pond",SCREWT,Screw Trap,236,1
3D9.1C2E0B74A0,TLM12238.AAZ,UWE - Upper Wenatchee River,9/3/2014 12:25:58 AM,9/16/2016 4:35:46 AM,IN-STREAM ARRAY,IN-STREAM ARRAY,8/25/2012,7,Bull Trout,R,Resident,W,Wild Fish or Natural Production,"CHIWAT - Chiwawa River Trap, 0.5 km below CHIP acclimation pond",SCREWT,Screw Trap,236,1
3D9.1C2E0B74A2,TLM12275.AAZ,CHL - Lower Chiwawa River,10/13/2012 6:30:14 PM,10/13/2012 6:30:14 PM,LOWER IN-STREAM ARRAY,LOWER IN-STREAM ARRAY,10/13/2012,7,Bull Trout,R,Resident,W,Wild Fish or Natural Production,"CHIWAT - Chiwawa River Trap, 0.5 km below CHIP acclimation pond",SCREWT,Screw Trap,196,1
3D9.1C2E0B74E1,CFM12212.CHI,CHL - Lower Chiwawa River,9/21/2012 9:26:44 PM,9/16/2013 11:00:25 PM,UPPER IN-STREAM ARRAY,LOWER IN-STREAM ARRAY,8/2/2012,7,Bull Trout,R,Resident,W,Wild Fish or Natural Production,CHIWAR - Chiwawa River,WTRAP,Weir Trap,NA,1
3D9.1C2E0B74E1,CFM12212.CHI,CHU - Upper Chiwawa River,9/21/2012 2:46:05 AM,9/21/2012 2:46:05 AM,LOWER IN-STREAM ARRAY,LOWER IN-STREAM ARRAY,8/2/2012,7,Bull Trout,R,Resident,W,Wild Fish or Natural Production,CHIWAR - Chiwawa River,WTRAP,Weir Trap,NA,1
3D9.1C2E0B752B,CFM-2013-060-TUM.xml,CHW - Chiwaukum Creek,6/29/2013 12:59:49 AM,9/15/2013 2:40:09 AM,DOWNSTREAM ARRAY,DOWNSTREAM ARRAY,6/23/2013,7,Bull Trout,R,Resident,W,Wild Fish or Natural Production,TUMFBY - TUM - Release into the Forebay within 0.5 km upstream of Dam,LADDER,Adult Passage Ladder,NA,1
3D9.1C2E0B7595,NBD-2014-085-TUM.json,CHW - Chiwaukum Creek,8/2/2014 10:15:46 AM,8/4/2014 11:41:09 PM,UPSTREAM ARRAY,UPSTREAM ARRAY,7/9/2014,7,Bull Trout,R,Resident,W,Wild Fish or Natural Production,TUMFBY - TUM - Release into the Forebay within 0.5 km upstream of Dam,LADDER,Adult Passage Ladder,NA,1
3D9.1C2E0B7595,NBD-2014-085-TUM.json,TUF - Tumwater Dam Adult Fishway,7/14/2014 4:33:57 PM,7/14/2014 5:02:27 PM,WEIR 14,WEIR 17,7/9/2014,7,Bull Trout,R,Resident,W,Wild Fish or Natural Production,TUMFBY - TUM - Release into the Forebay within 0.5 km upstream of Dam,LADDER,Adult Passage Ladder,NA,1
3D9.1C2E0B7646,CGS14153.TW1,"GLC - Gold Creek, Methow River",7/14/2014 9:22:20 PM,7/16/2014 12:03:58 AM,LOWER IN-STREAM ARRAY,LOWER IN-STREAM ARRAY,7/7/2014,7,Bull Trout,R,Resident,W,Wild Fish or Natural Production,TWISPW - Twisp River Weir (WDFW),WTRAP,Weir Trap,580,1
3D9.1C2E0B7646,CGS14153.TW1,TWR - Lwr Twisp Rvr near MSRF Ponds,7/12/2014 1:56:21 AM,7/12/2014 1:56:21 AM,LOWER IN-STREAM ARRAY,LOWER IN-STREAM ARRAY,7/7/2014,7,Bull Trout,R,Resident,W,Wild Fish or Natural Production,TWISPW - Twisp River Weir (WDFW),WTRAP,Weir Trap,580,1
3D9.1C2E0B767F,CGS14153.TW1,"GLC - Gold Creek, Methow River",10/17/2016 6:11:32 PM,10/17/2016 6:11:55 PM,UPPER IN-STREAM ARRAY,LOWER IN-STREAM ARRAY,7/8/2014,7,Bull Trout,R,Resident,W,Wild Fish or Natural Production,TWISPW - Twisp River Weir (WDFW),WTRAP,Weir Trap,630,1
3D9.1C2E0B767F,CGS14153.TW1,MRC - Methow River at Carlton,6/29/2017 2:31:59 AM,6/29/2017 2:31:59 AM,Single Array,Single Array,7/8/2014,7,Bull Trout,R,Resident,W,Wild Fish or Natural Production,TWISPW - Twisp River Weir (WDFW),WTRAP,Weir Trap,630,1
3D9.1C2E0B767F,CGS14153.TW1,TWR - Lwr Twisp Rvr near MSRF Ponds,9/25/2014 8:14:13 PM,7/8/2017 3:10:26 AM,UPPER IN-STREAM ARRAY,UPPER IN-STREAM ARRAY,7/8/2014,7,Bull Trout,R,Resident,W,Wild Fish or Natural Production,TWISPW - Twisp River Weir (WDFW),WTRAP,Weir Trap,630,1
3D9.1C2E0B76E2,CGS-2017-272-MBL.xml,LMR - Lower Methow River at Pateros,4/8/2019 6:20:21 AM,3/9/2020 11:16:51 PM,Downstream Array,Upstream Array,9/29/2017,7,Bull Trout,R,Resident,W,Wild Fish or Natural Production,"LOSTR - Lost River, Methow River Basin",DIPNET,Dip Net,263,1
3D9.1C2E0B76E2,CGS-2017-272-MBL.xml,MRC - Methow River at Carlton,9/22/2019 7:01:02 PM,9/22/2019 7:01:02 PM,Single Array,Single Array,9/29/2017,7,Bull Trout,R,Resident,W,Wild Fish or Natural Production,"LOSTR - Lost River, Methow River Basin",DIPNET,Dip Net,263,1
3D9.1C2E0B7728,CGS12160.TW2,TWR - Lwr Twisp Rvr near MSRF Ponds,10/11/2012 1:50:19 AM,9/26/2013 1:24:50 PM,LOWER IN-STREAM ARRAY,LOWER IN-STREAM ARRAY,7/7/2012,7,Bull Trout,R,Resident,W,Wild Fish or Natural Production,TWISPW - Twisp River Weir (WDFW),WTRAP,Weir Trap,710,1
3D9.1C2E0B7756,TLM12275.AAZ,CHL - Lower Chiwawa River,10/10/2012 12:05:20 PM,10/10/2012 6:41:05 PM,LOWER IN-STREAM ARRAY,LOWER IN-STREAM ARRAY,10/10/2012,7,Bull Trout,R,Resident,W,Wild Fish or Natural Production,"CHIWAT - Chiwawa River Trap, 0.5 km below CHIP acclimation pond",SCREWT,Screw Trap,223,1
3D9.1C2E0B7764,NBD14269.AAZ,CHU - Upper Chiwawa River,6/8/2015 3:40:34 AM,6/8/2015 3:40:59 AM,LOWER IN-STREAM ARRAY,LOWER IN-STREAM ARRAY,9/26/2014,7,Bull Trout,R,Resident,W,Wild Fish or Natural Production,"CHIWAT - Chiwawa River Trap, 0.5 km below CHIP acclimation pond",SCREWT,Screw Trap,510,1
3D9.1C2E0B7764,NBD14269.AAZ,UWE - Upper Wenatchee River,9/26/2014 9:43:33 PM,4/3/2015 9:37:06 PM,IN-STREAM ARRAY,IN-STREAM ARRAY,9/26/2014,7,Bull Trout,R,Resident,W,Wild Fish or Natural Production,"CHIWAT - Chiwawa River Trap, 0.5 km below CHIP acclimation pond",SCREWT,Screw Trap,510,1
3D9.1C2E0B776A,TLM12275.AAZ,CHL - Lower Chiwawa River,7/24/2019 1:45:06 AM,9/29/2019 10:00:09 PM,LOWER IN-STREAM ARRAY,UPPER IN-STREAM ARRAY,10/16/2012,7,Bull Trout,R,Resident,W,Wild Fish or Natural Production,"CHIWAT - Chiwawa River Trap, 0.5 km below CHIP acclimation pond",SCREWT,Screw Trap,252,1
3D9.1C2E0B776A,TLM12275.AAZ,CHU - Upper Chiwawa River,7/26/2019 8:40:00 PM,9/29/2019 5:27:19 AM,LOWER IN-STREAM ARRAY,UPPER IN-STREAM ARRAY,10/16/2012,7,Bull Trout,R,Resident,W,Wild Fish or Natural Production,"CHIWAT - Chiwawa River Trap, 0.5 km below CHIP acclimation pond",SCREWT,Screw Trap,252,1
3D9.1C2E0B776A,TLM12275.AAZ,UWE - Upper Wenatchee River,10/17/2012 6:47:27 AM,9/30/2019 1:37:13 AM,IN-STREAM ARRAY,IN-STREAM ARRAY,10/16/2012,7,Bull Trout,R,Resident,W,Wild Fish or Natural Production,"CHIWAT - Chiwawa River Trap, 0.5 km below CHIP acclimation pond",SCREWT,Screw Trap,252,1
3D9.1C2E0B77A1,NBD14272.AAZ,UWE - Upper Wenatchee River,10/5/2014 12:26:29 AM,10/5/2014 12:26:29 AM,IN-STREAM ARRAY,IN-STREAM ARRAY,9/30/2014,7,Bull Trout,R,Resident,W,Wild Fish or Natural Production,"CHIWAT - Chiwawa River Trap, 0.5 km below CHIP acclimation pond",SCREWT,Screw Trap,700,1
3D9.1C2E0B77A1,NBD14272.AAZ,"WTL - White River, Wenatchee Basin",10/21/2014 3:45:50 PM,10/31/2014 9:09:57 AM,LOWER IN-STREAM ARRAY,LOWER IN-STREAM ARRAY,9/30/2014,7,Bull Trout,R,Resident,W,Wild Fish or Natural Production,"CHIWAT - Chiwawa River Trap, 0.5 km below CHIP acclimation pond",SCREWT,Screw Trap,700,1
3D9.1C2E0B77B3,TLM13156.AAZ,CHW - Chiwaukum Creek,6/14/2013 8:02:42 PM,6/14/2013 8:02:42 PM,UPSTREAM ARRAY,UPSTREAM ARRAY,6/5/2013,7,Bull Trout,R,Resident,W,Wild Fish or Natural Production,"CHIWAT - Chiwawa River Trap, 0.5 km below CHIP acclimation pond",SCREWT,Screw Trap,129,1
3D9.1C2E0B77B6,TLM12275.AAZ,CHL - Lower Chiwawa River,10/12/2012 12:39:06 PM,10/16/2012 7:16:38 PM,UPPER IN-STREAM ARRAY,LOWER IN-STREAM ARRAY,10/12/2012,7,Bull Trout,R,Resident,W,Wild Fish or Natural Production,"CHIWAT - Chiwawa River Trap, 0.5 km below CHIP acclimation pond",SCREWT,Screw Trap,211,1
3D9.1C2E0B77BF,TLM12310.AAZ,CHL - Lower Chiwawa River,10/4/2017 10:52:20 PM,9/29/2019 11:08:08 PM,LOWER IN-STREAM ARRAY,LOWER IN-STREAM ARRAY,11/5/2012,7,Bull Trout,R,Resident,W,Wild Fish or Natural Production,"CHIWAT - Chiwawa River Trap, 0.5 km below CHIP acclimation pond",SCREWT,Screw Trap,182,1
3D9.1C2E0B77BF,TLM12310.AAZ,CHU - Upper Chiwawa River,10/4/2017 3:46:01 AM,9/29/2019 2:10:54 AM,UPPER IN-STREAM ARRAY,LOWER IN-STREAM ARRAY,11/5/2012,7,Bull Trout,R,Resident,W,Wild Fish or Natural Production,"CHIWAT - Chiwawa River Trap, 0.5 km below CHIP acclimation pond",SCREWT,Screw Trap,182,1
3D9.1C2E0B77BF,TLM12310.AAZ,UWE - Upper Wenatchee River,10/5/2017 7:35:12 PM,10/5/2017 7:35:12 PM,IN-STREAM ARRAY,IN-STREAM ARRAY,11/5/2012,7,Bull Trout,R,Resident,W,Wild Fish or Natural Production,"CHIWAT - Chiwawa River Trap, 0.5 km below CHIP acclimation pond",SCREWT,Screw Trap,182,1
3D9.1C2E0B77D6,TLM12275.AAZ,CHL - Lower Chiwawa River,10/3/2012 11:37:54 AM,10/13/2012 9:57:00 PM,LOWER IN-STREAM ARRAY,UPPER IN-STREAM ARRAY,10/3/2012,7,Bull Trout,R,Resident,W,Wild Fish or Natural Production,"CHIWAT - Chiwawa River Trap, 0.5 km below CHIP acclimation pond",SCREWT,Screw Trap,186,1
3D9.1C2E0B77D6,TLM12275.AAZ,MWE - Middle Wenatchee River,11/19/2012 7:09:28 AM,12/28/2012 2:07:21 AM,IN-STREAM ARRAY,IN-STREAM ARRAY,10/3/2012,7,Bull Trout,R,Resident,W,Wild Fish or Natural Production,"CHIWAT - Chiwawa River Trap, 0.5 km below CHIP acclimation pond",SCREWT,Screw Trap,186,1
3D9.1C2E0B7969,TLM12294.AAZ,ICL - Lower Icicle Instream Array,7/23/2013 10:01:47 PM,8/11/2013 5:24:03 AM,INSTREAM ARRAY,INSTREAM ARRAY,10/20/2012,7,Bull Trout,R,Resident,W,Wild Fish or Natural Production,"CHIWAT - Chiwawa River Trap, 0.5 km below CHIP acclimation pond",SCREWT,Screw Trap,187,1
3D9.1C2E0B7B56,TLM12326.AAZ,CHL - Lower Chiwawa River,11/21/2012 8:43:21 PM,11/21/2012 8:43:21 PM,LOWER IN-STREAM ARRAY,LOWER IN-STREAM ARRAY,11/21/2012,7,Bull Trout,R,Resident,W,Wild Fish or Natural Production,"CHIWAT - Chiwawa River Trap, 0.5 km below CHIP acclimation pond",SCREWT,Screw Trap,195,1
3D9.1C2E0B7B56,TLM12326.AAZ,UWE - Upper Wenatchee River,11/27/2012 7:49:46 PM,11/27/2012 7:49:46 PM,IN-STREAM ARRAY,IN-STREAM ARRAY,11/21/2012,7,Bull Trout,R,Resident,W,Wild Fish or Natural Production,"CHIWAT - Chiwawa River Trap, 0.5 km below CHIP acclimation pond",SCREWT,Screw Trap,195,1
3D9.1C2E0B7B5A,TLM12282.AAZ,CHL - Lower Chiwawa River,10/8/2012 11:22:09 AM,10/8/2012 10:13:51 PM,UPPER IN-STREAM ARRAY,LOWER IN-STREAM ARRAY,10/8/2012,7,Bull Trout,R,Resident,W,Wild Fish or Natural Production,"CHIWAT - Chiwawa River Trap, 0.5 km below CHIP acclimation pond",SCREWT,Screw Trap,217,1
3D9.1C2E0B7B70,TLM12161.AAZ,CHU - Upper Chiwawa River,10/8/2016 7:08:15 PM,10/8/2016 7:08:15 PM,LOWER IN-STREAM ARRAY,LOWER IN-STREAM ARRAY,6/9/2012,7,Bull Trout,R,Resident,W,Wild Fish or Natural Production,"CHIWAT - Chiwawa River Trap, 0.5 km below CHIP acclimation pond",SCREWT,Screw Trap,173,1
3D9.1C2E0B7B70,TLM12161.AAZ,UWE - Upper Wenatchee River,10/13/2016 6:17:33 PM,10/13/2016 6:17:33 PM,IN-STREAM ARRAY,IN-STREAM ARRAY,6/9/2012,7,Bull Trout,R,Resident,W,Wild Fish or Natural Production,"CHIWAT - Chiwawa River Trap, 0.5 km below CHIP acclimation pond",SCREWT,Screw Trap,173,1
3D9.1C2E0B7B7C,TLM13121.AAZ,UWE - Upper Wenatchee River,5/23/2013 5:05:07 AM,5/23/2013 5:07:07 AM,IN-STREAM ARRAY,IN-STREAM ARRAY,5/2/2013,7,Bull Trout,R,Resident,W,Wild Fish or Natural Production,"CHIWAT - Chiwawa River Trap, 0.5 km below CHIP acclimation pond",SCREWT,Screw Trap,167,1
3D9.1C2E0B7B7D,CGS14153.TW1,LMR - Lower Methow River at Pateros,9/22/2016 4:50:28 PM,9/27/2016 3:35:21 PM,UPSTREAM FULL-WIDTH ARRAY,UPSTREAM FULL-WIDTH ARRAY,7/18/2014,7,Bull Trout,R,Resident,W,Wild Fish or Natural Production,TWISPW - Twisp River Weir (WDFW),WTRAP,Weir Trap,550,1
3D9.1C2E0B7B7D,CGS14153.TW1,MRC - Methow River at Carlton,11/3/2015 3:47:17 AM,11/3/2015 3:47:17 AM,Single Array,Single Array,7/18/2014,7,Bull Trout,R,Resident,W,Wild Fish or Natural Production,TWISPW - Twisp River Weir (WDFW),WTRAP,Weir Trap,550,1
3D9.1C2E0B7B7D,CGS14153.TW1,TWR - Lwr Twisp Rvr near MSRF Ponds,8/23/2014 11:52:53 PM,9/18/2016 5:09:25 AM,UPPER IN-STREAM ARRAY,LOWER IN-STREAM ARRAY,7/18/2014,7,Bull Trout,R,Resident,W,Wild Fish or Natural Production,TWISPW - Twisp River Weir (WDFW),WTRAP,Weir Trap,550,1
3D9.1C2E0B7C1A,CFM12212.CHI,CHL - Lower Chiwawa River,9/28/2012 2:00:24 AM,9/27/2016 9:31:05 PM,LOWER IN-STREAM ARRAY,LOWER IN-STREAM ARRAY,7/31/2012,7,Bull Trout,R,Resident,W,Wild Fish or Natural Production,CHIWAR - Chiwawa River,WTRAP,Weir Trap,NA,1
3D9.1C2E0B7C1A,CFM12212.CHI,CHU - Upper Chiwawa River,8/4/2012 2:57:16 PM,9/27/2016 2:32:39 AM,LOWER IN-STREAM ARRAY,UPPER IN-STREAM ARRAY,7/31/2012,7,Bull Trout,R,Resident,W,Wild Fish or Natural Production,CHIWAR - Chiwawa River,WTRAP,Weir Trap,NA,1
3D9.1C2E0B7C1A,CFM12212.CHI,UWE - Upper Wenatchee River,10/4/2015 1:18:58 AM,9/28/2016 12:31:16 AM,IN-STREAM ARRAY,IN-STREAM ARRAY,7/31/2012,7,Bull Trout,R,Resident,W,Wild Fish or Natural Production,CHIWAR - Chiwawa River,WTRAP,Weir Trap,NA,1
3D9.1C2E0B7DD1,CGS12160.TW2,LMR - Lower Methow River at Pateros,10/28/2013 11:33:37 PM,10/28/2013 11:45:51 PM,UPSTREAM FULL-WIDTH ARRAY,UPSTREAM FULL-WIDTH ARRAY,7/7/2012,7,Bull Trout,R,Resident,W,Wild Fish or Natural Production,TWISPW - Twisp River Weir (WDFW),WTRAP,Weir Trap,620,1
3D9.1C2E0B7DD1,CGS12160.TW2,TWR - Lwr Twisp Rvr near MSRF Ponds,10/20/2012 1:04:40 AM,9/18/2013 12:49:57 AM,UPPER IN-STREAM ARRAY,LOWER IN-STREAM ARRAY,7/7/2012,7,Bull Trout,R,Resident,W,Wild Fish or Natural Production,TWISPW - Twisp River Weir (WDFW),WTRAP,Weir Trap,620,1
3D9.1C2E0B7DD1,CGS12160.TW2,"WEA - Wells Dam, DCPUD Adult Ladders",5/14/2013 12:59:48 PM,5/14/2013 4:30:38 PM,LEFT LADDER POOL 19,Left Ladder Pool 68,7/7/2012,7,Bull Trout,R,Resident,W,Wild Fish or Natural Production,TWISPW - Twisp River Weir (WDFW),WTRAP,Weir Trap,620,1
3D9.1C2E0B7DE9,TLM12292.AAZ,CHL - Lower Chiwawa River,10/18/2012 6:55:12 PM,10/18/2012 6:57:22 PM,LOWER IN-STREAM ARRAY,UPPER IN-STREAM ARRAY,10/18/2012,7,Bull Trout,R,Resident,W,Wild Fish or Natural Production,"CHIWAT - Chiwawa River Trap, 0.5 km below CHIP acclimation pond",SCREWT,Screw Trap,227,1
3D9.1C2E0B7E28,TLM12275.AAZ,CHL - Lower Chiwawa River,10/6/2012 1:35:28 PM,10/6/2012 1:36:28 PM,LOWER IN-STREAM ARRAY,UPPER IN-STREAM ARRAY,10/6/2012,7,Bull Trout,R,Resident,W,Wild Fish or Natural Production,"CHIWAT - Chiwawa River Trap, 0.5 km below CHIP acclimation pond",SCREWT,Screw Trap,215,1
3D9.1C2E0B7E28,TLM12275.AAZ,CHU - Upper Chiwawa River,6/14/2015 12:17:47 AM,6/14/2015 12:19:03 AM,LOWER IN-STREAM ARRAY,UPPER IN-STREAM ARRAY,10/6/2012,7,Bull Trout,R,Resident,W,Wild Fish or Natural Production,"CHIWAT - Chiwawa River Trap, 0.5 km below CHIP acclimation pond",SCREWT,Screw Trap,215,1
3D9.1C2E0B7E48,CGS14153.TW1,MRC - Methow River at Carlton,6/29/2017 9:46:36 PM,6/29/2017 9:46:56 PM,Single Array,Single Array,7/8/2014,7,Bull Trout,R,Resident,W,Wild Fish or Natural Production,TWISPW - Twisp River Weir (WDFW),WTRAP,Weir Trap,610,1
3D9.1C2E0B7E48,CGS14153.TW1,TWR - Lwr Twisp Rvr near MSRF Ponds,11/9/2014 2:29:33 AM,7/3/2017 8:02:26 PM,LOWER IN-STREAM ARRAY,UPPER IN-STREAM ARRAY,7/8/2014,7,Bull Trout,R,Resident,W,Wild Fish or Natural Production,TWISPW - Twisp River Weir (WDFW),WTRAP,Weir Trap,610,1
3D9.1C2E0B7E48,CGS14153.TW1,"WEA - Wells Dam, DCPUD Adult Ladders",5/25/2015 6:14:24 PM,5/21/2016 2:56:10 PM,LEFT LADDER POOL 19,Left Ladder Pool 68,7/8/2014,7,Bull Trout,R,Resident,W,Wild Fish or Natural Production,TWISPW - Twisp River Weir (WDFW),WTRAP,Weir Trap,610,1
3D9.1C2E0B7EC8,TLM13270.AAZ,CHL - Lower Chiwawa River,7/11/2014 6:42:43 AM,7/11/2014 6:43:46 AM,LOWER IN-STREAM ARRAY,UPPER IN-STREAM ARRAY,9/27/2013,7,Bull Trout,R,Resident,W,Wild Fish or Natural Production,"CHIWAT - Chiwawa River Trap, 0.5 km below CHIP acclimation pond",SCREWT,Screw Trap,245,1
3D9.1C2E0B7ECF,CFM-2013-060-TUM.xml,CHW - Chiwaukum Creek,7/18/2013 4:37:04 AM,7/18/2013 4:41:03 AM,DOWNSTREAM ARRAY,UPSTREAM ARRAY,6/25/2013,7,Bull Trout,R,Resident,W,Wild Fish or Natural Production,TUMFBY - TUM - Release into the Forebay within 0.5 km upstream of Dam,LADDER,Adult Passage Ladder,NA,1
3D9.1C2E0B7EFD,CGS14153.TW1,TWR - Lwr Twisp Rvr near MSRF Ponds,10/21/2014 11:08:40 PM,10/21/2014 11:08:40 PM,LOWER IN-STREAM ARRAY,LOWER IN-STREAM ARRAY,7/12/2014,7,Bull Trout,R,Resident,W,Wild Fish or Natural Production,TWISPW - Twisp River Weir (WDFW),WTRAP,Weir Trap,800,1
3D9.1C2E0B7F00,TLM13263.AAZ,CHL - Lower Chiwawa River,9/4/2014 12:16:36 AM,9/4/2014 12:16:36 AM,UPPER IN-STREAM ARRAY,UPPER IN-STREAM ARRAY,9/20/2013,7,Bull Trout,R,Resident,W,Wild Fish or Natural Production,"CHIWAT - Chiwawa River Trap, 0.5 km below CHIP acclimation pond",SCREWT,Screw Trap,510,1
3D9.1C2E0B7F62,NBD14269.AAZ,UWE - Upper Wenatchee River,9/26/2014 11:03:36 PM,9/26/2014 11:03:36 PM,IN-STREAM ARRAY,IN-STREAM ARRAY,9/26/2014,7,Bull Trout,R,Resident,W,Wild Fish or Natural Production,"CHIWAT - Chiwawa River Trap, 0.5 km below CHIP acclimation pond",SCREWT,Screw Trap,620,1
3D9.1C2E0B7F6A,CFM-2013-060-TUM.xml,CHW - Chiwaukum Creek,7/10/2013 2:21:42 AM,7/10/2013 2:21:42 AM,DOWNSTREAM ARRAY,DOWNSTREAM ARRAY,6/24/2013,7,Bull Trout,R,Resident,W,Wild Fish or Natural Production,TUMFBY - TUM - Release into the Forebay within 0.5 km upstream of Dam,LADDER,Adult Passage Ladder,NA,1
3D9.1C2E0B7FB4,TLM12275.AAZ,CHL - Lower Chiwawa River,10/9/2015 2:50:55 AM,10/9/2015 2:52:14 AM,UPPER IN-STREAM ARRAY,LOWER IN-STREAM ARRAY,10/4/2012,7,Bull Trout,R,Resident,W,Wild Fish or Natural Production,"CHIWAT - Chiwawa River Trap, 0.5 km below CHIP acclimation pond",SCREWT,Screw Trap,222,1
3D9.1C2E0B7FB4,TLM12275.AAZ,CHU - Upper Chiwawa River,7/1/2015 11:28:34 PM,7/1/2015 11:30:00 PM,LOWER IN-STREAM ARRAY,UPPER IN-STREAM ARRAY,10/4/2012,7,Bull Trout,R,Resident,W,Wild Fish or Natural Production,"CHIWAT - Chiwawa River Trap, 0.5 km below CHIP acclimation pond",SCREWT,Screw Trap,222,1
3D9.1C2E0B7FB4,TLM12275.AAZ,UWE - Upper Wenatchee River,10/9/2015 5:47:10 AM,10/9/2015 5:47:10 AM,IN-STREAM ARRAY,IN-STREAM ARRAY,10/4/2012,7,Bull Trout,R,Resident,W,Wild Fish or Natural Production,"CHIWAT - Chiwawa River Trap, 0.5 km below CHIP acclimation pond",SCREWT,Screw Trap,222,1
3D9.1C2E0B7FC2,TLM12258.AAZ,UWE - Upper Wenatchee River,10/25/2014 12:14:59 AM,3/16/2015 4:38:07 AM,IN-STREAM ARRAY,IN-STREAM ARRAY,9/14/2012,7,Bull Trout,R,Resident,W,Wild Fish or Natural Production,"CHIWAT - Chiwawa River Trap, 0.5 km below CHIP acclimation pond",SCREWT,Screw Trap,272,1
3D9.1C2E0B7FF0,TLM12260.AAZ,ICL - Lower Icicle Instream Array,11/4/2012 12:19:24 AM,8/6/2013 1:49:42 AM,INSTREAM ARRAY,INSTREAM ARRAY,9/16/2012,7,Bull Trout,R,Resident,W,Wild Fish or Natural Production,"CHIWAT - Chiwawa River Trap, 0.5 km below CHIP acclimation pond",SCREWT,Screw Trap,210,1
3D9.1C2E0B8014,CFM-2013-060-TUM.xml,CHW - Chiwaukum Creek,7/17/2013 5:09:59 AM,7/16/2014 5:39:01 AM,DOWNSTREAM ARRAY,UPSTREAM ARRAY,7/7/2013,7,Bull Trout,R,Resident,W,Wild Fish or Natural Production,TUMFBY - TUM - Release into the Forebay within 0.5 km upstream of Dam,LADDER,Adult Passage Ladder,NA,1
3D9.1C2E0B8014,CFM-2013-060-TUM.xml,TUF - Tumwater Dam Adult Fishway,7/5/2014 10:18:40 AM,7/5/2014 10:27:35 AM,WEIR 14,WEIR 17,7/7/2013,7,Bull Trout,R,Resident,W,Wild Fish or Natural Production,TUMFBY - TUM - Release into the Forebay within 0.5 km upstream of Dam,LADDER,Adult Passage Ladder,NA,1
3D9.1C2E0B801F,TLM13261.AAZ,CHL - Lower Chiwawa River,9/23/2014 8:21:28 PM,9/29/2019 8:53:33 PM,UPPER IN-STREAM ARRAY,LOWER IN-STREAM ARRAY,9/18/2013,7,Bull Trout,R,Resident,W,Wild Fish or Natural Production,"CHIWAT - Chiwawa River Trap, 0.5 km below CHIP acclimation pond",SCREWT,Screw Trap,490,1
3D9.1C2E0B801F,TLM13261.AAZ,CHU - Upper Chiwawa River,9/23/2014 2:51:26 AM,9/27/2019 4:39:42 AM,UPPER IN-STREAM ARRAY,LOWER IN-STREAM ARRAY,9/18/2013,7,Bull Trout,R,Resident,W,Wild Fish or Natural Production,"CHIWAT - Chiwawa River Trap, 0.5 km below CHIP acclimation pond",SCREWT,Screw Trap,490,1
3D9.1C2E0B801F,TLM13261.AAZ,UWE - Upper Wenatchee River,9/23/2014 11:04:05 PM,9/30/2019 1:13:01 AM,IN-STREAM ARRAY,IN-STREAM ARRAY,9/18/2013,7,Bull Trout,R,Resident,W,Wild Fish or Natural Production,"CHIWAT - Chiwawa River Trap, 0.5 km below CHIP acclimation pond",SCREWT,Screw Trap,490,1
3D9.1C2E0B8053,CFM-2013-060-TUM.xml,NAL - Lower Nason Creek,7/3/2013 12:00:45 AM,7/3/2013 12:00:45 AM,UPPER IN-STREAM ARRAY,UPPER IN-STREAM ARRAY,6/21/2013,7,Bull Trout,R,Resident,W,Wild Fish or Natural Production,TUMFBY - TUM - Release into the Forebay within 0.5 km upstream of Dam,LADDER,Adult Passage Ladder,NA,1
3D9.1C2E0B8053,CFM-2013-060-TUM.xml,NAU - Upper Nason Creek,7/6/2013 11:18:49 PM,7/6/2013 11:18:49 PM,UPPER IN-STREAM ARRAY,UPPER IN-STREAM ARRAY,6/21/2013,7,Bull Trout,R,Resident,W,Wild Fish or Natural Production,TUMFBY - TUM - Release into the Forebay within 0.5 km upstream of Dam,LADDER,Adult Passage Ladder,NA,1
3D9.1C2E0B805D,CGS12160.TW2,TWR - Lwr Twisp Rvr near MSRF Ponds,10/29/2012 6:36:36 AM,10/29/2012 6:36:40 AM,UPPER IN-STREAM ARRAY,LOWER IN-STREAM ARRAY,7/7/2012,7,Bull Trout,R,Resident,W,Wild Fish or Natural Production,TWISPW - Twisp River Weir (WDFW),WTRAP,Weir Trap,530,1
3D9.1C2E0B8068,CFM-2013-060-TUM.xml,CHW - Chiwaukum Creek,7/12/2013 2:15:03 PM,7/12/2013 2:29:22 PM,DOWNSTREAM ARRAY,UPSTREAM ARRAY,6/22/2013,7,Bull Trout,R,Resident,W,Wild Fish or Natural Production,TUMFBY - TUM - Release into the Forebay within 0.5 km upstream of Dam,LADDER,Adult Passage Ladder,NA,1
3D9.1C2E0B806A,CFM12212.CHI,CHL - Lower Chiwawa River,9/27/2012 3:22:19 AM,9/2/2015 1:07:35 AM,UPPER IN-STREAM ARRAY,UPPER IN-STREAM ARRAY,7/31/2012,7,Bull Trout,R,Resident,W,Wild Fish or Natural Production,CHIWAR - Chiwawa River,WTRAP,Weir Trap,NA,1
3D9.1C2E0B806A,CFM12212.CHI,CHU - Upper Chiwawa River,8/5/2012 5:25:00 AM,9/6/2015 2:49:57 AM,LOWER IN-STREAM ARRAY,UPPER IN-STREAM ARRAY,7/31/2012,7,Bull Trout,R,Resident,W,Wild Fish or Natural Production,CHIWAR - Chiwawa River,WTRAP,Weir Trap,NA,1
3D9.1C2E0B806A,CFM12212.CHI,UWE - Upper Wenatchee River,9/1/2015 9:42:42 PM,9/1/2015 9:42:42 PM,IN-STREAM ARRAY,IN-STREAM ARRAY,7/31/2012,7,Bull Trout,R,Resident,W,Wild Fish or Natural Production,CHIWAR - Chiwawa River,WTRAP,Weir Trap,NA,1
3D9.1C2E0B8084,CGS14153.TW1,TWR - Lwr Twisp Rvr near MSRF Ponds,7/18/2014 12:58:53 AM,7/18/2014 12:58:53 AM,LOWER IN-STREAM ARRAY,LOWER IN-STREAM ARRAY,7/14/2014,7,Bull Trout,R,Resident,W,Wild Fish or Natural Production,TWISPW - Twisp River Weir (WDFW),WTRAP,Weir Trap,470,1
3D9.1C2E0B80A2,CGS14153.TW1,TWR - Lwr Twisp Rvr near MSRF Ponds,7/17/2014 11:46:52 PM,10/10/2017 7:48:50 PM,LOWER IN-STREAM ARRAY,LOWER IN-STREAM ARRAY,7/7/2014,7,Bull Trout,R,Resident,W,Wild Fish or Natural Production,TWISPW - Twisp River Weir (WDFW),WTRAP,Weir Trap,580,1
3D9.1C2E0B80E4,CFM-2013-060-TUM.xml,CHW - Chiwaukum Creek,7/14/2013 12:58:08 AM,7/14/2013 12:58:51 AM,DOWNSTREAM ARRAY,UPSTREAM ARRAY,7/7/2013,7,Bull Trout,R,Resident,W,Wild Fish or Natural Production,TUMFBY - TUM - Release into the Forebay within 0.5 km upstream of Dam,LADDER,Adult Passage Ladder,NA,1
3D9.1C2E0B8246,CFM-2013-060-TUM.xml,CHW - Chiwaukum Creek,7/17/2013 2:26:40 AM,9/22/2013 4:54:19 AM,DOWNSTREAM ARRAY,DOWNSTREAM ARRAY,7/1/2013,7,Bull Trout,R,Resident,W,Wild Fish or Natural Production,TUMFBY - TUM - Release into the Forebay within 0.5 km upstream of Dam,LADDER,Adult Passage Ladder,NA,1
3D9.1C2E0B8246,CFM-2013-060-TUM.xml,TUF - Tumwater Dam Adult Fishway,7/7/2014 10:59:41 AM,7/17/2014 12:38:24 PM,WEIR 14,WEIR 17,7/1/2013,7,Bull Trout,R,Resident,W,Wild Fish or Natural Production,TUMFBY - TUM - Release into the Forebay within 0.5 km upstream of Dam,LADDER,Adult Passage Ladder,NA,1
3D9.1C2E0B8252,CFM-2013-060-TUM.xml,NAL - Lower Nason Creek,7/10/2013 1:35:58 AM,7/10/2013 1:35:58 AM,UPPER IN-STREAM ARRAY,UPPER IN-STREAM ARRAY,6/29/2013,7,Bull Trout,R,Resident,W,Wild Fish or Natural Production,TUMFBY - TUM - Release into the Forebay within 0.5 km upstream of Dam,LADDER,Adult Passage Ladder,NA,1
3D9.1C2E0B8252,CFM-2013-060-TUM.xml,NAU - Upper Nason Creek,7/13/2013 10:43:19 PM,7/13/2013 10:43:36 PM,LOWER IN-STREAM ARRAY,UPPER IN-STREAM ARRAY,6/29/2013,7,Bull Trout,R,Resident,W,Wild Fish or Natural Production,TUMFBY - TUM - Release into the Forebay within 0.5 km upstream of Dam,LADDER,Adult Passage Ladder,NA,1
3D9.1C2E0B827A,CGS12160.TW2,TWR - Lwr Twisp Rvr near MSRF Ponds,10/20/2012 5:15:25 AM,10/8/2013 2:16:21 AM,LOWER IN-STREAM ARRAY,LOWER IN-STREAM ARRAY,7/7/2012,7,Bull Trout,R,Resident,W,Wild Fish or Natural Production,TWISPW - Twisp River Weir (WDFW),WTRAP,Weir Trap,500,1
3D9.1C2E0B82CB,CGS12160.TW2,TWR - Lwr Twisp Rvr near MSRF Ponds,10/21/2012 2:48:47 AM,9/9/2013 11:53:41 PM,UPPER IN-STREAM ARRAY,LOWER IN-STREAM ARRAY,7/3/2012,7,Bull Trout,R,Resident,W,Wild Fish or Natural Production,TWISPW - Twisp River Weir (WDFW),WTRAP,Weir Trap,540,1
3D9.1C2E0B8325,CFM-2013-060-TUM.xml,CHW - Chiwaukum Creek,7/11/2013 3:26:18 AM,7/11/2013 3:26:41 AM,DOWNSTREAM ARRAY,UPSTREAM ARRAY,6/21/2013,7,Bull Trout,R,Resident,W,Wild Fish or Natural Production,TUMFBY - TUM - Release into the Forebay within 0.5 km upstream of Dam,LADDER,Adult Passage Ladder,NA,1
3D9.1C2E0B876B,CGS14153.TW1,MRT - Methow River at Twisp,7/21/2014 5:03:28 AM,7/21/2014 5:03:28 AM,Upstream array,Upstream array,7/7/2014,7,Bull Trout,R,Resident,W,Wild Fish or Natural Production,TWISPW - Twisp River Weir (WDFW),WTRAP,Weir Trap,650,1
3D9.1C2E0B876B,CGS14153.TW1,TWR - Lwr Twisp Rvr near MSRF Ponds,7/21/2014 3:25:26 AM,7/21/2014 3:25:26 AM,LOWER IN-STREAM ARRAY,LOWER IN-STREAM ARRAY,7/7/2014,7,Bull Trout,R,Resident,W,Wild Fish or Natural Production,TWISPW - Twisp River Weir (WDFW),WTRAP,Weir Trap,650,1
3D9.1C2E0B87C9,CFM-2013-060-TUM.xml,CHW - Chiwaukum Creek,7/10/2013 4:56:05 AM,7/10/2013 4:56:51 AM,DOWNSTREAM ARRAY,UPSTREAM ARRAY,6/27/2013,7,Bull Trout,R,Resident,W,Wild Fish or Natural Production,TUMFBY - TUM - Release into the Forebay within 0.5 km upstream of Dam,LADDER,Adult Passage Ladder,NA,1
3D9.1C2E0B88AD,TLM12291.AAZ,UWE - Upper Wenatchee River,10/18/2012 4:33:50 PM,10/18/2012 4:33:50 PM,IN-STREAM ARRAY,IN-STREAM ARRAY,10/17/2012,7,Bull Trout,R,Resident,W,Wild Fish or Natural Production,"CHIWAT - Chiwawa River Trap, 0.5 km below CHIP acclimation pond",SCREWT,Screw Trap,189,1
3D9.1C2E0B8966,CFM-2013-060-TUM.xml,CHW - Chiwaukum Creek,7/10/2013 1:15:23 AM,7/10/2013 1:15:43 AM,DOWNSTREAM ARRAY,UPSTREAM ARRAY,7/2/2013,7,Bull Trout,R,Resident,W,Wild Fish or Natural Production,TUMFBY - TUM - Release into the Forebay within 0.5 km upstream of Dam,LADDER,Adult Passage Ladder,NA,1
3D9.1C2E0B89C7,CGS-2024-053-HL1.xml,MRC - Methow River at Carlton,5/21/2024 9:19:53 PM,5/21/2024 9:19:53 PM,Single Array,Single Array,2/22/2024,7,Bull Trout,R,Resident,W,Wild Fish or Natural Production,METHR - Methow River,HOOK,Hook and Line,480,1
3D9.1C2E0B89C7,CGS-2024-053-HL1.xml,MRW - Methow River at Winthrop,6/3/2024 10:27:57 PM,6/3/2024 10:27:59 PM,DOWNSTREAM ARRAY,DOWNSTREAM ARRAY,2/22/2024,7,Bull Trout,R,Resident,W,Wild Fish or Natural Production,METHR - Methow River,HOOK,Hook and Line,480,1
3D9.1C2E0B89C7,CGS-2024-053-HL1.xml,"WFC - Wolf Creek, Methow River",6/5/2024 10:34:01 PM,6/5/2024 10:34:01 PM,SINGLE IN-STREAM ANTENNA,SINGLE IN-STREAM ANTENNA,2/22/2024,7,Bull Trout,R,Resident,W,Wild Fish or Natural Production,METHR - Methow River,HOOK,Hook and Line,480,1
3D9.1C2E0B8A05,CFM-2013-060-TUM.xml,CHW - Chiwaukum Creek,7/14/2013 12:31:51 AM,9/16/2013 3:23:52 AM,DOWNSTREAM ARRAY,DOWNSTREAM ARRAY,7/4/2013,7,Bull Trout,R,Resident,W,Wild Fish or Natural Production,TUMFBY - TUM - Release into the Forebay within 0.5 km upstream of Dam,LADDER,Adult Passage Ladder,NA,1
3D9.1C2E0B8A05,CFM-2013-060-TUM.xml,TUF - Tumwater Dam Adult Fishway,7/8/2014 1:14:41 PM,7/12/2014 4:42:57 AM,WEIR 14,WEIR 17,7/4/2013,7,Bull Trout,R,Resident,W,Wild Fish or Natural Production,TUMFBY - TUM - Release into the Forebay within 0.5 km upstream of Dam,LADDER,Adult Passage Ladder,NA,1
3D9.1C2E0B8A45,NBD14263.AAZ,UWE - Upper Wenatchee River,9/25/2014 11:53:21 PM,9/25/2014 11:53:21 PM,IN-STREAM ARRAY,IN-STREAM ARRAY,9/22/2014,7,Bull Trout,R,Resident,W,Wild Fish or Natural Production,"CHIWAT - Chiwawa River Trap, 0.5 km below CHIP acclimation pond",SCREWT,Screw Trap,279,1
3D9.1C2E0B8A45,NBD14263.AAZ,"WTL - White River, Wenatchee Basin",7/4/2015 2:50:18 AM,9/19/2015 4:18:12 AM,LOWER IN-STREAM ARRAY,LOWER IN-STREAM ARRAY,9/22/2014,7,Bull Trout,R,Resident,W,Wild Fish or Natural Production,"CHIWAT - Chiwawa River Trap, 0.5 km below CHIP acclimation pond",SCREWT,Screw Trap,279,1
3D9.1C2E0B8A89,TLM12299.AAZ,UWE - Upper Wenatchee River,10/26/2012 6:23:34 AM,10/26/2012 6:23:34 AM,IN-STREAM ARRAY,IN-STREAM ARRAY,10/25/2012,7,Bull Trout,R,Resident,W,Wild Fish or Natural Production,"CHIWAT - Chiwawa River Trap, 0.5 km below CHIP acclimation pond",SCREWT,Screw Trap,174,1
3D9.1C2E0B8A8F,TLM13214.AAZ,CHL - Lower Chiwawa River,10/3/2016 9:06:04 PM,10/3/2016 9:06:04 PM,LOWER IN-STREAM ARRAY,LOWER IN-STREAM ARRAY,8/2/2013,7,Bull Trout,R,Resident,W,Wild Fish or Natural Production,"CHIWAT - Chiwawa River Trap, 0.5 km below CHIP acclimation pond",SCREWT,Screw Trap,221,1
3D9.1C2E0B8A8F,TLM13214.AAZ,CHU - Upper Chiwawa River,6/23/2016 9:07:31 PM,9/21/2017 11:16:21 PM,LOWER IN-STREAM ARRAY,UPPER IN-STREAM ARRAY,8/2/2013,7,Bull Trout,R,Resident,W,Wild Fish or Natural Production,"CHIWAT - Chiwawa River Trap, 0.5 km below CHIP acclimation pond",SCREWT,Screw Trap,221,1
3D9.1C2E0B8A8F,TLM13214.AAZ,UWE - Upper Wenatchee River,8/7/2014 12:10:45 AM,2/22/2018 5:38:57 AM,IN-STREAM ARRAY,IN-STREAM ARRAY,8/2/2013,7,Bull Trout,R,Resident,W,Wild Fish or Natural Production,"CHIWAT - Chiwawa River Trap, 0.5 km below CHIP acclimation pond",SCREWT,Screw Trap,221,1
3D9.1C2E0B8A8F,TLM13214.AAZ,"WTL - White River, Wenatchee Basin",3/3/2016 5:36:34 AM,3/3/2016 6:09:31 PM,LOWER IN-STREAM ARRAY,LOWER IN-STREAM ARRAY,8/2/2013,7,Bull Trout,R,Resident,W,Wild Fish or Natural Production,"CHIWAT - Chiwawa River Trap, 0.5 km below CHIP acclimation pond",SCREWT,Screw Trap,221,1
3D9.1C2E0B8ADB,TLM12311.AAZ,"WTL - White River, Wenatchee Basin",11/22/2012 3:36:34 AM,11/22/2012 3:36:34 AM,UPPER IN-STREAM ARRAY,UPPER IN-STREAM ARRAY,11/6/2012,7,Bull Trout,R,Resident,W,Wild Fish or Natural Production,"CHIWAT - Chiwawa River Trap, 0.5 km below CHIP acclimation pond",SCREWT,Screw Trap,164,1
3D9.1C2E0B8ADF,TLM12275.AAZ,CHL - Lower Chiwawa River,10/2/2014 6:35:53 PM,10/2/2014 6:35:53 PM,LOWER IN-STREAM ARRAY,LOWER IN-STREAM ARRAY,10/6/2012,7,Bull Trout,R,Resident,W,Wild Fish or Natural Production,"CHIWAT - Chiwawa River Trap, 0.5 km below CHIP acclimation pond",SCREWT,Screw Trap,445,1
3D9.1C2E0B8ADF,TLM12275.AAZ,CHU - Upper Chiwawa River,10/1/2014 11:28:33 PM,10/1/2014 11:28:33 PM,UPPER IN-STREAM ARRAY,UPPER IN-STREAM ARRAY,10/6/2012,7,Bull Trout,R,Resident,W,Wild Fish or Natural Production,"CHIWAT - Chiwawa River Trap, 0.5 km below CHIP acclimation pond",SCREWT,Screw Trap,445,1
3D9.1C2E0B8ADF,TLM12275.AAZ,LWN - Little Wenatchee River,7/6/2013 6:41:33 AM,11/11/2014 11:27:46 PM,UPPER IN-STREAM ARRAY,LOWER IN-STREAM ARRAY,10/6/2012,7,Bull Trout,R,Resident,W,Wild Fish or Natural Production,"CHIWAT - Chiwawa River Trap, 0.5 km below CHIP acclimation pond",SCREWT,Screw Trap,445,1
3D9.1C2E0B8ADF,TLM12275.AAZ,UWE - Upper Wenatchee River,10/3/2014 10:33:31 PM,10/3/2014 10:33:31 PM,IN-STREAM ARRAY,IN-STREAM ARRAY,10/6/2012,7,Bull Trout,R,Resident,W,Wild Fish or Natural Production,"CHIWAT - Chiwawa River Trap, 0.5 km below CHIP acclimation pond",SCREWT,Screw Trap,445,1
3D9.1C2E0B8AEF,NBD14268.AAZ,UWE - Upper Wenatchee River,9/26/2014 5:43:39 AM,9/26/2014 9:17:05 PM,IN-STREAM ARRAY,IN-STREAM ARRAY,9/25/2014,7,Bull Trout,R,Resident,W,Wild Fish or Natural Production,"CHIWAT - Chiwawa River Trap, 0.5 km below CHIP acclimation pond",SCREWT,Screw Trap,465,1
3D9.1C2E0B8BD3,CGS12160.TW2,TWR - Lwr Twisp Rvr near MSRF Ponds,10/5/2012 9:33:06 PM,7/6/2014 3:18:35 AM,LOWER IN-STREAM ARRAY,UPPER IN-STREAM ARRAY,7/19/2012,7,Bull Trout,R,Resident,W,Wild Fish or Natural Production,TWISPW - Twisp River Weir (WDFW),WTRAP,Weir Trap,550,1
3D9.1C2E0B8BD3,CGS12160.TW2,"WEA - Wells Dam, DCPUD Adult Ladders",6/2/2013 2:06:16 PM,6/2/2013 4:52:33 PM,LEFT LADDER POOL 19,Left Ladder Pool 68,7/19/2012,7,Bull Trout,R,Resident,W,Wild Fish or Natural Production,TWISPW - Twisp River Weir (WDFW),WTRAP,Weir Trap,550,1
3D9.1C2E0B8C0B,CFM12212.CHI,CHL - Lower Chiwawa River,8/2/2012 10:07:11 AM,6/15/2015 3:10:36 AM,UPPER IN-STREAM ARRAY,UPPER IN-STREAM ARRAY,8/2/2012,7,Bull Trout,R,Resident,W,Wild Fish or Natural Production,CHIWAR - Chiwawa River,WTRAP,Weir Trap,NA,1
3D9.1C2E0B8C0B,CFM12212.CHI,CHU - Upper Chiwawa River,9/24/2012 3:36:27 AM,9/18/2014 12:19:37 AM,LOWER IN-STREAM ARRAY,LOWER IN-STREAM ARRAY,8/2/2012,7,Bull Trout,R,Resident,W,Wild Fish or Natural Production,CHIWAR - Chiwawa River,WTRAP,Weir Trap,NA,1
3D9.1C2E0B8C0B,CFM12212.CHI,LWN - Little Wenatchee River,11/11/2012 11:44:35 PM,6/11/2015 9:14:29 PM,UPPER IN-STREAM ARRAY,LOWER IN-STREAM ARRAY,8/2/2012,7,Bull Trout,R,Resident,W,Wild Fish or Natural Production,CHIWAR - Chiwawa River,WTRAP,Weir Trap,NA,1
3D9.1C2E0B8C16,TLM12310.AAZ,CHL - Lower Chiwawa River,12/16/2018 3:10:28 AM,12/16/2018 3:10:28 AM,LOWER IN-STREAM ARRAY,LOWER IN-STREAM ARRAY,11/5/2012,7,Bull Trout,R,Resident,W,Wild Fish or Natural Production,"CHIWAT - Chiwawa River Trap, 0.5 km below CHIP acclimation pond",SCREWT,Screw Trap,232,1
3D9.1C2E0B8C16,TLM12310.AAZ,CHU - Upper Chiwawa River,6/30/2018 1:15:31 AM,10/13/2018 4:14:20 AM,UPPER IN-STREAM ARRAY,UPPER IN-STREAM ARRAY,11/5/2012,7,Bull Trout,R,Resident,W,Wild Fish or Natural Production,"CHIWAT - Chiwawa River Trap, 0.5 km below CHIP acclimation pond",SCREWT,Screw Trap,232,1
3D9.1C2E0B8C37,TLM13214.AAZ,NAL - Lower Nason Creek,7/3/2014 11:51:48 PM,7/3/2014 11:51:48 PM,UPPER IN-STREAM ARRAY,UPPER IN-STREAM ARRAY,8/2/2013,7,Bull Trout,R,Resident,W,Wild Fish or Natural Production,"CHIWAT - Chiwawa River Trap, 0.5 km below CHIP acclimation pond",SCREWT,Screw Trap,440,1
3D9.1C2E0B8C37,TLM13214.AAZ,UWE - Upper Wenatchee River,2/8/2014 7:04:24 PM,7/2/2014 10:40:53 PM,IN-STREAM ARRAY,IN-STREAM ARRAY,8/2/2013,7,Bull Trout,R,Resident,W,Wild Fish or Natural Production,"CHIWAT - Chiwawa River Trap, 0.5 km below CHIP acclimation pond",SCREWT,Screw Trap,440,1
3D9.1C2E0B8C6A,CFM-2013-060-TUM.xml,CHW - Chiwaukum Creek,7/7/2013 3:37:05 AM,7/12/2014 12:11:24 AM,DOWNSTREAM ARRAY,UPSTREAM ARRAY,6/26/2013,7,Bull Trout,R,Resident,W,Wild Fish or Natural Production,TUMFBY - TUM - Release into the Forebay within 0.5 km upstream of Dam,LADDER,Adult Passage Ladder,NA,1
3D9.1C2E0B8C6A,CFM-2013-060-TUM.xml,ICL - Lower Icicle Instream Array,9/19/2013 10:30:01 PM,11/7/2013 6:42:43 PM,INSTREAM ARRAY,INSTREAM ARRAY,6/26/2013,7,Bull Trout,R,Resident,W,Wild Fish or Natural Production,TUMFBY - TUM - Release into the Forebay within 0.5 km upstream of Dam,LADDER,Adult Passage Ladder,NA,1
3D9.1C2E0B8C6A,CFM-2013-060-TUM.xml,LWE - Lower Wenatchee River,4/8/2014 9:13:31 AM,4/8/2014 9:13:31 AM,UPSTREAM ANTENNA ARRAY,UPSTREAM ANTENNA ARRAY,6/26/2013,7,Bull Trout,R,Resident,W,Wild Fish or Natural Production,TUMFBY - TUM - Release into the Forebay within 0.5 km upstream of Dam,LADDER,Adult Passage Ladder,NA,1
3D9.1C2E0B8C6A,CFM-2013-060-TUM.xml,TUF - Tumwater Dam Adult Fishway,6/23/2014 10:42:39 AM,7/6/2014 8:05:00 PM,WEIR 14,WEIR 17,6/26/2013,7,Bull Trout,R,Resident,W,Wild Fish or Natural Production,TUMFBY - TUM - Release into the Forebay within 0.5 km upstream of Dam,LADDER,Adult Passage Ladder,NA,1
3D9.1C2E0B8C9D,TLM12275.AAZ,CHL - Lower Chiwawa River,10/4/2012 6:43:56 PM,10/7/2012 8:42:40 PM,UPPER IN-STREAM ARRAY,UPPER IN-STREAM ARRAY,10/4/2012,7,Bull Trout,R,Resident,W,Wild Fish or Natural Production,"CHIWAT - Chiwawa River Trap, 0.5 km below CHIP acclimation pond",SCREWT,Screw Trap,235,1
3D9.1C2E0B8CDD,CFM12212.CHI,CHL - Lower Chiwawa River,10/3/2012 5:16:51 AM,10/3/2012 5:30:06 AM,UPPER IN-STREAM ARRAY,LOWER IN-STREAM ARRAY,7/31/2012,7,Bull Trout,R,Resident,W,Wild Fish or Natural Production,CHIWAR - Chiwawa River,WTRAP,Weir Trap,NA,1
3D9.1C2E0B8CDD,CFM12212.CHI,CHU - Upper Chiwawa River,7/31/2012 8:34:43 PM,10/3/2012 1:15:28 AM,LOWER IN-STREAM ARRAY,UPPER IN-STREAM ARRAY,7/31/2012,7,Bull Trout,R,Resident,W,Wild Fish or Natural Production,CHIWAR - Chiwawa River,WTRAP,Weir Trap,NA,1
3D9.1C2E0B8CE7,TLM13280.AAZ,CHL - Lower Chiwawa River,10/7/2013 7:24:19 PM,10/3/2018 10:37:12 PM,LOWER IN-STREAM ARRAY,UPPER IN-STREAM ARRAY,10/7/2013,7,Bull Trout,R,Resident,W,Wild Fish or Natural Production,"CHIWAT - Chiwawa River Trap, 0.5 km below CHIP acclimation pond",SCREWT,Screw Trap,221,1
3D9.1C2E0B8CE7,TLM13280.AAZ,CHU - Upper Chiwawa River,10/3/2018 1:51:20 AM,9/4/2020 2:50:50 AM,LOWER IN-STREAM ARRAY,LOWER IN-STREAM ARRAY,10/7/2013,7,Bull Trout,R,Resident,W,Wild Fish or Natural Production,"CHIWAT - Chiwawa River Trap, 0.5 km below CHIP acclimation pond",SCREWT,Screw Trap,221,1
3D9.1C2E0B8CE7,TLM13280.AAZ,LWN - Little Wenatchee River,11/8/2018 1:38:59 AM,7/31/2020 3:40:35 AM,LOWER IN-STREAM ARRAY,UPPER IN-STREAM ARRAY,10/7/2013,7,Bull Trout,R,Resident,W,Wild Fish or Natural Production,"CHIWAT - Chiwawa River Trap, 0.5 km below CHIP acclimation pond",SCREWT,Screw Trap,221,1
3D9.1C2E0B8CE7,TLM13280.AAZ,UWE - Upper Wenatchee River,9/12/2014 8:48:28 PM,9/2/2020 7:32:31 PM,IN-STREAM ARRAY,IN-STREAM ARRAY,10/7/2013,7,Bull Trout,R,Resident,W,Wild Fish or Natural Production,"CHIWAT - Chiwawa River Trap, 0.5 km below CHIP acclimation pond",SCREWT,Screw Trap,221,1
3D9.1C2E0B8D40,TLM12266.AAZ,CHL - Lower Chiwawa River,9/22/2012 10:16:01 AM,9/22/2012 10:16:53 AM,LOWER IN-STREAM ARRAY,UPPER IN-STREAM ARRAY,9/22/2012,7,Bull Trout,R,Resident,W,Wild Fish or Natural Production,"CHIWAT - Chiwawa River Trap, 0.5 km below CHIP acclimation pond",SCREWT,Screw Trap,193,1
3D9.1C2E0B8DC7,CGS-2023-271-MTT.xml,LMR - Lower Methow River at Pateros,6/22/2024 9:22:05 PM,6/22/2024 9:22:05 PM,Upstream Array,Upstream Array,9/28/2023,7,Bull Trout,R,Resident,W,Wild Fish or Natural Production,METHR - Methow River,HOOK,Hook and Line,325,1
3D9.1C2E0B8DC7,CGS-2023-271-MTT.xml,MRC - Methow River at Carlton,11/15/2023 2:09:12 AM,11/15/2023 2:09:12 AM,Single Array,Single Array,9/28/2023,7,Bull Trout,R,Resident,W,Wild Fish or Natural Production,METHR - Methow River,HOOK,Hook and Line,325,1
3D9.1C2E0B8DC7,CGS-2023-271-MTT.xml,OKL - Lower Okanogan Instream Array,4/6/2024 12:04:11 AM,4/19/2024 4:47:17 AM,Upstream Array,Upstream Array,9/28/2023,7,Bull Trout,R,Resident,W,Wild Fish or Natural Production,METHR - Methow River,HOOK,Hook and Line,325,1
3D9.1C2E0B8F0A,CFM-2013-060-TUM.xml,CHW - Chiwaukum Creek,7/8/2013 4:18:01 AM,7/8/2013 4:19:17 AM,DOWNSTREAM ARRAY,UPSTREAM ARRAY,6/20/2013,7,Bull Trout,R,Resident,W,Wild Fish or Natural Production,TUMFBY - TUM - Release into the Forebay within 0.5 km upstream of Dam,LADDER,Adult Passage Ladder,NA,1
3D9.1C2E0B8F52,CFM12212.CHI,CHL - Lower Chiwawa River,9/19/2012 12:35:15 AM,7/24/2014 7:17:29 AM,UPPER IN-STREAM ARRAY,UPPER IN-STREAM ARRAY,7/31/2012,7,Bull Trout,R,Resident,W,Wild Fish or Natural Production,CHIWAR - Chiwawa River,WTRAP,Weir Trap,NA,1
3D9.1C2E0B8F52,CFM12212.CHI,CHU - Upper Chiwawa River,7/31/2012 12:34:08 PM,9/18/2012 8:36:47 PM,LOWER IN-STREAM ARRAY,UPPER IN-STREAM ARRAY,7/31/2012,7,Bull Trout,R,Resident,W,Wild Fish or Natural Production,CHIWAR - Chiwawa River,WTRAP,Weir Trap,NA,1
3D9.1C2E0B8F52,CFM12212.CHI,UWE - Upper Wenatchee River,4/9/2014 7:06:08 AM,5/16/2014 1:36:55 PM,IN-STREAM ARRAY,IN-STREAM ARRAY,7/31/2012,7,Bull Trout,R,Resident,W,Wild Fish or Natural Production,CHIWAR - Chiwawa River,WTRAP,Weir Trap,NA,1
3D9.1C2E0B8FC7,CGS12160.TW2,TWR - Lwr Twisp Rvr near MSRF Ponds,9/16/2012 10:43:15 PM,9/11/2013 8:58:13 PM,UPPER IN-STREAM ARRAY,LOWER IN-STREAM ARRAY,7/8/2012,7,Bull Trout,R,Resident,W,Wild Fish or Natural Production,TWISPW - Twisp River Weir (WDFW),WTRAP,Weir Trap,530,1
3D9.1C2E0B8FCF,CFM12212.CHI,CHL - Lower Chiwawa River,9/26/2012 10:33:10 PM,9/26/2012 10:33:10 PM,LOWER IN-STREAM ARRAY,LOWER IN-STREAM ARRAY,8/2/2012,7,Bull Trout,R,Resident,W,Wild Fish or Natural Production,CHIWAR - Chiwawa River,WTRAP,Weir Trap,NA,1
3D9.1C2E0B8FCF,CFM12212.CHI,CHU - Upper Chiwawa River,9/26/2012 4:51:52 AM,9/26/2012 4:51:52 AM,UPPER IN-STREAM ARRAY,UPPER IN-STREAM ARRAY,8/2/2012,7,Bull Trout,R,Resident,W,Wild Fish or Natural Production,CHIWAR - Chiwawa River,WTRAP,Weir Trap,NA,1
3D9.1C2E0B90EC,NBD14270.AAZ,UWE - Upper Wenatchee River,9/29/2014 4:45:35 AM,9/29/2014 4:45:35 AM,IN-STREAM ARRAY,IN-STREAM ARRAY,9/27/2014,7,Bull Trout,R,Resident,W,Wild Fish or Natural Production,"CHIWAT - Chiwawa River Trap, 0.5 km below CHIP acclimation pond",SCREWT,Screw Trap,246,1
3D9.1C2E0B911D,CFM-2013-060-TUM.xml,CHW - Chiwaukum Creek,7/18/2013 2:10:46 AM,7/18/2013 2:15:20 AM,DOWNSTREAM ARRAY,UPSTREAM ARRAY,7/7/2013,7,Bull Trout,R,Resident,W,Wild Fish or Natural Production,TUMFBY - TUM - Release into the Forebay within 0.5 km upstream of Dam,LADDER,Adult Passage Ladder,NA,1
3D9.1C2E0B93C4,NBD14268.AAZ,UWE - Upper Wenatchee River,9/26/2014 1:39:37 AM,9/26/2014 1:39:37 AM,IN-STREAM ARRAY,IN-STREAM ARRAY,9/25/2014,7,Bull Trout,R,Resident,W,Wild Fish or Natural Production,"CHIWAT - Chiwawa River Trap, 0.5 km below CHIP acclimation pond",SCREWT,Screw Trap,575,1
3D9.1C2E0B94AF,CFM-2013-060-TUM.xml,CHW - Chiwaukum Creek,7/17/2013 2:17:04 AM,7/17/2013 2:17:35 AM,DOWNSTREAM ARRAY,UPSTREAM ARRAY,6/30/2013,7,Bull Trout,R,Resident,W,Wild Fish or Natural Production,TUMFBY - TUM - Release into the Forebay within 0.5 km upstream of Dam,LADDER,Adult Passage Ladder,NA,1
3D9.1C2E0B94AF,CFM-2013-060-TUM.xml,TUF - Tumwater Dam Adult Fishway,7/2/2013 5:26:59 PM,7/2/2013 5:27:29 PM,WEIR 14,WEIR 17,6/30/2013,7,Bull Trout,R,Resident,W,Wild Fish or Natural Production,TUMFBY - TUM - Release into the Forebay within 0.5 km upstream of Dam,LADDER,Adult Passage Ladder,NA,1
3D9.1C2E0B94E3,CFM12212.CHI,CHL - Lower Chiwawa River,9/20/2012 11:27:28 PM,9/13/2022 11:15:54 PM,UPPER IN-STREAM ARRAY,UPPER IN-STREAM ARRAY,7/30/2012,7,Bull Trout,R,Resident,W,Wild Fish or Natural Production,CHIWAR - Chiwawa River,WTRAP,Weir Trap,NA,1
3D9.1C2E0B94E3,CFM12212.CHI,CHU - Upper Chiwawa River,7/30/2012 8:49:41 PM,9/20/2020 12:09:45 AM,LOWER IN-STREAM ARRAY,LOWER IN-STREAM ARRAY,7/30/2012,7,Bull Trout,R,Resident,W,Wild Fish or Natural Production,CHIWAR - Chiwawa River,WTRAP,Weir Trap,NA,1
3D9.1C2E0B94E3,CFM12212.CHI,LWN - Little Wenatchee River,4/30/2020 12:06:08 PM,5/2/2020 1:59:00 AM,UPPER IN-STREAM ARRAY,UPPER IN-STREAM ARRAY,7/30/2012,7,Bull Trout,R,Resident,W,Wild Fish or Natural Production,CHIWAR - Chiwawa River,WTRAP,Weir Trap,NA,1
3D9.1C2E0B94E3,CFM12212.CHI,UWE - Upper Wenatchee River,9/15/2014 10:38:58 PM,9/14/2022 4:34:59 AM,IN-STREAM ARRAY,IN-STREAM ARRAY,7/30/2012,7,Bull Trout,R,Resident,W,Wild Fish or Natural Production,CHIWAR - Chiwawa River,WTRAP,Weir Trap,NA,1
3D9.1C2E0B94E3,CFM12212.CHI,"WTL - White River, Wenatchee Basin",9/13/2019 3:53:37 AM,6/18/2022 8:24:49 PM,LOWER IN-STREAM ARRAY,LOWER IN-STREAM ARRAY,7/30/2012,7,Bull Trout,R,Resident,W,Wild Fish or Natural Production,CHIWAR - Chiwawa River,WTRAP,Weir Trap,NA,1
3D9.1C2E0B9523,NBD14269.AAZ,CHL - Lower Chiwawa River,9/26/2015 1:48:56 AM,9/24/2016 1:49:50 AM,UPPER IN-STREAM ARRAY,LOWER IN-STREAM ARRAY,9/26/2014,7,Bull Trout,R,Resident,W,Wild Fish or Natural Production,"CHIWAT - Chiwawa River Trap, 0.5 km below CHIP acclimation pond",SCREWT,Screw Trap,500,1
3D9.1C2E0B9523,NBD14269.AAZ,CHU - Upper Chiwawa River,9/25/2015 9:28:10 PM,10/9/2017 6:59:37 PM,LOWER IN-STREAM ARRAY,LOWER IN-STREAM ARRAY,9/26/2014,7,Bull Trout,R,Resident,W,Wild Fish or Natural Production,"CHIWAT - Chiwawa River Trap, 0.5 km below CHIP acclimation pond",SCREWT,Screw Trap,500,1
3D9.1C2E0B9523,NBD14269.AAZ,UWE - Upper Wenatchee River,9/27/2014 1:47:10 AM,12/29/2017 12:35:46 AM,IN-STREAM ARRAY,IN-STREAM ARRAY,9/26/2014,7,Bull Trout,R,Resident,W,Wild Fish or Natural Production,"CHIWAT - Chiwawa River Trap, 0.5 km below CHIP acclimation pond",SCREWT,Screw Trap,500,1
3D9.1C2E0B9555,CFM-2013-060-TUM.xml,CHL - Lower Chiwawa River,9/29/2013 9:25:50 PM,9/29/2013 9:25:50 PM,LOWER IN-STREAM ARRAY,LOWER IN-STREAM ARRAY,6/19/2013,7,Bull Trout,R,Resident,W,Wild Fish or Natural Production,TUMFBY - TUM - Release into the Forebay within 0.5 km upstream of Dam,LADDER,Adult Passage Ladder,NA,1
3D9.1C2E0B96CA,TLM13060.AAZ,ICL - Lower Icicle Instream Array,8/15/2013 9:52:24 PM,8/15/2013 9:52:24 PM,INSTREAM ARRAY,INSTREAM ARRAY,3/16/2013,7,Bull Trout,R,Resident,W,Wild Fish or Natural Production,"CHIWAT - Chiwawa River Trap, 0.5 km below CHIP acclimation pond",SCREWT,Screw Trap,143,1
3D9.1C2E0B96CE,NBD14268.AAZ,CHU - Upper Chiwawa River,9/28/2017 10:22:37 PM,9/28/2017 10:22:37 PM,UPPER IN-STREAM ARRAY,UPPER IN-STREAM ARRAY,9/25/2014,7,Bull Trout,R,Resident,W,Wild Fish or Natural Production,"CHIWAT - Chiwawa River Trap, 0.5 km below CHIP acclimation pond",SCREWT,Screw Trap,237,1
3D9.1C2E0B96CE,NBD14268.AAZ,UWE - Upper Wenatchee River,9/25/2014 11:32:42 PM,10/3/2018 10:45:40 PM,IN-STREAM ARRAY,IN-STREAM ARRAY,9/25/2014,7,Bull Trout,R,Resident,W,Wild Fish or Natural Production,"CHIWAT - Chiwawa River Trap, 0.5 km below CHIP acclimation pond",SCREWT,Screw Trap,237,1
3D9.1C2E0B96CE,NBD14268.AAZ,"WTL - White River, Wenatchee Basin",10/1/2018 8:47:55 PM,10/1/2018 8:53:08 PM,UPPER IN-STREAM ARRAY,UPPER IN-STREAM ARRAY,9/25/2014,7,Bull Trout,R,Resident,W,Wild Fish or Natural Production,"CHIWAT - Chiwawa River Trap, 0.5 km below CHIP acclimation pond",SCREWT,Screw Trap,237,1
3D9.1C2E0B9736,CGS12160.TW2,TWR - Lwr Twisp Rvr near MSRF Ponds,10/24/2012 8:30:31 PM,7/2/2013 3:35:40 AM,UPPER IN-STREAM ARRAY,LOWER IN-STREAM ARRAY,7/21/2012,7,Bull Trout,R,Resident,W,Wild Fish or Natural Production,TWISPW - Twisp River Weir (WDFW),WTRAP,Weir Trap,450,1
3D9.1C2E0B9783,NBD-2015-065-TUM.xml,CHW - Chiwaukum Creek,6/27/2015 9:47:00 PM,6/27/2015 9:47:25 PM,DOWNSTREAM ARRAY,UPSTREAM ARRAY,6/17/2015,7,Bull Trout,R,Resident,W,Wild Fish or Natural Production,TUMFBY - TUM - Release into the Forebay within 0.5 km upstream of Dam,LADDER,Adult Passage Ladder,NA,1
3D9.1C2E0B97A8,TLM12294.AAZ,UWE - Upper Wenatchee River,10/22/2012 11:31:39 PM,10/22/2012 11:32:26 PM,IN-STREAM ARRAY,IN-STREAM ARRAY,10/20/2012,7,Bull Trout,R,Resident,W,Wild Fish or Natural Production,"CHIWAT - Chiwawa River Trap, 0.5 km below CHIP acclimation pond",SCREWT,Screw Trap,158,1
3D9.1C2E0B97B6,CGS14153.TW1,LMR - Lower Methow River at Pateros,1/20/2016 12:02:47 PM,2/17/2016 8:44:23 AM,UPSTREAM FULL-WIDTH ARRAY,UPSTREAM FULL-WIDTH ARRAY,7/8/2014,7,Bull Trout,R,Resident,W,Wild Fish or Natural Production,TWISPW - Twisp River Weir (WDFW),WTRAP,Weir Trap,580,1
3D9.1C2E0B97B6,CGS14153.TW1,MRC - Methow River at Carlton,6/12/2016 9:44:45 PM,6/16/2018 9:09:02 PM,Single Array,Single Array,7/8/2014,7,Bull Trout,R,Resident,W,Wild Fish or Natural Production,TWISPW - Twisp River Weir (WDFW),WTRAP,Weir Trap,580,1
3D9.1C2E0B97B6,CGS14153.TW1,RRF - Rocky Reach Fishway,6/30/2017 6:24:38 PM,6/30/2017 6:28:11 PM,Upper Weir,Trap,7/8/2014,7,Bull Trout,R,Resident,W,Wild Fish or Natural Production,TWISPW - Twisp River Weir (WDFW),WTRAP,Weir Trap,580,1
3D9.1C2E0B97B6,CGS14153.TW1,TWR - Lwr Twisp Rvr near MSRF Ponds,10/24/2014 12:43:29 AM,10/3/2017 10:58:10 PM,LOWER IN-STREAM ARRAY,LOWER IN-STREAM ARRAY,7/8/2014,7,Bull Trout,R,Resident,W,Wild Fish or Natural Production,TWISPW - Twisp River Weir (WDFW),WTRAP,Weir Trap,580,1
3D9.1C2E0B97B6,CGS14153.TW1,"WEA - Wells Dam, DCPUD Adult Ladders",7/4/2017 1:26:28 PM,7/4/2017 1:42:17 PM,Right Ladder Pool 67,Right Ladder Pool 68,7/8/2014,7,Bull Trout,R,Resident,W,Wild Fish or Natural Production,TWISPW - Twisp River Weir (WDFW),WTRAP,Weir Trap,580,1
3D9.1C2E0B97CE,TLM13269.AAZ,CHL - Lower Chiwawa River,9/26/2013 2:11:48 PM,6/8/2019 9:45:31 PM,LOWER IN-STREAM ARRAY,UPPER IN-STREAM ARRAY,9/26/2013,7,Bull Trout,R,Resident,W,Wild Fish or Natural Production,"CHIWAT - Chiwawa River Trap, 0.5 km below CHIP acclimation pond",SCREWT,Screw Trap,242,1
3D9.1C2E0B97CE,TLM13269.AAZ,LWN - Little Wenatchee River,11/2/2018 9:15:56 AM,11/16/2018 8:41:31 PM,LOWER IN-STREAM ARRAY,UPPER IN-STREAM ARRAY,9/26/2013,7,Bull Trout,R,Resident,W,Wild Fish or Natural Production,"CHIWAT - Chiwawa River Trap, 0.5 km below CHIP acclimation pond",SCREWT,Screw Trap,242,1
3D9.1C2E0B97CE,TLM13269.AAZ,"WTL - White River, Wenatchee Basin",9/10/2017 9:17:26 PM,10/9/2017 9:32:08 PM,LOWER IN-STREAM ARRAY,LOWER IN-STREAM ARRAY,9/26/2013,7,Bull Trout,R,Resident,W,Wild Fish or Natural Production,"CHIWAT - Chiwawa River Trap, 0.5 km below CHIP acclimation pond",SCREWT,Screw Trap,242,1
3D9.1C2E0B97FE,TLM13265.AAZ,CHL - Lower Chiwawa River,9/15/2014 10:52:14 PM,9/15/2014 10:52:30 PM,UPPER IN-STREAM ARRAY,LOWER IN-STREAM ARRAY,9/22/2013,7,Bull Trout,R,Resident,W,Wild Fish or Natural Production,"CHIWAT - Chiwawa River Trap, 0.5 km below CHIP acclimation pond",SCREWT,Screw Trap,460,1
3D9.1C2E0B97FE,TLM13265.AAZ,CHU - Upper Chiwawa River,9/15/2014 7:49:13 PM,9/15/2014 7:49:13 PM,UPPER IN-STREAM ARRAY,UPPER IN-STREAM ARRAY,9/22/2013,7,Bull Trout,R,Resident,W,Wild Fish or Natural Production,"CHIWAT - Chiwawa River Trap, 0.5 km below CHIP acclimation pond",SCREWT,Screw Trap,460,1
3D9.1C2E0B97FE,TLM13265.AAZ,UWE - Upper Wenatchee River,9/16/2014 1:37:37 AM,6/12/2015 12:46:17 AM,IN-STREAM ARRAY,IN-STREAM ARRAY,9/22/2013,7,Bull Trout,R,Resident,W,Wild Fish or Natural Production,"CHIWAT - Chiwawa River Trap, 0.5 km below CHIP acclimation pond",SCREWT,Screw Trap,460,1
3D9.1C2E0B9856,TLM13163.AAZ,UWE - Upper Wenatchee River,6/14/2013 1:09:30 PM,6/14/2013 1:09:30 PM,IN-STREAM ARRAY,IN-STREAM ARRAY,6/12/2013,7,Bull Trout,R,Resident,W,Wild Fish or Natural Production,"CHIWAT - Chiwawa River Trap, 0.5 km below CHIP acclimation pond",SCREWT,Screw Trap,169,1
3D9.1C2E0B988E,TLM12265.AAZ,CHL - Lower Chiwawa River,5/29/2015 8:22:25 PM,9/20/2017 9:22:33 PM,LOWER IN-STREAM ARRAY,LOWER IN-STREAM ARRAY,9/21/2012,7,Bull Trout,R,Resident,W,Wild Fish or Natural Production,"CHIWAT - Chiwawa River Trap, 0.5 km below CHIP acclimation pond",SCREWT,Screw Trap,223,1
3D9.1C2E0B988E,TLM12265.AAZ,CHU - Upper Chiwawa River,9/25/2015 3:25:38 AM,9/22/2018 7:07:39 AM,UPPER IN-STREAM ARRAY,LOWER IN-STREAM ARRAY,9/21/2012,7,Bull Trout,R,Resident,W,Wild Fish or Natural Production,"CHIWAT - Chiwawa River Trap, 0.5 km below CHIP acclimation pond",SCREWT,Screw Trap,223,1
3D9.1C2E0B988E,TLM12265.AAZ,UWE - Upper Wenatchee River,9/26/2015 12:15:47 AM,2/20/2019 8:09:16 PM,IN-STREAM ARRAY,IN-STREAM ARRAY,9/21/2012,7,Bull Trout,R,Resident,W,Wild Fish or Natural Production,"CHIWAT - Chiwawa River Trap, 0.5 km below CHIP acclimation pond",SCREWT,Screw Trap,223,1
3D9.1C2E0B9899,CGS14153.TW1,TWR - Lwr Twisp Rvr near MSRF Ponds,7/13/2014 9:50:11 PM,7/16/2014 6:05:41 AM,UPPER IN-STREAM ARRAY,UPPER IN-STREAM ARRAY,7/7/2014,7,Bull Trout,R,Resident,W,Wild Fish or Natural Production,TWISPW - Twisp River Weir (WDFW),WTRAP,Weir Trap,590,1
3D9.1C2E0B991E,NBD14269.AAZ,CHL - Lower Chiwawa River,9/26/2014 12:19:54 PM,9/26/2014 12:28:49 PM,LOWER IN-STREAM ARRAY,UPPER IN-STREAM ARRAY,9/26/2014,7,Bull Trout,R,Resident,W,Wild Fish or Natural Production,"CHIWAT - Chiwawa River Trap, 0.5 km below CHIP acclimation pond",SCREWT,Screw Trap,227,1
3D9.1C2E0B991E,NBD14269.AAZ,UWE - Upper Wenatchee River,9/28/2014 2:35:36 AM,7/15/2017 12:17:10 AM,IN-STREAM ARRAY,IN-STREAM ARRAY,9/26/2014,7,Bull Trout,R,Resident,W,Wild Fish or Natural Production,"CHIWAT - Chiwawa River Trap, 0.5 km below CHIP acclimation pond",SCREWT,Screw Trap,227,1
3D9.1C2E0B998F,CFM-2013-060-TUM.xml,CHW - Chiwaukum Creek,7/7/2013 5:47:42 AM,7/7/2013 5:47:55 AM,DOWNSTREAM ARRAY,UPSTREAM ARRAY,6/26/2013,7,Bull Trout,R,Resident,W,Wild Fish or Natural Production,TUMFBY - TUM - Release into the Forebay within 0.5 km upstream of Dam,LADDER,Adult Passage Ladder,NA,1
3D9.1C2E0B9995,TLM12146.AAZ,ICL - Lower Icicle Instream Array,8/3/2012 3:24:54 AM,8/3/2012 3:24:54 AM,INSTREAM ARRAY,INSTREAM ARRAY,5/25/2012,7,Bull Trout,R,Resident,W,Wild Fish or Natural Production,"CHIWAT - Chiwawa River Trap, 0.5 km below CHIP acclimation pond",SCREWT,Screw Trap,132,1
3D9.1C2E0B9A19,CGS14153.TW1,TWR - Lwr Twisp Rvr near MSRF Ponds,10/24/2014 5:21:39 AM,6/16/2015 12:12:15 AM,UPPER IN-STREAM ARRAY,UPPER IN-STREAM ARRAY,7/6/2014,7,Bull Trout,R,Resident,W,Wild Fish or Natural Production,TWISPW - Twisp River Weir (WDFW),WTRAP,Weir Trap,600,1
3D9.1C2E0B9A19,CGS14153.TW1,"WEA - Wells Dam, DCPUD Adult Ladders",5/19/2015 4:36:43 AM,5/19/2015 9:35:31 AM,LEFT LADDER POOL 19,Left Ladder Pool 68,7/6/2014,7,Bull Trout,R,Resident,W,Wild Fish or Natural Production,TWISPW - Twisp River Weir (WDFW),WTRAP,Weir Trap,600,1
3D9.1C2E0B9A5A,CFM12212.CHI,CHU - Upper Chiwawa River,7/31/2012 4:24:16 AM,7/31/2012 4:24:16 AM,UPPER IN-STREAM ARRAY,UPPER IN-STREAM ARRAY,7/30/2012,7,Bull Trout,R,Resident,W,Wild Fish or Natural Production,CHIWAR - Chiwawa River,WTRAP,Weir Trap,NA,1
3D9.1C2E0B9A9E,TLM13181.AAZ,ICL - Lower Icicle Instream Array,7/5/2013 2:40:33 PM,7/16/2014 12:40:53 AM,INSTREAM ARRAY,INSTREAM ARRAY,6/30/2013,7,Bull Trout,R,Resident,W,Wild Fish or Natural Production,"CHIWAT - Chiwawa River Trap, 0.5 km below CHIP acclimation pond",SCREWT,Screw Trap,134,1
3D9.1C2E0B9AC5,CGS12160.TW2,LMR - Lower Methow River at Pateros,2/8/2013 2:46:18 AM,1/8/2015 2:43:33 AM,DOWNSTREAM FULL-WIDTH ARRAY,DOWNSTREAM FULL-WIDTH ARRAY,7/10/2012,7,Bull Trout,R,Resident,W,Wild Fish or Natural Production,TWISPW - Twisp River Weir (WDFW),WTRAP,Weir Trap,530,1
3D9.1C2E0B9AC5,CGS12160.TW2,TWR - Lwr Twisp Rvr near MSRF Ponds,10/23/2012 1:29:42 AM,10/25/2014 12:30:26 AM,UPPER IN-STREAM ARRAY,LOWER IN-STREAM ARRAY,7/10/2012,7,Bull Trout,R,Resident,W,Wild Fish or Natural Production,TWISPW - Twisp River Weir (WDFW),WTRAP,Weir Trap,530,1
3D9.1C2E0B9B68,TLM12275.AAZ,CHL - Lower Chiwawa River,8/9/2013 7:01:48 PM,8/9/2013 7:02:14 PM,UPPER IN-STREAM ARRAY,LOWER IN-STREAM ARRAY,10/9/2012,7,Bull Trout,R,Resident,W,Wild Fish or Natural Production,"CHIWAT - Chiwawa River Trap, 0.5 km below CHIP acclimation pond",SCREWT,Screw Trap,460,1
3D9.1C2E0B9B70,TLM13198.AAZ,CHL - Lower Chiwawa River,11/29/2018 9:01:07 AM,11/29/2018 9:01:07 AM,UPPER IN-STREAM ARRAY,UPPER IN-STREAM ARRAY,7/17/2013,7,Bull Trout,R,Resident,W,Wild Fish or Natural Production,"CHIWAT - Chiwawa River Trap, 0.5 km below CHIP acclimation pond",SCREWT,Screw Trap,214,1
3D9.1C2E0B9B70,TLM13198.AAZ,CHU - Upper Chiwawa River,9/29/2017 2:51:45 AM,11/20/2018 1:24:15 AM,LOWER IN-STREAM ARRAY,LOWER IN-STREAM ARRAY,7/17/2013,7,Bull Trout,R,Resident,W,Wild Fish or Natural Production,"CHIWAT - Chiwawa River Trap, 0.5 km below CHIP acclimation pond",SCREWT,Screw Trap,214,1
3D9.1C2E0B9B70,TLM13198.AAZ,UWE - Upper Wenatchee River,7/20/2013 12:43:13 AM,9/30/2017 7:02:33 PM,IN-STREAM ARRAY,IN-STREAM ARRAY,7/17/2013,7,Bull Trout,R,Resident,W,Wild Fish or Natural Production,"CHIWAT - Chiwawa River Trap, 0.5 km below CHIP acclimation pond",SCREWT,Screw Trap,214,1
3D9.1C2E0B9C47,CFM-2013-060-TUM.xml,CHW - Chiwaukum Creek,7/19/2013 1:56:42 AM,7/12/2014 10:48:18 PM,DOWNSTREAM ARRAY,UPSTREAM ARRAY,7/5/2013,7,Bull Trout,R,Resident,W,Wild Fish or Natural Production,TUMFBY - TUM - Release into the Forebay within 0.5 km upstream of Dam,LADDER,Adult Passage Ladder,NA,1
3D9.1C2E0B9C47,CFM-2013-060-TUM.xml,TUF - Tumwater Dam Adult Fishway,6/28/2014 8:15:23 PM,6/28/2014 8:21:23 PM,WEIR 14,WEIR 17,7/5/2013,7,Bull Trout,R,Resident,W,Wild Fish or Natural Production,TUMFBY - TUM - Release into the Forebay within 0.5 km upstream of Dam,LADDER,Adult Passage Ladder,NA,1
3D9.1C2E0B9C4B,CGS14153.TW1,TWR - Lwr Twisp Rvr near MSRF Ponds,10/24/2014 7:12:32 PM,6/17/2015 10:58:51 PM,LOWER IN-STREAM ARRAY,UPPER IN-STREAM ARRAY,7/6/2014,7,Bull Trout,R,Resident,W,Wild Fish or Natural Production,TWISPW - Twisp River Weir (WDFW),WTRAP,Weir Trap,540,1
3D9.1C2E0B9CA3,CFM-2013-060-TUM.xml,CHW - Chiwaukum Creek,7/10/2013 12:23:35 AM,7/10/2013 12:25:46 AM,DOWNSTREAM ARRAY,UPSTREAM ARRAY,7/3/2013,7,Bull Trout,R,Resident,W,Wild Fish or Natural Production,TUMFBY - TUM - Release into the Forebay within 0.5 km upstream of Dam,LADDER,Adult Passage Ladder,NA,1
3D9.1C2E0B9CB6,CGS12160.TW2,TWR - Lwr Twisp Rvr near MSRF Ponds,10/24/2012 7:32:07 PM,10/24/2012 7:32:22 PM,UPPER IN-STREAM ARRAY,LOWER IN-STREAM ARRAY,7/7/2012,7,Bull Trout,R,Resident,W,Wild Fish or Natural Production,TWISPW - Twisp River Weir (WDFW),WTRAP,Weir Trap,750,1
3D9.1C2E0B9CB9,NBD14265.AAZ,CHL - Lower Chiwawa River,9/14/2015 10:30:34 PM,9/15/2016 2:07:23 AM,LOWER IN-STREAM ARRAY,LOWER IN-STREAM ARRAY,9/22/2014,7,Bull Trout,R,Resident,W,Wild Fish or Natural Production,"CHIWAT - Chiwawa River Trap, 0.5 km below CHIP acclimation pond",SCREWT,Screw Trap,485,1
3D9.1C2E0B9CB9,NBD14265.AAZ,CHU - Upper Chiwawa River,9/14/2015 4:40:38 AM,9/24/2017 8:54:39 PM,LOWER IN-STREAM ARRAY,LOWER IN-STREAM ARRAY,9/22/2014,7,Bull Trout,R,Resident,W,Wild Fish or Natural Production,"CHIWAT - Chiwawa River Trap, 0.5 km below CHIP acclimation pond",SCREWT,Screw Trap,485,1
3D9.1C2E0B9CB9,NBD14265.AAZ,UWE - Upper Wenatchee River,9/22/2014 11:49:13 PM,12/22/2018 7:14:19 PM,IN-STREAM ARRAY,IN-STREAM ARRAY,9/22/2014,7,Bull Trout,R,Resident,W,Wild Fish or Natural Production,"CHIWAT - Chiwawa River Trap, 0.5 km below CHIP acclimation pond",SCREWT,Screw Trap,485,1
3D9.1C2E0B9D69,CGS-2017-272-MBL.xml,MRC - Methow River at Carlton,7/26/2019 8:24:33 PM,7/27/2019 2:47:27 PM,Single Array,Single Array,9/29/2017,7,Bull Trout,R,Resident,W,Wild Fish or Natural Production,"LOSTR - Lost River, Methow River Basin",DIPNET,Dip Net,193,1
3D9.1C2E0B9D69,CGS-2017-272-MBL.xml,MRW - Methow River at Winthrop,9/2/2018 11:09:07 PM,9/2/2018 11:09:07 PM,DOWNSTREAM ARRAY,DOWNSTREAM ARRAY,9/29/2017,7,Bull Trout,R,Resident,W,Wild Fish or Natural Production,"LOSTR - Lost River, Methow River Basin",DIPNET,Dip Net,193,1
3D9.1C2E0BA2AB,CGS12160.TW2,TWR - Lwr Twisp Rvr near MSRF Ponds,10/20/2012 5:51:16 AM,9/8/2013 11:09:00 PM,UPPER IN-STREAM ARRAY,LOWER IN-STREAM ARRAY,7/1/2012,7,Bull Trout,R,Resident,W,Wild Fish or Natural Production,TWISPW - Twisp River Weir (WDFW),WTRAP,Weir Trap,640,1
3D9.1C2E0BA300,CGS12160.TW2,"GLC - Gold Creek, Methow River",7/9/2014 8:06:41 PM,7/10/2014 3:46:40 AM,LOWER IN-STREAM ARRAY,UPPER IN-STREAM ARRAY,7/7/2012,7,Bull Trout,R,Resident,W,Wild Fish or Natural Production,TWISPW - Twisp River Weir (WDFW),WTRAP,Weir Trap,610,1
3D9.1C2E0BA300,CGS12160.TW2,TWR - Lwr Twisp Rvr near MSRF Ponds,9/23/2012 7:56:23 PM,9/30/2013 3:11:29 AM,UPPER IN-STREAM ARRAY,LOWER IN-STREAM ARRAY,7/7/2012,7,Bull Trout,R,Resident,W,Wild Fish or Natural Production,TWISPW - Twisp River Weir (WDFW),WTRAP,Weir Trap,610,1
3D9.1C2E0BA3A4,CGS12160.TW2,TWR - Lwr Twisp Rvr near MSRF Ponds,7/5/2012 10:20:47 PM,7/5/2012 10:20:47 PM,LOWER IN-STREAM ARRAY,LOWER IN-STREAM ARRAY,6/29/2012,7,Bull Trout,R,Resident,W,Wild Fish or Natural Production,TWISPW - Twisp River Weir (WDFW),WTRAP,Weir Trap,580,1
3D9.1C2E0BA4BA,TLM12259.AAZ,CHL - Lower Chiwawa River,9/15/2012 11:53:19 AM,9/15/2012 11:54:31 AM,LOWER IN-STREAM ARRAY,UPPER IN-STREAM ARRAY,9/15/2012,7,Bull Trout,R,Resident,W,Wild Fish or Natural Production,"CHIWAT - Chiwawa River Trap, 0.5 km below CHIP acclimation pond",SCREWT,Screw Trap,220,1
3D9.1C2E0BA53A,NBD14265.AAZ,UWE - Upper Wenatchee River,9/22/2014 10:55:41 PM,9/22/2014 10:55:41 PM,IN-STREAM ARRAY,IN-STREAM ARRAY,9/22/2014,7,Bull Trout,R,Resident,W,Wild Fish or Natural Production,"CHIWAT - Chiwawa River Trap, 0.5 km below CHIP acclimation pond",SCREWT,Screw Trap,225,1
3D9.1C2E0BA540,TLM13288.AAZ,CHL - Lower Chiwawa River,10/15/2013 4:40:32 PM,10/15/2013 4:40:32 PM,LOWER IN-STREAM ARRAY,LOWER IN-STREAM ARRAY,10/15/2013,7,Bull Trout,R,Resident,W,Wild Fish or Natural Production,"CHIWAT - Chiwawa River Trap, 0.5 km below CHIP acclimation pond",SCREWT,Screw Trap,202,1
3D9.1C2E0BA58C,TLM12294.AAZ,UWE - Upper Wenatchee River,10/21/2012 8:15:48 PM,10/21/2012 8:15:48 PM,IN-STREAM ARRAY,IN-STREAM ARRAY,10/20/2012,7,Bull Trout,R,Resident,W,Wild Fish or Natural Production,"CHIWAT - Chiwawa River Trap, 0.5 km below CHIP acclimation pond",SCREWT,Screw Trap,211,1
3D9.1C2E0BA58D,CGS14153.TW1,MRC - Methow River at Carlton,6/28/2016 9:08:43 PM,6/21/2018 3:00:33 AM,Single Array,Single Array,7/8/2014,7,Bull Trout,R,Resident,W,Wild Fish or Natural Production,TWISPW - Twisp River Weir (WDFW),WTRAP,Weir Trap,690,1
3D9.1C2E0BA58D,CGS14153.TW1,TWR - Lwr Twisp Rvr near MSRF Ponds,6/19/2015 9:14:28 PM,6/27/2018 12:42:09 AM,UPPER IN-STREAM ARRAY,LOWER IN-STREAM ARRAY,7/8/2014,7,Bull Trout,R,Resident,W,Wild Fish or Natural Production,TWISPW - Twisp River Weir (WDFW),WTRAP,Weir Trap,690,1
3D9.1C2E0BA5C4,TLM13091.AAZ,UWE - Upper Wenatchee River,4/10/2013 7:41:13 PM,4/10/2013 7:41:13 PM,IN-STREAM ARRAY,IN-STREAM ARRAY,4/3/2013,7,Bull Trout,R,Resident,W,Wild Fish or Natural Production,"CHIWAT - Chiwawa River Trap, 0.5 km below CHIP acclimation pond",SCREWT,Screw Trap,167,1
3D9.1C2E0BA5DE,CFM12212.CHI,CHL - Lower Chiwawa River,10/10/2012 12:06:27 AM,10/10/2012 12:08:35 AM,UPPER IN-STREAM ARRAY,LOWER IN-STREAM ARRAY,7/30/2012,7,Bull Trout,R,Resident,W,Wild Fish or Natural Production,CHIWAR - Chiwawa River,WTRAP,Weir Trap,NA,1
3D9.1C2E0BA5DE,CFM12212.CHI,CHU - Upper Chiwawa River,7/31/2012 4:30:35 AM,10/9/2012 8:33:46 PM,UPPER IN-STREAM ARRAY,UPPER IN-STREAM ARRAY,7/30/2012,7,Bull Trout,R,Resident,W,Wild Fish or Natural Production,CHIWAR - Chiwawa River,WTRAP,Weir Trap,NA,1
3D9.1C2E0BA5DE,CFM12212.CHI,LWN - Little Wenatchee River,5/31/2014 3:13:10 AM,5/31/2014 1:15:37 PM,LOWER IN-STREAM ARRAY,LOWER IN-STREAM ARRAY,7/30/2012,7,Bull Trout,R,Resident,W,Wild Fish or Natural Production,CHIWAR - Chiwawa River,WTRAP,Weir Trap,NA,1
3D9.1C2E0BA5DE,CFM12212.CHI,"WTL - White River, Wenatchee Basin",8/18/2014 10:52:18 PM,10/31/2014 11:44:12 PM,LOWER IN-STREAM ARRAY,LOWER IN-STREAM ARRAY,7/30/2012,7,Bull Trout,R,Resident,W,Wild Fish or Natural Production,CHIWAR - Chiwawa River,WTRAP,Weir Trap,NA,1
3D9.1C2E0BA5DF,TLM12275.AAZ,UWE - Upper Wenatchee River,10/17/2012 6:02:29 PM,10/17/2012 6:02:29 PM,IN-STREAM ARRAY,IN-STREAM ARRAY,10/16/2012,7,Bull Trout,R,Resident,W,Wild Fish or Natural Production,"CHIWAT - Chiwawa River Trap, 0.5 km below CHIP acclimation pond",SCREWT,Screw Trap,204,1
3D9.1C2E0BA5E6,CFM-2013-060-TUM.xml,CHW - Chiwaukum Creek,7/15/2013 12:41:15 AM,7/24/2013 12:39:29 AM,DOWNSTREAM ARRAY,UPSTREAM ARRAY,7/2/2013,7,Bull Trout,R,Resident,W,Wild Fish or Natural Production,TUMFBY - TUM - Release into the Forebay within 0.5 km upstream of Dam,LADDER,Adult Passage Ladder,NA,1
3D9.1C2E0BA5EE,CGS14153.TW1,MRC - Methow River at Carlton,6/19/2016 11:17:37 PM,6/12/2021 10:35:21 PM,Single Array,Single Array,7/3/2014,7,Bull Trout,R,Resident,W,Wild Fish or Natural Production,TWISPW - Twisp River Weir (WDFW),WTRAP,Weir Trap,550,1
3D9.1C2E0BA5EE,CGS14153.TW1,TWR - Lwr Twisp Rvr near MSRF Ponds,9/15/2014 9:04:00 PM,9/4/2020 11:58:15 PM,LOWER IN-STREAM ARRAY,LOWER IN-STREAM ARRAY,7/3/2014,7,Bull Trout,R,Resident,W,Wild Fish or Natural Production,TWISPW - Twisp River Weir (WDFW),WTRAP,Weir Trap,550,1
3D9.1C2E0BA5FD,NBD14271.AAZ,CHL - Lower Chiwawa River,9/28/2014 6:40:53 PM,4/18/2016 10:46:55 AM,LOWER IN-STREAM ARRAY,LOWER IN-STREAM ARRAY,9/28/2014,7,Bull Trout,R,Resident,W,Wild Fish or Natural Production,"CHIWAT - Chiwawa River Trap, 0.5 km below CHIP acclimation pond",SCREWT,Screw Trap,229,1
3D9.1C2E0BA60C,CGS-2020-042-HL1.xml,LMR - Lower Methow River at Pateros,5/28/2021 10:07:56 AM,5/28/2021 10:07:56 AM,Upstream Array,Upstream Array,2/4/2021,7,Bull Trout,R,Resident,W,Wild Fish or Natural Production,METHR - Methow River,HOOK,Hook and Line,480,1
3D9.1C2E0BA633,CFM-2013-060-TUM.xml,NAL - Lower Nason Creek,7/16/2013 11:39:42 PM,7/16/2013 11:39:42 PM,UPPER IN-STREAM ARRAY,UPPER IN-STREAM ARRAY,7/4/2013,7,Bull Trout,R,Resident,W,Wild Fish or Natural Production,TUMFBY - TUM - Release into the Forebay within 0.5 km upstream of Dam,LADDER,Adult Passage Ladder,NA,1
3D9.1C2E0BA633,CFM-2013-060-TUM.xml,NAU - Upper Nason Creek,7/19/2013 11:36:30 PM,7/19/2013 11:36:53 PM,LOWER IN-STREAM ARRAY,UPPER IN-STREAM ARRAY,7/4/2013,7,Bull Trout,R,Resident,W,Wild Fish or Natural Production,TUMFBY - TUM - Release into the Forebay within 0.5 km upstream of Dam,LADDER,Adult Passage Ladder,NA,1
3D9.1C2E0BA633,CFM-2013-060-TUM.xml,UWE - Upper Wenatchee River,7/16/2013 12:09:23 AM,7/16/2013 12:09:23 AM,IN-STREAM ARRAY,IN-STREAM ARRAY,7/4/2013,7,Bull Trout,R,Resident,W,Wild Fish or Natural Production,TUMFBY - TUM - Release into the Forebay within 0.5 km upstream of Dam,LADDER,Adult Passage Ladder,NA,1
3D9.1C2E0BA636,CGS14153.TW1,MRC - Methow River at Carlton,6/26/2016 3:38:57 AM,6/26/2016 3:38:57 AM,Single Array,Single Array,7/2/2014,7,Bull Trout,R,Resident,W,Wild Fish or Natural Production,TWISPW - Twisp River Weir (WDFW),WTRAP,Weir Trap,750,1
3D9.1C2E0BA636,CGS14153.TW1,TWR - Lwr Twisp Rvr near MSRF Ponds,9/29/2014 11:37:40 PM,9/23/2016 9:36:27 PM,UPPER IN-STREAM ARRAY,LOWER IN-STREAM ARRAY,7/2/2014,7,Bull Trout,R,Resident,W,Wild Fish or Natural Production,TWISPW - Twisp River Weir (WDFW),WTRAP,Weir Trap,750,1
3D9.1C2E0BA636,CGS14153.TW1,"WEA - Wells Dam, DCPUD Adult Ladders",6/3/2015 11:28:09 AM,6/14/2016 1:49:49 PM,RIGHT LADDER POOL 19,Right Ladder Pool 68,7/2/2014,7,Bull Trout,R,Resident,W,Wild Fish or Natural Production,TWISPW - Twisp River Weir (WDFW),WTRAP,Weir Trap,750,1
3D9.1C2E0BA655,TLM12303.AAZ,CHL - Lower Chiwawa River,10/29/2012 3:11:58 PM,10/29/2012 3:11:58 PM,UPPER IN-STREAM ARRAY,UPPER IN-STREAM ARRAY,10/29/2012,7,Bull Trout,R,Resident,W,Wild Fish or Natural Production,"CHIWAT - Chiwawa River Trap, 0.5 km below CHIP acclimation pond",SCREWT,Screw Trap,208,1
3D9.1C2E0BA702,CFM-2013-060-TUM.xml,CHW - Chiwaukum Creek,7/10/2013 3:38:13 AM,7/12/2014 10:48:01 PM,DOWNSTREAM ARRAY,DOWNSTREAM ARRAY,6/25/2013,7,Bull Trout,R,Resident,W,Wild Fish or Natural Production,TUMFBY - TUM - Release into the Forebay within 0.5 km upstream of Dam,LADDER,Adult Passage Ladder,NA,1
3D9.1C2E0BA702,CFM-2013-060-TUM.xml,TUF - Tumwater Dam Adult Fishway,6/21/2014 8:44:19 PM,6/23/2014 8:22:57 PM,WEIR 14,WEIR 17,6/25/2013,7,Bull Trout,R,Resident,W,Wild Fish or Natural Production,TUMFBY - TUM - Release into the Forebay within 0.5 km upstream of Dam,LADDER,Adult Passage Ladder,NA,1
3D9.1C2E0BA706,CGS14153.TW1,TWR - Lwr Twisp Rvr near MSRF Ponds,9/26/2014 3:57:20 AM,7/6/2018 8:01:50 PM,UPPER IN-STREAM ARRAY,UPPER IN-STREAM ARRAY,7/16/2014,7,Bull Trout,R,Resident,W,Wild Fish or Natural Production,TWISPW - Twisp River Weir (WDFW),WTRAP,Weir Trap,800,1
3D9.1C2E0BA730,NBD14273.AAZ,CHL - Lower Chiwawa River,9/30/2014 10:31:10 AM,9/30/2014 10:31:10 AM,LOWER IN-STREAM ARRAY,LOWER IN-STREAM ARRAY,9/30/2014,7,Bull Trout,R,Resident,W,Wild Fish or Natural Production,"CHIWAT - Chiwawa River Trap, 0.5 km below CHIP acclimation pond",SCREWT,Screw Trap,226,1
3D9.1C2E0BA730,NBD14273.AAZ,UWE - Upper Wenatchee River,10/4/2014 3:25:41 AM,10/4/2014 3:25:41 AM,IN-STREAM ARRAY,IN-STREAM ARRAY,9/30/2014,7,Bull Trout,R,Resident,W,Wild Fish or Natural Production,"CHIWAT - Chiwawa River Trap, 0.5 km below CHIP acclimation pond",SCREWT,Screw Trap,226,1
3D9.1C2E0BA730,NBD14273.AAZ,"WTL - White River, Wenatchee Basin",5/25/2015 3:43:59 AM,7/4/2015 10:31:47 AM,UPPER IN-STREAM ARRAY,UPPER IN-STREAM ARRAY,9/30/2014,7,Bull Trout,R,Resident,W,Wild Fish or Natural Production,"CHIWAT - Chiwawa River Trap, 0.5 km below CHIP acclimation pond",SCREWT,Screw Trap,226,1
3D9.1C2E0BA75E,CFM-2013-060-TUM.xml,NAL - Lower Nason Creek,6/30/2013 1:54:06 AM,6/30/2013 1:54:06 AM,UPPER IN-STREAM ARRAY,UPPER IN-STREAM ARRAY,6/14/2013,7,Bull Trout,R,Resident,W,Wild Fish or Natural Production,TUMFBY - TUM - Release into the Forebay within 0.5 km upstream of Dam,LADDER,Adult Passage Ladder,NA,1
3D9.1C2E0BA75E,CFM-2013-060-TUM.xml,NAU - Upper Nason Creek,7/4/2013 12:44:25 AM,7/4/2013 12:44:52 AM,LOWER IN-STREAM ARRAY,UPPER IN-STREAM ARRAY,6/14/2013,7,Bull Trout,R,Resident,W,Wild Fish or Natural Production,TUMFBY - TUM - Release into the Forebay within 0.5 km upstream of Dam,LADDER,Adult Passage Ladder,NA,1
3D9.1C2E0BA76B,TLM12315.AAZ,CHL - Lower Chiwawa River,9/23/2016 9:15:08 PM,9/23/2016 9:15:08 PM,LOWER IN-STREAM ARRAY,LOWER IN-STREAM ARRAY,11/10/2012,7,Bull Trout,R,Resident,W,Wild Fish or Natural Production,"CHIWAT - Chiwawa River Trap, 0.5 km below CHIP acclimation pond",SCREWT,Screw Trap,150,1
3D9.1C2E0BA76B,TLM12315.AAZ,CHU - Upper Chiwawa River,9/21/2016 2:25:32 AM,9/21/2016 2:25:32 AM,LOWER IN-STREAM ARRAY,LOWER IN-STREAM ARRAY,11/10/2012,7,Bull Trout,R,Resident,W,Wild Fish or Natural Production,"CHIWAT - Chiwawa River Trap, 0.5 km below CHIP acclimation pond",SCREWT,Screw Trap,150,1
3D9.1C2E0BA76B,TLM12315.AAZ,UWE - Upper Wenatchee River,9/24/2016 12:50:11 AM,9/24/2016 12:50:11 AM,IN-STREAM ARRAY,IN-STREAM ARRAY,11/10/2012,7,Bull Trout,R,Resident,W,Wild Fish or Natural Production,"CHIWAT - Chiwawa River Trap, 0.5 km below CHIP acclimation pond",SCREWT,Screw Trap,150,1
3D9.1C2E0BA76B,TLM12315.AAZ,"WTL - White River, Wenatchee Basin",4/15/2017 5:09:18 AM,7/18/2017 9:56:55 PM,LOWER IN-STREAM ARRAY,LOWER IN-STREAM ARRAY,11/10/2012,7,Bull Trout,R,Resident,W,Wild Fish or Natural Production,"CHIWAT - Chiwawa River Trap, 0.5 km below CHIP acclimation pond",SCREWT,Screw Trap,150,1
3D9.1C2E0BA7EA,TLM12299.AAZ,UWE - Upper Wenatchee River,10/26/2012 5:25:10 PM,10/26/2012 5:27:30 PM,IN-STREAM ARRAY,IN-STREAM ARRAY,10/25/2012,7,Bull Trout,R,Resident,W,Wild Fish or Natural Production,"CHIWAT - Chiwawa River Trap, 0.5 km below CHIP acclimation pond",SCREWT,Screw Trap,184,1
3D9.1C2E0BA7F0,CFM-2013-060-TUM.xml,CHW - Chiwaukum Creek,7/9/2013 3:13:45 AM,7/16/2014 4:07:51 AM,DOWNSTREAM ARRAY,UPSTREAM ARRAY,6/27/2013,7,Bull Trout,R,Resident,W,Wild Fish or Natural Production,TUMFBY - TUM - Release into the Forebay within 0.5 km upstream of Dam,LADDER,Adult Passage Ladder,NA,1
3D9.1C2E0BA7F0,CFM-2013-060-TUM.xml,TUF - Tumwater Dam Adult Fishway,7/1/2014 8:40:56 AM,7/9/2014 7:44:23 PM,WEIR 14,WEIR 17,6/27/2013,7,Bull Trout,R,Resident,W,Wild Fish or Natural Production,TUMFBY - TUM - Release into the Forebay within 0.5 km upstream of Dam,LADDER,Adult Passage Ladder,NA,1
3D9.1C2E0BA807,CFM-2013-060-TUM.xml,CHW - Chiwaukum Creek,7/15/2013 5:45:26 AM,9/25/2013 8:44:16 PM,DOWNSTREAM ARRAY,DOWNSTREAM ARRAY,7/6/2013,7,Bull Trout,R,Resident,W,Wild Fish or Natural Production,TUMFBY - TUM - Release into the Forebay within 0.5 km upstream of Dam,LADDER,Adult Passage Ladder,NA,1
3D9.1C2E0BA807,CFM-2013-060-TUM.xml,TUF - Tumwater Dam Adult Fishway,6/30/2014 5:44:41 PM,7/13/2014 9:09:16 PM,WEIR 14,WEIR 17,7/6/2013,7,Bull Trout,R,Resident,W,Wild Fish or Natural Production,TUMFBY - TUM - Release into the Forebay within 0.5 km upstream of Dam,LADDER,Adult Passage Ladder,NA,1
3D9.1C2E0BA818,TLM12265.AAZ,CHL - Lower Chiwawa River,9/21/2012 11:44:48 AM,10/4/2015 12:51:08 AM,LOWER IN-STREAM ARRAY,LOWER IN-STREAM ARRAY,9/21/2012,7,Bull Trout,R,Resident,W,Wild Fish or Natural Production,"CHIWAT - Chiwawa River Trap, 0.5 km below CHIP acclimation pond",SCREWT,Screw Trap,307,1
3D9.1C2E0BA818,TLM12265.AAZ,CHU - Upper Chiwawa River,6/10/2015 5:44:33 AM,9/30/2015 12:18:32 AM,LOWER IN-STREAM ARRAY,LOWER IN-STREAM ARRAY,9/21/2012,7,Bull Trout,R,Resident,W,Wild Fish or Natural Production,"CHIWAT - Chiwawa River Trap, 0.5 km below CHIP acclimation pond",SCREWT,Screw Trap,307,1
3D9.1C2E0BA818,TLM12265.AAZ,UWE - Upper Wenatchee River,10/9/2015 8:58:59 PM,10/9/2015 8:58:59 PM,IN-STREAM ARRAY,IN-STREAM ARRAY,9/21/2012,7,Bull Trout,R,Resident,W,Wild Fish or Natural Production,"CHIWAT - Chiwawa River Trap, 0.5 km below CHIP acclimation pond",SCREWT,Screw Trap,307,1
3D9.1C2E0BA822,CGS14153.TW1,MRC - Methow River at Carlton,6/17/2016 2:34:58 AM,6/17/2016 2:34:58 AM,Single Array,Single Array,7/12/2014,7,Bull Trout,R,Resident,W,Wild Fish or Natural Production,TWISPW - Twisp River Weir (WDFW),WTRAP,Weir Trap,470,1
3D9.1C2E0BA822,CGS14153.TW1,OKL - Lower Okanogan Instream Array,11/4/2014 1:02:26 PM,5/16/2016 2:27:12 PM,Downstream Array,Downstream Array,7/12/2014,7,Bull Trout,R,Resident,W,Wild Fish or Natural Production,TWISPW - Twisp River Weir (WDFW),WTRAP,Weir Trap,470,1
3D9.1C2E0BA822,CGS14153.TW1,TWR - Lwr Twisp Rvr near MSRF Ponds,10/25/2014 3:01:09 AM,10/10/2016 11:36:05 PM,LOWER IN-STREAM ARRAY,LOWER IN-STREAM ARRAY,7/12/2014,7,Bull Trout,R,Resident,W,Wild Fish or Natural Production,TWISPW - Twisp River Weir (WDFW),WTRAP,Weir Trap,470,1
3D9.1C2E0BA840,CGS14153.TW1,"GLC - Gold Creek, Methow River",7/17/2014 8:14:35 AM,7/17/2014 10:11:48 AM,LOWER IN-STREAM ARRAY,UPPER IN-STREAM ARRAY,7/11/2014,7,Bull Trout,R,Resident,W,Wild Fish or Natural Production,TWISPW - Twisp River Weir (WDFW),WTRAP,Weir Trap,720,1
3D9.1C2E0BA86B,TLM13272.AAZ,CHL - Lower Chiwawa River,9/27/2017 4:52:06 AM,9/27/2017 6:42:36 PM,UPPER IN-STREAM ARRAY,LOWER IN-STREAM ARRAY,9/29/2013,7,Bull Trout,R,Resident,W,Wild Fish or Natural Production,"CHIWAT - Chiwawa River Trap, 0.5 km below CHIP acclimation pond",SCREWT,Screw Trap,226,1
3D9.1C2E0BA86B,TLM13272.AAZ,CHU - Upper Chiwawa River,9/27/2017 1:04:19 AM,9/27/2017 1:04:19 AM,UPPER IN-STREAM ARRAY,UPPER IN-STREAM ARRAY,9/29/2013,7,Bull Trout,R,Resident,W,Wild Fish or Natural Production,"CHIWAT - Chiwawa River Trap, 0.5 km below CHIP acclimation pond",SCREWT,Screw Trap,226,1
3D9.1C2E0BA86B,TLM13272.AAZ,UWE - Upper Wenatchee River,6/28/2016 9:58:55 PM,9/28/2017 1:15:09 AM,IN-STREAM ARRAY,IN-STREAM ARRAY,9/29/2013,7,Bull Trout,R,Resident,W,Wild Fish or Natural Production,"CHIWAT - Chiwawa River Trap, 0.5 km below CHIP acclimation pond",SCREWT,Screw Trap,226,1
3D9.1C2E0BA8A1,CFM-2013-060-TUM.xml,MWE - Middle Wenatchee River,7/10/2013 2:42:27 PM,7/31/2013 3:34:03 AM,IN-STREAM ARRAY,IN-STREAM ARRAY,7/8/2013,7,Bull Trout,R,Resident,W,Wild Fish or Natural Production,TUMFBY - TUM - Release into the Forebay within 0.5 km upstream of Dam,LADDER,Adult Passage Ladder,NA,1
3D9.1C2E0BA8D7,CGS14153.TW1,TWR - Lwr Twisp Rvr near MSRF Ponds,10/25/2014 3:03:23 AM,6/16/2015 11:28:26 PM,LOWER IN-STREAM ARRAY,LOWER IN-STREAM ARRAY,7/2/2014,7,Bull Trout,R,Resident,W,Wild Fish or Natural Production,TWISPW - Twisp River Weir (WDFW),WTRAP,Weir Trap,570,1
3D9.1C2E0BA93D,CGS14153.TW1,LMR - Lower Methow River at Pateros,9/14/2016 1:47:15 AM,9/15/2016 4:03:17 PM,UPSTREAM FULL-WIDTH ARRAY,DOWNSTREAM FULL-WIDTH ARRAY,7/8/2014,7,Bull Trout,R,Resident,W,Wild Fish or Natural Production,TWISPW - Twisp River Weir (WDFW),WTRAP,Weir Trap,540,1
3D9.1C2E0BA93D,CGS14153.TW1,TWR - Lwr Twisp Rvr near MSRF Ponds,10/14/2014 5:30:29 AM,9/9/2016 4:05:04 AM,LOWER IN-STREAM ARRAY,LOWER IN-STREAM ARRAY,7/8/2014,7,Bull Trout,R,Resident,W,Wild Fish or Natural Production,TWISPW - Twisp River Weir (WDFW),WTRAP,Weir Trap,540,1
3D9.1C2E0BA93D,CGS14153.TW1,"WEA - Wells Dam, DCPUD Adult Ladders",5/26/2015 1:24:58 PM,5/15/2016 12:50:40 PM,RIGHT LADDER POOL 67,Right Ladder Pool 68,7/8/2014,7,Bull Trout,R,Resident,W,Wild Fish or Natural Production,TWISPW - Twisp River Weir (WDFW),WTRAP,Weir Trap,540,1
3D9.1C2E0BA942,CFM-2013-060-TUM.xml,CHW - Chiwaukum Creek,7/15/2013 4:51:23 AM,7/13/2014 10:54:36 PM,DOWNSTREAM ARRAY,UPSTREAM ARRAY,7/1/2013,7,Bull Trout,R,Resident,W,Wild Fish or Natural Production,TUMFBY - TUM - Release into the Forebay within 0.5 km upstream of Dam,LADDER,Adult Passage Ladder,NA,1
3D9.1C2E0BAA16,CGS12160.TW2,MRT - Methow River at Twisp,8/10/2013 2:20:02 AM,8/18/2013 9:05:59 PM,Upstream array,Upstream array,7/13/2012,7,Bull Trout,R,Resident,W,Wild Fish or Natural Production,TWISPW - Twisp River Weir (WDFW),WTRAP,Weir Trap,0,1
3D9.1C2E0BAA16,CGS12160.TW2,TWR - Lwr Twisp Rvr near MSRF Ponds,11/12/2012 10:35:33 PM,7/16/2014 9:51:35 PM,UPPER IN-STREAM ARRAY,UPPER IN-STREAM ARRAY,7/13/2012,7,Bull Trout,R,Resident,W,Wild Fish or Natural Production,TWISPW - Twisp River Weir (WDFW),WTRAP,Weir Trap,0,1
3D9.1C2E0BAA50,CGS-2020-042-HL1.xml,MRW - Methow River at Winthrop,7/18/2021 12:22:47 AM,7/18/2021 12:22:47 AM,DOWNSTREAM ARRAY,DOWNSTREAM ARRAY,3/15/2021,7,Bull Trout,R,Resident,W,Wild Fish or Natural Production,METHR - Methow River,HOOK,Hook and Line,550,1
3D9.1C2E0BAA95,CGS14153.TW1,TWR - Lwr Twisp Rvr near MSRF Ponds,10/26/2014 3:58:34 AM,6/17/2016 12:22:35 AM,UPPER IN-STREAM ARRAY,UPPER IN-STREAM ARRAY,7/1/2014,7,Bull Trout,R,Resident,W,Wild Fish or Natural Production,TWISPW - Twisp River Weir (WDFW),WTRAP,Weir Trap,590,1
3D9.1C2E0BAAEF,TLM12297.AAZ,CHL - Lower Chiwawa River,11/3/2012 12:54:03 AM,11/3/2012 12:54:03 AM,LOWER IN-STREAM ARRAY,LOWER IN-STREAM ARRAY,10/23/2012,7,Bull Trout,R,Resident,W,Wild Fish or Natural Production,"CHIWAT - Chiwawa River Trap, 0.5 km below CHIP acclimation pond",SCREWT,Screw Trap,164,1
3D9.1C2E0BAAEF,TLM12297.AAZ,UWE - Upper Wenatchee River,11/4/2012 1:49:43 AM,11/4/2012 1:49:43 AM,IN-STREAM ARRAY,IN-STREAM ARRAY,10/23/2012,7,Bull Trout,R,Resident,W,Wild Fish or Natural Production,"CHIWAT - Chiwawa River Trap, 0.5 km below CHIP acclimation pond",SCREWT,Screw Trap,164,1
3D9.1C2E0BAB19,TLM12295.AAZ,UWE - Upper Wenatchee River,10/22/2012 9:01:10 AM,10/22/2012 9:01:10 AM,IN-STREAM ARRAY,IN-STREAM ARRAY,10/21/2012,7,Bull Trout,R,Resident,W,Wild Fish or Natural Production,"CHIWAT - Chiwawa River Trap, 0.5 km below CHIP acclimation pond",SCREWT,Screw Trap,214,1
3D9.1C2E0BAB23,CGS12160.TW2,TWR - Lwr Twisp Rvr near MSRF Ponds,10/22/2012 10:52:02 PM,3/16/2013 12:36:38 AM,UPPER IN-STREAM ARRAY,LOWER IN-STREAM ARRAY,7/13/2012,7,Bull Trout,R,Resident,W,Wild Fish or Natural Production,TWISPW - Twisp River Weir (WDFW),WTRAP,Weir Trap,500,1
3D9.1C2E0BAB8D,NBD14270.AAZ,UWE - Upper Wenatchee River,9/28/2014 7:16:39 PM,9/28/2014 7:16:39 PM,IN-STREAM ARRAY,IN-STREAM ARRAY,9/27/2014,7,Bull Trout,R,Resident,W,Wild Fish or Natural Production,"CHIWAT - Chiwawa River Trap, 0.5 km below CHIP acclimation pond",SCREWT,Screw Trap,261,1
3D9.1C2E0BACC0,CFM-2013-060-TUM.xml,CHW - Chiwaukum Creek,7/11/2013 6:15:37 AM,7/11/2013 6:15:49 AM,DOWNSTREAM ARRAY,UPSTREAM ARRAY,6/30/2013,7,Bull Trout,R,Resident,W,Wild Fish or Natural Production,TUMFBY - TUM - Release into the Forebay within 0.5 km upstream of Dam,LADDER,Adult Passage Ladder,NA,1
3D9.1C2E0BAFE2,TLM12246.AAZ,CHL - Lower Chiwawa River,9/2/2012 11:41:16 AM,9/2/2012 7:39:36 PM,UPPER IN-STREAM ARRAY,UPPER IN-STREAM ARRAY,9/2/2012,7,Bull Trout,R,Resident,W,Wild Fish or Natural Production,"CHIWAT - Chiwawa River Trap, 0.5 km below CHIP acclimation pond",SCREWT,Screw Trap,177,1
3D9.1C2E0BAFF2,CGS-2020-042-HL1.xml,MRC - Methow River at Carlton,6/17/2021 10:15:40 PM,6/17/2021 10:15:40 PM,Single Array,Single Array,3/8/2021,7,Bull Trout,R,Resident,W,Wild Fish or Natural Production,METHR - Methow River,HOOK,Hook and Line,530,1
3D9.1C2E0BB020,NBD14264.AAZ,UWE - Upper Wenatchee River,9/26/2014 6:33:50 AM,9/26/2014 6:33:50 AM,IN-STREAM ARRAY,IN-STREAM ARRAY,9/22/2014,7,Bull Trout,R,Resident,W,Wild Fish or Natural Production,"CHIWAT - Chiwawa River Trap, 0.5 km below CHIP acclimation pond",SCREWT,Screw Trap,260,1
3D9.1C2E0BB033,CGS12160.TW2,MRC - Methow River at Carlton,10/19/2016 6:44:30 PM,10/19/2016 6:44:30 PM,Single Array,Single Array,7/24/2012,7,Bull Trout,R,Resident,W,Wild Fish or Natural Production,TWISPW - Twisp River Weir (WDFW),WTRAP,Weir Trap,470,1
3D9.1C2E0BB033,CGS12160.TW2,TWR - Lwr Twisp Rvr near MSRF Ponds,10/20/2012 9:14:51 PM,10/16/2016 11:17:21 PM,UPPER IN-STREAM ARRAY,LOWER IN-STREAM ARRAY,7/24/2012,7,Bull Trout,R,Resident,W,Wild Fish or Natural Production,TWISPW - Twisp River Weir (WDFW),WTRAP,Weir Trap,470,1
3D9.1C2E0BB047,TLM12204.AAZ,"WTL - White River, Wenatchee Basin",8/13/2012 3:48:14 AM,8/13/2012 3:48:14 AM,UPPER IN-STREAM ARRAY,UPPER IN-STREAM ARRAY,7/21/2012,7,Bull Trout,R,Resident,W,Wild Fish or Natural Production,"CHIWAT - Chiwawa River Trap, 0.5 km below CHIP acclimation pond",SCREWT,Screw Trap,171,1
3D9.1C2E0BB04B,TLM12323.AAZ,UWE - Upper Wenatchee River,11/21/2012 9:39:41 PM,11/21/2012 9:39:41 PM,IN-STREAM ARRAY,IN-STREAM ARRAY,11/18/2012,7,Bull Trout,R,Resident,W,Wild Fish or Natural Production,"CHIWAT - Chiwawa River Trap, 0.5 km below CHIP acclimation pond",SCREWT,Screw Trap,160,1
3D9.1C2E0BB051,CFM-2013-060-TUM.xml,NAU - Upper Nason Creek,7/10/2013 1:19:48 AM,7/10/2013 1:20:12 AM,LOWER IN-STREAM ARRAY,UPPER IN-STREAM ARRAY,6/16/2013,7,Bull Trout,R,Resident,W,Wild Fish or Natural Production,TUMFBY - TUM - Release into the Forebay within 0.5 km upstream of Dam,LADDER,Adult Passage Ladder,NA,1
3D9.1C2E0BB0A8,CFM-2013-060-TUM.xml,CHW - Chiwaukum Creek,7/11/2013 2:24:05 AM,6/13/2015 3:48:39 AM,DOWNSTREAM ARRAY,UPSTREAM ARRAY,6/29/2013,7,Bull Trout,R,Resident,W,Wild Fish or Natural Production,TUMFBY - TUM - Release into the Forebay within 0.5 km upstream of Dam,LADDER,Adult Passage Ladder,NA,1
3D9.1C2E0BB0A8,CFM-2013-060-TUM.xml,LWE - Lower Wenatchee River,10/22/2014 5:35:36 AM,10/22/2014 5:35:36 AM,UPSTREAM ANTENNA ARRAY,UPSTREAM ANTENNA ARRAY,6/29/2013,7,Bull Trout,R,Resident,W,Wild Fish or Natural Production,TUMFBY - TUM - Release into the Forebay within 0.5 km upstream of Dam,LADDER,Adult Passage Ladder,NA,1
3D9.1C2E0BB0A8,CFM-2013-060-TUM.xml,TUF - Tumwater Dam Adult Fishway,7/2/2014 5:21:17 PM,6/6/2015 3:15:19 PM,WEIR 14,WEIR 17,6/29/2013,7,Bull Trout,R,Resident,W,Wild Fish or Natural Production,TUMFBY - TUM - Release into the Forebay within 0.5 km upstream of Dam,LADDER,Adult Passage Ladder,NA,1
3D9.1C2E0BB123,CFM-2013-060-TUM.xml,CCT - Chikamin Creek Temporary Array,9/3/2013 3:01:14 AM,9/3/2013 3:01:14 AM,Instream Array,Instream Array,6/24/2013,7,Bull Trout,R,Resident,W,Wild Fish or Natural Production,TUMFBY - TUM - Release into the Forebay within 0.5 km upstream of Dam,LADDER,Adult Passage Ladder,NA,1
3D9.1C2E0BB123,CFM-2013-060-TUM.xml,CHL - Lower Chiwawa River,9/4/2013 4:19:46 AM,9/4/2013 4:19:56 AM,UPPER IN-STREAM ARRAY,LOWER IN-STREAM ARRAY,6/24/2013,7,Bull Trout,R,Resident,W,Wild Fish or Natural Production,TUMFBY - TUM - Release into the Forebay within 0.5 km upstream of Dam,LADDER,Adult Passage Ladder,NA,1
3D9.1C2E0BB123,CFM-2013-060-TUM.xml,CHU - Upper Chiwawa River,7/12/2013 1:11:21 AM,7/12/2013 1:11:21 AM,LOWER IN-STREAM ARRAY,LOWER IN-STREAM ARRAY,6/24/2013,7,Bull Trout,R,Resident,W,Wild Fish or Natural Production,TUMFBY - TUM - Release into the Forebay within 0.5 km upstream of Dam,LADDER,Adult Passage Ladder,NA,1
3D9.1C2E0BB123,CFM-2013-060-TUM.xml,ICL - Lower Icicle Instream Array,9/5/2013 9:20:42 PM,9/9/2013 5:09:27 AM,INSTREAM ARRAY,INSTREAM ARRAY,6/24/2013,7,Bull Trout,R,Resident,W,Wild Fish or Natural Production,TUMFBY - TUM - Release into the Forebay within 0.5 km upstream of Dam,LADDER,Adult Passage Ladder,NA,1
3D9.1C2E0BB1F2,CFM12212.CHI,CHL - Lower Chiwawa River,10/7/2012 12:05:34 AM,8/5/2015 3:40:06 AM,LOWER IN-STREAM ARRAY,UPPER IN-STREAM ARRAY,7/31/2012,7,Bull Trout,R,Resident,W,Wild Fish or Natural Production,CHIWAR - Chiwawa River,WTRAP,Weir Trap,NA,1
3D9.1C2E0BB1F2,CFM12212.CHI,CHU - Upper Chiwawa River,7/31/2012 1:54:04 PM,8/7/2015 12:59:24 AM,UPPER IN-STREAM ARRAY,LOWER IN-STREAM ARRAY,7/31/2012,7,Bull Trout,R,Resident,W,Wild Fish or Natural Production,CHIWAR - Chiwawa River,WTRAP,Weir Trap,NA,1
3D9.1C2E0BB1F2,CFM12212.CHI,UWE - Upper Wenatchee River,8/17/2013 10:16:28 PM,8/4/2015 9:26:33 PM,IN-STREAM ARRAY,IN-STREAM ARRAY,7/31/2012,7,Bull Trout,R,Resident,W,Wild Fish or Natural Production,CHIWAR - Chiwawa River,WTRAP,Weir Trap,NA,1
3D9.1C2E0BB21E,TLM12275.AAZ,CHU - Upper Chiwawa River,6/17/2016 11:51:31 PM,6/18/2016 12:04:52 AM,LOWER IN-STREAM ARRAY,UPPER IN-STREAM ARRAY,10/7/2012,7,Bull Trout,R,Resident,W,Wild Fish or Natural Production,"CHIWAT - Chiwawa River Trap, 0.5 km below CHIP acclimation pond",SCREWT,Screw Trap,225,1
3D9.1C2E0BB21E,TLM12275.AAZ,"WTL - White River, Wenatchee Basin",8/17/2015 7:16:09 PM,10/9/2015 7:10:04 PM,LOWER IN-STREAM ARRAY,LOWER IN-STREAM ARRAY,10/7/2012,7,Bull Trout,R,Resident,W,Wild Fish or Natural Production,"CHIWAT - Chiwawa River Trap, 0.5 km below CHIP acclimation pond",SCREWT,Screw Trap,225,1
3D9.1C2E0BB274,TLM12275.AAZ,CHL - Lower Chiwawa River,10/14/2012 11:32:40 PM,10/14/2012 11:32:40 PM,LOWER IN-STREAM ARRAY,LOWER IN-STREAM ARRAY,10/13/2012,7,Bull Trout,R,Resident,W,Wild Fish or Natural Production,"CHIWAT - Chiwawa River Trap, 0.5 km below CHIP acclimation pond",SCREWT,Screw Trap,224,1
3D9.1C2E0BB27B,TLM12275.AAZ,CHL - Lower Chiwawa River,10/15/2012 2:40:44 PM,10/15/2012 6:53:35 PM,UPPER IN-STREAM ARRAY,LOWER IN-STREAM ARRAY,10/15/2012,7,Bull Trout,R,Resident,W,Wild Fish or Natural Production,"CHIWAT - Chiwawa River Trap, 0.5 km below CHIP acclimation pond",SCREWT,Screw Trap,190,1
3D9.1C2E0BB298,CFM-2013-060-TUM.xml,CHW - Chiwaukum Creek,7/23/2013 12:27:33 AM,9/23/2013 1:04:58 AM,DOWNSTREAM ARRAY,DOWNSTREAM ARRAY,7/8/2013,7,Bull Trout,R,Resident,W,Wild Fish or Natural Production,TUMFBY - TUM - Release into the Forebay within 0.5 km upstream of Dam,LADDER,Adult Passage Ladder,NA,1
3D9.1C2E0BB298,CFM-2013-060-TUM.xml,TUF - Tumwater Dam Adult Fishway,7/9/2014 12:28:54 PM,7/25/2014 2:12:22 PM,WEIR 14,WEIR 17,7/8/2013,7,Bull Trout,R,Resident,W,Wild Fish or Natural Production,TUMFBY - TUM - Release into the Forebay within 0.5 km upstream of Dam,LADDER,Adult Passage Ladder,NA,1
3D9.1C2E0BB299,NBD14270.AAZ,CHL - Lower Chiwawa River,9/27/2014 1:11:42 PM,9/28/2014 6:56:43 PM,UPPER IN-STREAM ARRAY,UPPER IN-STREAM ARRAY,9/27/2014,7,Bull Trout,R,Resident,W,Wild Fish or Natural Production,"CHIWAT - Chiwawa River Trap, 0.5 km below CHIP acclimation pond",SCREWT,Screw Trap,225,1
3D9.1C2E0BB299,NBD14270.AAZ,LWN - Little Wenatchee River,5/26/2015 12:08:03 AM,5/26/2015 12:08:03 AM,UPPER IN-STREAM ARRAY,UPPER IN-STREAM ARRAY,9/27/2014,7,Bull Trout,R,Resident,W,Wild Fish or Natural Production,"CHIWAT - Chiwawa River Trap, 0.5 km below CHIP acclimation pond",SCREWT,Screw Trap,225,1
3D9.1C2E0BB2C8,CFM12212.CHI,CHL - Lower Chiwawa River,8/2/2012 8:46:26 PM,10/10/2015 3:15:58 AM,UPPER IN-STREAM ARRAY,LOWER IN-STREAM ARRAY,8/2/2012,7,Bull Trout,R,Resident,W,Wild Fish or Natural Production,CHIWAR - Chiwawa River,WTRAP,Weir Trap,NA,1
3D9.1C2E0BB2C8,CFM12212.CHI,CHU - Upper Chiwawa River,9/21/2012 9:17:30 PM,9/20/2016 9:37:49 PM,UPPER IN-STREAM ARRAY,LOWER IN-STREAM ARRAY,8/2/2012,7,Bull Trout,R,Resident,W,Wild Fish or Natural Production,CHIWAR - Chiwawa River,WTRAP,Weir Trap,NA,1
3D9.1C2E0BB2C8,CFM12212.CHI,UWE - Upper Wenatchee River,10/13/2015 8:14:28 PM,9/21/2016 8:04:02 PM,IN-STREAM ARRAY,IN-STREAM ARRAY,8/2/2012,7,Bull Trout,R,Resident,W,Wild Fish or Natural Production,CHIWAR - Chiwawa River,WTRAP,Weir Trap,NA,1
3D9.1C2E0BB2E0,TLM12294.AAZ,CHL - Lower Chiwawa River,9/24/2015 4:30:18 AM,9/27/2019 3:05:35 AM,LOWER IN-STREAM ARRAY,LOWER IN-STREAM ARRAY,10/20/2012,7,Bull Trout,R,Resident,W,Wild Fish or Natural Production,"CHIWAT - Chiwawa River Trap, 0.5 km below CHIP acclimation pond",SCREWT,Screw Trap,204,1
3D9.1C2E0BB2E0,TLM12294.AAZ,CHU - Upper Chiwawa River,9/24/2015 12:49:43 AM,9/26/2019 10:44:06 PM,LOWER IN-STREAM ARRAY,LOWER IN-STREAM ARRAY,10/20/2012,7,Bull Trout,R,Resident,W,Wild Fish or Natural Production,"CHIWAT - Chiwawa River Trap, 0.5 km below CHIP acclimation pond",SCREWT,Screw Trap,204,1
3D9.1C2E0BB2E0,TLM12294.AAZ,UWE - Upper Wenatchee River,10/22/2012 4:13:46 AM,4/26/2020 3:54:03 AM,IN-STREAM ARRAY,IN-STREAM ARRAY,10/20/2012,7,Bull Trout,R,Resident,W,Wild Fish or Natural Production,"CHIWAT - Chiwawa River Trap, 0.5 km below CHIP acclimation pond",SCREWT,Screw Trap,204,1
3D9.1C2E0BB2F9,CFM-2013-060-TUM.xml,CHL - Lower Chiwawa River,9/24/2013 9:30:00 PM,9/24/2013 9:30:00 PM,UPPER IN-STREAM ARRAY,UPPER IN-STREAM ARRAY,7/5/2013,7,Bull Trout,R,Resident,W,Wild Fish or Natural Production,TUMFBY - TUM - Release into the Forebay within 0.5 km upstream of Dam,LADDER,Adult Passage Ladder,NA,1
3D9.1C2E0BB2F9,CFM-2013-060-TUM.xml,TUF - Tumwater Dam Adult Fishway,6/24/2014 6:11:14 PM,6/30/2014 4:33:06 PM,WEIR 14,WEIR 14,7/5/2013,7,Bull Trout,R,Resident,W,Wild Fish or Natural Production,TUMFBY - TUM - Release into the Forebay within 0.5 km upstream of Dam,LADDER,Adult Passage Ladder,NA,1
3D9.1C2E0BB318,TLM12319.AAZ,CHL - Lower Chiwawa River,11/14/2012 7:27:21 PM,11/14/2012 7:27:21 PM,LOWER IN-STREAM ARRAY,LOWER IN-STREAM ARRAY,11/14/2012,7,Bull Trout,R,Resident,W,Wild Fish or Natural Production,"CHIWAT - Chiwawa River Trap, 0.5 km below CHIP acclimation pond",SCREWT,Screw Trap,178,1
3D9.1C2E0BB318,TLM12319.AAZ,LWN - Little Wenatchee River,5/20/2013 2:23:40 AM,7/5/2016 1:44:04 AM,LOWER IN-STREAM ARRAY,UPPER IN-STREAM ARRAY,11/14/2012,7,Bull Trout,R,Resident,W,Wild Fish or Natural Production,"CHIWAT - Chiwawa River Trap, 0.5 km below CHIP acclimation pond",SCREWT,Screw Trap,178,1
3D9.1C2E0BB318,TLM12319.AAZ,UWE - Upper Wenatchee River,11/17/2012 5:09:12 PM,11/17/2012 5:09:12 PM,IN-STREAM ARRAY,IN-STREAM ARRAY,11/14/2012,7,Bull Trout,R,Resident,W,Wild Fish or Natural Production,"CHIWAT - Chiwawa River Trap, 0.5 km below CHIP acclimation pond",SCREWT,Screw Trap,178,1
3D9.1C2E0BB325,NBD14265.AAZ,UWE - Upper Wenatchee River,9/23/2014 12:09:58 AM,9/23/2014 12:09:58 AM,IN-STREAM ARRAY,IN-STREAM ARRAY,9/22/2014,7,Bull Trout,R,Resident,W,Wild Fish or Natural Production,"CHIWAT - Chiwawa River Trap, 0.5 km below CHIP acclimation pond",SCREWT,Screw Trap,640,1
3D9.1C2E0BB344,NBD14270.AAZ,UWE - Upper Wenatchee River,9/28/2014 12:31:14 AM,9/28/2014 12:31:20 AM,IN-STREAM ARRAY,IN-STREAM ARRAY,9/27/2014,7,Bull Trout,R,Resident,W,Wild Fish or Natural Production,"CHIWAT - Chiwawa River Trap, 0.5 km below CHIP acclimation pond",SCREWT,Screw Trap,225,1
3D9.1C2E0BB3E0,TLM13150.AAZ,CHU - Upper Chiwawa River,6/2/2018 5:10:04 PM,6/2/2018 5:10:50 PM,LOWER IN-STREAM ARRAY,UPPER IN-STREAM ARRAY,5/30/2013,7,Bull Trout,R,Resident,W,Wild Fish or Natural Production,"CHIWAT - Chiwawa River Trap, 0.5 km below CHIP acclimation pond",SCREWT,Screw Trap,178,1
3D9.1C2E0BB3E0,TLM13150.AAZ,UWE - Upper Wenatchee River,6/3/2013 9:01:58 AM,9/28/2018 12:39:40 AM,IN-STREAM ARRAY,IN-STREAM ARRAY,5/30/2013,7,Bull Trout,R,Resident,W,Wild Fish or Natural Production,"CHIWAT - Chiwawa River Trap, 0.5 km below CHIP acclimation pond",SCREWT,Screw Trap,178,1
3D9.1C2E0BB400,TLM13272.AAZ,CHL - Lower Chiwawa River,9/19/2017 4:30:42 AM,9/19/2017 4:30:42 AM,UPPER IN-STREAM ARRAY,UPPER IN-STREAM ARRAY,9/29/2013,7,Bull Trout,R,Resident,W,Wild Fish or Natural Production,"CHIWAT - Chiwawa River Trap, 0.5 km below CHIP acclimation pond",SCREWT,Screw Trap,234,1
3D9.1C2E0BB400,TLM13272.AAZ,CHU - Upper Chiwawa River,9/19/2017 1:46:49 AM,9/22/2018 1:44:17 AM,UPPER IN-STREAM ARRAY,UPPER IN-STREAM ARRAY,9/29/2013,7,Bull Trout,R,Resident,W,Wild Fish or Natural Production,"CHIWAT - Chiwawa River Trap, 0.5 km below CHIP acclimation pond",SCREWT,Screw Trap,234,1
3D9.1C2E0BB400,TLM13272.AAZ,UWE - Upper Wenatchee River,9/19/2017 8:45:31 PM,10/3/2018 3:59:12 AM,IN-STREAM ARRAY,IN-STREAM ARRAY,9/29/2013,7,Bull Trout,R,Resident,W,Wild Fish or Natural Production,"CHIWAT - Chiwawa River Trap, 0.5 km below CHIP acclimation pond",SCREWT,Screw Trap,234,1
3D9.1C2E0BB409,TLM13144.AAZ,NAL - Lower Nason Creek,6/13/2013 3:36:58 PM,6/13/2013 3:38:41 PM,LOWER IN-STREAM ARRAY,UPPER IN-STREAM ARRAY,5/24/2013,7,Bull Trout,R,Resident,W,Wild Fish or Natural Production,"CHIWAT - Chiwawa River Trap, 0.5 km below CHIP acclimation pond",SCREWT,Screw Trap,142,1
3D9.1C2E0BB4CA,TLM12282.AAZ,CHL - Lower Chiwawa River,10/8/2012 7:12:03 PM,10/8/2012 7:12:03 PM,LOWER IN-STREAM ARRAY,LOWER IN-STREAM ARRAY,10/8/2012,7,Bull Trout,R,Resident,W,Wild Fish or Natural Production,"CHIWAT - Chiwawa River Trap, 0.5 km below CHIP acclimation pond",SCREWT,Screw Trap,226,1
3D9.1C2E0BB4EF,NBD14275.AAZ,CHL - Lower Chiwawa River,10/9/2017 7:55:17 PM,10/9/2017 7:55:17 PM,LOWER IN-STREAM ARRAY,LOWER IN-STREAM ARRAY,10/2/2014,7,Bull Trout,R,Resident,W,Wild Fish or Natural Production,"CHIWAT - Chiwawa River Trap, 0.5 km below CHIP acclimation pond",SCREWT,Screw Trap,258,1
3D9.1C2E0BB4EF,NBD14275.AAZ,CHU - Upper Chiwawa River,7/7/2017 12:30:17 AM,10/7/2018 4:25:07 AM,UPPER IN-STREAM ARRAY,LOWER IN-STREAM ARRAY,10/2/2014,7,Bull Trout,R,Resident,W,Wild Fish or Natural Production,"CHIWAT - Chiwawa River Trap, 0.5 km below CHIP acclimation pond",SCREWT,Screw Trap,258,1
3D9.1C2E0BB4EF,NBD14275.AAZ,UWE - Upper Wenatchee River,10/2/2014 11:51:20 PM,10/8/2018 7:32:42 PM,IN-STREAM ARRAY,IN-STREAM ARRAY,10/2/2014,7,Bull Trout,R,Resident,W,Wild Fish or Natural Production,"CHIWAT - Chiwawa River Trap, 0.5 km below CHIP acclimation pond",SCREWT,Screw Trap,258,1
3D9.1C2E0BB51B,CFM-2013-060-TUM.xml,CHW - Chiwaukum Creek,7/15/2013 2:12:43 AM,6/18/2015 12:46:45 AM,DOWNSTREAM ARRAY,UPSTREAM ARRAY,6/28/2013,7,Bull Trout,R,Resident,W,Wild Fish or Natural Production,TUMFBY - TUM - Release into the Forebay within 0.5 km upstream of Dam,LADDER,Adult Passage Ladder,NA,1
3D9.1C2E0BB51B,CFM-2013-060-TUM.xml,MWE - Middle Wenatchee River,10/1/2013 8:18:05 AM,10/1/2013 8:18:05 AM,IN-STREAM ARRAY,IN-STREAM ARRAY,6/28/2013,7,Bull Trout,R,Resident,W,Wild Fish or Natural Production,TUMFBY - TUM - Release into the Forebay within 0.5 km upstream of Dam,LADDER,Adult Passage Ladder,NA,1
3D9.1C2E0BB51B,CFM-2013-060-TUM.xml,TUF - Tumwater Dam Adult Fishway,7/14/2014 6:28:04 PM,7/14/2014 6:28:13 PM,WEIR 14,WEIR 17,6/28/2013,7,Bull Trout,R,Resident,W,Wild Fish or Natural Production,TUMFBY - TUM - Release into the Forebay within 0.5 km upstream of Dam,LADDER,Adult Passage Ladder,NA,1
3D9.1C2E0BB52E,CFM12212.CHI,CHU - Upper Chiwawa River,8/4/2012 9:22:39 PM,8/4/2012 9:22:39 PM,UPPER IN-STREAM ARRAY,UPPER IN-STREAM ARRAY,8/1/2012,7,Bull Trout,R,Resident,W,Wild Fish or Natural Production,CHIWAR - Chiwawa River,WTRAP,Weir Trap,NA,1
3D9.1C2E0BB554,TLM12275.AAZ,CHL - Lower Chiwawa River,10/15/2012 5:59:40 PM,10/15/2012 5:59:40 PM,LOWER IN-STREAM ARRAY,LOWER IN-STREAM ARRAY,10/15/2012,7,Bull Trout,R,Resident,W,Wild Fish or Natural Production,"CHIWAT - Chiwawa River Trap, 0.5 km below CHIP acclimation pond",SCREWT,Screw Trap,197,1
3D9.1C2E0BB554,TLM12275.AAZ,UWE - Upper Wenatchee River,10/19/2012 6:55:00 AM,10/19/2012 6:59:15 AM,IN-STREAM ARRAY,IN-STREAM ARRAY,10/15/2012,7,Bull Trout,R,Resident,W,Wild Fish or Natural Production,"CHIWAT - Chiwawa River Trap, 0.5 km below CHIP acclimation pond",SCREWT,Screw Trap,197,1
3D9.1C2E0BB5BB,TLM12275.AAZ,CHU - Upper Chiwawa River,7/15/2020 9:27:31 PM,7/15/2020 9:27:31 PM,LOWER IN-STREAM ARRAY,LOWER IN-STREAM ARRAY,10/16/2012,7,Bull Trout,R,Resident,W,Wild Fish or Natural Production,"CHIWAT - Chiwawa River Trap, 0.5 km below CHIP acclimation pond",SCREWT,Screw Trap,186,1
3D9.1C2E0BB5BB,TLM12275.AAZ,UWE - Upper Wenatchee River,10/20/2012 12:25:28 AM,9/26/2020 9:38:20 PM,IN-STREAM ARRAY,IN-STREAM ARRAY,10/16/2012,7,Bull Trout,R,Resident,W,Wild Fish or Natural Production,"CHIWAT - Chiwawa River Trap, 0.5 km below CHIP acclimation pond",SCREWT,Screw Trap,186,1
3D9.1C2E0BB5BB,TLM12275.AAZ,"WTL - White River, Wenatchee Basin",9/11/2014 12:08:59 AM,12/9/2020 10:55:07 AM,LOWER IN-STREAM ARRAY,UPPER IN-STREAM ARRAY,10/16/2012,7,Bull Trout,R,Resident,W,Wild Fish or Natural Production,"CHIWAT - Chiwawa River Trap, 0.5 km below CHIP acclimation pond",SCREWT,Screw Trap,186,1
3D9.1C2E0BB625,CFM12212.CHI,CCT - Chikamin Creek Temporary Array,9/10/2013 12:52:49 AM,9/25/2013 9:42:17 PM,Instream Array,Instream Array,7/31/2012,7,Bull Trout,R,Resident,W,Wild Fish or Natural Production,CHIWAR - Chiwawa River,WTRAP,Weir Trap,NA,1
3D9.1C2E0BB625,CFM12212.CHI,CHL - Lower Chiwawa River,9/26/2013 10:13:39 PM,7/25/2015 12:19:58 AM,UPPER IN-STREAM ARRAY,UPPER IN-STREAM ARRAY,7/31/2012,7,Bull Trout,R,Resident,W,Wild Fish or Natural Production,CHIWAR - Chiwawa River,WTRAP,Weir Trap,NA,1
3D9.1C2E0BB625,CFM12212.CHI,CHU - Upper Chiwawa River,8/1/2012 1:34:22 AM,7/26/2015 10:19:35 PM,UPPER IN-STREAM ARRAY,UPPER IN-STREAM ARRAY,7/31/2012,7,Bull Trout,R,Resident,W,Wild Fish or Natural Production,CHIWAR - Chiwawa River,WTRAP,Weir Trap,NA,1
3D9.1C2E0BB625,CFM12212.CHI,LWN - Little Wenatchee River,11/3/2014 2:13:58 AM,6/10/2015 11:36:04 PM,UPPER IN-STREAM ARRAY,UPPER IN-STREAM ARRAY,7/31/2012,7,Bull Trout,R,Resident,W,Wild Fish or Natural Production,CHIWAR - Chiwawa River,WTRAP,Weir Trap,NA,1
3D9.1C2E0BB625,CFM12212.CHI,UWE - Upper Wenatchee River,8/11/2013 10:11:36 PM,8/11/2013 10:11:36 PM,IN-STREAM ARRAY,IN-STREAM ARRAY,7/31/2012,7,Bull Trout,R,Resident,W,Wild Fish or Natural Production,CHIWAR - Chiwawa River,WTRAP,Weir Trap,NA,1
3D9.1C2E0BB794,CFM12212.CHI,CHL - Lower Chiwawa River,9/30/2012 8:59:06 PM,9/30/2012 8:59:06 PM,LOWER IN-STREAM ARRAY,LOWER IN-STREAM ARRAY,7/30/2012,7,Bull Trout,R,Resident,W,Wild Fish or Natural Production,CHIWAR - Chiwawa River,WTRAP,Weir Trap,NA,1
3D9.1C2E0BB794,CFM12212.CHI,CHU - Upper Chiwawa River,7/30/2012 8:28:56 PM,9/30/2012 2:39:54 AM,LOWER IN-STREAM ARRAY,LOWER IN-STREAM ARRAY,7/30/2012,7,Bull Trout,R,Resident,W,Wild Fish or Natural Production,CHIWAR - Chiwawa River,WTRAP,Weir Trap,NA,1
3D9.1C2E0BB7A3,CGS12160.TW2,LMR - Lower Methow River at Pateros,11/10/2013 10:27:09 PM,11/11/2013 1:13:08 AM,UPSTREAM FULL-WIDTH ARRAY,UPSTREAM FULL-WIDTH ARRAY,7/16/2012,7,Bull Trout,R,Resident,W,Wild Fish or Natural Production,TWISPW - Twisp River Weir (WDFW),WTRAP,Weir Trap,470,1
3D9.1C2E0BB7A3,CGS12160.TW2,TWR - Lwr Twisp Rvr near MSRF Ponds,10/20/2012 3:40:16 AM,7/13/2014 9:45:23 PM,UPPER IN-STREAM ARRAY,LOWER IN-STREAM ARRAY,7/16/2012,7,Bull Trout,R,Resident,W,Wild Fish or Natural Production,TWISPW - Twisp River Weir (WDFW),WTRAP,Weir Trap,470,1
3D9.1C2E0BB7A3,CGS12160.TW2,"WEA - Wells Dam, DCPUD Adult Ladders",6/23/2013 11:38:55 AM,5/31/2014 8:55:06 AM,RIGHT LADDER POOL 19,Left Ladder Pool 68,7/16/2012,7,Bull Trout,R,Resident,W,Wild Fish or Natural Production,TWISPW - Twisp River Weir (WDFW),WTRAP,Weir Trap,470,1
3D9.1C2E0BB7A9,TLM13176.AAZ,CHL - Lower Chiwawa River,6/22/2017 4:36:53 AM,6/22/2017 4:36:53 AM,LOWER IN-STREAM ARRAY,LOWER IN-STREAM ARRAY,6/25/2013,7,Bull Trout,R,Resident,W,Wild Fish or Natural Production,"CHIWAT - Chiwawa River Trap, 0.5 km below CHIP acclimation pond",SCREWT,Screw Trap,184,1
3D9.1C2E0BB7A9,TLM13176.AAZ,UWE - Upper Wenatchee River,10/16/2017 12:24:29 AM,10/16/2017 12:24:29 AM,IN-STREAM ARRAY,IN-STREAM ARRAY,6/25/2013,7,Bull Trout,R,Resident,W,Wild Fish or Natural Production,"CHIWAT - Chiwawa River Trap, 0.5 km below CHIP acclimation pond",SCREWT,Screw Trap,184,1
3D9.1C2E0BB7A9,TLM13176.AAZ,"WTL - White River, Wenatchee Basin",3/29/2018 4:52:54 PM,8/6/2018 7:13:12 PM,UPPER IN-STREAM ARRAY,UPPER IN-STREAM ARRAY,6/25/2013,7,Bull Trout,R,Resident,W,Wild Fish or Natural Production,"CHIWAT - Chiwawa River Trap, 0.5 km below CHIP acclimation pond",SCREWT,Screw Trap,184,1
3D9.1C2E0BB7E7,CFM12212.CHI,CHL - Lower Chiwawa River,9/28/2012 8:32:09 PM,10/3/2014 1:47:09 AM,UPPER IN-STREAM ARRAY,LOWER IN-STREAM ARRAY,8/6/2012,7,Bull Trout,R,Resident,W,Wild Fish or Natural Production,CHIWAR - Chiwawa River,WTRAP,Weir Trap,NA,1
3D9.1C2E0BB7E7,CFM12212.CHI,CHU - Upper Chiwawa River,9/28/2012 3:43:20 AM,10/2/2014 10:53:49 PM,UPPER IN-STREAM ARRAY,UPPER IN-STREAM ARRAY,8/6/2012,7,Bull Trout,R,Resident,W,Wild Fish or Natural Production,CHIWAR - Chiwawa River,WTRAP,Weir Trap,NA,1
3D9.1C2E0BB7E7,CFM12212.CHI,LWN - Little Wenatchee River,7/7/2013 5:52:24 AM,5/31/2016 1:01:10 AM,UPPER IN-STREAM ARRAY,UPPER IN-STREAM ARRAY,8/6/2012,7,Bull Trout,R,Resident,W,Wild Fish or Natural Production,CHIWAR - Chiwawa River,WTRAP,Weir Trap,NA,1
3D9.1C2E0BB7E7,CFM12212.CHI,UWE - Upper Wenatchee River,10/3/2014 4:05:28 AM,10/3/2014 4:05:28 AM,IN-STREAM ARRAY,IN-STREAM ARRAY,8/6/2012,7,Bull Trout,R,Resident,W,Wild Fish or Natural Production,CHIWAR - Chiwawa River,WTRAP,Weir Trap,NA,1
3D9.1C2E0BB7FA,TLM12262.AAZ,CHL - Lower Chiwawa River,6/29/2015 3:02:47 AM,9/24/2016 12:16:45 AM,UPPER IN-STREAM ARRAY,LOWER IN-STREAM ARRAY,9/19/2012,7,Bull Trout,R,Resident,W,Wild Fish or Natural Production,"CHIWAT - Chiwawa River Trap, 0.5 km below CHIP acclimation pond",SCREWT,Screw Trap,230,1
3D9.1C2E0BB7FA,TLM12262.AAZ,CHU - Upper Chiwawa River,7/2/2015 1:39:11 AM,9/23/2016 9:13:45 PM,LOWER IN-STREAM ARRAY,LOWER IN-STREAM ARRAY,9/19/2012,7,Bull Trout,R,Resident,W,Wild Fish or Natural Production,"CHIWAT - Chiwawa River Trap, 0.5 km below CHIP acclimation pond",SCREWT,Screw Trap,230,1
3D9.1C2E0BB7FA,TLM12262.AAZ,UWE - Upper Wenatchee River,10/9/2015 7:00:08 PM,9/24/2016 3:32:03 AM,IN-STREAM ARRAY,IN-STREAM ARRAY,9/19/2012,7,Bull Trout,R,Resident,W,Wild Fish or Natural Production,"CHIWAT - Chiwawa River Trap, 0.5 km below CHIP acclimation pond",SCREWT,Screw Trap,230,1
3D9.1C2E0BB81A,CGS14153.TW1,MRC - Methow River at Carlton,6/21/2016 12:22:59 AM,7/4/2017 2:13:14 AM,Single Array,Single Array,7/8/2014,7,Bull Trout,R,Resident,W,Wild Fish or Natural Production,TWISPW - Twisp River Weir (WDFW),WTRAP,Weir Trap,550,1
3D9.1C2E0BB81A,CGS14153.TW1,TWR - Lwr Twisp Rvr near MSRF Ponds,7/27/2014 2:27:40 AM,7/7/2017 9:15:42 PM,LOWER IN-STREAM ARRAY,UPPER IN-STREAM ARRAY,7/8/2014,7,Bull Trout,R,Resident,W,Wild Fish or Natural Production,TWISPW - Twisp River Weir (WDFW),WTRAP,Weir Trap,550,1
3D9.1C2E0BB844,CFM12212.CHI,CHL - Lower Chiwawa River,9/23/2012 8:39:02 PM,9/23/2012 8:39:02 PM,LOWER IN-STREAM ARRAY,LOWER IN-STREAM ARRAY,7/31/2012,7,Bull Trout,R,Resident,W,Wild Fish or Natural Production,CHIWAR - Chiwawa River,WTRAP,Weir Trap,NA,1
3D9.1C2E0BB844,CFM12212.CHI,CHU - Upper Chiwawa River,7/31/2012 3:34:50 PM,9/23/2012 4:05:28 AM,LOWER IN-STREAM ARRAY,LOWER IN-STREAM ARRAY,7/31/2012,7,Bull Trout,R,Resident,W,Wild Fish or Natural Production,CHIWAR - Chiwawa River,WTRAP,Weir Trap,NA,1
3D9.1C2E0BB85D,TLM12291.AAZ,CHL - Lower Chiwawa River,10/17/2012 2:39:50 PM,10/11/2016 7:34:25 PM,LOWER IN-STREAM ARRAY,LOWER IN-STREAM ARRAY,10/17/2012,7,Bull Trout,R,Resident,W,Wild Fish or Natural Production,"CHIWAT - Chiwawa River Trap, 0.5 km below CHIP acclimation pond",SCREWT,Screw Trap,243,1
3D9.1C2E0BB85D,TLM12291.AAZ,CHU - Upper Chiwawa River,6/1/2016 4:27:14 AM,6/1/2016 4:27:14 AM,LOWER IN-STREAM ARRAY,LOWER IN-STREAM ARRAY,10/17/2012,7,Bull Trout,R,Resident,W,Wild Fish or Natural Production,"CHIWAT - Chiwawa River Trap, 0.5 km below CHIP acclimation pond",SCREWT,Screw Trap,243,1
3D9.1C2E0BB85D,TLM12291.AAZ,"WTL - White River, Wenatchee Basin",6/21/2015 10:44:58 PM,6/23/2015 9:25:01 PM,LOWER IN-STREAM ARRAY,LOWER IN-STREAM ARRAY,10/17/2012,7,Bull Trout,R,Resident,W,Wild Fish or Natural Production,"CHIWAT - Chiwawa River Trap, 0.5 km below CHIP acclimation pond",SCREWT,Screw Trap,243,1
3D9.1C2E0BB86A,CFM12212.CHI,CHL - Lower Chiwawa River,9/25/2012 9:58:17 PM,9/25/2012 9:58:23 PM,UPPER IN-STREAM ARRAY,LOWER IN-STREAM ARRAY,8/2/2012,7,Bull Trout,R,Resident,W,Wild Fish or Natural Production,CHIWAR - Chiwawa River,WTRAP,Weir Trap,NA,1
3D9.1C2E0BB86A,CFM12212.CHI,CHU - Upper Chiwawa River,8/11/2012 1:08:30 AM,9/25/2012 5:00:56 AM,UPPER IN-STREAM ARRAY,UPPER IN-STREAM ARRAY,8/2/2012,7,Bull Trout,R,Resident,W,Wild Fish or Natural Production,CHIWAR - Chiwawa River,WTRAP,Weir Trap,NA,1
3D9.1C2E0BB86B,NBD14271.AAZ,CHL - Lower Chiwawa River,10/1/2017 3:53:18 AM,10/8/2019 11:29:05 PM,UPPER IN-STREAM ARRAY,LOWER IN-STREAM ARRAY,9/28/2014,7,Bull Trout,R,Resident,W,Wild Fish or Natural Production,"CHIWAT - Chiwawa River Trap, 0.5 km below CHIP acclimation pond",SCREWT,Screw Trap,237,1
3D9.1C2E0BB86B,NBD14271.AAZ,CHU - Upper Chiwawa River,9/30/2017 11:46:25 PM,10/8/2019 8:21:51 PM,UPPER IN-STREAM ARRAY,LOWER IN-STREAM ARRAY,9/28/2014,7,Bull Trout,R,Resident,W,Wild Fish or Natural Production,"CHIWAT - Chiwawa River Trap, 0.5 km below CHIP acclimation pond",SCREWT,Screw Trap,237,1
3D9.1C2E0BB86B,NBD14271.AAZ,UWE - Upper Wenatchee River,9/30/2014 6:38:55 AM,10/9/2019 3:05:40 AM,IN-STREAM ARRAY,IN-STREAM ARRAY,9/28/2014,7,Bull Trout,R,Resident,W,Wild Fish or Natural Production,"CHIWAT - Chiwawa River Trap, 0.5 km below CHIP acclimation pond",SCREWT,Screw Trap,237,1
3D9.1C2E0BB8AB,TLM13259.AAZ,CHL - Lower Chiwawa River,9/16/2013 1:11:45 PM,9/16/2013 1:54:17 PM,LOWER IN-STREAM ARRAY,UPPER IN-STREAM ARRAY,9/16/2013,7,Bull Trout,R,Resident,W,Wild Fish or Natural Production,"CHIWAT - Chiwawa River Trap, 0.5 km below CHIP acclimation pond",SCREWT,Screw Trap,225,1
3D9.1C2E0BBC4F,CFM-2013-060-TUM.xml,CHL - Lower Chiwawa River,9/16/2013 9:03:39 PM,9/16/2013 9:03:46 PM,UPPER IN-STREAM ARRAY,LOWER IN-STREAM ARRAY,6/23/2013,7,Bull Trout,R,Resident,W,Wild Fish or Natural Production,TUMFBY - TUM - Release into the Forebay within 0.5 km upstream of Dam,LADDER,Adult Passage Ladder,NA,1
3D9.1C2E0BBC4F,CFM-2013-060-TUM.xml,CHU - Upper Chiwawa River,7/12/2013 4:02:04 AM,7/12/2013 4:02:04 AM,LOWER IN-STREAM ARRAY,LOWER IN-STREAM ARRAY,6/23/2013,7,Bull Trout,R,Resident,W,Wild Fish or Natural Production,TUMFBY - TUM - Release into the Forebay within 0.5 km upstream of Dam,LADDER,Adult Passage Ladder,NA,1
3D9.1C2E0BBDB2,TLM13270.AAZ,"WTL - White River, Wenatchee Basin",6/29/2015 8:57:47 PM,6/29/2015 8:57:47 PM,UPPER IN-STREAM ARRAY,UPPER IN-STREAM ARRAY,9/27/2013,7,Bull Trout,R,Resident,W,Wild Fish or Natural Production,"CHIWAT - Chiwawa River Trap, 0.5 km below CHIP acclimation pond",SCREWT,Screw Trap,252,1
3D9.1C2E0BBE72,TLM12265.AAZ,CHL - Lower Chiwawa River,9/18/2013 3:14:22 AM,9/19/2014 3:54:21 AM,LOWER IN-STREAM ARRAY,LOWER IN-STREAM ARRAY,9/21/2012,7,Bull Trout,R,Resident,W,Wild Fish or Natural Production,"CHIWAT - Chiwawa River Trap, 0.5 km below CHIP acclimation pond",SCREWT,Screw Trap,450,1
3D9.1C2E0BBE72,TLM12265.AAZ,CHU - Upper Chiwawa River,7/21/2013 10:54:05 PM,9/19/2014 1:00:54 AM,UPPER IN-STREAM ARRAY,LOWER IN-STREAM ARRAY,9/21/2012,7,Bull Trout,R,Resident,W,Wild Fish or Natural Production,"CHIWAT - Chiwawa River Trap, 0.5 km below CHIP acclimation pond",SCREWT,Screw Trap,450,1
3D9.1C2E0BBE72,TLM12265.AAZ,UWE - Upper Wenatchee River,9/19/2014 7:58:06 PM,9/19/2014 7:58:06 PM,IN-STREAM ARRAY,IN-STREAM ARRAY,9/21/2012,7,Bull Trout,R,Resident,W,Wild Fish or Natural Production,"CHIWAT - Chiwawa River Trap, 0.5 km below CHIP acclimation pond",SCREWT,Screw Trap,450,1
3D9.1C2E0BBF12,CGS-2023-271-MTT.xml,MRC - Methow River at Carlton,11/7/2023 11:06:28 PM,11/7/2023 11:06:28 PM,Single Array,Single Array,9/28/2023,7,Bull Trout,R,Resident,W,Wild Fish or Natural Production,METHR - Methow River,HOOK,Hook and Line,470,1
3D9.1C2E0BBFA2,CGS14153.TW1,MRC - Methow River at Carlton,6/29/2016 4:12:54 AM,7/6/2017 3:59:44 AM,Single Array,Single Array,7/7/2014,7,Bull Trout,R,Resident,W,Wild Fish or Natural Production,TWISPW - Twisp River Weir (WDFW),WTRAP,Weir Trap,530,1
3D9.1C2E0BBFA2,CGS14153.TW1,OKL - Lower Okanogan Instream Array,11/24/2014 4:19:08 PM,11/24/2014 4:25:06 PM,Downstream Array,Upstream Array,7/7/2014,7,Bull Trout,R,Resident,W,Wild Fish or Natural Production,TWISPW - Twisp River Weir (WDFW),WTRAP,Weir Trap,530,1
3D9.1C2E0BBFA2,CGS14153.TW1,TWR - Lwr Twisp Rvr near MSRF Ponds,7/17/2014 12:31:30 AM,7/8/2017 11:49:29 PM,LOWER IN-STREAM ARRAY,UPPER IN-STREAM ARRAY,7/7/2014,7,Bull Trout,R,Resident,W,Wild Fish or Natural Production,TWISPW - Twisp River Weir (WDFW),WTRAP,Weir Trap,530,1
3D9.1C2E0BBFA7,TLM13259.AAZ,CHL - Lower Chiwawa River,9/16/2013 11:00:22 AM,9/20/2013 10:10:26 PM,UPPER IN-STREAM ARRAY,LOWER IN-STREAM ARRAY,9/16/2013,7,Bull Trout,R,Resident,W,Wild Fish or Natural Production,"CHIWAT - Chiwawa River Trap, 0.5 km below CHIP acclimation pond",SCREWT,Screw Trap,236,1
3D9.1C2E0BC016,CFM12212.CHI,CHL - Lower Chiwawa River,9/18/2012 12:54:18 AM,9/18/2012 12:54:26 AM,UPPER IN-STREAM ARRAY,LOWER IN-STREAM ARRAY,8/2/2012,7,Bull Trout,R,Resident,W,Wild Fish or Natural Production,CHIWAR - Chiwawa River,WTRAP,Weir Trap,NA,1
3D9.1C2E0BC016,CFM12212.CHI,CHU - Upper Chiwawa River,8/8/2012 4:04:46 AM,9/17/2012 9:45:59 PM,UPPER IN-STREAM ARRAY,UPPER IN-STREAM ARRAY,8/2/2012,7,Bull Trout,R,Resident,W,Wild Fish or Natural Production,CHIWAR - Chiwawa River,WTRAP,Weir Trap,NA,1
3D9.1C2E0BC02A,CFM-2013-060-TUM.xml,CHW - Chiwaukum Creek,7/14/2013 2:18:43 AM,9/29/2013 7:41:46 PM,DOWNSTREAM ARRAY,DOWNSTREAM ARRAY,7/5/2013,7,Bull Trout,R,Resident,W,Wild Fish or Natural Production,TUMFBY - TUM - Release into the Forebay within 0.5 km upstream of Dam,LADDER,Adult Passage Ladder,NA,1
3D9.1C2E0BC02A,CFM-2013-060-TUM.xml,TUF - Tumwater Dam Adult Fishway,7/7/2014 3:43:47 PM,7/7/2014 3:48:18 PM,WEIR 14,WEIR 17,7/5/2013,7,Bull Trout,R,Resident,W,Wild Fish or Natural Production,TUMFBY - TUM - Release into the Forebay within 0.5 km upstream of Dam,LADDER,Adult Passage Ladder,NA,1
3D9.1C2E0BC03B,CFM12212.CHI,CHL - Lower Chiwawa River,10/3/2012 5:30:05 AM,10/3/2012 7:10:16 PM,LOWER IN-STREAM ARRAY,LOWER IN-STREAM ARRAY,8/1/2012,7,Bull Trout,R,Resident,W,Wild Fish or Natural Production,CHIWAR - Chiwawa River,WTRAP,Weir Trap,NA,1
3D9.1C2E0BC03B,CFM12212.CHI,CHU - Upper Chiwawa River,8/1/2012 8:40:29 PM,10/2/2012 6:54:52 PM,LOWER IN-STREAM ARRAY,UPPER IN-STREAM ARRAY,8/1/2012,7,Bull Trout,R,Resident,W,Wild Fish or Natural Production,CHIWAR - Chiwawa River,WTRAP,Weir Trap,NA,1
3D9.1C2E0BC03B,CFM12212.CHI,LWN - Little Wenatchee River,7/29/2014 10:19:14 PM,7/11/2017 11:33:08 PM,UPPER IN-STREAM ARRAY,UPPER IN-STREAM ARRAY,8/1/2012,7,Bull Trout,R,Resident,W,Wild Fish or Natural Production,CHIWAR - Chiwawa River,WTRAP,Weir Trap,NA,1
3D9.1C2E0BC03B,CFM12212.CHI,"WTL - White River, Wenatchee Basin",9/10/2014 6:08:01 PM,9/10/2014 9:57:52 PM,LOWER IN-STREAM ARRAY,LOWER IN-STREAM ARRAY,8/1/2012,7,Bull Trout,R,Resident,W,Wild Fish or Natural Production,CHIWAR - Chiwawa River,WTRAP,Weir Trap,NA,1
3D9.1C2E0BC03F,CFM12212.CHI,CHL - Lower Chiwawa River,9/20/2012 9:00:00 PM,9/20/2012 9:00:08 PM,UPPER IN-STREAM ARRAY,LOWER IN-STREAM ARRAY,7/30/2012,7,Bull Trout,R,Resident,W,Wild Fish or Natural Production,CHIWAR - Chiwawa River,WTRAP,Weir Trap,NA,1
3D9.1C2E0BC03F,CFM12212.CHI,CHU - Upper Chiwawa River,7/30/2012 11:16:34 AM,9/20/2012 4:00:44 AM,LOWER IN-STREAM ARRAY,UPPER IN-STREAM ARRAY,7/30/2012,7,Bull Trout,R,Resident,W,Wild Fish or Natural Production,CHIWAR - Chiwawa River,WTRAP,Weir Trap,NA,1
3D9.1C2E0BC04C,CFM12212.CHI,CHL - Lower Chiwawa River,10/7/2012 7:39:39 PM,7/11/2013 5:00:37 AM,LOWER IN-STREAM ARRAY,UPPER IN-STREAM ARRAY,7/30/2012,7,Bull Trout,R,Resident,W,Wild Fish or Natural Production,CHIWAR - Chiwawa River,WTRAP,Weir Trap,NA,1
3D9.1C2E0BC04C,CFM12212.CHI,CHU - Upper Chiwawa River,7/30/2012 12:53:28 PM,10/7/2012 12:39:10 AM,LOWER IN-STREAM ARRAY,UPPER IN-STREAM ARRAY,7/30/2012,7,Bull Trout,R,Resident,W,Wild Fish or Natural Production,CHIWAR - Chiwawa River,WTRAP,Weir Trap,NA,1
3D9.1C2E0BC04C,CFM12212.CHI,NAL - Lower Nason Creek,11/19/2012 2:58:39 AM,4/17/2013 12:38:49 AM,UPPER IN-STREAM ARRAY,LOWER IN-STREAM ARRAY,7/30/2012,7,Bull Trout,R,Resident,W,Wild Fish or Natural Production,CHIWAR - Chiwawa River,WTRAP,Weir Trap,NA,1
3D9.1C2E0BC06F,CGS14153.TW1,MRC - Methow River at Carlton,7/2/2017 2:16:19 AM,6/18/2018 1:56:11 AM,Single Array,Single Array,7/3/2014,7,Bull Trout,R,Resident,W,Wild Fish or Natural Production,TWISPW - Twisp River Weir (WDFW),WTRAP,Weir Trap,510,1
3D9.1C2E0BC06F,CGS14153.TW1,TWR - Lwr Twisp Rvr near MSRF Ponds,10/24/2014 12:43:25 AM,9/25/2017 9:11:16 PM,LOWER IN-STREAM ARRAY,LOWER IN-STREAM ARRAY,7/3/2014,7,Bull Trout,R,Resident,W,Wild Fish or Natural Production,TWISPW - Twisp River Weir (WDFW),WTRAP,Weir Trap,510,1
3D9.1C2E0BC0BE,CGS-2023-045-001.xml,MRC - Methow River at Carlton,5/28/2023 8:21:51 PM,5/28/2023 8:21:53 PM,Single Array,Single Array,2/15/2023,7,Bull Trout,R,Resident,W,Wild Fish or Natural Production,METHR - Methow River,HOOK,Hook and Line,510,1
3D9.1C2E0BC0CB,TLM12262.AAZ,CHL - Lower Chiwawa River,10/5/2015 7:09:10 PM,9/22/2020 2:46:18 AM,LOWER IN-STREAM ARRAY,LOWER IN-STREAM ARRAY,9/28/2012,7,Bull Trout,R,Resident,W,Wild Fish or Natural Production,"CHIWAT - Chiwawa River Trap, 0.5 km below CHIP acclimation pond",SCREWT,Screw Trap,209,1
3D9.1C2E0BC0CB,TLM12262.AAZ,CHU - Upper Chiwawa River,10/4/2015 10:54:20 PM,6/10/2021 8:19:48 PM,UPPER IN-STREAM ARRAY,LOWER IN-STREAM ARRAY,9/28/2012,7,Bull Trout,R,Resident,W,Wild Fish or Natural Production,"CHIWAT - Chiwawa River Trap, 0.5 km below CHIP acclimation pond",SCREWT,Screw Trap,209,1
3D9.1C2E0BC0CB,TLM12262.AAZ,NAL - Lower Nason Creek,3/29/2019 2:40:09 AM,5/31/2021 3:10:20 AM,LOWER IN-STREAM ARRAY,UPPER IN-STREAM ARRAY,9/28/2012,7,Bull Trout,R,Resident,W,Wild Fish or Natural Production,"CHIWAT - Chiwawa River Trap, 0.5 km below CHIP acclimation pond",SCREWT,Screw Trap,209,1
3D9.1C2E0BC0CB,TLM12262.AAZ,UWE - Upper Wenatchee River,10/5/2015 10:18:03 PM,9/22/2020 6:06:39 PM,IN-STREAM ARRAY,IN-STREAM ARRAY,9/28/2012,7,Bull Trout,R,Resident,W,Wild Fish or Natural Production,"CHIWAT - Chiwawa River Trap, 0.5 km below CHIP acclimation pond",SCREWT,Screw Trap,209,1
3D9.1C2E0BC0CB,TLM12262.AAZ,"WTL - White River, Wenatchee Basin",9/8/2016 10:44:01 PM,9/9/2016 8:44:35 PM,UPPER IN-STREAM ARRAY,LOWER IN-STREAM ARRAY,9/28/2012,7,Bull Trout,R,Resident,W,Wild Fish or Natural Production,"CHIWAT - Chiwawa River Trap, 0.5 km below CHIP acclimation pond",SCREWT,Screw Trap,209,1
3D9.1C2E0BC0D1,CGS14153.TW1,MRC - Methow River at Carlton,11/12/2015 1:34:13 AM,9/29/2016 12:20:36 AM,Single Array,Single Array,7/7/2014,7,Bull Trout,R,Resident,W,Wild Fish or Natural Production,TWISPW - Twisp River Weir (WDFW),WTRAP,Weir Trap,620,1
3D9.1C2E0BC0D1,CGS14153.TW1,TWR - Lwr Twisp Rvr near MSRF Ponds,7/12/2014 9:58:51 PM,9/27/2016 8:27:34 PM,LOWER IN-STREAM ARRAY,LOWER IN-STREAM ARRAY,7/7/2014,7,Bull Trout,R,Resident,W,Wild Fish or Natural Production,TWISPW - Twisp River Weir (WDFW),WTRAP,Weir Trap,620,1
3D9.1C2E0BC0D5,TLM13214.AAZ,CHW - Chiwaukum Creek,7/6/2017 11:41:23 PM,6/24/2018 2:20:05 AM,DOWNSTREAM ARRAY,UPSTREAM ARRAY,8/2/2013,7,Bull Trout,R,Resident,W,Wild Fish or Natural Production,"CHIWAT - Chiwawa River Trap, 0.5 km below CHIP acclimation pond",SCREWT,Screw Trap,210,1
3D9.1C2E0BC0D5,TLM13214.AAZ,NAL - Lower Nason Creek,8/5/2013 11:10:35 PM,11/2/2013 2:23:39 AM,UPPER IN-STREAM ARRAY,LOWER IN-STREAM ARRAY,8/2/2013,7,Bull Trout,R,Resident,W,Wild Fish or Natural Production,"CHIWAT - Chiwawa River Trap, 0.5 km below CHIP acclimation pond",SCREWT,Screw Trap,210,1
3D9.1C2E0BC0D5,TLM13214.AAZ,UWE - Upper Wenatchee River,8/3/2013 1:14:04 PM,11/11/2017 9:06:35 PM,IN-STREAM ARRAY,IN-STREAM ARRAY,8/2/2013,7,Bull Trout,R,Resident,W,Wild Fish or Natural Production,"CHIWAT - Chiwawa River Trap, 0.5 km below CHIP acclimation pond",SCREWT,Screw Trap,210,1
3D9.1C2E0BC0D7,TLM12292.AAZ,UWE - Upper Wenatchee River,10/21/2012 2:36:47 AM,10/21/2012 2:36:47 AM,IN-STREAM ARRAY,IN-STREAM ARRAY,10/18/2012,7,Bull Trout,R,Resident,W,Wild Fish or Natural Production,"CHIWAT - Chiwawa River Trap, 0.5 km below CHIP acclimation pond",SCREWT,Screw Trap,187,1
3D9.1C2E0BC0DC,TLM12162.AAZ,CHL - Lower Chiwawa River,7/16/2015 11:55:02 PM,4/21/2016 8:29:31 PM,UPPER IN-STREAM ARRAY,LOWER IN-STREAM ARRAY,6/10/2012,7,Bull Trout,R,Resident,W,Wild Fish or Natural Production,"CHIWAT - Chiwawa River Trap, 0.5 km below CHIP acclimation pond",SCREWT,Screw Trap,159,1
3D9.1C2E0BC0DC,TLM12162.AAZ,UWE - Upper Wenatchee River,7/16/2015 9:45:06 PM,7/16/2015 9:45:06 PM,IN-STREAM ARRAY,IN-STREAM ARRAY,6/10/2012,7,Bull Trout,R,Resident,W,Wild Fish or Natural Production,"CHIWAT - Chiwawa River Trap, 0.5 km below CHIP acclimation pond",SCREWT,Screw Trap,159,1
3D9.1C2E0BC113,CGS12160.TW2,TWR - Lwr Twisp Rvr near MSRF Ponds,10/15/2012 11:09:37 PM,6/25/2014 4:55:45 AM,UPPER IN-STREAM ARRAY,UPPER IN-STREAM ARRAY,7/7/2012,7,Bull Trout,R,Resident,W,Wild Fish or Natural Production,TWISPW - Twisp River Weir (WDFW),WTRAP,Weir Trap,620,1
3D9.1C2E0BC11C,TLM12300.AAZ,UWE - Upper Wenatchee River,10/28/2012 7:30:33 PM,5/22/2016 3:48:12 AM,IN-STREAM ARRAY,IN-STREAM ARRAY,10/26/2012,7,Bull Trout,R,Resident,W,Wild Fish or Natural Production,"CHIWAT - Chiwawa River Trap, 0.5 km below CHIP acclimation pond",SCREWT,Screw Trap,216,1
3D9.1C2E0BC134,TLM12275.AAZ,CHL - Lower Chiwawa River,7/13/2013 3:05:07 PM,9/24/2015 4:30:06 AM,UPPER IN-STREAM ARRAY,LOWER IN-STREAM ARRAY,10/9/2012,7,Bull Trout,R,Resident,W,Wild Fish or Natural Production,"CHIWAT - Chiwawa River Trap, 0.5 km below CHIP acclimation pond",SCREWT,Screw Trap,222,1
3D9.1C2E0BC134,TLM12275.AAZ,CHU - Upper Chiwawa River,6/4/2015 10:59:15 PM,6/13/2016 6:38:49 AM,LOWER IN-STREAM ARRAY,LOWER IN-STREAM ARRAY,10/9/2012,7,Bull Trout,R,Resident,W,Wild Fish or Natural Production,"CHIWAT - Chiwawa River Trap, 0.5 km below CHIP acclimation pond",SCREWT,Screw Trap,222,1
3D9.1C2E0BC134,TLM12275.AAZ,UWE - Upper Wenatchee River,8/25/2014 4:08:33 AM,9/24/2015 8:43:01 PM,IN-STREAM ARRAY,IN-STREAM ARRAY,10/9/2012,7,Bull Trout,R,Resident,W,Wild Fish or Natural Production,"CHIWAT - Chiwawa River Trap, 0.5 km below CHIP acclimation pond",SCREWT,Screw Trap,222,1
3D9.1C2E0BC135,TLM12275.AAZ,CHL - Lower Chiwawa River,10/15/2012 2:49:36 PM,8/19/2017 12:06:37 AM,LOWER IN-STREAM ARRAY,LOWER IN-STREAM ARRAY,10/15/2012,7,Bull Trout,R,Resident,W,Wild Fish or Natural Production,"CHIWAT - Chiwawa River Trap, 0.5 km below CHIP acclimation pond",SCREWT,Screw Trap,222,1
3D9.1C2E0BC135,TLM12275.AAZ,CHU - Upper Chiwawa River,8/17/2015 10:15:44 PM,10/1/2017 10:33:48 PM,LOWER IN-STREAM ARRAY,LOWER IN-STREAM ARRAY,10/15/2012,7,Bull Trout,R,Resident,W,Wild Fish or Natural Production,"CHIWAT - Chiwawa River Trap, 0.5 km below CHIP acclimation pond",SCREWT,Screw Trap,222,1
3D9.1C2E0BC135,TLM12275.AAZ,UWE - Upper Wenatchee River,10/17/2012 6:46:13 AM,10/2/2017 5:07:06 AM,IN-STREAM ARRAY,IN-STREAM ARRAY,10/15/2012,7,Bull Trout,R,Resident,W,Wild Fish or Natural Production,"CHIWAT - Chiwawa River Trap, 0.5 km below CHIP acclimation pond",SCREWT,Screw Trap,222,1
3D9.1C2E0BC135,TLM12275.AAZ,"WTL - White River, Wenatchee Basin",8/3/2015 2:24:47 AM,8/3/2015 2:42:11 AM,LOWER IN-STREAM ARRAY,LOWER IN-STREAM ARRAY,10/15/2012,7,Bull Trout,R,Resident,W,Wild Fish or Natural Production,"CHIWAT - Chiwawa River Trap, 0.5 km below CHIP acclimation pond",SCREWT,Screw Trap,222,1
3D9.1C2E0BC164,TLM12259.AAZ,CHU - Upper Chiwawa River,11/5/2017 5:54:21 PM,11/5/2017 5:54:21 PM,LOWER IN-STREAM ARRAY,LOWER IN-STREAM ARRAY,9/15/2012,7,Bull Trout,R,Resident,W,Wild Fish or Natural Production,"CHIWAT - Chiwawa River Trap, 0.5 km below CHIP acclimation pond",SCREWT,Screw Trap,258,1
3D9.1C2E0BC164,TLM12259.AAZ,UWE - Upper Wenatchee River,6/6/2016 3:18:28 PM,5/2/2017 12:15:20 AM,IN-STREAM ARRAY,IN-STREAM ARRAY,9/15/2012,7,Bull Trout,R,Resident,W,Wild Fish or Natural Production,"CHIWAT - Chiwawa River Trap, 0.5 km below CHIP acclimation pond",SCREWT,Screw Trap,258,1
3D9.1C2E0BC173,CGS14153.TW1,MRC - Methow River at Carlton,1/24/2016 12:04:21 AM,10/4/2018 7:21:29 PM,Single Array,Single Array,7/3/2014,7,Bull Trout,R,Resident,W,Wild Fish or Natural Production,TWISPW - Twisp River Weir (WDFW),WTRAP,Weir Trap,570,1
3D9.1C2E0BC173,CGS14153.TW1,TWR - Lwr Twisp Rvr near MSRF Ponds,7/17/2014 10:20:56 PM,8/31/2019 12:30:38 AM,LOWER IN-STREAM ARRAY,LOWER IN-STREAM ARRAY,7/3/2014,7,Bull Trout,R,Resident,W,Wild Fish or Natural Production,TWISPW - Twisp River Weir (WDFW),WTRAP,Weir Trap,570,1
3D9.1C2E0BC187,TLM13247.AAZ,CHL - Lower Chiwawa River,9/4/2013 8:24:51 PM,9/6/2013 2:10:12 PM,LOWER IN-STREAM ARRAY,UPPER IN-STREAM ARRAY,9/4/2013,7,Bull Trout,R,Resident,W,Wild Fish or Natural Production,"CHIWAT - Chiwawa River Trap, 0.5 km below CHIP acclimation pond",SCREWT,Screw Trap,230,1
3D9.1C2E0BC1FC,CGS14153.TW1,TWR - Lwr Twisp Rvr near MSRF Ponds,9/30/2014 3:32:01 AM,6/17/2016 9:17:37 PM,UPPER IN-STREAM ARRAY,UPPER IN-STREAM ARRAY,7/1/2014,7,Bull Trout,R,Resident,W,Wild Fish or Natural Production,TWISPW - Twisp River Weir (WDFW),WTRAP,Weir Trap,550,1
3D9.1C2E0BC207,CGS12160.TW2,TWR - Lwr Twisp Rvr near MSRF Ponds,10/15/2012 7:49:04 PM,10/15/2012 7:49:09 PM,UPPER IN-STREAM ARRAY,LOWER IN-STREAM ARRAY,7/7/2012,7,Bull Trout,R,Resident,W,Wild Fish or Natural Production,TWISPW - Twisp River Weir (WDFW),WTRAP,Weir Trap,640,1
3D9.1C2E0BC21A,CFM-2013-060-TUM.xml,CHL - Lower Chiwawa River,6/28/2013 11:09:27 PM,9/20/2013 8:44:17 PM,UPPER IN-STREAM ARRAY,LOWER IN-STREAM ARRAY,6/5/2013,7,Bull Trout,R,Resident,W,Wild Fish or Natural Production,TUMFBY - TUM - Release into the Forebay within 0.5 km upstream of Dam,LADDER,Adult Passage Ladder,NA,1
3D9.1C2E0BC21A,CFM-2013-060-TUM.xml,ICL - Lower Icicle Instream Array,9/22/2013 1:51:44 AM,9/22/2013 1:51:44 AM,INSTREAM ARRAY,INSTREAM ARRAY,6/5/2013,7,Bull Trout,R,Resident,W,Wild Fish or Natural Production,TUMFBY - TUM - Release into the Forebay within 0.5 km upstream of Dam,LADDER,Adult Passage Ladder,NA,1
3D9.1C2E0BC232,TLM12275.AAZ,CHL - Lower Chiwawa River,10/10/2012 6:43:03 PM,10/13/2012 6:59:41 PM,LOWER IN-STREAM ARRAY,LOWER IN-STREAM ARRAY,10/10/2012,7,Bull Trout,R,Resident,W,Wild Fish or Natural Production,"CHIWAT - Chiwawa River Trap, 0.5 km below CHIP acclimation pond",SCREWT,Screw Trap,222,1
3D9.1C2E0BC232,TLM12275.AAZ,UWE - Upper Wenatchee River,10/14/2012 12:22:55 AM,10/14/2012 12:22:55 AM,IN-STREAM ARRAY,IN-STREAM ARRAY,10/10/2012,7,Bull Trout,R,Resident,W,Wild Fish or Natural Production,"CHIWAT - Chiwawa River Trap, 0.5 km below CHIP acclimation pond",SCREWT,Screw Trap,222,1
3D9.1C2E0BC2F1,TLM12266.AAZ,CHL - Lower Chiwawa River,9/21/2013 8:42:10 PM,9/26/2017 2:45:39 AM,UPPER IN-STREAM ARRAY,LOWER IN-STREAM ARRAY,9/22/2012,7,Bull Trout,R,Resident,W,Wild Fish or Natural Production,"CHIWAT - Chiwawa River Trap, 0.5 km below CHIP acclimation pond",SCREWT,Screw Trap,535,1
3D9.1C2E0BC2F1,TLM12266.AAZ,CHU - Upper Chiwawa River,9/18/2014 4:02:39 AM,9/25/2017 11:23:58 PM,UPPER IN-STREAM ARRAY,LOWER IN-STREAM ARRAY,9/22/2012,7,Bull Trout,R,Resident,W,Wild Fish or Natural Production,"CHIWAT - Chiwawa River Trap, 0.5 km below CHIP acclimation pond",SCREWT,Screw Trap,535,1
3D9.1C2E0BC2F1,TLM12266.AAZ,UWE - Upper Wenatchee River,2/6/2014 8:35:45 PM,9/26/2017 8:12:58 PM,IN-STREAM ARRAY,IN-STREAM ARRAY,9/22/2012,7,Bull Trout,R,Resident,W,Wild Fish or Natural Production,"CHIWAT - Chiwawa River Trap, 0.5 km below CHIP acclimation pond",SCREWT,Screw Trap,535,1
3D9.1C2E0BC2F9,TLM13270.AAZ,ICL - Lower Icicle Instream Array,7/27/2014 9:52:48 PM,9/22/2015 2:18:58 AM,INSTREAM ARRAY,Downstream Array,9/27/2013,7,Bull Trout,R,Resident,W,Wild Fish or Natural Production,"CHIWAT - Chiwawa River Trap, 0.5 km below CHIP acclimation pond",SCREWT,Screw Trap,222,1
3D9.1C2E0BC2F9,TLM13270.AAZ,TUF - Tumwater Dam Adult Fishway,6/15/2015 4:28:05 PM,6/24/2015 2:56:01 PM,WEIR 14,WEIR 14,9/27/2013,7,Bull Trout,R,Resident,W,Wild Fish or Natural Production,"CHIWAT - Chiwawa River Trap, 0.5 km below CHIP acclimation pond",SCREWT,Screw Trap,222,1
3D9.1C2E0BC33A,CGS14153.TW1,"GLC - Gold Creek, Methow River",7/19/2014 1:37:11 AM,7/20/2014 11:10:43 AM,UPPER IN-STREAM ARRAY,LOWER IN-STREAM ARRAY,7/13/2014,7,Bull Trout,R,Resident,W,Wild Fish or Natural Production,TWISPW - Twisp River Weir (WDFW),WTRAP,Weir Trap,630,1
3D9.1C2E0BC35B,TLM13199.AAZ,CHL - Lower Chiwawa River,9/21/2016 9:47:18 PM,9/28/2018 12:20:53 AM,LOWER IN-STREAM ARRAY,UPPER IN-STREAM ARRAY,7/18/2013,7,Bull Trout,R,Resident,W,Wild Fish or Natural Production,"CHIWAT - Chiwawa River Trap, 0.5 km below CHIP acclimation pond",SCREWT,Screw Trap,214,1
3D9.1C2E0BC35B,TLM13199.AAZ,CHU - Upper Chiwawa River,9/26/2017 4:08:24 AM,9/27/2018 12:06:49 AM,UPPER IN-STREAM ARRAY,LOWER IN-STREAM ARRAY,7/18/2013,7,Bull Trout,R,Resident,W,Wild Fish or Natural Production,"CHIWAT - Chiwawa River Trap, 0.5 km below CHIP acclimation pond",SCREWT,Screw Trap,214,1
3D9.1C2E0BC35B,TLM13199.AAZ,NAL - Lower Nason Creek,3/24/2017 11:30:53 PM,3/24/2017 11:30:53 PM,LOWER IN-STREAM ARRAY,LOWER IN-STREAM ARRAY,7/18/2013,7,Bull Trout,R,Resident,W,Wild Fish or Natural Production,"CHIWAT - Chiwawa River Trap, 0.5 km below CHIP acclimation pond",SCREWT,Screw Trap,214,1
3D9.1C2E0BC35B,TLM13199.AAZ,UWE - Upper Wenatchee River,9/22/2016 12:19:15 AM,9/24/2019 1:46:32 AM,IN-STREAM ARRAY,IN-STREAM ARRAY,7/18/2013,7,Bull Trout,R,Resident,W,Wild Fish or Natural Production,"CHIWAT - Chiwawa River Trap, 0.5 km below CHIP acclimation pond",SCREWT,Screw Trap,214,1
3D9.1C2E0BC39B,CGS14153.TW1,TWR - Lwr Twisp Rvr near MSRF Ponds,7/12/2014 9:48:28 PM,11/13/2015 10:30:24 PM,LOWER IN-STREAM ARRAY,UPPER IN-STREAM ARRAY,7/2/2014,7,Bull Trout,R,Resident,W,Wild Fish or Natural Production,TWISPW - Twisp River Weir (WDFW),WTRAP,Weir Trap,550,1
3D9.1C2E0BC3AB,CFM12212.CHI,CCT - Chikamin Creek Temporary Array,10/2/2012 4:25:16 AM,9/30/2013 6:25:23 AM,Instream Array,Instream Array,8/1/2012,7,Bull Trout,R,Resident,W,Wild Fish or Natural Production,CHIWAR - Chiwawa River,WTRAP,Weir Trap,NA,1
3D9.1C2E0BC3AB,CFM12212.CHI,CHL - Lower Chiwawa River,10/3/2012 3:56:02 AM,7/20/2013 9:54:09 PM,UPPER IN-STREAM ARRAY,UPPER IN-STREAM ARRAY,8/1/2012,7,Bull Trout,R,Resident,W,Wild Fish or Natural Production,CHIWAR - Chiwawa River,WTRAP,Weir Trap,NA,1
3D9.1C2E0BC3AB,CFM12212.CHI,CHU - Upper Chiwawa River,8/1/2012 8:47:20 PM,7/29/2013 10:10:19 PM,UPPER IN-STREAM ARRAY,LOWER IN-STREAM ARRAY,8/1/2012,7,Bull Trout,R,Resident,W,Wild Fish or Natural Production,CHIWAR - Chiwawa River,WTRAP,Weir Trap,NA,1
3D9.1C2E0BC420,NBD14269.AAZ,CHL - Lower Chiwawa River,9/26/2014 12:05:02 PM,9/26/2014 1:36:50 PM,LOWER IN-STREAM ARRAY,UPPER IN-STREAM ARRAY,9/26/2014,7,Bull Trout,R,Resident,W,Wild Fish or Natural Production,"CHIWAT - Chiwawa River Trap, 0.5 km below CHIP acclimation pond",SCREWT,Screw Trap,298,1
3D9.1C2E0BC530,CFM12212.CHI,CHL - Lower Chiwawa River,10/2/2012 7:21:52 PM,7/9/2013 2:28:30 AM,LOWER IN-STREAM ARRAY,UPPER IN-STREAM ARRAY,7/30/2012,7,Bull Trout,R,Resident,W,Wild Fish or Natural Production,CHIWAR - Chiwawa River,WTRAP,Weir Trap,NA,1
3D9.1C2E0BC530,CFM12212.CHI,CHU - Upper Chiwawa River,10/1/2012 9:53:32 PM,10/1/2012 9:53:32 PM,UPPER IN-STREAM ARRAY,UPPER IN-STREAM ARRAY,7/30/2012,7,Bull Trout,R,Resident,W,Wild Fish or Natural Production,CHIWAR - Chiwawa River,WTRAP,Weir Trap,NA,1
3D9.1C2E0BC561,CFM-2013-060-TUM.xml,CHW - Chiwaukum Creek,7/11/2013 8:08:05 AM,7/11/2013 8:08:26 AM,DOWNSTREAM ARRAY,UPSTREAM ARRAY,6/29/2013,7,Bull Trout,R,Resident,W,Wild Fish or Natural Production,TUMFBY - TUM - Release into the Forebay within 0.5 km upstream of Dam,LADDER,Adult Passage Ladder,NA,1
3D9.1C2E0BC5C9,CGS-2023-271-MTT.xml,TWR - Lwr Twisp Rvr near MSRF Ponds,6/24/2024 3:05:03 AM,6/24/2024 3:05:03 AM,UPPER IN-STREAM ARRAY,UPPER IN-STREAM ARRAY,9/29/2023,7,Bull Trout,R,Resident,W,Wild Fish or Natural Production,METHR - Methow River,HOOK,Hook and Line,425,1
3D9.1C2E0BC5D2,NBD14273.AAZ,CHL - Lower Chiwawa River,10/6/2014 11:26:40 PM,10/11/2014 7:50:55 PM,LOWER IN-STREAM ARRAY,LOWER IN-STREAM ARRAY,9/30/2014,7,Bull Trout,R,Resident,W,Wild Fish or Natural Production,"CHIWAT - Chiwawa River Trap, 0.5 km below CHIP acclimation pond",SCREWT,Screw Trap,221,1
3D9.1C2E0BC5D2,NBD14273.AAZ,UWE - Upper Wenatchee River,10/12/2014 9:48:42 PM,10/12/2014 9:48:42 PM,IN-STREAM ARRAY,IN-STREAM ARRAY,9/30/2014,7,Bull Trout,R,Resident,W,Wild Fish or Natural Production,"CHIWAT - Chiwawa River Trap, 0.5 km below CHIP acclimation pond",SCREWT,Screw Trap,221,1
3D9.1C2E0BC678,CFM-2013-060-TUM.xml,NAL - Lower Nason Creek,7/15/2013 12:50:45 AM,7/15/2013 12:51:09 AM,LOWER IN-STREAM ARRAY,UPPER IN-STREAM ARRAY,7/2/2013,7,Bull Trout,R,Resident,W,Wild Fish or Natural Production,TUMFBY - TUM - Release into the Forebay within 0.5 km upstream of Dam,LADDER,Adult Passage Ladder,NA,1
3D9.1C2E0BCABE,NBD-2014-085-TUM.json,TUF - Tumwater Dam Adult Fishway,7/8/2014 2:21:41 PM,7/19/2014 8:14:13 AM,WEIR 14,WEIR 17,7/3/2014,7,Bull Trout,R,Resident,W,Wild Fish or Natural Production,TUMFBY - TUM - Release into the Forebay within 0.5 km upstream of Dam,LADDER,Adult Passage Ladder,NA,1
3D9.1C2E0BCBCB,CFM-2013-060-TUM.xml,CHW - Chiwaukum Creek,7/9/2013 2:31:32 AM,7/7/2014 6:06:37 AM,DOWNSTREAM ARRAY,UPSTREAM ARRAY,6/24/2013,7,Bull Trout,R,Resident,W,Wild Fish or Natural Production,TUMFBY - TUM - Release into the Forebay within 0.5 km upstream of Dam,LADDER,Adult Passage Ladder,NA,1
3D9.1C2E0BCBCB,CFM-2013-060-TUM.xml,MWE - Middle Wenatchee River,6/25/2013 3:29:20 AM,6/25/2013 3:29:20 AM,IN-STREAM ARRAY,IN-STREAM ARRAY,6/24/2013,7,Bull Trout,R,Resident,W,Wild Fish or Natural Production,TUMFBY - TUM - Release into the Forebay within 0.5 km upstream of Dam,LADDER,Adult Passage Ladder,NA,1
3D9.1C2E0BCBCC,CFM-2013-060-TUM.xml,CHW - Chiwaukum Creek,7/14/2013 5:50:36 AM,7/14/2013 5:50:40 AM,DOWNSTREAM ARRAY,UPSTREAM ARRAY,7/5/2013,7,Bull Trout,R,Resident,W,Wild Fish or Natural Production,TUMFBY - TUM - Release into the Forebay within 0.5 km upstream of Dam,LADDER,Adult Passage Ladder,NA,1
3D9.1C2E0BCBD9,TLM13283.AAZ,CHL - Lower Chiwawa River,10/10/2013 11:17:10 AM,10/10/2013 11:27:49 AM,LOWER IN-STREAM ARRAY,UPPER IN-STREAM ARRAY,10/10/2013,7,Bull Trout,R,Resident,W,Wild Fish or Natural Production,"CHIWAT - Chiwawa River Trap, 0.5 km below CHIP acclimation pond",SCREWT,Screw Trap,254,1
3D9.1C2E0BCBF5,CFM-2013-060-TUM.xml,CHW - Chiwaukum Creek,7/18/2013 3:30:47 AM,7/18/2013 3:31:15 AM,DOWNSTREAM ARRAY,UPSTREAM ARRAY,7/3/2013,7,Bull Trout,R,Resident,W,Wild Fish or Natural Production,TUMFBY - TUM - Release into the Forebay within 0.5 km upstream of Dam,LADDER,Adult Passage Ladder,NA,1
3D9.1C2E0BCCAC,TLM13256.AAZ,CHL - Lower Chiwawa River,9/16/2013 9:14:36 PM,9/17/2013 3:45:28 PM,LOWER IN-STREAM ARRAY,LOWER IN-STREAM ARRAY,9/13/2013,7,Bull Trout,R,Resident,W,Wild Fish or Natural Production,"CHIWAT - Chiwawa River Trap, 0.5 km below CHIP acclimation pond",SCREWT,Screw Trap,540,1
3D9.1C2E0BCD67,CFM12212.CHI,CHL - Lower Chiwawa River,9/25/2012 2:32:14 AM,9/27/2015 7:31:38 PM,LOWER IN-STREAM ARRAY,LOWER IN-STREAM ARRAY,7/31/2012,7,Bull Trout,R,Resident,W,Wild Fish or Natural Production,CHIWAR - Chiwawa River,WTRAP,Weir Trap,NA,1
3D9.1C2E0BCD67,CFM12212.CHI,CHU - Upper Chiwawa River,7/31/2012 11:26:14 PM,9/27/2015 2:36:59 AM,UPPER IN-STREAM ARRAY,LOWER IN-STREAM ARRAY,7/31/2012,7,Bull Trout,R,Resident,W,Wild Fish or Natural Production,CHIWAR - Chiwawa River,WTRAP,Weir Trap,NA,1
3D9.1C2E0BCD67,CFM12212.CHI,UWE - Upper Wenatchee River,9/22/2014 10:51:55 PM,12/7/2015 1:45:39 PM,IN-STREAM ARRAY,IN-STREAM ARRAY,7/31/2012,7,Bull Trout,R,Resident,W,Wild Fish or Natural Production,CHIWAR - Chiwawa River,WTRAP,Weir Trap,NA,1
3D9.1C2E0BCE1E,CFM-2013-060-TUM.xml,CHW - Chiwaukum Creek,7/14/2013 11:59:12 PM,9/23/2013 11:07:06 PM,DOWNSTREAM ARRAY,DOWNSTREAM ARRAY,6/29/2013,7,Bull Trout,R,Resident,W,Wild Fish or Natural Production,TUMFBY - TUM - Release into the Forebay within 0.5 km upstream of Dam,LADDER,Adult Passage Ladder,NA,1
3D9.1C2E0BCE1E,CFM-2013-060-TUM.xml,TUF - Tumwater Dam Adult Fishway,7/5/2013 8:49:17 PM,7/16/2014 9:46:24 AM,WEIR 14,WEIR 17,6/29/2013,7,Bull Trout,R,Resident,W,Wild Fish or Natural Production,TUMFBY - TUM - Release into the Forebay within 0.5 km upstream of Dam,LADDER,Adult Passage Ladder,NA,1
3D9.1C2E0BCE33,CFM12212.CHI,CHL - Lower Chiwawa River,10/6/2012 4:08:22 AM,8/1/2013 1:44:23 AM,UPPER IN-STREAM ARRAY,UPPER IN-STREAM ARRAY,8/2/2012,7,Bull Trout,R,Resident,W,Wild Fish or Natural Production,CHIWAR - Chiwawa River,WTRAP,Weir Trap,NA,1
3D9.1C2E0BCE33,CFM12212.CHI,CHU - Upper Chiwawa River,8/13/2012 8:41:25 PM,8/3/2013 10:44:59 PM,LOWER IN-STREAM ARRAY,UPPER IN-STREAM ARRAY,8/2/2012,7,Bull Trout,R,Resident,W,Wild Fish or Natural Production,CHIWAR - Chiwawa River,WTRAP,Weir Trap,NA,1
3D9.1C2E0BCE56,CGS14153.TW1,LMR - Lower Methow River at Pateros,5/28/2015 6:28:55 AM,5/28/2015 6:28:55 AM,DOWNSTREAM FULL-WIDTH ARRAY,DOWNSTREAM FULL-WIDTH ARRAY,7/6/2014,7,Bull Trout,R,Resident,W,Wild Fish or Natural Production,TWISPW - Twisp River Weir (WDFW),WTRAP,Weir Trap,560,1
3D9.1C2E0BCE56,CGS14153.TW1,TWR - Lwr Twisp Rvr near MSRF Ponds,10/19/2014 1:34:32 AM,10/19/2014 1:36:09 AM,UPPER IN-STREAM ARRAY,LOWER IN-STREAM ARRAY,7/6/2014,7,Bull Trout,R,Resident,W,Wild Fish or Natural Production,TWISPW - Twisp River Weir (WDFW),WTRAP,Weir Trap,560,1
3D9.1C2E0BCEA7,TLM12275.AAZ,CHL - Lower Chiwawa River,10/9/2012 1:30:26 PM,10/13/2012 10:27:41 PM,LOWER IN-STREAM ARRAY,LOWER IN-STREAM ARRAY,10/9/2012,7,Bull Trout,R,Resident,W,Wild Fish or Natural Production,"CHIWAT - Chiwawa River Trap, 0.5 km below CHIP acclimation pond",SCREWT,Screw Trap,195,1
3D9.1C2E0BCEF4,TLM12165.AAZ,CHL - Lower Chiwawa River,6/15/2015 9:22:07 PM,6/15/2015 9:22:07 PM,UPPER IN-STREAM ARRAY,UPPER IN-STREAM ARRAY,6/13/2012,7,Bull Trout,R,Resident,W,Wild Fish or Natural Production,"CHIWAT - Chiwawa River Trap, 0.5 km below CHIP acclimation pond",SCREWT,Screw Trap,134,1
3D9.1C2E0BCEF4,TLM12165.AAZ,UWE - Upper Wenatchee River,7/29/2014 1:41:29 AM,4/18/2015 9:00:12 PM,IN-STREAM ARRAY,IN-STREAM ARRAY,6/13/2012,7,Bull Trout,R,Resident,W,Wild Fish or Natural Production,"CHIWAT - Chiwawa River Trap, 0.5 km below CHIP acclimation pond",SCREWT,Screw Trap,134,1
3D9.1C2E0BCF32,CFM-2013-060-TUM.xml,CHW - Chiwaukum Creek,7/10/2013 11:50:59 PM,7/15/2014 3:08:04 AM,DOWNSTREAM ARRAY,UPSTREAM ARRAY,6/29/2013,7,Bull Trout,R,Resident,W,Wild Fish or Natural Production,TUMFBY - TUM - Release into the Forebay within 0.5 km upstream of Dam,LADDER,Adult Passage Ladder,NA,1
3D9.1C2E0BCF32,CFM-2013-060-TUM.xml,ICL - Lower Icicle Instream Array,9/14/2013 1:10:12 AM,9/15/2013 9:00:08 PM,INSTREAM ARRAY,INSTREAM ARRAY,6/29/2013,7,Bull Trout,R,Resident,W,Wild Fish or Natural Production,TUMFBY - TUM - Release into the Forebay within 0.5 km upstream of Dam,LADDER,Adult Passage Ladder,NA,1
3D9.1C2E0BCF32,CFM-2013-060-TUM.xml,TUF - Tumwater Dam Adult Fishway,7/7/2014 11:14:18 AM,7/8/2014 9:13:30 PM,WEIR 14,WEIR 17,6/29/2013,7,Bull Trout,R,Resident,W,Wild Fish or Natural Production,TUMFBY - TUM - Release into the Forebay within 0.5 km upstream of Dam,LADDER,Adult Passage Ladder,NA,1
3D9.1C2E0BCF3C,CGS14153.TW1,MRC - Methow River at Carlton,7/2/2017 2:59:35 AM,7/2/2017 2:59:35 AM,Single Array,Single Array,7/8/2014,7,Bull Trout,R,Resident,W,Wild Fish or Natural Production,TWISPW - Twisp River Weir (WDFW),WTRAP,Weir Trap,450,1
3D9.1C2E0BCF3C,CGS14153.TW1,TWR - Lwr Twisp Rvr near MSRF Ponds,10/17/2014 1:01:20 AM,10/24/2017 8:37:59 PM,UPPER IN-STREAM ARRAY,LOWER IN-STREAM ARRAY,7/8/2014,7,Bull Trout,R,Resident,W,Wild Fish or Natural Production,TWISPW - Twisp River Weir (WDFW),WTRAP,Weir Trap,450,1
3D9.1C2E0BCF3C,CGS14153.TW1,"WEA - Wells Dam, DCPUD Adult Ladders",4/13/2016 10:08:29 AM,7/8/2018 1:47:13 PM,Left Ladder Pool 19,Left Ladder Pool 68,7/8/2014,7,Bull Trout,R,Resident,W,Wild Fish or Natural Production,TWISPW - Twisp River Weir (WDFW),WTRAP,Weir Trap,450,1
3D9.1C2E0BCF7E,TLM12325.AAA,CHL - Lower Chiwawa River,9/23/2018 12:55:14 AM,9/23/2018 12:55:14 AM,UPPER IN-STREAM ARRAY,UPPER IN-STREAM ARRAY,11/21/2012,7,Bull Trout,R,Resident,W,Wild Fish or Natural Production,CHIWAR - Chiwawa River,SCREWT,Screw Trap,181,1
3D9.1C2E0BCF7E,TLM12325.AAA,CHU - Upper Chiwawa River,9/22/2018 8:52:30 PM,7/12/2021 3:46:55 AM,UPPER IN-STREAM ARRAY,LOWER IN-STREAM ARRAY,11/21/2012,7,Bull Trout,R,Resident,W,Wild Fish or Natural Production,CHIWAR - Chiwawa River,SCREWT,Screw Trap,181,1
3D9.1C2E0BCF7E,TLM12325.AAA,UWE - Upper Wenatchee River,11/22/2012 5:15:32 PM,9/22/2019 2:06:42 AM,IN-STREAM ARRAY,IN-STREAM ARRAY,11/21/2012,7,Bull Trout,R,Resident,W,Wild Fish or Natural Production,CHIWAR - Chiwawa River,SCREWT,Screw Trap,181,1
3D9.1C2E0BCF8C,TLM12275.AAZ,UWE - Upper Wenatchee River,10/20/2012 6:52:31 PM,10/20/2012 6:52:31 PM,IN-STREAM ARRAY,IN-STREAM ARRAY,10/16/2012,7,Bull Trout,R,Resident,W,Wild Fish or Natural Production,"CHIWAT - Chiwawa River Trap, 0.5 km below CHIP acclimation pond",SCREWT,Screw Trap,202,1
3D9.1C2E0BCF91,CFM-2013-060-TUM.xml,CHW - Chiwaukum Creek,7/8/2013 5:20:52 AM,7/8/2013 5:21:04 AM,DOWNSTREAM ARRAY,UPSTREAM ARRAY,6/25/2013,7,Bull Trout,R,Resident,W,Wild Fish or Natural Production,TUMFBY - TUM - Release into the Forebay within 0.5 km upstream of Dam,LADDER,Adult Passage Ladder,NA,1
3D9.1C2E0BCF99,NBD14265.AAZ,UWE - Upper Wenatchee River,9/23/2014 2:57:17 AM,7/7/2017 2:39:31 AM,IN-STREAM ARRAY,IN-STREAM ARRAY,9/22/2014,7,Bull Trout,R,Resident,W,Wild Fish or Natural Production,"CHIWAT - Chiwawa River Trap, 0.5 km below CHIP acclimation pond",SCREWT,Screw Trap,257,1
3D9.1C2E0BCF99,NBD14265.AAZ,"WTL - White River, Wenatchee Basin",7/26/2016 7:01:10 AM,7/26/2016 1:03:05 PM,LOWER IN-STREAM ARRAY,LOWER IN-STREAM ARRAY,9/22/2014,7,Bull Trout,R,Resident,W,Wild Fish or Natural Production,"CHIWAT - Chiwawa River Trap, 0.5 km below CHIP acclimation pond",SCREWT,Screw Trap,257,1
3D9.1C2E0BCFF9,CFM12212.CHI,CHL - Lower Chiwawa River,9/22/2012 2:48:40 AM,9/22/2012 2:48:40 AM,UPPER IN-STREAM ARRAY,UPPER IN-STREAM ARRAY,8/2/2012,7,Bull Trout,R,Resident,W,Wild Fish or Natural Production,CHIWAR - Chiwawa River,WTRAP,Weir Trap,NA,1
3D9.1C2E0BCFF9,CFM12212.CHI,CHU - Upper Chiwawa River,8/11/2012 10:45:54 PM,9/21/2012 10:52:33 PM,LOWER IN-STREAM ARRAY,UPPER IN-STREAM ARRAY,8/2/2012,7,Bull Trout,R,Resident,W,Wild Fish or Natural Production,CHIWAR - Chiwawa River,WTRAP,Weir Trap,NA,1
3D9.1C2E0BCFF9,CFM12212.CHI,NAL - Lower Nason Creek,7/19/2013 4:08:38 AM,7/19/2013 10:47:23 PM,UPPER IN-STREAM ARRAY,UPPER IN-STREAM ARRAY,8/2/2012,7,Bull Trout,R,Resident,W,Wild Fish or Natural Production,CHIWAR - Chiwawa River,WTRAP,Weir Trap,NA,1
3D9.1C2E0BCFF9,CFM12212.CHI,UWE - Upper Wenatchee River,7/18/2013 4:33:29 AM,7/18/2013 4:33:29 AM,IN-STREAM ARRAY,IN-STREAM ARRAY,8/2/2012,7,Bull Trout,R,Resident,W,Wild Fish or Natural Production,CHIWAR - Chiwawa River,WTRAP,Weir Trap,NA,1
3D9.1C2E0BD019,NBD14269.AAZ,UWE - Upper Wenatchee River,9/26/2014 11:22:21 PM,9/26/2014 11:22:21 PM,IN-STREAM ARRAY,IN-STREAM ARRAY,9/26/2014,7,Bull Trout,R,Resident,W,Wild Fish or Natural Production,"CHIWAT - Chiwawa River Trap, 0.5 km below CHIP acclimation pond",SCREWT,Screw Trap,232,1
3D9.1C2E0BD036,CFM-2013-060-TUM.xml,CHL - Lower Chiwawa River,9/26/2014 2:26:18 AM,9/26/2014 2:26:18 AM,LOWER IN-STREAM ARRAY,LOWER IN-STREAM ARRAY,7/3/2013,7,Bull Trout,R,Resident,W,Wild Fish or Natural Production,TUMFBY - TUM - Release into the Forebay within 0.5 km upstream of Dam,LADDER,Adult Passage Ladder,NA,1
3D9.1C2E0BD036,CFM-2013-060-TUM.xml,TUF - Tumwater Dam Adult Fishway,7/12/2013 4:55:22 AM,7/12/2013 5:10:37 AM,WEIR 14,WEIR 17,7/3/2013,7,Bull Trout,R,Resident,W,Wild Fish or Natural Production,TUMFBY - TUM - Release into the Forebay within 0.5 km upstream of Dam,LADDER,Adult Passage Ladder,NA,1
3D9.1C2E0BD036,CFM-2013-060-TUM.xml,UWE - Upper Wenatchee River,7/23/2013 1:27:08 AM,9/26/2014 7:11:13 PM,IN-STREAM ARRAY,IN-STREAM ARRAY,7/3/2013,7,Bull Trout,R,Resident,W,Wild Fish or Natural Production,TUMFBY - TUM - Release into the Forebay within 0.5 km upstream of Dam,LADDER,Adult Passage Ladder,NA,1
3D9.1C2E0BD0A0,CFM12212.CHI,CHL - Lower Chiwawa River,9/24/2012 7:48:33 PM,9/25/2012 10:44:08 PM,LOWER IN-STREAM ARRAY,LOWER IN-STREAM ARRAY,8/1/2012,7,Bull Trout,R,Resident,W,Wild Fish or Natural Production,CHIWAR - Chiwawa River,WTRAP,Weir Trap,NA,1
3D9.1C2E0BD0A0,CFM12212.CHI,CHU - Upper Chiwawa River,9/23/2012 4:28:50 AM,9/23/2012 4:28:50 AM,LOWER IN-STREAM ARRAY,LOWER IN-STREAM ARRAY,8/1/2012,7,Bull Trout,R,Resident,W,Wild Fish or Natural Production,CHIWAR - Chiwawa River,WTRAP,Weir Trap,NA,1
3D9.1C2E0BD0B6,TLM13276.AAZ,CHL - Lower Chiwawa River,9/22/2016 8:55:04 PM,9/22/2016 8:55:04 PM,LOWER IN-STREAM ARRAY,LOWER IN-STREAM ARRAY,10/3/2013,7,Bull Trout,R,Resident,W,Wild Fish or Natural Production,"CHIWAT - Chiwawa River Trap, 0.5 km below CHIP acclimation pond",SCREWT,Screw Trap,274,1
3D9.1C2E0BD0B6,TLM13276.AAZ,CHU - Upper Chiwawa River,7/4/2016 3:16:53 AM,9/22/2016 4:04:30 AM,LOWER IN-STREAM ARRAY,LOWER IN-STREAM ARRAY,10/3/2013,7,Bull Trout,R,Resident,W,Wild Fish or Natural Production,"CHIWAT - Chiwawa River Trap, 0.5 km below CHIP acclimation pond",SCREWT,Screw Trap,274,1
3D9.1C2E0BD0B6,TLM13276.AAZ,UWE - Upper Wenatchee River,9/23/2016 12:03:35 AM,9/23/2016 12:03:35 AM,IN-STREAM ARRAY,IN-STREAM ARRAY,10/3/2013,7,Bull Trout,R,Resident,W,Wild Fish or Natural Production,"CHIWAT - Chiwawa River Trap, 0.5 km below CHIP acclimation pond",SCREWT,Screw Trap,274,1
3D9.1C2E0BD0B9,CGS-2017-272-MBL.xml,MWF - Whitefish SC in Methow River,4/26/2018 1:12:53 AM,4/26/2018 2:54:15 AM,Upper Site - Upper Array,Upper Site - Upper Array,9/29/2017,7,Bull Trout,R,Resident,W,Wild Fish or Natural Production,"LOSTR - Lost River, Methow River Basin",DIPNET,Dip Net,239,1
3D9.1C2E0BD0C8,TLM12282.AAZ,CHL - Lower Chiwawa River,10/12/2012 12:08:55 AM,10/12/2012 12:08:55 AM,UPPER IN-STREAM ARRAY,UPPER IN-STREAM ARRAY,10/8/2012,7,Bull Trout,R,Resident,W,Wild Fish or Natural Production,"CHIWAT - Chiwawa River Trap, 0.5 km below CHIP acclimation pond",SCREWT,Screw Trap,212,1
3D9.1C2E0BD0E3,TLM13259.AAZ,UWE - Upper Wenatchee River,3/17/2014 10:12:47 PM,3/17/2014 10:12:47 PM,IN-STREAM ARRAY,IN-STREAM ARRAY,9/16/2013,7,Bull Trout,R,Resident,W,Wild Fish or Natural Production,"CHIWAT - Chiwawa River Trap, 0.5 km below CHIP acclimation pond",SCREWT,Screw Trap,450,1
3D9.1C2E0BD0EC,TLM12303.AAZ,CHL - Lower Chiwawa River,8/6/2015 11:27:19 PM,10/1/2015 10:25:43 PM,LOWER IN-STREAM ARRAY,LOWER IN-STREAM ARRAY,10/29/2012,7,Bull Trout,R,Resident,W,Wild Fish or Natural Production,"CHIWAT - Chiwawa River Trap, 0.5 km below CHIP acclimation pond",SCREWT,Screw Trap,200,1
3D9.1C2E0BD0EC,TLM12303.AAZ,CHU - Upper Chiwawa River,8/8/2015 2:51:30 AM,10/1/2015 2:25:31 AM,LOWER IN-STREAM ARRAY,LOWER IN-STREAM ARRAY,10/29/2012,7,Bull Trout,R,Resident,W,Wild Fish or Natural Production,"CHIWAT - Chiwawa River Trap, 0.5 km below CHIP acclimation pond",SCREWT,Screw Trap,200,1
3D9.1C2E0BD0EC,TLM12303.AAZ,UWE - Upper Wenatchee River,10/31/2012 7:58:05 AM,10/2/2015 1:57:03 AM,IN-STREAM ARRAY,IN-STREAM ARRAY,10/29/2012,7,Bull Trout,R,Resident,W,Wild Fish or Natural Production,"CHIWAT - Chiwawa River Trap, 0.5 km below CHIP acclimation pond",SCREWT,Screw Trap,200,1
3D9.1C2E0BD0EC,TLM12303.AAZ,"WTL - White River, Wenatchee Basin",7/26/2015 7:46:03 PM,8/1/2015 11:30:55 PM,LOWER IN-STREAM ARRAY,LOWER IN-STREAM ARRAY,10/29/2012,7,Bull Trout,R,Resident,W,Wild Fish or Natural Production,"CHIWAT - Chiwawa River Trap, 0.5 km below CHIP acclimation pond",SCREWT,Screw Trap,200,1
3D9.1C2E0BD111,CFM-2013-060-TUM.xml,CHW - Chiwaukum Creek,7/9/2013 1:17:09 AM,7/9/2013 1:18:23 AM,DOWNSTREAM ARRAY,UPSTREAM ARRAY,6/29/2013,7,Bull Trout,R,Resident,W,Wild Fish or Natural Production,TUMFBY - TUM - Release into the Forebay within 0.5 km upstream of Dam,LADDER,Adult Passage Ladder,NA,1
3D9.1C2E0BD116,CGS14153.TW1,MRC - Methow River at Carlton,6/14/2016 9:30:34 PM,6/14/2016 9:30:34 PM,Single Array,Single Array,7/9/2014,7,Bull Trout,R,Resident,W,Wild Fish or Natural Production,TWISPW - Twisp River Weir (WDFW),WTRAP,Weir Trap,490,1
3D9.1C2E0BD116,CGS14153.TW1,TWR - Lwr Twisp Rvr near MSRF Ponds,10/23/2014 11:24:03 PM,6/20/2016 3:05:14 AM,LOWER IN-STREAM ARRAY,UPPER IN-STREAM ARRAY,7/9/2014,7,Bull Trout,R,Resident,W,Wild Fish or Natural Production,TWISPW - Twisp River Weir (WDFW),WTRAP,Weir Trap,490,1
3D9.1C2E0BD127,CGS12160.TW2,TWR - Lwr Twisp Rvr near MSRF Ponds,10/22/2012 9:21:05 PM,6/14/2016 1:59:00 AM,LOWER IN-STREAM ARRAY,UPPER IN-STREAM ARRAY,7/8/2012,7,Bull Trout,R,Resident,W,Wild Fish or Natural Production,TWISPW - Twisp River Weir (WDFW),WTRAP,Weir Trap,490,1
3D9.1C2E0BD13F,NBD14271.AAZ,CHL - Lower Chiwawa River,9/28/2014 8:01:46 PM,9/26/2017 7:00:31 PM,LOWER IN-STREAM ARRAY,LOWER IN-STREAM ARRAY,9/28/2014,7,Bull Trout,R,Resident,W,Wild Fish or Natural Production,"CHIWAT - Chiwawa River Trap, 0.5 km below CHIP acclimation pond",SCREWT,Screw Trap,246,1
3D9.1C2E0BD13F,NBD14271.AAZ,CHU - Upper Chiwawa River,9/10/2016 3:07:44 AM,9/25/2017 11:20:20 PM,LOWER IN-STREAM ARRAY,UPPER IN-STREAM ARRAY,9/28/2014,7,Bull Trout,R,Resident,W,Wild Fish or Natural Production,"CHIWAT - Chiwawa River Trap, 0.5 km below CHIP acclimation pond",SCREWT,Screw Trap,246,1
3D9.1C2E0BD13F,NBD14271.AAZ,UWE - Upper Wenatchee River,10/3/2014 7:43:05 PM,9/26/2017 9:30:41 PM,IN-STREAM ARRAY,IN-STREAM ARRAY,9/28/2014,7,Bull Trout,R,Resident,W,Wild Fish or Natural Production,"CHIWAT - Chiwawa River Trap, 0.5 km below CHIP acclimation pond",SCREWT,Screw Trap,246,1
3D9.1C2E0BD13F,NBD14271.AAZ,"WTL - White River, Wenatchee Basin",7/12/2015 7:16:46 PM,8/13/2015 9:05:57 PM,LOWER IN-STREAM ARRAY,LOWER IN-STREAM ARRAY,9/28/2014,7,Bull Trout,R,Resident,W,Wild Fish or Natural Production,"CHIWAT - Chiwawa River Trap, 0.5 km below CHIP acclimation pond",SCREWT,Screw Trap,246,1
3D9.1C2E0BD146,CFM12212.CHI,CHL - Lower Chiwawa River,10/11/2012 3:08:50 AM,10/11/2012 3:09:07 AM,UPPER IN-STREAM ARRAY,LOWER IN-STREAM ARRAY,8/2/2012,7,Bull Trout,R,Resident,W,Wild Fish or Natural Production,CHIWAR - Chiwawa River,WTRAP,Weir Trap,NA,1
3D9.1C2E0BD146,CFM12212.CHI,CHU - Upper Chiwawa River,8/8/2012 4:08:39 AM,10/10/2012 10:30:48 PM,LOWER IN-STREAM ARRAY,UPPER IN-STREAM ARRAY,8/2/2012,7,Bull Trout,R,Resident,W,Wild Fish or Natural Production,CHIWAR - Chiwawa River,WTRAP,Weir Trap,NA,1
3D9.1C2E0BD146,CFM12212.CHI,NAL - Lower Nason Creek,7/27/2013 3:44:33 AM,7/27/2013 10:25:15 AM,UPPER IN-STREAM ARRAY,UPPER IN-STREAM ARRAY,8/2/2012,7,Bull Trout,R,Resident,W,Wild Fish or Natural Production,CHIWAR - Chiwawa River,WTRAP,Weir Trap,NA,1
3D9.1C2E0BD147,CFM-2013-060-TUM.xml,CHW - Chiwaukum Creek,7/8/2013 2:19:07 AM,7/8/2013 2:19:59 AM,DOWNSTREAM ARRAY,UPSTREAM ARRAY,6/25/2013,7,Bull Trout,R,Resident,W,Wild Fish or Natural Production,TUMFBY - TUM - Release into the Forebay within 0.5 km upstream of Dam,LADDER,Adult Passage Ladder,NA,1
3D9.1C2E0BD1F0,CFM-2013-060-TUM.xml,CHW - Chiwaukum Creek,7/8/2013 3:56:11 AM,9/15/2013 2:13:23 AM,DOWNSTREAM ARRAY,DOWNSTREAM ARRAY,6/17/2013,7,Bull Trout,R,Resident,W,Wild Fish or Natural Production,TUMFBY - TUM - Release into the Forebay within 0.5 km upstream of Dam,LADDER,Adult Passage Ladder,NA,1
3D9.1C2E0BD1F0,CFM-2013-060-TUM.xml,LWE - Lower Wenatchee River,9/22/2013 8:17:49 AM,9/23/2013 9:30:23 AM,DOWNSTREAM ANTENNA ARRAY,DOWNSTREAM ANTENNA ARRAY,6/17/2013,7,Bull Trout,R,Resident,W,Wild Fish or Natural Production,TUMFBY - TUM - Release into the Forebay within 0.5 km upstream of Dam,LADDER,Adult Passage Ladder,NA,1
3D9.1C2E0BD233,TLM13106.AAZ,UWE - Upper Wenatchee River,4/30/2013 10:39:31 PM,4/30/2013 10:39:31 PM,IN-STREAM ARRAY,IN-STREAM ARRAY,4/13/2013,7,Bull Trout,R,Resident,W,Wild Fish or Natural Production,"CHIWAT - Chiwawa River Trap, 0.5 km below CHIP acclimation pond",SCREWT,Screw Trap,141,1
3D9.1C2E0BD263,CGS-2020-042-HL1.xml,MRC - Methow River at Carlton,6/10/2021 10:34:36 PM,6/10/2021 10:34:36 PM,Single Array,Single Array,3/15/2021,7,Bull Trout,R,Resident,W,Wild Fish or Natural Production,METHR - Methow River,HOOK,Hook and Line,490,1
3D9.1C2E0BD28F,TLM12262.AAZ,CHL - Lower Chiwawa River,9/17/2014 8:48:57 PM,9/19/2016 3:16:47 AM,UPPER IN-STREAM ARRAY,LOWER IN-STREAM ARRAY,9/18/2012,7,Bull Trout,R,Resident,W,Wild Fish or Natural Production,"CHIWAT - Chiwawa River Trap, 0.5 km below CHIP acclimation pond",SCREWT,Screw Trap,480,1
3D9.1C2E0BD28F,TLM12262.AAZ,CHU - Upper Chiwawa River,6/17/2014 3:51:09 AM,9/18/2016 4:12:42 AM,LOWER IN-STREAM ARRAY,LOWER IN-STREAM ARRAY,9/18/2012,7,Bull Trout,R,Resident,W,Wild Fish or Natural Production,"CHIWAT - Chiwawa River Trap, 0.5 km below CHIP acclimation pond",SCREWT,Screw Trap,480,1
3D9.1C2E0BD28F,TLM12262.AAZ,UWE - Upper Wenatchee River,9/16/2015 9:23:35 PM,9/16/2015 9:23:35 PM,IN-STREAM ARRAY,IN-STREAM ARRAY,9/18/2012,7,Bull Trout,R,Resident,W,Wild Fish or Natural Production,"CHIWAT - Chiwawa River Trap, 0.5 km below CHIP acclimation pond",SCREWT,Screw Trap,480,1
3D9.1C2E0BD28F,TLM12262.AAZ,"WTL - White River, Wenatchee Basin",8/18/2017 1:46:27 AM,8/18/2017 1:46:27 AM,LOWER IN-STREAM ARRAY,LOWER IN-STREAM ARRAY,9/18/2012,7,Bull Trout,R,Resident,W,Wild Fish or Natural Production,"CHIWAT - Chiwawa River Trap, 0.5 km below CHIP acclimation pond",SCREWT,Screw Trap,480,1
3D9.1C2E0BD2DE,CGS14153.TW1,TWR - Lwr Twisp Rvr near MSRF Ponds,10/23/2014 11:51:21 PM,10/23/2014 11:51:21 PM,LOWER IN-STREAM ARRAY,LOWER IN-STREAM ARRAY,7/12/2014,7,Bull Trout,R,Resident,W,Wild Fish or Natural Production,TWISPW - Twisp River Weir (WDFW),WTRAP,Weir Trap,430,1
3D9.1C2E0BD2EA,NBD14266.AAZ,CHL - Lower Chiwawa River,9/23/2014 7:04:32 PM,9/24/2015 10:45:32 PM,LOWER IN-STREAM ARRAY,LOWER IN-STREAM ARRAY,9/23/2014,7,Bull Trout,R,Resident,W,Wild Fish or Natural Production,"CHIWAT - Chiwawa River Trap, 0.5 km below CHIP acclimation pond",SCREWT,Screw Trap,680,1
3D9.1C2E0BD2EA,NBD14266.AAZ,CHU - Upper Chiwawa River,9/21/2015 2:09:11 AM,9/21/2015 2:09:11 AM,LOWER IN-STREAM ARRAY,LOWER IN-STREAM ARRAY,9/23/2014,7,Bull Trout,R,Resident,W,Wild Fish or Natural Production,"CHIWAT - Chiwawa River Trap, 0.5 km below CHIP acclimation pond",SCREWT,Screw Trap,680,1
3D9.1C2E0BD2EA,NBD14266.AAZ,NAL - Lower Nason Creek,3/14/2015 6:27:24 AM,3/14/2015 4:28:51 PM,LOWER IN-STREAM ARRAY,UPPER IN-STREAM ARRAY,9/23/2014,7,Bull Trout,R,Resident,W,Wild Fish or Natural Production,"CHIWAT - Chiwawa River Trap, 0.5 km below CHIP acclimation pond",SCREWT,Screw Trap,680,1
3D9.1C2E0BD2EA,NBD14266.AAZ,UWE - Upper Wenatchee River,9/24/2014 3:52:39 AM,9/25/2015 2:31:38 AM,IN-STREAM ARRAY,IN-STREAM ARRAY,9/23/2014,7,Bull Trout,R,Resident,W,Wild Fish or Natural Production,"CHIWAT - Chiwawa River Trap, 0.5 km below CHIP acclimation pond",SCREWT,Screw Trap,680,1
3D9.1C2E0BD352,TLM13206.AAZ,CHL - Lower Chiwawa River,7/25/2013 10:26:44 AM,7/25/2013 10:26:44 AM,UPPER IN-STREAM ARRAY,UPPER IN-STREAM ARRAY,7/25/2013,7,Bull Trout,R,Resident,W,Wild Fish or Natural Production,"CHIWAT - Chiwawa River Trap, 0.5 km below CHIP acclimation pond",SCREWT,Screw Trap,177,1
3D9.1C2E0BD352,TLM13206.AAZ,UWE - Upper Wenatchee River,7/26/2013 5:35:51 AM,7/26/2013 5:35:51 AM,IN-STREAM ARRAY,IN-STREAM ARRAY,7/25/2013,7,Bull Trout,R,Resident,W,Wild Fish or Natural Production,"CHIWAT - Chiwawa River Trap, 0.5 km below CHIP acclimation pond",SCREWT,Screw Trap,177,1
3D9.1C2E0BD356,NBD14263.AAZ,UWE - Upper Wenatchee River,9/23/2014 4:09:02 AM,9/23/2014 4:09:02 AM,IN-STREAM ARRAY,IN-STREAM ARRAY,9/22/2014,7,Bull Trout,R,Resident,W,Wild Fish or Natural Production,"CHIWAT - Chiwawa River Trap, 0.5 km below CHIP acclimation pond",SCREWT,Screw Trap,210,1
3D9.1C2E0BD3DF,TLM12275.AAZ,CHL - Lower Chiwawa River,9/20/2013 8:25:36 PM,9/6/2014 3:08:51 AM,UPPER IN-STREAM ARRAY,LOWER IN-STREAM ARRAY,10/10/2012,7,Bull Trout,R,Resident,W,Wild Fish or Natural Production,"CHIWAT - Chiwawa River Trap, 0.5 km below CHIP acclimation pond",SCREWT,Screw Trap,272,1
3D9.1C2E0BD3DF,TLM12275.AAZ,CHU - Upper Chiwawa River,6/12/2015 10:59:59 PM,6/12/2015 11:02:02 PM,LOWER IN-STREAM ARRAY,UPPER IN-STREAM ARRAY,10/10/2012,7,Bull Trout,R,Resident,W,Wild Fish or Natural Production,"CHIWAT - Chiwawa River Trap, 0.5 km below CHIP acclimation pond",SCREWT,Screw Trap,272,1
3D9.1C2E0BD3DF,TLM12275.AAZ,UWE - Upper Wenatchee River,9/6/2014 8:43:59 PM,9/6/2014 8:43:59 PM,IN-STREAM ARRAY,IN-STREAM ARRAY,10/10/2012,7,Bull Trout,R,Resident,W,Wild Fish or Natural Production,"CHIWAT - Chiwawa River Trap, 0.5 km below CHIP acclimation pond",SCREWT,Screw Trap,272,1
3D9.1C2E0BD446,TLM12282.AAZ,CHL - Lower Chiwawa River,10/8/2012 1:08:22 PM,10/14/2012 7:47:26 PM,LOWER IN-STREAM ARRAY,LOWER IN-STREAM ARRAY,10/8/2012,7,Bull Trout,R,Resident,W,Wild Fish or Natural Production,"CHIWAT - Chiwawa River Trap, 0.5 km below CHIP acclimation pond",SCREWT,Screw Trap,203,1
3D9.1C2E0BD446,TLM12282.AAZ,UWE - Upper Wenatchee River,10/16/2012 10:43:14 AM,10/16/2012 10:43:23 AM,IN-STREAM ARRAY,IN-STREAM ARRAY,10/8/2012,7,Bull Trout,R,Resident,W,Wild Fish or Natural Production,"CHIWAT - Chiwawa River Trap, 0.5 km below CHIP acclimation pond",SCREWT,Screw Trap,203,1
3D9.1C2E0BD473,CGS14153.TW1,TWR - Lwr Twisp Rvr near MSRF Ponds,7/10/2014 10:19:29 PM,7/10/2014 10:19:29 PM,LOWER IN-STREAM ARRAY,LOWER IN-STREAM ARRAY,7/7/2014,7,Bull Trout,R,Resident,W,Wild Fish or Natural Production,TWISPW - Twisp River Weir (WDFW),WTRAP,Weir Trap,620,1
3D9.1C2E0BD47C,NBD-2014-085-TUM.json,CHW - Chiwaukum Creek,9/22/2014 3:41:50 AM,8/30/2015 9:53:42 PM,UPSTREAM ARRAY,UPSTREAM ARRAY,7/7/2014,7,Bull Trout,R,Resident,W,Wild Fish or Natural Production,TUMFBY - TUM - Release into the Forebay within 0.5 km upstream of Dam,LADDER,Adult Passage Ladder,NA,1
3D9.1C2E0BD47C,NBD-2014-085-TUM.json,TUF - Tumwater Dam Adult Fishway,6/9/2015 12:12:33 PM,6/9/2015 3:04:04 PM,WEIR 14,WEIR 17,7/7/2014,7,Bull Trout,R,Resident,W,Wild Fish or Natural Production,TUMFBY - TUM - Release into the Forebay within 0.5 km upstream of Dam,LADDER,Adult Passage Ladder,NA,1
3D9.1C2E0BD966,TLM12319.AAZ,CHL - Lower Chiwawa River,12/2/2012 7:12:45 AM,12/2/2012 7:13:35 AM,UPPER IN-STREAM ARRAY,UPPER IN-STREAM ARRAY,11/14/2012,7,Bull Trout,R,Resident,W,Wild Fish or Natural Production,"CHIWAT - Chiwawa River Trap, 0.5 km below CHIP acclimation pond",SCREWT,Screw Trap,173,1
3D9.1C2E0BD9F6,TLM13185.AAZ,CHL - Lower Chiwawa River,9/27/2016 2:14:21 AM,9/22/2019 8:16:02 PM,LOWER IN-STREAM ARRAY,LOWER IN-STREAM ARRAY,7/4/2013,7,Bull Trout,R,Resident,W,Wild Fish or Natural Production,"CHIWAT - Chiwawa River Trap, 0.5 km below CHIP acclimation pond",SCREWT,Screw Trap,179,1
3D9.1C2E0BD9F6,TLM13185.AAZ,CHU - Upper Chiwawa River,9/26/2016 7:08:20 PM,7/7/2020 1:09:51 AM,UPPER IN-STREAM ARRAY,UPPER IN-STREAM ARRAY,7/4/2013,7,Bull Trout,R,Resident,W,Wild Fish or Natural Production,"CHIWAT - Chiwawa River Trap, 0.5 km below CHIP acclimation pond",SCREWT,Screw Trap,179,1
3D9.1C2E0BD9F6,TLM13185.AAZ,UWE - Upper Wenatchee River,5/23/2016 2:13:28 AM,3/11/2020 9:21:16 PM,IN-STREAM ARRAY,IN-STREAM ARRAY,7/4/2013,7,Bull Trout,R,Resident,W,Wild Fish or Natural Production,"CHIWAT - Chiwawa River Trap, 0.5 km below CHIP acclimation pond",SCREWT,Screw Trap,179,1
3D9.1C2E0BD9FF,TLM12275.AAZ,RRF - Rocky Reach Fishway,11/9/2012 7:22:36 AM,11/9/2012 7:25:27 AM,WEIR 4,WEIR 6,10/16/2012,7,Bull Trout,R,Resident,W,Wild Fish or Natural Production,"CHIWAT - Chiwawa River Trap, 0.5 km below CHIP acclimation pond",SCREWT,Screw Trap,182,1
3D9.1C2E0BDA07,CFM-2013-060-TUM.xml,CHW - Chiwaukum Creek,7/2/2013 4:43:23 AM,6/30/2014 4:09:41 AM,DOWNSTREAM ARRAY,UPSTREAM ARRAY,6/18/2013,7,Bull Trout,R,Resident,W,Wild Fish or Natural Production,TUMFBY - TUM - Release into the Forebay within 0.5 km upstream of Dam,LADDER,Adult Passage Ladder,NA,1
3D9.1C2E0BDA07,CFM-2013-060-TUM.xml,ICL - Lower Icicle Instream Array,9/17/2013 5:00:25 AM,9/19/2013 4:45:32 AM,INSTREAM ARRAY,INSTREAM ARRAY,6/18/2013,7,Bull Trout,R,Resident,W,Wild Fish or Natural Production,TUMFBY - TUM - Release into the Forebay within 0.5 km upstream of Dam,LADDER,Adult Passage Ladder,NA,1
3D9.1C2E0BDA07,CFM-2013-060-TUM.xml,LWE - Lower Wenatchee River,11/3/2013 12:27:04 AM,11/3/2013 12:27:04 AM,UPSTREAM ANTENNA ARRAY,UPSTREAM ANTENNA ARRAY,6/18/2013,7,Bull Trout,R,Resident,W,Wild Fish or Natural Production,TUMFBY - TUM - Release into the Forebay within 0.5 km upstream of Dam,LADDER,Adult Passage Ladder,NA,1
3D9.1C2E0BDA07,CFM-2013-060-TUM.xml,TUF - Tumwater Dam Adult Fishway,6/20/2014 11:39:14 AM,6/20/2014 5:18:09 PM,WEIR 14,WEIR 17,6/18/2013,7,Bull Trout,R,Resident,W,Wild Fish or Natural Production,TUMFBY - TUM - Release into the Forebay within 0.5 km upstream of Dam,LADDER,Adult Passage Ladder,NA,1
3D9.1C2E0BDA63,TLM12291.AAZ,UWE - Upper Wenatchee River,10/18/2012 5:48:15 AM,10/18/2012 5:48:15 AM,IN-STREAM ARRAY,IN-STREAM ARRAY,10/17/2012,7,Bull Trout,R,Resident,W,Wild Fish or Natural Production,"CHIWAT - Chiwawa River Trap, 0.5 km below CHIP acclimation pond",SCREWT,Screw Trap,201,1
3D9.1C2E0BDBF5,NBD14275.AAZ,UWE - Upper Wenatchee River,10/23/2014 10:12:58 AM,10/23/2014 10:12:58 AM,IN-STREAM ARRAY,IN-STREAM ARRAY,10/2/2014,7,Bull Trout,R,Resident,W,Wild Fish or Natural Production,"CHIWAT - Chiwawa River Trap, 0.5 km below CHIP acclimation pond",SCREWT,Screw Trap,235,1
3D9.1C2E0BDC1F,TLM13248.AAZ,MWE - Middle Wenatchee River,10/3/2013 7:14:47 PM,10/3/2013 7:14:47 PM,IN-STREAM ARRAY,IN-STREAM ARRAY,9/5/2013,7,Bull Trout,R,Resident,W,Wild Fish or Natural Production,"CHIWAT - Chiwawa River Trap, 0.5 km below CHIP acclimation pond",SCREWT,Screw Trap,244,1
3D9.1C2E0BDC1F,TLM13248.AAZ,OKL - Lower Okanogan Instream Array,7/25/2014 10:54:51 PM,7/25/2014 10:55:07 PM,Downstream Array,Upstream Array,9/5/2013,7,Bull Trout,R,Resident,W,Wild Fish or Natural Production,"CHIWAT - Chiwawa River Trap, 0.5 km below CHIP acclimation pond",SCREWT,Screw Trap,244,1
3D9.1C2E0BDC1F,TLM13248.AAZ,RRF - Rocky Reach Fishway,12/22/2013 12:50:10 PM,12/22/2013 12:52:15 PM,WEIR 4,WEIR 6,9/5/2013,7,Bull Trout,R,Resident,W,Wild Fish or Natural Production,"CHIWAT - Chiwawa River Trap, 0.5 km below CHIP acclimation pond",SCREWT,Screw Trap,244,1
3D9.1C2E0BDC1F,TLM13248.AAZ,"WEA - Wells Dam, DCPUD Adult Ladders",6/28/2014 12:56:57 PM,6/29/2014 10:37:42 AM,LEFT LADDER POOL 19,Left Ladder Pool 68,9/5/2013,7,Bull Trout,R,Resident,W,Wild Fish or Natural Production,"CHIWAT - Chiwawa River Trap, 0.5 km below CHIP acclimation pond",SCREWT,Screw Trap,244,1
3D9.1C2E0BDC61,NBD14266.AAZ,BCP - Butcher Creek Acclimation Pond,5/21/2017 4:25:55 AM,6/18/2017 11:03:45 PM,POND EXIT,POND EXIT,9/23/2014,7,Bull Trout,R,Resident,W,Wild Fish or Natural Production,"CHIWAT - Chiwawa River Trap, 0.5 km below CHIP acclimation pond",SCREWT,Screw Trap,530,1
3D9.1C2E0BDC61,NBD14266.AAZ,CHL - Lower Chiwawa River,9/13/2015 1:54:02 AM,9/28/2017 7:25:32 PM,UPPER IN-STREAM ARRAY,UPPER IN-STREAM ARRAY,9/23/2014,7,Bull Trout,R,Resident,W,Wild Fish or Natural Production,"CHIWAT - Chiwawa River Trap, 0.5 km below CHIP acclimation pond",SCREWT,Screw Trap,530,1
3D9.1C2E0BDC61,NBD14266.AAZ,CHU - Upper Chiwawa River,9/22/2016 1:06:52 AM,9/22/2016 1:06:52 AM,LOWER IN-STREAM ARRAY,LOWER IN-STREAM ARRAY,9/23/2014,7,Bull Trout,R,Resident,W,Wild Fish or Natural Production,"CHIWAT - Chiwawa River Trap, 0.5 km below CHIP acclimation pond",SCREWT,Screw Trap,530,1
3D9.1C2E0BDC61,NBD14266.AAZ,UWE - Upper Wenatchee River,9/23/2014 10:34:27 PM,9/28/2017 10:56:05 PM,IN-STREAM ARRAY,IN-STREAM ARRAY,9/23/2014,7,Bull Trout,R,Resident,W,Wild Fish or Natural Production,"CHIWAT - Chiwawa River Trap, 0.5 km below CHIP acclimation pond",SCREWT,Screw Trap,530,1
3D9.1C2E0BDC61,NBD14266.AAZ,"WTL - White River, Wenatchee Basin",9/15/2015 9:23:46 PM,9/18/2015 10:44:27 PM,LOWER IN-STREAM ARRAY,UPPER IN-STREAM ARRAY,9/23/2014,7,Bull Trout,R,Resident,W,Wild Fish or Natural Production,"CHIWAT - Chiwawa River Trap, 0.5 km below CHIP acclimation pond",SCREWT,Screw Trap,530,1
3D9.1C2E0BDC63,TLM12303.AAZ,UWE - Upper Wenatchee River,11/4/2012 6:09:16 PM,11/4/2012 6:09:16 PM,IN-STREAM ARRAY,IN-STREAM ARRAY,10/29/2012,7,Bull Trout,R,Resident,W,Wild Fish or Natural Production,"CHIWAT - Chiwawa River Trap, 0.5 km below CHIP acclimation pond",SCREWT,Screw Trap,170,1
3D9.1C2E0BDC91,TLM13060.AAZ,LWN - Little Wenatchee River,8/11/2013 5:10:41 PM,8/11/2013 5:11:46 PM,LOWER IN-STREAM ARRAY,UPPER IN-STREAM ARRAY,3/8/2013,7,Bull Trout,R,Resident,W,Wild Fish or Natural Production,"CHIWAT - Chiwawa River Trap, 0.5 km below CHIP acclimation pond",SCREWT,Screw Trap,191,1
3D9.1C2E0BDC91,TLM13060.AAZ,UWE - Upper Wenatchee River,7/20/2013 10:44:44 AM,7/20/2013 10:44:44 AM,IN-STREAM ARRAY,IN-STREAM ARRAY,3/8/2013,7,Bull Trout,R,Resident,W,Wild Fish or Natural Production,"CHIWAT - Chiwawa River Trap, 0.5 km below CHIP acclimation pond",SCREWT,Screw Trap,191,1
3D9.1C2E0BDC93,CGS14153.TW1,TWR - Lwr Twisp Rvr near MSRF Ponds,10/9/2014 5:16:12 AM,10/9/2014 5:16:16 AM,UPPER IN-STREAM ARRAY,LOWER IN-STREAM ARRAY,7/5/2014,7,Bull Trout,R,Resident,W,Wild Fish or Natural Production,TWISPW - Twisp River Weir (WDFW),WTRAP,Weir Trap,450,1
3D9.1C2E0BDCA5,TLM13265.AAZ,CHL - Lower Chiwawa River,9/30/2014 8:15:16 PM,9/21/2015 6:44:53 PM,LOWER IN-STREAM ARRAY,LOWER IN-STREAM ARRAY,9/22/2013,7,Bull Trout,R,Resident,W,Wild Fish or Natural Production,"CHIWAT - Chiwawa River Trap, 0.5 km below CHIP acclimation pond",SCREWT,Screw Trap,530,1
3D9.1C2E0BDCA5,TLM13265.AAZ,CHU - Upper Chiwawa River,9/30/2014 2:37:24 AM,9/17/2015 8:09:42 PM,UPPER IN-STREAM ARRAY,LOWER IN-STREAM ARRAY,9/22/2013,7,Bull Trout,R,Resident,W,Wild Fish or Natural Production,"CHIWAT - Chiwawa River Trap, 0.5 km below CHIP acclimation pond",SCREWT,Screw Trap,530,1
3D9.1C2E0BDCA5,TLM13265.AAZ,LWN - Little Wenatchee River,9/24/2015 3:27:32 AM,9/24/2015 3:27:32 AM,UPPER IN-STREAM ARRAY,UPPER IN-STREAM ARRAY,9/22/2013,7,Bull Trout,R,Resident,W,Wild Fish or Natural Production,"CHIWAT - Chiwawa River Trap, 0.5 km below CHIP acclimation pond",SCREWT,Screw Trap,530,1
3D9.1C2E0BDCA5,TLM13265.AAZ,UWE - Upper Wenatchee River,2/6/2014 11:58:45 PM,9/21/2015 9:06:32 PM,IN-STREAM ARRAY,IN-STREAM ARRAY,9/22/2013,7,Bull Trout,R,Resident,W,Wild Fish or Natural Production,"CHIWAT - Chiwawa River Trap, 0.5 km below CHIP acclimation pond",SCREWT,Screw Trap,530,1
3D9.1C2E0BDCF1,CFM12212.CHI,CHL - Lower Chiwawa River,10/1/2012 9:58:18 PM,10/2/2012 8:24:00 PM,LOWER IN-STREAM ARRAY,LOWER IN-STREAM ARRAY,7/30/2012,7,Bull Trout,R,Resident,W,Wild Fish or Natural Production,CHIWAR - Chiwawa River,WTRAP,Weir Trap,NA,1
3D9.1C2E0BDCF1,CFM12212.CHI,CHU - Upper Chiwawa River,7/30/2012 11:54:59 AM,10/1/2012 6:56:23 PM,LOWER IN-STREAM ARRAY,LOWER IN-STREAM ARRAY,7/30/2012,7,Bull Trout,R,Resident,W,Wild Fish or Natural Production,CHIWAR - Chiwawa River,WTRAP,Weir Trap,NA,1
3D9.1C2E0BDD02,TLM13222.AAZ,UWE - Upper Wenatchee River,8/19/2013 9:34:22 PM,8/19/2013 9:34:22 PM,IN-STREAM ARRAY,IN-STREAM ARRAY,8/10/2013,7,Bull Trout,R,Resident,W,Wild Fish or Natural Production,"CHIWAT - Chiwawa River Trap, 0.5 km below CHIP acclimation pond",SCREWT,Screw Trap,310,1
3D9.1C2E0BDD13,CGS12160.TW2,TWR - Lwr Twisp Rvr near MSRF Ponds,7/7/2013 4:27:30 AM,9/15/2013 1:16:34 AM,LOWER IN-STREAM ARRAY,LOWER IN-STREAM ARRAY,7/17/2012,7,Bull Trout,R,Resident,W,Wild Fish or Natural Production,TWISPW - Twisp River Weir (WDFW),WTRAP,Weir Trap,580,1
3D9.1C2E0BDD26,CFM-2013-060-TUM.xml,CHW - Chiwaukum Creek,7/8/2013 10:45:31 PM,7/8/2013 10:47:07 PM,DOWNSTREAM ARRAY,UPSTREAM ARRAY,6/29/2013,7,Bull Trout,R,Resident,W,Wild Fish or Natural Production,TUMFBY - TUM - Release into the Forebay within 0.5 km upstream of Dam,LADDER,Adult Passage Ladder,NA,1
3D9.1C2E0BDD4E,CFM-2013-060-TUM.xml,CHW - Chiwaukum Creek,7/3/2013 5:00:10 AM,7/3/2013 5:00:25 AM,DOWNSTREAM ARRAY,UPSTREAM ARRAY,6/19/2013,7,Bull Trout,R,Resident,W,Wild Fish or Natural Production,TUMFBY - TUM - Release into the Forebay within 0.5 km upstream of Dam,LADDER,Adult Passage Ladder,NA,1
3D9.1C2E0BDD6D,TLM13274.AAZ,CHU - Upper Chiwawa River,10/1/2018 6:22:36 PM,10/1/2018 6:22:36 PM,LOWER IN-STREAM ARRAY,LOWER IN-STREAM ARRAY,10/1/2013,7,Bull Trout,R,Resident,W,Wild Fish or Natural Production,"CHIWAT - Chiwawa River Trap, 0.5 km below CHIP acclimation pond",SCREWT,Screw Trap,212,1
3D9.1C2E0BDD6D,TLM13274.AAZ,UWE - Upper Wenatchee River,5/20/2018 7:15:44 AM,10/2/2018 4:13:46 AM,IN-STREAM ARRAY,IN-STREAM ARRAY,10/1/2013,7,Bull Trout,R,Resident,W,Wild Fish or Natural Production,"CHIWAT - Chiwawa River Trap, 0.5 km below CHIP acclimation pond",SCREWT,Screw Trap,212,1
3D9.1C2E0BDD6F,TLM12303.AAZ,CHL - Lower Chiwawa River,10/29/2012 5:29:11 PM,10/29/2012 5:29:11 PM,UPPER IN-STREAM ARRAY,UPPER IN-STREAM ARRAY,10/29/2012,7,Bull Trout,R,Resident,W,Wild Fish or Natural Production,"CHIWAT - Chiwawa River Trap, 0.5 km below CHIP acclimation pond",SCREWT,Screw Trap,195,1
3D9.1C2E0BDDDF,CFM-2013-060-TUM.xml,CHW - Chiwaukum Creek,7/15/2013 12:28:48 AM,7/15/2014 5:45:18 PM,DOWNSTREAM ARRAY,UPSTREAM ARRAY,7/1/2013,7,Bull Trout,R,Resident,W,Wild Fish or Natural Production,TUMFBY - TUM - Release into the Forebay within 0.5 km upstream of Dam,LADDER,Adult Passage Ladder,NA,1
3D9.1C2E0BDDDF,CFM-2013-060-TUM.xml,TUF - Tumwater Dam Adult Fishway,7/1/2014 1:48:11 PM,7/2/2014 5:28:25 PM,WEIR 14,WEIR 17,7/1/2013,7,Bull Trout,R,Resident,W,Wild Fish or Natural Production,TUMFBY - TUM - Release into the Forebay within 0.5 km upstream of Dam,LADDER,Adult Passage Ladder,NA,1
3D9.1C2E0BDDE8,CFM12212.CHI,CHU - Upper Chiwawa River,8/12/2012 9:41:12 PM,8/12/2012 9:41:12 PM,UPPER IN-STREAM ARRAY,UPPER IN-STREAM ARRAY,8/2/2012,7,Bull Trout,R,Resident,W,Wild Fish or Natural Production,CHIWAR - Chiwawa River,WTRAP,Weir Trap,NA,1
3D9.1C2E0BDE31,NBD14268.AAZ,CHL - Lower Chiwawa River,9/18/2015 12:21:29 AM,9/23/2017 9:35:35 PM,LOWER IN-STREAM ARRAY,LOWER IN-STREAM ARRAY,9/25/2014,7,Bull Trout,R,Resident,W,Wild Fish or Natural Production,"CHIWAT - Chiwawa River Trap, 0.5 km below CHIP acclimation pond",SCREWT,Screw Trap,455,1
3D9.1C2E0BDE31,NBD14268.AAZ,CHU - Upper Chiwawa River,9/17/2015 7:27:56 PM,9/23/2017 5:38:16 AM,LOWER IN-STREAM ARRAY,LOWER IN-STREAM ARRAY,9/25/2014,7,Bull Trout,R,Resident,W,Wild Fish or Natural Production,"CHIWAT - Chiwawa River Trap, 0.5 km below CHIP acclimation pond",SCREWT,Screw Trap,455,1
3D9.1C2E0BDE31,NBD14268.AAZ,UWE - Upper Wenatchee River,9/25/2014 10:23:25 PM,9/15/2016 6:31:55 PM,IN-STREAM ARRAY,IN-STREAM ARRAY,9/25/2014,7,Bull Trout,R,Resident,W,Wild Fish or Natural Production,"CHIWAT - Chiwawa River Trap, 0.5 km below CHIP acclimation pond",SCREWT,Screw Trap,455,1
3D9.1C2E0BDE35,TLM12266.AAZ,CHU - Upper Chiwawa River,9/24/2016 2:14:26 AM,9/22/2018 6:40:39 PM,UPPER IN-STREAM ARRAY,LOWER IN-STREAM ARRAY,9/22/2012,7,Bull Trout,R,Resident,W,Wild Fish or Natural Production,"CHIWAT - Chiwawa River Trap, 0.5 km below CHIP acclimation pond",SCREWT,Screw Trap,224,1
3D9.1C2E0BDE35,TLM12266.AAZ,UWE - Upper Wenatchee River,9/24/2016 11:48:31 PM,9/23/2018 3:37:38 AM,IN-STREAM ARRAY,IN-STREAM ARRAY,9/22/2012,7,Bull Trout,R,Resident,W,Wild Fish or Natural Production,"CHIWAT - Chiwawa River Trap, 0.5 km below CHIP acclimation pond",SCREWT,Screw Trap,224,1
3D9.1C2E0BDE43,CFM-2013-060-TUM.xml,CHW - Chiwaukum Creek,7/10/2013 6:18:56 AM,7/10/2013 6:20:01 AM,DOWNSTREAM ARRAY,UPSTREAM ARRAY,6/30/2013,7,Bull Trout,R,Resident,W,Wild Fish or Natural Production,TUMFBY - TUM - Release into the Forebay within 0.5 km upstream of Dam,LADDER,Adult Passage Ladder,NA,1
3D9.1C2E0BDE44,CFM-2013-060-TUM.xml,CHW - Chiwaukum Creek,7/15/2013 4:54:36 AM,7/24/2013 12:54:02 AM,DOWNSTREAM ARRAY,UPSTREAM ARRAY,6/28/2013,7,Bull Trout,R,Resident,W,Wild Fish or Natural Production,TUMFBY - TUM - Release into the Forebay within 0.5 km upstream of Dam,LADDER,Adult Passage Ladder,NA,1
3D9.1C2E0BDE4B,NBD14268.AAZ,UWE - Upper Wenatchee River,9/25/2014 11:34:04 PM,9/25/2014 11:34:04 PM,IN-STREAM ARRAY,IN-STREAM ARRAY,9/25/2014,7,Bull Trout,R,Resident,W,Wild Fish or Natural Production,"CHIWAT - Chiwawa River Trap, 0.5 km below CHIP acclimation pond",SCREWT,Screw Trap,480,1
3D9.1C2E0BDE6E,CFM12212.CHI,CHU - Upper Chiwawa River,8/3/2012 3:06:00 AM,8/3/2012 4:26:02 AM,LOWER IN-STREAM ARRAY,UPPER IN-STREAM ARRAY,7/31/2012,7,Bull Trout,R,Resident,W,Wild Fish or Natural Production,CHIWAR - Chiwawa River,WTRAP,Weir Trap,NA,1
3D9.1C2E0BDEA1,CFM12212.CHI,CHL - Lower Chiwawa River,10/2/2012 9:04:48 PM,8/6/2014 3:37:53 AM,UPPER IN-STREAM ARRAY,UPPER IN-STREAM ARRAY,8/2/2012,7,Bull Trout,R,Resident,W,Wild Fish or Natural Production,CHIWAR - Chiwawa River,WTRAP,Weir Trap,NA,1
3D9.1C2E0BDEA1,CFM12212.CHI,CHU - Upper Chiwawa River,10/1/2012 9:45:37 PM,8/7/2014 8:35:36 PM,UPPER IN-STREAM ARRAY,UPPER IN-STREAM ARRAY,8/2/2012,7,Bull Trout,R,Resident,W,Wild Fish or Natural Production,CHIWAR - Chiwawa River,WTRAP,Weir Trap,NA,1
3D9.1C2E0BDEA1,CFM12212.CHI,UWE - Upper Wenatchee River,9/29/2014 5:17:54 AM,9/29/2014 5:17:54 AM,IN-STREAM ARRAY,IN-STREAM ARRAY,8/2/2012,7,Bull Trout,R,Resident,W,Wild Fish or Natural Production,CHIWAR - Chiwawa River,WTRAP,Weir Trap,NA,1
3D9.1C2E0BDF0E,TLM12275.AAZ,CHL - Lower Chiwawa River,10/15/2012 6:00:35 PM,10/15/2012 6:00:35 PM,UPPER IN-STREAM ARRAY,UPPER IN-STREAM ARRAY,10/15/2012,7,Bull Trout,R,Resident,W,Wild Fish or Natural Production,"CHIWAT - Chiwawa River Trap, 0.5 km below CHIP acclimation pond",SCREWT,Screw Trap,203,1
3D9.1C2E0BDF0E,TLM12275.AAZ,UWE - Upper Wenatchee River,10/16/2012 3:20:28 AM,10/16/2012 3:20:28 AM,IN-STREAM ARRAY,IN-STREAM ARRAY,10/15/2012,7,Bull Trout,R,Resident,W,Wild Fish or Natural Production,"CHIWAT - Chiwawa River Trap, 0.5 km below CHIP acclimation pond",SCREWT,Screw Trap,203,1
3D9.1C2E0BDF7A,NBD14271.AAZ,LWN - Little Wenatchee River,6/28/2016 10:53:10 PM,6/28/2016 10:54:24 PM,LOWER IN-STREAM ARRAY,UPPER IN-STREAM ARRAY,9/28/2014,7,Bull Trout,R,Resident,W,Wild Fish or Natural Production,"CHIWAT - Chiwawa River Trap, 0.5 km below CHIP acclimation pond",SCREWT,Screw Trap,260,1
3D9.1C2E0BDF7A,NBD14271.AAZ,UWE - Upper Wenatchee River,9/28/2014 11:03:07 PM,9/28/2014 11:03:07 PM,IN-STREAM ARRAY,IN-STREAM ARRAY,9/28/2014,7,Bull Trout,R,Resident,W,Wild Fish or Natural Production,"CHIWAT - Chiwawa River Trap, 0.5 km below CHIP acclimation pond",SCREWT,Screw Trap,260,1
3D9.1C2E0BE04D,TLM13106.AAZ,UWE - Upper Wenatchee River,5/10/2013 7:41:09 AM,5/10/2013 5:57:59 PM,IN-STREAM ARRAY,IN-STREAM ARRAY,4/13/2013,7,Bull Trout,R,Resident,W,Wild Fish or Natural Production,"CHIWAT - Chiwawa River Trap, 0.5 km below CHIP acclimation pond",SCREWT,Screw Trap,157,1
3D9.1C2E0BE0A4,CFM-2013-060-TUM.xml,NAL - Lower Nason Creek,7/3/2013 4:53:24 AM,7/4/2014 11:26:57 PM,LOWER IN-STREAM ARRAY,UPPER IN-STREAM ARRAY,6/23/2013,7,Bull Trout,R,Resident,W,Wild Fish or Natural Production,TUMFBY - TUM - Release into the Forebay within 0.5 km upstream of Dam,LADDER,Adult Passage Ladder,NA,1
3D9.1C2E0BE0A4,CFM-2013-060-TUM.xml,NAU - Upper Nason Creek,7/7/2013 11:55:37 PM,7/9/2014 9:53:55 PM,LOWER IN-STREAM ARRAY,UPPER IN-STREAM ARRAY,6/23/2013,7,Bull Trout,R,Resident,W,Wild Fish or Natural Production,TUMFBY - TUM - Release into the Forebay within 0.5 km upstream of Dam,LADDER,Adult Passage Ladder,NA,1
3D9.1C2E0BE0A4,CFM-2013-060-TUM.xml,TUF - Tumwater Dam Adult Fishway,6/22/2014 8:24:27 PM,6/22/2014 9:12:09 PM,WEIR 14,WEIR 17,6/23/2013,7,Bull Trout,R,Resident,W,Wild Fish or Natural Production,TUMFBY - TUM - Release into the Forebay within 0.5 km upstream of Dam,LADDER,Adult Passage Ladder,NA,1
3D9.1C2E0BE0FB,TLM12238.AAZ,CHL - Lower Chiwawa River,8/7/2013 5:29:53 AM,8/7/2013 5:29:53 AM,UPPER IN-STREAM ARRAY,UPPER IN-STREAM ARRAY,8/25/2012,7,Bull Trout,R,Resident,W,Wild Fish or Natural Production,"CHIWAT - Chiwawa River Trap, 0.5 km below CHIP acclimation pond",SCREWT,Screw Trap,195,1
3D9.1C2E0BE11E,CGS14153.TW1,MRC - Methow River at Carlton,6/17/2016 1:43:26 AM,6/17/2016 1:43:26 AM,Single Array,Single Array,7/9/2014,7,Bull Trout,R,Resident,W,Wild Fish or Natural Production,TWISPW - Twisp River Weir (WDFW),WTRAP,Weir Trap,630,1
3D9.1C2E0BE11E,CGS14153.TW1,TWR - Lwr Twisp Rvr near MSRF Ponds,10/27/2014 6:04:51 AM,11/1/2015 6:18:16 AM,LOWER IN-STREAM ARRAY,LOWER IN-STREAM ARRAY,7/9/2014,7,Bull Trout,R,Resident,W,Wild Fish or Natural Production,TWISPW - Twisp River Weir (WDFW),WTRAP,Weir Trap,630,1
3D9.1C2E0BE11E,CGS14153.TW1,"WEA - Wells Dam, DCPUD Adult Ladders",5/22/2015 8:42:58 AM,5/22/2015 3:13:02 PM,RIGHT LADDER POOL 19,RIGHT LADDER POOL 68,7/9/2014,7,Bull Trout,R,Resident,W,Wild Fish or Natural Production,TWISPW - Twisp River Weir (WDFW),WTRAP,Weir Trap,630,1
3D9.1C2E0BE181,TLM12312.AAZ,CHL - Lower Chiwawa River,11/7/2012 3:17:59 PM,11/7/2012 3:29:19 PM,LOWER IN-STREAM ARRAY,UPPER IN-STREAM ARRAY,11/7/2012,7,Bull Trout,R,Resident,W,Wild Fish or Natural Production,"CHIWAT - Chiwawa River Trap, 0.5 km below CHIP acclimation pond",SCREWT,Screw Trap,228,1
3D9.1C2E0BE1F1,CFM-2013-060-TUM.xml,CHW - Chiwaukum Creek,7/18/2013 4:54:55 AM,7/18/2013 4:55:08 AM,DOWNSTREAM ARRAY,UPSTREAM ARRAY,7/5/2013,7,Bull Trout,R,Resident,W,Wild Fish or Natural Production,TUMFBY - TUM - Release into the Forebay within 0.5 km upstream of Dam,LADDER,Adult Passage Ladder,NA,1
3D9.1C2E0BE606,CFM-2013-060-TUM.xml,CHW - Chiwaukum Creek,7/15/2013 4:19:36 AM,7/15/2013 4:19:53 AM,DOWNSTREAM ARRAY,UPSTREAM ARRAY,6/28/2013,7,Bull Trout,R,Resident,W,Wild Fish or Natural Production,TUMFBY - TUM - Release into the Forebay within 0.5 km upstream of Dam,LADDER,Adult Passage Ladder,NA,1
3D9.1C2E0BE647,CGS14153.TW1,RRF - Rocky Reach Fishway,6/5/2015 5:00:04 PM,6/6/2015 4:30:48 PM,Lower Weir,Trap,7/9/2014,7,Bull Trout,R,Resident,W,Wild Fish or Natural Production,TWISPW - Twisp River Weir (WDFW),WTRAP,Weir Trap,680,1
3D9.1C2E0BE647,CGS14153.TW1,TWR - Lwr Twisp Rvr near MSRF Ponds,7/14/2014 2:10:04 AM,9/25/2015 11:48:52 PM,LOWER IN-STREAM ARRAY,LOWER IN-STREAM ARRAY,7/9/2014,7,Bull Trout,R,Resident,W,Wild Fish or Natural Production,TWISPW - Twisp River Weir (WDFW),WTRAP,Weir Trap,680,1
3D9.1C2E0BE647,CGS14153.TW1,"WEA - Wells Dam, DCPUD Adult Ladders",6/12/2015 2:26:34 PM,6/12/2015 2:34:47 PM,Left Ladder Pool 67,Left Ladder Pool 68,7/9/2014,7,Bull Trout,R,Resident,W,Wild Fish or Natural Production,TWISPW - Twisp River Weir (WDFW),WTRAP,Weir Trap,680,1
3D9.1C2E0BE6A4,TLM12326.AAZ,UWE - Upper Wenatchee River,11/22/2012 9:51:51 PM,11/22/2012 9:51:51 PM,IN-STREAM ARRAY,IN-STREAM ARRAY,11/21/2012,7,Bull Trout,R,Resident,W,Wild Fish or Natural Production,"CHIWAT - Chiwawa River Trap, 0.5 km below CHIP acclimation pond",SCREWT,Screw Trap,179,1
3D9.1C2E0BE6A5,CFM-2013-060-TUM.xml,CHW - Chiwaukum Creek,7/10/2013 5:20:24 AM,7/6/2014 5:33:32 AM,DOWNSTREAM ARRAY,UPSTREAM ARRAY,6/27/2013,7,Bull Trout,R,Resident,W,Wild Fish or Natural Production,TUMFBY - TUM - Release into the Forebay within 0.5 km upstream of Dam,LADDER,Adult Passage Ladder,NA,1
3D9.1C2E0BE6A5,CFM-2013-060-TUM.xml,TUF - Tumwater Dam Adult Fishway,6/21/2014 6:46:49 PM,6/21/2014 7:12:49 PM,WEIR 14,WEIR 17,6/27/2013,7,Bull Trout,R,Resident,W,Wild Fish or Natural Production,TUMFBY - TUM - Release into the Forebay within 0.5 km upstream of Dam,LADDER,Adult Passage Ladder,NA,1
3D9.1C2E0BE6B4,TLM13277.AAZ,CHL - Lower Chiwawa River,10/3/2017 8:28:52 PM,10/3/2017 8:28:52 PM,LOWER IN-STREAM ARRAY,LOWER IN-STREAM ARRAY,10/4/2013,7,Bull Trout,R,Resident,W,Wild Fish or Natural Production,"CHIWAT - Chiwawa River Trap, 0.5 km below CHIP acclimation pond",SCREWT,Screw Trap,240,1
3D9.1C2E0BE6B4,TLM13277.AAZ,CHU - Upper Chiwawa River,10/3/2017 3:15:55 AM,10/3/2017 3:15:55 AM,LOWER IN-STREAM ARRAY,LOWER IN-STREAM ARRAY,10/4/2013,7,Bull Trout,R,Resident,W,Wild Fish or Natural Production,"CHIWAT - Chiwawa River Trap, 0.5 km below CHIP acclimation pond",SCREWT,Screw Trap,240,1
3D9.1C2E0BE6B4,TLM13277.AAZ,UWE - Upper Wenatchee River,6/19/2016 1:55:10 AM,6/19/2016 1:55:10 AM,IN-STREAM ARRAY,IN-STREAM ARRAY,10/4/2013,7,Bull Trout,R,Resident,W,Wild Fish or Natural Production,"CHIWAT - Chiwawa River Trap, 0.5 km below CHIP acclimation pond",SCREWT,Screw Trap,240,1
3D9.1C2E0BE6B4,TLM13277.AAZ,"WTL - White River, Wenatchee Basin",9/13/2018 2:21:02 AM,9/13/2018 2:21:18 AM,LOWER IN-STREAM ARRAY,UPPER IN-STREAM ARRAY,10/4/2013,7,Bull Trout,R,Resident,W,Wild Fish or Natural Production,"CHIWAT - Chiwawa River Trap, 0.5 km below CHIP acclimation pond",SCREWT,Screw Trap,240,1
3D9.1C2E0BE708,TLM12307.AAZ,"WTL - White River, Wenatchee Basin",12/18/2012 3:18:28 AM,12/25/2012 6:34:43 AM,UPPER IN-STREAM ARRAY,LOWER IN-STREAM ARRAY,11/2/2012,7,Bull Trout,R,Resident,W,Wild Fish or Natural Production,"CHIWAT - Chiwawa River Trap, 0.5 km below CHIP acclimation pond",SCREWT,Screw Trap,156,1
3D9.1C2E0BE7D9,TLM12262.AAZ,CHL - Lower Chiwawa River,9/24/2016 9:36:44 PM,9/24/2016 9:36:44 PM,LOWER IN-STREAM ARRAY,LOWER IN-STREAM ARRAY,9/20/2012,7,Bull Trout,R,Resident,W,Wild Fish or Natural Production,"CHIWAT - Chiwawa River Trap, 0.5 km below CHIP acclimation pond",SCREWT,Screw Trap,232,1
3D9.1C2E0BE7D9,TLM12262.AAZ,CHU - Upper Chiwawa River,6/13/2016 10:58:18 PM,6/28/2018 4:11:17 AM,LOWER IN-STREAM ARRAY,UPPER IN-STREAM ARRAY,9/20/2012,7,Bull Trout,R,Resident,W,Wild Fish or Natural Production,"CHIWAT - Chiwawa River Trap, 0.5 km below CHIP acclimation pond",SCREWT,Screw Trap,232,1
3D9.1C2E0BE7D9,TLM12262.AAZ,UWE - Upper Wenatchee River,9/25/2016 5:25:09 AM,4/4/2018 10:03:22 PM,IN-STREAM ARRAY,IN-STREAM ARRAY,9/20/2012,7,Bull Trout,R,Resident,W,Wild Fish or Natural Production,"CHIWAT - Chiwawa River Trap, 0.5 km below CHIP acclimation pond",SCREWT,Screw Trap,232,1
3D9.1C2E0BE7E3,CFM-2013-060-TUM.xml,CHW - Chiwaukum Creek,7/15/2013 6:29:39 AM,9/22/2013 8:46:08 PM,DOWNSTREAM ARRAY,DOWNSTREAM ARRAY,7/4/2013,7,Bull Trout,R,Resident,W,Wild Fish or Natural Production,TUMFBY - TUM - Release into the Forebay within 0.5 km upstream of Dam,LADDER,Adult Passage Ladder,NA,1
3D9.1C2E0BE8FD,TLM13261.AAZ,CHL - Lower Chiwawa River,9/20/2014 2:58:17 AM,9/22/2016 6:47:50 PM,UPPER IN-STREAM ARRAY,LOWER IN-STREAM ARRAY,9/18/2013,7,Bull Trout,R,Resident,W,Wild Fish or Natural Production,"CHIWAT - Chiwawa River Trap, 0.5 km below CHIP acclimation pond",SCREWT,Screw Trap,460,1
3D9.1C2E0BE8FD,TLM13261.AAZ,CHU - Upper Chiwawa River,9/19/2014 11:47:38 PM,6/12/2016 8:51:58 AM,LOWER IN-STREAM ARRAY,LOWER IN-STREAM ARRAY,9/18/2013,7,Bull Trout,R,Resident,W,Wild Fish or Natural Production,"CHIWAT - Chiwawa River Trap, 0.5 km below CHIP acclimation pond",SCREWT,Screw Trap,460,1
3D9.1C2E0BE8FD,TLM13261.AAZ,UWE - Upper Wenatchee River,9/20/2014 5:22:00 AM,9/18/2015 12:31:57 AM,IN-STREAM ARRAY,IN-STREAM ARRAY,9/18/2013,7,Bull Trout,R,Resident,W,Wild Fish or Natural Production,"CHIWAT - Chiwawa River Trap, 0.5 km below CHIP acclimation pond",SCREWT,Screw Trap,460,1
3D9.1C2E0BE937,NBD14270.AAZ,UWE - Upper Wenatchee River,9/28/2014 2:35:09 AM,9/28/2014 2:35:09 AM,IN-STREAM ARRAY,IN-STREAM ARRAY,9/27/2014,7,Bull Trout,R,Resident,W,Wild Fish or Natural Production,"CHIWAT - Chiwawa River Trap, 0.5 km below CHIP acclimation pond",SCREWT,Screw Trap,218,1
3D9.1C2E0BE940,CFM-2013-060-TUM.xml,CHL - Lower Chiwawa River,8/1/2014 10:51:10 PM,8/1/2014 10:51:10 PM,LOWER IN-STREAM ARRAY,LOWER IN-STREAM ARRAY,7/9/2013,7,Bull Trout,R,Resident,W,Wild Fish or Natural Production,TUMFBY - TUM - Release into the Forebay within 0.5 km upstream of Dam,LADDER,Adult Passage Ladder,NA,1
3D9.1C2E0BE940,CFM-2013-060-TUM.xml,NAL - Lower Nason Creek,7/18/2013 1:49:35 AM,8/3/2014 12:24:42 AM,LOWER IN-STREAM ARRAY,UPPER IN-STREAM ARRAY,7/9/2013,7,Bull Trout,R,Resident,W,Wild Fish or Natural Production,TUMFBY - TUM - Release into the Forebay within 0.5 km upstream of Dam,LADDER,Adult Passage Ladder,NA,1
3D9.1C2E0BE940,CFM-2013-060-TUM.xml,NAU - Upper Nason Creek,7/21/2013 1:00:31 AM,7/21/2013 1:00:46 AM,LOWER IN-STREAM ARRAY,UPPER IN-STREAM ARRAY,7/9/2013,7,Bull Trout,R,Resident,W,Wild Fish or Natural Production,TUMFBY - TUM - Release into the Forebay within 0.5 km upstream of Dam,LADDER,Adult Passage Ladder,NA,1
3D9.1C2E0BE940,CFM-2013-060-TUM.xml,TUF - Tumwater Dam Adult Fishway,6/25/2014 2:11:03 PM,7/26/2014 4:53:23 PM,WEIR 14,WEIR 17,7/9/2013,7,Bull Trout,R,Resident,W,Wild Fish or Natural Production,TUMFBY - TUM - Release into the Forebay within 0.5 km upstream of Dam,LADDER,Adult Passage Ladder,NA,1
3D9.1C2E0BE940,CFM-2013-060-TUM.xml,UWE - Upper Wenatchee River,7/17/2013 3:13:31 AM,8/2/2014 3:11:34 AM,IN-STREAM ARRAY,IN-STREAM ARRAY,7/9/2013,7,Bull Trout,R,Resident,W,Wild Fish or Natural Production,TUMFBY - TUM - Release into the Forebay within 0.5 km upstream of Dam,LADDER,Adult Passage Ladder,NA,1
3D9.1C2E0BE94A,CGS14153.TW1,TWR - Lwr Twisp Rvr near MSRF Ponds,7/10/2014 10:57:28 PM,7/18/2014 9:48:00 PM,LOWER IN-STREAM ARRAY,UPPER IN-STREAM ARRAY,7/7/2014,7,Bull Trout,R,Resident,W,Wild Fish or Natural Production,TWISPW - Twisp River Weir (WDFW),WTRAP,Weir Trap,620,1
3D9.1C2E0BE963,CFM-2013-060-TUM.xml,CHW - Chiwaukum Creek,7/17/2013 6:29:16 AM,7/28/2013 1:29:30 AM,UPSTREAM ARRAY,UPSTREAM ARRAY,7/9/2013,7,Bull Trout,R,Resident,W,Wild Fish or Natural Production,TUMFBY - TUM - Release into the Forebay within 0.5 km upstream of Dam,LADDER,Adult Passage Ladder,NA,1
3D9.1C2E0BE999,TLM13276.AAZ,CHL - Lower Chiwawa River,10/3/2013 7:12:10 PM,9/20/2022 6:56:52 PM,LOWER IN-STREAM ARRAY,UPPER IN-STREAM ARRAY,10/3/2013,7,Bull Trout,R,Resident,W,Wild Fish or Natural Production,"CHIWAT - Chiwawa River Trap, 0.5 km below CHIP acclimation pond",SCREWT,Screw Trap,224,1
3D9.1C2E0BE999,TLM13276.AAZ,CHU - Upper Chiwawa River,9/18/2016 3:48:47 AM,9/22/2021 1:24:03 AM,LOWER IN-STREAM ARRAY,LOWER IN-STREAM ARRAY,10/3/2013,7,Bull Trout,R,Resident,W,Wild Fish or Natural Production,"CHIWAT - Chiwawa River Trap, 0.5 km below CHIP acclimation pond",SCREWT,Screw Trap,224,1
3D9.1C2E0BE999,TLM13276.AAZ,UWE - Upper Wenatchee River,9/21/2016 3:23:34 AM,9/20/2022 10:42:05 PM,IN-STREAM ARRAY,IN-STREAM ARRAY,10/3/2013,7,Bull Trout,R,Resident,W,Wild Fish or Natural Production,"CHIWAT - Chiwawa River Trap, 0.5 km below CHIP acclimation pond",SCREWT,Screw Trap,224,1
3D9.1C2E0BE99C,NBD14267.AAZ,UWE - Upper Wenatchee River,9/24/2014 8:46:04 PM,9/24/2014 8:46:04 PM,IN-STREAM ARRAY,IN-STREAM ARRAY,9/24/2014,7,Bull Trout,R,Resident,W,Wild Fish or Natural Production,"CHIWAT - Chiwawa River Trap, 0.5 km below CHIP acclimation pond",SCREWT,Screw Trap,482,1
3D9.1C2E0BE9D8,TLM12275.AAZ,CHL - Lower Chiwawa River,10/10/2012 10:43:10 PM,4/10/2016 1:15:29 AM,LOWER IN-STREAM ARRAY,LOWER IN-STREAM ARRAY,10/10/2012,7,Bull Trout,R,Resident,W,Wild Fish or Natural Production,"CHIWAT - Chiwawa River Trap, 0.5 km below CHIP acclimation pond",SCREWT,Screw Trap,490,1
3D9.1C2E0BE9DD,CGS12160.TW2,MRC - Methow River at Carlton,10/18/2016 3:14:19 AM,10/18/2016 3:14:19 AM,Single Array,Single Array,7/14/2012,7,Bull Trout,R,Resident,W,Wild Fish or Natural Production,TWISPW - Twisp River Weir (WDFW),WTRAP,Weir Trap,510,1
3D9.1C2E0BE9DD,CGS12160.TW2,TWR - Lwr Twisp Rvr near MSRF Ponds,8/5/2012 4:33:33 AM,7/8/2017 10:42:31 PM,UPPER IN-STREAM ARRAY,LOWER IN-STREAM ARRAY,7/14/2012,7,Bull Trout,R,Resident,W,Wild Fish or Natural Production,TWISPW - Twisp River Weir (WDFW),WTRAP,Weir Trap,510,1
3D9.1C2E0BE9F2,CFM-2013-060-TUM.xml,NAL - Lower Nason Creek,7/9/2013 11:20:32 PM,7/9/2013 11:20:32 PM,UPPER IN-STREAM ARRAY,UPPER IN-STREAM ARRAY,6/24/2013,7,Bull Trout,R,Resident,W,Wild Fish or Natural Production,TUMFBY - TUM - Release into the Forebay within 0.5 km upstream of Dam,LADDER,Adult Passage Ladder,NA,1
3D9.1C2E0BE9F2,CFM-2013-060-TUM.xml,NAU - Upper Nason Creek,7/15/2013 5:08:10 AM,7/15/2013 5:08:23 AM,LOWER IN-STREAM ARRAY,UPPER IN-STREAM ARRAY,6/24/2013,7,Bull Trout,R,Resident,W,Wild Fish or Natural Production,TUMFBY - TUM - Release into the Forebay within 0.5 km upstream of Dam,LADDER,Adult Passage Ladder,NA,1
3D9.1C2E0BEA25,CGS14153.TW1,TWR - Lwr Twisp Rvr near MSRF Ponds,11/4/2014 4:30:43 AM,6/16/2015 1:38:10 AM,LOWER IN-STREAM ARRAY,UPPER IN-STREAM ARRAY,7/2/2014,7,Bull Trout,R,Resident,W,Wild Fish or Natural Production,TWISPW - Twisp River Weir (WDFW),WTRAP,Weir Trap,470,1
3D9.1C2E0BEA50,CFM12212.CHI,CHL - Lower Chiwawa River,9/26/2012 4:04:51 AM,9/26/2012 4:04:51 AM,LOWER IN-STREAM ARRAY,LOWER IN-STREAM ARRAY,8/2/2012,7,Bull Trout,R,Resident,W,Wild Fish or Natural Production,CHIWAR - Chiwawa River,WTRAP,Weir Trap,NA,1
3D9.1C2E0BEA50,CFM12212.CHI,CHU - Upper Chiwawa River,8/5/2012 10:03:40 PM,7/24/2013 12:26:04 AM,LOWER IN-STREAM ARRAY,LOWER IN-STREAM ARRAY,8/2/2012,7,Bull Trout,R,Resident,W,Wild Fish or Natural Production,CHIWAR - Chiwawa River,WTRAP,Weir Trap,NA,1
3D9.1C2E0BEA56,CFM-2013-060-TUM.xml,NAL - Lower Nason Creek,7/11/2013 11:35:45 PM,10/3/2013 7:46:43 PM,LOWER IN-STREAM ARRAY,LOWER IN-STREAM ARRAY,7/1/2013,7,Bull Trout,R,Resident,W,Wild Fish or Natural Production,TUMFBY - TUM - Release into the Forebay within 0.5 km upstream of Dam,LADDER,Adult Passage Ladder,NA,1
3D9.1C2E0BEA56,CFM-2013-060-TUM.xml,NAU - Upper Nason Creek,7/21/2013 12:22:55 AM,7/21/2013 12:23:11 AM,LOWER IN-STREAM ARRAY,UPPER IN-STREAM ARRAY,7/1/2013,7,Bull Trout,R,Resident,W,Wild Fish or Natural Production,TUMFBY - TUM - Release into the Forebay within 0.5 km upstream of Dam,LADDER,Adult Passage Ladder,NA,1
3D9.1C2E0BEA56,CFM-2013-060-TUM.xml,UWE - Upper Wenatchee River,11/15/2013 4:52:04 PM,4/10/2014 6:21:51 PM,IN-STREAM ARRAY,IN-STREAM ARRAY,7/1/2013,7,Bull Trout,R,Resident,W,Wild Fish or Natural Production,TUMFBY - TUM - Release into the Forebay within 0.5 km upstream of Dam,LADDER,Adult Passage Ladder,NA,1
3D9.1C2E0BEA5D,CFM12212.CHI,CHL - Lower Chiwawa River,8/2/2012 8:33:13 PM,8/5/2014 10:52:41 PM,LOWER IN-STREAM ARRAY,UPPER IN-STREAM ARRAY,8/2/2012,7,Bull Trout,R,Resident,W,Wild Fish or Natural Production,CHIWAR - Chiwawa River,WTRAP,Weir Trap,NA,1
3D9.1C2E0BEA5D,CFM12212.CHI,CHU - Upper Chiwawa River,8/17/2012 3:46:51 AM,8/8/2014 10:15:29 PM,UPPER IN-STREAM ARRAY,UPPER IN-STREAM ARRAY,8/2/2012,7,Bull Trout,R,Resident,W,Wild Fish or Natural Production,CHIWAR - Chiwawa River,WTRAP,Weir Trap,NA,1
3D9.1C2E0BEA5D,CFM12212.CHI,UWE - Upper Wenatchee River,9/27/2014 3:32:43 AM,9/27/2014 3:32:43 AM,IN-STREAM ARRAY,IN-STREAM ARRAY,8/2/2012,7,Bull Trout,R,Resident,W,Wild Fish or Natural Production,CHIWAR - Chiwawa River,WTRAP,Weir Trap,NA,1
3D9.1C2E0BEA71,TLM13277.AAZ,CHL - Lower Chiwawa River,9/23/2018 12:39:54 AM,9/23/2018 12:39:54 AM,UPPER IN-STREAM ARRAY,UPPER IN-STREAM ARRAY,10/4/2013,7,Bull Trout,R,Resident,W,Wild Fish or Natural Production,"CHIWAT - Chiwawa River Trap, 0.5 km below CHIP acclimation pond",SCREWT,Screw Trap,230,1
3D9.1C2E0BEA71,TLM13277.AAZ,CHU - Upper Chiwawa River,9/22/2018 8:57:18 PM,11/26/2020 7:26:14 AM,LOWER IN-STREAM ARRAY,LOWER IN-STREAM ARRAY,10/4/2013,7,Bull Trout,R,Resident,W,Wild Fish or Natural Production,"CHIWAT - Chiwawa River Trap, 0.5 km below CHIP acclimation pond",SCREWT,Screw Trap,230,1
3D9.1C2E0BEA71,TLM13277.AAZ,"WTL - White River, Wenatchee Basin",7/15/2016 2:46:36 AM,4/8/2020 10:37:21 PM,LOWER IN-STREAM ARRAY,UPPER IN-STREAM ARRAY,10/4/2013,7,Bull Trout,R,Resident,W,Wild Fish or Natural Production,"CHIWAT - Chiwawa River Trap, 0.5 km below CHIP acclimation pond",SCREWT,Screw Trap,230,1
3D9.1C2E0BEAA1,TLM12165.AAZ,CHL - Lower Chiwawa River,9/24/2016 12:04:06 AM,10/1/2017 11:05:40 PM,UPPER IN-STREAM ARRAY,LOWER IN-STREAM ARRAY,6/13/2012,7,Bull Trout,R,Resident,W,Wild Fish or Natural Production,"CHIWAT - Chiwawa River Trap, 0.5 km below CHIP acclimation pond",SCREWT,Screw Trap,191,1
3D9.1C2E0BEAA1,TLM12165.AAZ,CHU - Upper Chiwawa River,9/23/2016 9:00:20 PM,10/1/2017 7:34:06 PM,LOWER IN-STREAM ARRAY,UPPER IN-STREAM ARRAY,6/13/2012,7,Bull Trout,R,Resident,W,Wild Fish or Natural Production,"CHIWAT - Chiwawa River Trap, 0.5 km below CHIP acclimation pond",SCREWT,Screw Trap,191,1
3D9.1C2E0BEAA1,TLM12165.AAZ,UWE - Upper Wenatchee River,9/24/2016 3:43:47 AM,10/2/2017 3:02:28 AM,IN-STREAM ARRAY,IN-STREAM ARRAY,6/13/2012,7,Bull Trout,R,Resident,W,Wild Fish or Natural Production,"CHIWAT - Chiwawa River Trap, 0.5 km below CHIP acclimation pond",SCREWT,Screw Trap,191,1
3D9.1C2E0BEAA1,TLM12165.AAZ,"WTL - White River, Wenatchee Basin",9/10/2014 7:02:16 AM,10/22/2017 12:00:52 AM,LOWER IN-STREAM ARRAY,LOWER IN-STREAM ARRAY,6/13/2012,7,Bull Trout,R,Resident,W,Wild Fish or Natural Production,"CHIWAT - Chiwawa River Trap, 0.5 km below CHIP acclimation pond",SCREWT,Screw Trap,191,1
3D9.1C2E0BEAA6,CFM-2013-060-TUM.xml,CHW - Chiwaukum Creek,7/10/2013 6:12:24 AM,7/10/2013 6:14:59 AM,DOWNSTREAM ARRAY,UPSTREAM ARRAY,6/30/2013,7,Bull Trout,R,Resident,W,Wild Fish or Natural Production,TUMFBY - TUM - Release into the Forebay within 0.5 km upstream of Dam,LADDER,Adult Passage Ladder,NA,1
3D9.1C2E0BEAD1,TLM12303.AAZ,UWE - Upper Wenatchee River,11/14/2012 11:23:35 PM,11/14/2012 11:25:48 PM,IN-STREAM ARRAY,IN-STREAM ARRAY,10/29/2012,7,Bull Trout,R,Resident,W,Wild Fish or Natural Production,"CHIWAT - Chiwawa River Trap, 0.5 km below CHIP acclimation pond",SCREWT,Screw Trap,152,1
3D9.1C2E0BEADC,TLM13248.AAZ,CHL - Lower Chiwawa River,9/5/2013 11:46:02 AM,9/5/2013 11:46:02 AM,LOWER IN-STREAM ARRAY,LOWER IN-STREAM ARRAY,9/5/2013,7,Bull Trout,R,Resident,W,Wild Fish or Natural Production,"CHIWAT - Chiwawa River Trap, 0.5 km below CHIP acclimation pond",SCREWT,Screw Trap,224,1
3D9.1C2E0BEB3A,TLM12176.AAZ,CHL - Lower Chiwawa River,10/2/2016 12:33:51 AM,10/2/2016 12:33:51 AM,LOWER IN-STREAM ARRAY,LOWER IN-STREAM ARRAY,6/24/2012,7,Bull Trout,R,Resident,W,Wild Fish or Natural Production,"CHIWAT - Chiwawa River Trap, 0.5 km below CHIP acclimation pond",SCREWT,Screw Trap,198,1
3D9.1C2E0BEB3A,TLM12176.AAZ,CHU - Upper Chiwawa River,10/1/2016 8:03:01 PM,10/2/2018 1:26:10 AM,UPPER IN-STREAM ARRAY,LOWER IN-STREAM ARRAY,6/24/2012,7,Bull Trout,R,Resident,W,Wild Fish or Natural Production,"CHIWAT - Chiwawa River Trap, 0.5 km below CHIP acclimation pond",SCREWT,Screw Trap,198,1
3D9.1C2E0BEB3A,TLM12176.AAZ,UWE - Upper Wenatchee River,10/2/2016 4:01:11 AM,12/27/2018 10:43:40 PM,IN-STREAM ARRAY,IN-STREAM ARRAY,6/24/2012,7,Bull Trout,R,Resident,W,Wild Fish or Natural Production,"CHIWAT - Chiwawa River Trap, 0.5 km below CHIP acclimation pond",SCREWT,Screw Trap,198,1
3D9.1C2E0BEB56,CFM12212.CHI,CHL - Lower Chiwawa River,9/25/2012 3:48:16 AM,7/13/2013 10:51:30 PM,UPPER IN-STREAM ARRAY,UPPER IN-STREAM ARRAY,8/1/2012,7,Bull Trout,R,Resident,W,Wild Fish or Natural Production,CHIWAR - Chiwawa River,WTRAP,Weir Trap,NA,1
3D9.1C2E0BEB56,CFM12212.CHI,CHU - Upper Chiwawa River,8/1/2012 2:31:17 PM,7/17/2013 4:21:49 AM,LOWER IN-STREAM ARRAY,LOWER IN-STREAM ARRAY,8/1/2012,7,Bull Trout,R,Resident,W,Wild Fish or Natural Production,CHIWAR - Chiwawa River,WTRAP,Weir Trap,NA,1
3D9.1C2E0BEB56,CFM12212.CHI,"WTL - White River, Wenatchee Basin",11/5/2012 10:19:16 PM,1/14/2014 2:42:32 AM,UPPER IN-STREAM ARRAY,LOWER IN-STREAM ARRAY,8/1/2012,7,Bull Trout,R,Resident,W,Wild Fish or Natural Production,CHIWAR - Chiwawa River,WTRAP,Weir Trap,NA,1
3D9.1C2E0BEBB9,CGS14153.TW1,"GLC - Gold Creek, Methow River",7/13/2014 8:28:30 AM,7/13/2014 4:34:18 PM,LOWER IN-STREAM ARRAY,LOWER IN-STREAM ARRAY,7/2/2014,7,Bull Trout,R,Resident,W,Wild Fish or Natural Production,TWISPW - Twisp River Weir (WDFW),WTRAP,Weir Trap,610,1
3D9.1C2E0BEBE2,TLM12241.AAZ,CHL - Lower Chiwawa River,9/27/2016 2:36:55 AM,10/9/2018 1:47:32 AM,LOWER IN-STREAM ARRAY,UPPER IN-STREAM ARRAY,8/28/2012,7,Bull Trout,R,Resident,W,Wild Fish or Natural Production,"CHIWAT - Chiwawa River Trap, 0.5 km below CHIP acclimation pond",SCREWT,Screw Trap,221,1
3D9.1C2E0BEBE2,TLM12241.AAZ,CHU - Upper Chiwawa River,8/10/2016 3:50:20 AM,10/8/2018 9:44:53 PM,UPPER IN-STREAM ARRAY,LOWER IN-STREAM ARRAY,8/28/2012,7,Bull Trout,R,Resident,W,Wild Fish or Natural Production,"CHIWAT - Chiwawa River Trap, 0.5 km below CHIP acclimation pond",SCREWT,Screw Trap,221,1
3D9.1C2E0BEBE2,TLM12241.AAZ,UWE - Upper Wenatchee River,9/27/2016 10:11:47 AM,10/9/2018 9:30:09 PM,IN-STREAM ARRAY,IN-STREAM ARRAY,8/28/2012,7,Bull Trout,R,Resident,W,Wild Fish or Natural Production,"CHIWAT - Chiwawa River Trap, 0.5 km below CHIP acclimation pond",SCREWT,Screw Trap,221,1
3D9.1C2E0BEBE2,TLM12241.AAZ,"WTL - White River, Wenatchee Basin",7/5/2015 1:22:37 AM,8/27/2019 11:35:49 PM,UPPER IN-STREAM ARRAY,UPPER IN-STREAM ARRAY,8/28/2012,7,Bull Trout,R,Resident,W,Wild Fish or Natural Production,"CHIWAT - Chiwawa River Trap, 0.5 km below CHIP acclimation pond",SCREWT,Screw Trap,221,1
3D9.1C2E0BEBEB,TLM12322.AAZ,UWE - Upper Wenatchee River,11/22/2012 8:20:07 AM,11/22/2012 4:29:42 PM,IN-STREAM ARRAY,IN-STREAM ARRAY,11/19/2012,7,Bull Trout,R,Resident,W,Wild Fish or Natural Production,"CHIWAT - Chiwawa River Trap, 0.5 km below CHIP acclimation pond",SCREWT,Screw Trap,153,1
3D9.1C2E0BEC06,TLM12252.AAZ,CHL - Lower Chiwawa River,9/25/2019 3:26:37 AM,9/22/2022 11:07:22 PM,LOWER IN-STREAM ARRAY,LOWER IN-STREAM ARRAY,9/7/2012,7,Bull Trout,R,Resident,W,Wild Fish or Natural Production,"CHIWAT - Chiwawa River Trap, 0.5 km below CHIP acclimation pond",SCREWT,Screw Trap,231,1
3D9.1C2E0BEC06,TLM12252.AAZ,CHU - Upper Chiwawa River,6/13/2016 1:36:35 AM,9/21/2021 2:36:40 AM,UPPER IN-STREAM ARRAY,LOWER IN-STREAM ARRAY,9/7/2012,7,Bull Trout,R,Resident,W,Wild Fish or Natural Production,"CHIWAT - Chiwawa River Trap, 0.5 km below CHIP acclimation pond",SCREWT,Screw Trap,231,1
3D9.1C2E0BEC06,TLM12252.AAZ,NAL - Lower Nason Creek,11/4/2019 10:02:36 PM,11/5/2021 10:10:51 PM,UPPER IN-STREAM ARRAY,LOWER IN-STREAM ARRAY,9/7/2012,7,Bull Trout,R,Resident,W,Wild Fish or Natural Production,"CHIWAT - Chiwawa River Trap, 0.5 km below CHIP acclimation pond",SCREWT,Screw Trap,231,1
3D9.1C2E0BEC06,TLM12252.AAZ,UWE - Upper Wenatchee River,6/9/2015 12:36:25 AM,9/23/2022 2:00:40 AM,IN-STREAM ARRAY,IN-STREAM ARRAY,9/7/2012,7,Bull Trout,R,Resident,W,Wild Fish or Natural Production,"CHIWAT - Chiwawa River Trap, 0.5 km below CHIP acclimation pond",SCREWT,Screw Trap,231,1
3D9.1C2E0BED26,TLM12207.AAZ,CHL - Lower Chiwawa River,6/14/2015 9:40:06 PM,9/20/2016 8:47:07 PM,UPPER IN-STREAM ARRAY,UPPER IN-STREAM ARRAY,7/25/2012,7,Bull Trout,R,Resident,W,Wild Fish or Natural Production,"CHIWAT - Chiwawa River Trap, 0.5 km below CHIP acclimation pond",SCREWT,Screw Trap,187,1
3D9.1C2E0BED26,TLM12207.AAZ,CHU - Upper Chiwawa River,6/19/2015 12:05:25 AM,9/23/2018 11:35:49 PM,UPPER IN-STREAM ARRAY,LOWER IN-STREAM ARRAY,7/25/2012,7,Bull Trout,R,Resident,W,Wild Fish or Natural Production,"CHIWAT - Chiwawa River Trap, 0.5 km below CHIP acclimation pond",SCREWT,Screw Trap,187,1
3D9.1C2E0BED26,TLM12207.AAZ,NAL - Lower Nason Creek,4/23/2017 11:30:02 PM,5/7/2018 6:32:16 AM,LOWER IN-STREAM ARRAY,LOWER IN-STREAM ARRAY,7/25/2012,7,Bull Trout,R,Resident,W,Wild Fish or Natural Production,"CHIWAT - Chiwawa River Trap, 0.5 km below CHIP acclimation pond",SCREWT,Screw Trap,187,1
3D9.1C2E0BED26,TLM12207.AAZ,UWE - Upper Wenatchee River,9/22/2015 12:30:56 AM,9/28/2017 2:33:35 AM,IN-STREAM ARRAY,IN-STREAM ARRAY,7/25/2012,7,Bull Trout,R,Resident,W,Wild Fish or Natural Production,"CHIWAT - Chiwawa River Trap, 0.5 km below CHIP acclimation pond",SCREWT,Screw Trap,187,1
3D9.1C2E0BED7F,TLM12252.AAZ,CHL - Lower Chiwawa River,9/8/2012 2:32:12 PM,9/8/2012 2:33:18 PM,LOWER IN-STREAM ARRAY,UPPER IN-STREAM ARRAY,9/7/2012,7,Bull Trout,R,Resident,W,Wild Fish or Natural Production,"CHIWAT - Chiwawa River Trap, 0.5 km below CHIP acclimation pond",SCREWT,Screw Trap,243,1
3D9.1C2E0BF173,CFM-2013-060-TUM.xml,CHW - Chiwaukum Creek,7/14/2013 12:06:26 AM,7/14/2013 12:08:33 AM,DOWNSTREAM ARRAY,UPSTREAM ARRAY,7/1/2013,7,Bull Trout,R,Resident,W,Wild Fish or Natural Production,TUMFBY - TUM - Release into the Forebay within 0.5 km upstream of Dam,LADDER,Adult Passage Ladder,NA,1
3D9.1C2E0BF18C,TLM12262.AAZ,CHL - Lower Chiwawa River,6/23/2015 2:51:09 AM,10/9/2017 10:47:07 PM,LOWER IN-STREAM ARRAY,LOWER IN-STREAM ARRAY,9/26/2012,7,Bull Trout,R,Resident,W,Wild Fish or Natural Production,"CHIWAT - Chiwawa River Trap, 0.5 km below CHIP acclimation pond",SCREWT,Screw Trap,221,1
3D9.1C2E0BF18C,TLM12262.AAZ,CHU - Upper Chiwawa River,9/27/2015 2:55:33 AM,10/9/2017 1:40:28 AM,LOWER IN-STREAM ARRAY,LOWER IN-STREAM ARRAY,9/26/2012,7,Bull Trout,R,Resident,W,Wild Fish or Natural Production,"CHIWAT - Chiwawa River Trap, 0.5 km below CHIP acclimation pond",SCREWT,Screw Trap,221,1
3D9.1C2E0BF18C,TLM12262.AAZ,UWE - Upper Wenatchee River,9/28/2015 3:56:44 AM,10/11/2017 4:24:54 AM,IN-STREAM ARRAY,IN-STREAM ARRAY,9/26/2012,7,Bull Trout,R,Resident,W,Wild Fish or Natural Production,"CHIWAT - Chiwawa River Trap, 0.5 km below CHIP acclimation pond",SCREWT,Screw Trap,221,1
3D9.1C2E0BF1AF,CFM-2013-060-TUM.xml,NAL - Lower Nason Creek,7/7/2013 12:02:27 AM,7/7/2013 12:02:27 AM,UPPER IN-STREAM ARRAY,UPPER IN-STREAM ARRAY,6/28/2013,7,Bull Trout,R,Resident,W,Wild Fish or Natural Production,TUMFBY - TUM - Release into the Forebay within 0.5 km upstream of Dam,LADDER,Adult Passage Ladder,NA,1
3D9.1C2E0BF1AF,CFM-2013-060-TUM.xml,NAU - Upper Nason Creek,7/9/2013 10:59:26 PM,7/9/2013 10:59:26 PM,UPPER IN-STREAM ARRAY,UPPER IN-STREAM ARRAY,6/28/2013,7,Bull Trout,R,Resident,W,Wild Fish or Natural Production,TUMFBY - TUM - Release into the Forebay within 0.5 km upstream of Dam,LADDER,Adult Passage Ladder,NA,1
3D9.1C2E0BF1E9,TLM12262.AAZ,CHL - Lower Chiwawa River,9/29/2012 12:42:15 PM,9/29/2012 7:08:34 PM,LOWER IN-STREAM ARRAY,LOWER IN-STREAM ARRAY,9/29/2012,7,Bull Trout,R,Resident,W,Wild Fish or Natural Production,"CHIWAT - Chiwawa River Trap, 0.5 km below CHIP acclimation pond",SCREWT,Screw Trap,280,1
3D9.1C2E0BF31A,TLM12227.AAZ,CHL - Lower Chiwawa River,10/19/2014 6:13:08 AM,10/19/2014 6:42:27 AM,LOWER IN-STREAM ARRAY,LOWER IN-STREAM ARRAY,8/14/2012,7,Bull Trout,R,Resident,W,Wild Fish or Natural Production,"CHIWAT - Chiwawa River Trap, 0.5 km below CHIP acclimation pond",SCREWT,Screw Trap,420,1
3D9.1C2E0BF31A,TLM12227.AAZ,"WTL - White River, Wenatchee Basin",5/1/2014 4:38:45 PM,5/1/2014 4:39:21 PM,LOWER IN-STREAM ARRAY,UPPER IN-STREAM ARRAY,8/14/2012,7,Bull Trout,R,Resident,W,Wild Fish or Natural Production,"CHIWAT - Chiwawa River Trap, 0.5 km below CHIP acclimation pond",SCREWT,Screw Trap,420,1
3D9.1C2E0BF350,CGS14153.TW1,TWR - Lwr Twisp Rvr near MSRF Ponds,7/17/2014 10:21:45 PM,6/12/2015 10:28:06 PM,LOWER IN-STREAM ARRAY,UPPER IN-STREAM ARRAY,7/2/2014,7,Bull Trout,R,Resident,W,Wild Fish or Natural Production,TWISPW - Twisp River Weir (WDFW),WTRAP,Weir Trap,620,1
3D9.1C2E0BF360,TLM12267.AAZ,CHL - Lower Chiwawa River,9/23/2012 4:17:09 PM,7/18/2013 3:02:37 AM,LOWER IN-STREAM ARRAY,UPPER IN-STREAM ARRAY,9/23/2012,7,Bull Trout,R,Resident,W,Wild Fish or Natural Production,"CHIWAT - Chiwawa River Trap, 0.5 km below CHIP acclimation pond",SCREWT,Screw Trap,490,1
3D9.1C2E0BF360,TLM12267.AAZ,CHU - Upper Chiwawa River,7/27/2014 10:01:52 PM,7/27/2014 10:01:52 PM,LOWER IN-STREAM ARRAY,LOWER IN-STREAM ARRAY,9/23/2012,7,Bull Trout,R,Resident,W,Wild Fish or Natural Production,"CHIWAT - Chiwawa River Trap, 0.5 km below CHIP acclimation pond",SCREWT,Screw Trap,490,1
3D9.1C2E0BF38F,TLM12260.AAZ,CHU - Upper Chiwawa River,6/24/2013 3:27:34 AM,6/24/2013 3:27:34 AM,LOWER IN-STREAM ARRAY,LOWER IN-STREAM ARRAY,9/16/2012,7,Bull Trout,R,Resident,W,Wild Fish or Natural Production,"CHIWAT - Chiwawa River Trap, 0.5 km below CHIP acclimation pond",SCREWT,Screw Trap,365,1
3D9.1C2E0BF398,TLM12282.AAZ,CHL - Lower Chiwawa River,8/9/2016 1:33:18 AM,9/26/2016 3:58:00 AM,LOWER IN-STREAM ARRAY,LOWER IN-STREAM ARRAY,10/8/2012,7,Bull Trout,R,Resident,W,Wild Fish or Natural Production,"CHIWAT - Chiwawa River Trap, 0.5 km below CHIP acclimation pond",SCREWT,Screw Trap,248,1
3D9.1C2E0BF398,TLM12282.AAZ,CHU - Upper Chiwawa River,8/11/2016 2:58:35 AM,9/26/2016 12:31:11 AM,LOWER IN-STREAM ARRAY,UPPER IN-STREAM ARRAY,10/8/2012,7,Bull Trout,R,Resident,W,Wild Fish or Natural Production,"CHIWAT - Chiwawa River Trap, 0.5 km below CHIP acclimation pond",SCREWT,Screw Trap,248,1
3D9.1C2E0BF398,TLM12282.AAZ,UWE - Upper Wenatchee River,8/7/2016 10:39:25 PM,9/26/2016 7:31:55 PM,IN-STREAM ARRAY,IN-STREAM ARRAY,10/8/2012,7,Bull Trout,R,Resident,W,Wild Fish or Natural Production,"CHIWAT - Chiwawa River Trap, 0.5 km below CHIP acclimation pond",SCREWT,Screw Trap,248,1
3D9.1C2E0BF3FC,TLM13270.AAZ,CHU - Upper Chiwawa River,7/21/2018 10:11:09 PM,6/21/2023 7:29:07 AM,UPPER IN-STREAM ARRAY,LOWER IN-STREAM ARRAY,9/27/2013,7,Bull Trout,R,Resident,W,Wild Fish or Natural Production,"CHIWAT - Chiwawa River Trap, 0.5 km below CHIP acclimation pond",SCREWT,Screw Trap,222,1
3D9.1C2E0BF3FC,TLM13270.AAZ,UWE - Upper Wenatchee River,9/29/2018 6:18:07 AM,9/29/2021 10:45:06 PM,IN-STREAM ARRAY,IN-STREAM ARRAY,9/27/2013,7,Bull Trout,R,Resident,W,Wild Fish or Natural Production,"CHIWAT - Chiwawa River Trap, 0.5 km below CHIP acclimation pond",SCREWT,Screw Trap,222,1
3D9.1C2E0BF41D,CFM-2013-060-TUM.xml,CHW - Chiwaukum Creek,7/14/2013 12:37:39 AM,6/7/2015 6:00:15 AM,DOWNSTREAM ARRAY,UPSTREAM ARRAY,6/17/2013,7,Bull Trout,R,Resident,W,Wild Fish or Natural Production,TUMFBY - TUM - Release into the Forebay within 0.5 km upstream of Dam,LADDER,Adult Passage Ladder,NA,1
3D9.1C2E0BF41D,CFM-2013-060-TUM.xml,TUF - Tumwater Dam Adult Fishway,11/14/2013 5:10:02 PM,11/14/2013 5:34:36 PM,WEIR 14,WEIR 17,6/17/2013,7,Bull Trout,R,Resident,W,Wild Fish or Natural Production,TUMFBY - TUM - Release into the Forebay within 0.5 km upstream of Dam,LADDER,Adult Passage Ladder,NA,1
3D9.1C2E0BF421,TLM13281.AAZ,CHL - Lower Chiwawa River,7/8/2016 9:20:52 PM,9/13/2017 8:43:05 PM,LOWER IN-STREAM ARRAY,LOWER IN-STREAM ARRAY,10/8/2013,7,Bull Trout,R,Resident,W,Wild Fish or Natural Production,"CHIWAT - Chiwawa River Trap, 0.5 km below CHIP acclimation pond",SCREWT,Screw Trap,218,1
3D9.1C2E0BF421,TLM13281.AAZ,CHU - Upper Chiwawa River,9/30/2016 1:58:02 AM,9/12/2017 7:59:40 PM,UPPER IN-STREAM ARRAY,LOWER IN-STREAM ARRAY,10/8/2013,7,Bull Trout,R,Resident,W,Wild Fish or Natural Production,"CHIWAT - Chiwawa River Trap, 0.5 km below CHIP acclimation pond",SCREWT,Screw Trap,218,1
3D9.1C2E0BF421,TLM13281.AAZ,UWE - Upper Wenatchee River,9/30/2016 11:29:48 PM,9/19/2017 12:28:27 AM,IN-STREAM ARRAY,IN-STREAM ARRAY,10/8/2013,7,Bull Trout,R,Resident,W,Wild Fish or Natural Production,"CHIWAT - Chiwawa River Trap, 0.5 km below CHIP acclimation pond",SCREWT,Screw Trap,218,1
3D9.1C2E0BF432,NBD14271.AAZ,CHL - Lower Chiwawa River,9/28/2014 12:21:23 PM,10/1/2014 8:15:19 PM,LOWER IN-STREAM ARRAY,LOWER IN-STREAM ARRAY,9/28/2014,7,Bull Trout,R,Resident,W,Wild Fish or Natural Production,"CHIWAT - Chiwawa River Trap, 0.5 km below CHIP acclimation pond",SCREWT,Screw Trap,238,1
3D9.1C2E0BF432,NBD14271.AAZ,UWE - Upper Wenatchee River,10/3/2014 6:56:38 PM,7/7/2017 2:30:57 AM,IN-STREAM ARRAY,IN-STREAM ARRAY,9/28/2014,7,Bull Trout,R,Resident,W,Wild Fish or Natural Production,"CHIWAT - Chiwawa River Trap, 0.5 km below CHIP acclimation pond",SCREWT,Screw Trap,238,1
3D9.1C2E0BF44F,TLM13268.AAZ,CHL - Lower Chiwawa River,7/15/2016 2:44:11 AM,7/15/2016 2:44:11 AM,UPPER IN-STREAM ARRAY,UPPER IN-STREAM ARRAY,9/14/2013,7,Bull Trout,R,Resident,W,Wild Fish or Natural Production,"CHIWAT - Chiwawa River Trap, 0.5 km below CHIP acclimation pond",SCREWT,Screw Trap,112,1
3D9.1C2E0BF44F,TLM13268.AAZ,CHU - Upper Chiwawa River,7/16/2016 8:32:01 PM,7/16/2016 8:32:25 PM,LOWER IN-STREAM ARRAY,UPPER IN-STREAM ARRAY,9/14/2013,7,Bull Trout,R,Resident,W,Wild Fish or Natural Production,"CHIWAT - Chiwawa River Trap, 0.5 km below CHIP acclimation pond",SCREWT,Screw Trap,112,1
3D9.1C2E0BF456,CFM-2013-060-TUM.xml,CHL - Lower Chiwawa River,10/4/2013 2:45:35 AM,10/4/2013 2:45:35 AM,LOWER IN-STREAM ARRAY,LOWER IN-STREAM ARRAY,6/28/2013,7,Bull Trout,R,Resident,W,Wild Fish or Natural Production,TUMFBY - TUM - Release into the Forebay within 0.5 km upstream of Dam,LADDER,Adult Passage Ladder,NA,1
3D9.1C2E0BF456,CFM-2013-060-TUM.xml,CHU - Upper Chiwawa River,7/14/2013 12:37:43 AM,7/14/2013 12:37:43 AM,LOWER IN-STREAM ARRAY,LOWER IN-STREAM ARRAY,6/28/2013,7,Bull Trout,R,Resident,W,Wild Fish or Natural Production,TUMFBY - TUM - Release into the Forebay within 0.5 km upstream of Dam,LADDER,Adult Passage Ladder,NA,1
3D9.1C2E0BF456,CFM-2013-060-TUM.xml,TUF - Tumwater Dam Adult Fishway,6/26/2014 10:33:55 AM,7/5/2014 10:13:41 AM,WEIR 14,WEIR 14,6/28/2013,7,Bull Trout,R,Resident,W,Wild Fish or Natural Production,TUMFBY - TUM - Release into the Forebay within 0.5 km upstream of Dam,LADDER,Adult Passage Ladder,NA,1
3D9.1C2E0BF481,CGS12160.TW2,TWR - Lwr Twisp Rvr near MSRF Ponds,7/22/2012 10:39:22 PM,7/29/2012 10:29:43 PM,LOWER IN-STREAM ARRAY,LOWER IN-STREAM ARRAY,7/18/2012,7,Bull Trout,R,Resident,W,Wild Fish or Natural Production,TWISPW - Twisp River Weir (WDFW),WTRAP,Weir Trap,490,1
3D9.1C2E0BF499,NBD14269.AAZ,CHL - Lower Chiwawa River,9/26/2014 2:34:50 PM,9/27/2014 1:56:56 AM,LOWER IN-STREAM ARRAY,LOWER IN-STREAM ARRAY,9/26/2014,7,Bull Trout,R,Resident,W,Wild Fish or Natural Production,"CHIWAT - Chiwawa River Trap, 0.5 km below CHIP acclimation pond",SCREWT,Screw Trap,258,1
3D9.1C2E0BF499,NBD14269.AAZ,UWE - Upper Wenatchee River,9/28/2014 10:18:45 AM,9/28/2014 10:18:45 AM,IN-STREAM ARRAY,IN-STREAM ARRAY,9/26/2014,7,Bull Trout,R,Resident,W,Wild Fish or Natural Production,"CHIWAT - Chiwawa River Trap, 0.5 km below CHIP acclimation pond",SCREWT,Screw Trap,258,1
3D9.1C2E0BF4B5,CFM12212.CHI,CHL - Lower Chiwawa River,9/26/2012 12:58:43 AM,9/26/2012 12:58:53 AM,UPPER IN-STREAM ARRAY,LOWER IN-STREAM ARRAY,8/2/2012,7,Bull Trout,R,Resident,W,Wild Fish or Natural Production,CHIWAR - Chiwawa River,WTRAP,Weir Trap,NA,1
3D9.1C2E0BF4B5,CFM12212.CHI,CHU - Upper Chiwawa River,8/12/2012 10:47:09 PM,9/25/2012 8:25:52 PM,UPPER IN-STREAM ARRAY,UPPER IN-STREAM ARRAY,8/2/2012,7,Bull Trout,R,Resident,W,Wild Fish or Natural Production,CHIWAR - Chiwawa River,WTRAP,Weir Trap,NA,1
3D9.1C2E0BF4DD,CFM-2013-060-TUM.xml,CHW - Chiwaukum Creek,7/17/2013 11:52:41 PM,9/4/2014 7:58:30 AM,DOWNSTREAM ARRAY,DOWNSTREAM ARRAY,7/4/2013,7,Bull Trout,R,Resident,W,Wild Fish or Natural Production,TUMFBY - TUM - Release into the Forebay within 0.5 km upstream of Dam,LADDER,Adult Passage Ladder,NA,1
3D9.1C2E0BF4DD,CFM-2013-060-TUM.xml,ICL - Lower Icicle Instream Array,9/15/2013 12:43:54 AM,9/16/2013 12:05:50 AM,INSTREAM ARRAY,INSTREAM ARRAY,7/4/2013,7,Bull Trout,R,Resident,W,Wild Fish or Natural Production,TUMFBY - TUM - Release into the Forebay within 0.5 km upstream of Dam,LADDER,Adult Passage Ladder,NA,1
3D9.1C2E0BF4DD,CFM-2013-060-TUM.xml,LWE - Lower Wenatchee River,9/18/2013 6:17:43 AM,9/20/2013 4:00:11 PM,DOWNSTREAM ANTENNA ARRAY,DOWNSTREAM ANTENNA ARRAY,7/4/2013,7,Bull Trout,R,Resident,W,Wild Fish or Natural Production,TUMFBY - TUM - Release into the Forebay within 0.5 km upstream of Dam,LADDER,Adult Passage Ladder,NA,1
3D9.1C2E0BF4DD,CFM-2013-060-TUM.xml,TUF - Tumwater Dam Adult Fishway,7/3/2014 9:17:13 PM,7/3/2014 10:28:58 PM,WEIR 14,WEIR 17,7/4/2013,7,Bull Trout,R,Resident,W,Wild Fish or Natural Production,TUMFBY - TUM - Release into the Forebay within 0.5 km upstream of Dam,LADDER,Adult Passage Ladder,NA,1
3D9.1C2E0BF4E9,CFM-2013-060-TUM.xml,CHW - Chiwaukum Creek,7/15/2013 12:02:00 AM,9/23/2013 8:09:13 PM,DOWNSTREAM ARRAY,DOWNSTREAM ARRAY,7/2/2013,7,Bull Trout,R,Resident,W,Wild Fish or Natural Production,TUMFBY - TUM - Release into the Forebay within 0.5 km upstream of Dam,LADDER,Adult Passage Ladder,NA,1
3D9.1C2E0BF4E9,CFM-2013-060-TUM.xml,LWE - Lower Wenatchee River,5/29/2014 7:12:03 AM,5/29/2014 7:12:17 AM,DOWNSTREAM ANTENNA ARRAY,UPSTREAM ANTENNA ARRAY,7/2/2013,7,Bull Trout,R,Resident,W,Wild Fish or Natural Production,TUMFBY - TUM - Release into the Forebay within 0.5 km upstream of Dam,LADDER,Adult Passage Ladder,NA,1
3D9.1C2E0BF4E9,CFM-2013-060-TUM.xml,TUF - Tumwater Dam Adult Fishway,7/2/2014 8:57:56 AM,7/18/2014 2:35:44 PM,WEIR 14,WEIR 17,7/2/2013,7,Bull Trout,R,Resident,W,Wild Fish or Natural Production,TUMFBY - TUM - Release into the Forebay within 0.5 km upstream of Dam,LADDER,Adult Passage Ladder,NA,1
3D9.1C2E0BF572,CGS14153.TW1,MRC - Methow River at Carlton,6/19/2016 2:36:45 AM,6/30/2017 8:59:23 PM,Single Array,Single Array,7/7/2014,7,Bull Trout,R,Resident,W,Wild Fish or Natural Production,TWISPW - Twisp River Weir (WDFW),WTRAP,Weir Trap,470,1
3D9.1C2E0BF572,CGS14153.TW1,TWR - Lwr Twisp Rvr near MSRF Ponds,7/11/2014 10:25:00 PM,7/3/2017 11:09:10 PM,LOWER IN-STREAM ARRAY,UPPER IN-STREAM ARRAY,7/7/2014,7,Bull Trout,R,Resident,W,Wild Fish or Natural Production,TWISPW - Twisp River Weir (WDFW),WTRAP,Weir Trap,470,1
3D9.1C2E0BF572,CGS14153.TW1,"WEA - Wells Dam, DCPUD Adult Ladders",5/20/2015 4:28:11 PM,5/29/2017 4:31:01 PM,LEFT LADDER POOL 19,Left Ladder Pool 68,7/7/2014,7,Bull Trout,R,Resident,W,Wild Fish or Natural Production,TWISPW - Twisp River Weir (WDFW),WTRAP,Weir Trap,470,1
3D9.1C2E0BF591,NBD14267.AAZ,CHL - Lower Chiwawa River,9/24/2016 10:19:52 PM,9/24/2016 10:19:52 PM,LOWER IN-STREAM ARRAY,LOWER IN-STREAM ARRAY,9/24/2014,7,Bull Trout,R,Resident,W,Wild Fish or Natural Production,"CHIWAT - Chiwawa River Trap, 0.5 km below CHIP acclimation pond",SCREWT,Screw Trap,463,1
3D9.1C2E0BF591,NBD14267.AAZ,CHU - Upper Chiwawa River,7/17/2016 6:33:42 AM,9/24/2016 4:34:07 AM,LOWER IN-STREAM ARRAY,LOWER IN-STREAM ARRAY,9/24/2014,7,Bull Trout,R,Resident,W,Wild Fish or Natural Production,"CHIWAT - Chiwawa River Trap, 0.5 km below CHIP acclimation pond",SCREWT,Screw Trap,463,1
3D9.1C2E0BF591,NBD14267.AAZ,UWE - Upper Wenatchee River,9/25/2016 2:56:39 AM,9/25/2016 2:56:39 AM,IN-STREAM ARRAY,IN-STREAM ARRAY,9/24/2014,7,Bull Trout,R,Resident,W,Wild Fish or Natural Production,"CHIWAT - Chiwawa River Trap, 0.5 km below CHIP acclimation pond",SCREWT,Screw Trap,463,1
3D9.1C2E0BF5B3,CFM-2013-060-TUM.xml,CHW - Chiwaukum Creek,7/7/2013 11:56:36 AM,7/7/2013 11:57:12 AM,DOWNSTREAM ARRAY,UPSTREAM ARRAY,6/19/2013,7,Bull Trout,R,Resident,W,Wild Fish or Natural Production,TUMFBY - TUM - Release into the Forebay within 0.5 km upstream of Dam,LADDER,Adult Passage Ladder,NA,1
3D9.1C2E0BF5E4,CFM12212.CHI,CHL - Lower Chiwawa River,10/5/2012 7:59:04 PM,10/1/2017 5:09:08 AM,LOWER IN-STREAM ARRAY,LOWER IN-STREAM ARRAY,7/31/2012,7,Bull Trout,R,Resident,W,Wild Fish or Natural Production,CHIWAR - Chiwawa River,WTRAP,Weir Trap,NA,1
3D9.1C2E0BF5E4,CFM12212.CHI,CHU - Upper Chiwawa River,8/5/2012 8:39:58 PM,10/1/2017 12:42:24 AM,LOWER IN-STREAM ARRAY,UPPER IN-STREAM ARRAY,7/31/2012,7,Bull Trout,R,Resident,W,Wild Fish or Natural Production,CHIWAR - Chiwawa River,WTRAP,Weir Trap,NA,1
3D9.1C2E0BF5E4,CFM12212.CHI,UWE - Upper Wenatchee River,9/29/2014 1:12:21 AM,10/1/2017 8:54:56 PM,IN-STREAM ARRAY,IN-STREAM ARRAY,7/31/2012,7,Bull Trout,R,Resident,W,Wild Fish or Natural Production,CHIWAR - Chiwawa River,WTRAP,Weir Trap,NA,1
3D9.1C2E0BF613,CFM-2013-060-TUM.xml,CHW - Chiwaukum Creek,7/12/2013 3:31:15 AM,7/12/2013 3:34:12 AM,DOWNSTREAM ARRAY,UPSTREAM ARRAY,7/5/2013,7,Bull Trout,R,Resident,W,Wild Fish or Natural Production,TUMFBY - TUM - Release into the Forebay within 0.5 km upstream of Dam,LADDER,Adult Passage Ladder,NA,1
3D9.1C2E0BF625,CFM-2013-060-TUM.xml,CHW - Chiwaukum Creek,7/18/2013 4:59:21 AM,7/18/2013 5:00:35 AM,DOWNSTREAM ARRAY,UPSTREAM ARRAY,7/8/2013,7,Bull Trout,R,Resident,W,Wild Fish or Natural Production,TUMFBY - TUM - Release into the Forebay within 0.5 km upstream of Dam,LADDER,Adult Passage Ladder,NA,1
3D9.1C2E0BF657,TLM12275.AAZ,UWE - Upper Wenatchee River,10/14/2012 5:30:38 PM,10/14/2012 5:30:38 PM,IN-STREAM ARRAY,IN-STREAM ARRAY,10/13/2012,7,Bull Trout,R,Resident,W,Wild Fish or Natural Production,"CHIWAT - Chiwawa River Trap, 0.5 km below CHIP acclimation pond",SCREWT,Screw Trap,185,1
3D9.1C2E0BF6E6,CGS-2020-042-HL1.xml,MRC - Methow River at Carlton,6/13/2021 12:08:53 AM,9/20/2022 1:54:19 AM,Single Array,Single Array,3/8/2021,7,Bull Trout,R,Resident,W,Wild Fish or Natural Production,METHR - Methow River,HOOK,Hook and Line,530,1
3D9.1C2E0BF6E6,CGS-2020-042-HL1.xml,TWR - Lwr Twisp Rvr near MSRF Ponds,9/10/2021 10:56:57 PM,9/16/2022 8:19:01 PM,UPPER IN-STREAM ARRAY,LOWER IN-STREAM ARRAY,3/8/2021,7,Bull Trout,R,Resident,W,Wild Fish or Natural Production,METHR - Methow River,HOOK,Hook and Line,530,1
3D9.1C2E0BF722,CGS14153.TW1,TWR - Lwr Twisp Rvr near MSRF Ponds,7/28/2014 9:56:36 PM,7/9/2017 5:53:45 PM,LOWER IN-STREAM ARRAY,UPPER IN-STREAM ARRAY,7/8/2014,7,Bull Trout,R,Resident,W,Wild Fish or Natural Production,TWISPW - Twisp River Weir (WDFW),WTRAP,Weir Trap,600,1
3D9.1C2E0BF754,TLM12292.AAZ,UWE - Upper Wenatchee River,10/24/2012 8:40:26 PM,10/24/2012 8:40:26 PM,IN-STREAM ARRAY,IN-STREAM ARRAY,10/18/2012,7,Bull Trout,R,Resident,W,Wild Fish or Natural Production,"CHIWAT - Chiwawa River Trap, 0.5 km below CHIP acclimation pond",SCREWT,Screw Trap,167,1
3D9.1C2E0BF759,TLM12182.AAZ,NAL - Lower Nason Creek,7/7/2012 2:36:17 PM,7/7/2012 2:40:17 PM,LOWER IN-STREAM ARRAY,UPPER IN-STREAM ARRAY,6/30/2012,7,Bull Trout,R,Resident,W,Wild Fish or Natural Production,"CHIWAT - Chiwawa River Trap, 0.5 km below CHIP acclimation pond",SCREWT,Screw Trap,171,1
3D9.1C2E0BF7A2,TLM12291.AAZ,UWE - Upper Wenatchee River,10/18/2012 7:04:53 PM,10/18/2012 7:04:53 PM,IN-STREAM ARRAY,IN-STREAM ARRAY,10/17/2012,7,Bull Trout,R,Resident,W,Wild Fish or Natural Production,"CHIWAT - Chiwawa River Trap, 0.5 km below CHIP acclimation pond",SCREWT,Screw Trap,173,1
3D9.1C2E0BF83B,CGS-2017-272-MBL.xml,LMR - Lower Methow River at Pateros,12/24/2019 6:03:17 AM,12/24/2019 6:03:17 AM,Downstream Array,Downstream Array,9/29/2017,7,Bull Trout,R,Resident,W,Wild Fish or Natural Production,"LOSTR - Lost River, Methow River Basin",DIPNET,Dip Net,252,1
3D9.1C2E0BF83B,CGS-2017-272-MBL.xml,MRC - Methow River at Carlton,12/17/2019 7:36:33 PM,6/13/2021 2:08:16 AM,Single Array,Single Array,9/29/2017,7,Bull Trout,R,Resident,W,Wild Fish or Natural Production,"LOSTR - Lost River, Methow River Basin",DIPNET,Dip Net,252,1
3D9.1C2E0BF83B,CGS-2017-272-MBL.xml,MRW - Methow River at Winthrop,7/1/2019 9:15:15 PM,9/29/2021 8:16:44 PM,DOWNSTREAM ARRAY,UPSTREAM ARRAY,9/29/2017,7,Bull Trout,R,Resident,W,Wild Fish or Natural Production,"LOSTR - Lost River, Methow River Basin",DIPNET,Dip Net,252,1
3D9.1C2E0BF83B,CGS-2017-272-MBL.xml,RIA - Rock Island Adult,5/30/2019 1:11:36 PM,5/30/2019 2:26:03 PM,Right Ladder Weir 32,Right Ladder Exit Channel,9/29/2017,7,Bull Trout,R,Resident,W,Wild Fish or Natural Production,"LOSTR - Lost River, Methow River Basin",DIPNET,Dip Net,252,1
3D9.1C2E0BF83B,CGS-2017-272-MBL.xml,RRF - Rocky Reach Fishway,6/2/2019 1:56:31 PM,6/2/2019 2:13:50 PM,Lower Weir,Trap,9/29/2017,7,Bull Trout,R,Resident,W,Wild Fish or Natural Production,"LOSTR - Lost River, Methow River Basin",DIPNET,Dip Net,252,1
3D9.1C2E0BF83B,CGS-2017-272-MBL.xml,TWR - Lwr Twisp Rvr near MSRF Ponds,6/22/2019 1:16:17 AM,6/28/2019 8:48:59 PM,LOWER IN-STREAM ARRAY,LOWER IN-STREAM ARRAY,9/29/2017,7,Bull Trout,R,Resident,W,Wild Fish or Natural Production,"LOSTR - Lost River, Methow River Basin",DIPNET,Dip Net,252,1
3D9.1C2E0BF83B,CGS-2017-272-MBL.xml,"WEA - Wells Dam, DCPUD Adult Ladders",6/13/2019 10:17:27 AM,6/13/2019 2:44:05 PM,Left Ladder Pool 19,Left Ladder Pool 68,9/29/2017,7,Bull Trout,R,Resident,W,Wild Fish or Natural Production,"LOSTR - Lost River, Methow River Basin",DIPNET,Dip Net,252,1
3D9.1C2E0BF9D0,CFM12212.CHI,CHL - Lower Chiwawa River,8/2/2012 1:17:50 PM,9/26/2012 9:31:26 PM,UPPER IN-STREAM ARRAY,LOWER IN-STREAM ARRAY,8/2/2012,7,Bull Trout,R,Resident,W,Wild Fish or Natural Production,CHIWAR - Chiwawa River,WTRAP,Weir Trap,NA,1
3D9.1C2E0BFAB6,CFM12212.CHI,CHL - Lower Chiwawa River,9/30/2012 9:38:13 PM,10/2/2014 3:13:15 AM,LOWER IN-STREAM ARRAY,LOWER IN-STREAM ARRAY,8/6/2012,7,Bull Trout,R,Resident,W,Wild Fish or Natural Production,CHIWAR - Chiwawa River,WTRAP,Weir Trap,NA,1
3D9.1C2E0BFAB6,CFM12212.CHI,CHU - Upper Chiwawa River,8/7/2012 1:16:47 AM,9/30/2012 1:55:23 AM,LOWER IN-STREAM ARRAY,UPPER IN-STREAM ARRAY,8/6/2012,7,Bull Trout,R,Resident,W,Wild Fish or Natural Production,CHIWAR - Chiwawa River,WTRAP,Weir Trap,NA,1
3D9.1C2E0BFAB6,CFM12212.CHI,UWE - Upper Wenatchee River,10/2/2014 7:38:47 PM,10/2/2014 7:38:47 PM,IN-STREAM ARRAY,IN-STREAM ARRAY,8/6/2012,7,Bull Trout,R,Resident,W,Wild Fish or Natural Production,CHIWAR - Chiwawa River,WTRAP,Weir Trap,NA,1
3D9.1C2E0BFAC4,TLM13151.AAZ,UWE - Upper Wenatchee River,6/5/2013 12:29:20 PM,6/5/2013 12:29:20 PM,IN-STREAM ARRAY,IN-STREAM ARRAY,5/31/2013,7,Bull Trout,R,Resident,W,Wild Fish or Natural Production,"CHIWAT - Chiwawa River Trap, 0.5 km below CHIP acclimation pond",SCREWT,Screw Trap,192,1
3D9.1C2E0BFAC5,CFM12212.CHI,CHL - Lower Chiwawa River,9/26/2012 1:21:48 AM,9/26/2012 1:23:12 AM,UPPER IN-STREAM ARRAY,LOWER IN-STREAM ARRAY,8/2/2012,7,Bull Trout,R,Resident,W,Wild Fish or Natural Production,CHIWAR - Chiwawa River,WTRAP,Weir Trap,NA,1
3D9.1C2E0BFAC5,CFM12212.CHI,CHU - Upper Chiwawa River,8/8/2012 2:28:53 AM,8/8/2012 2:29:59 AM,LOWER IN-STREAM ARRAY,UPPER IN-STREAM ARRAY,8/2/2012,7,Bull Trout,R,Resident,W,Wild Fish or Natural Production,CHIWAR - Chiwawa River,WTRAP,Weir Trap,NA,1
3D9.1C2E0BFAF5,TLM12262.AAZ,CHL - Lower Chiwawa River,6/29/2013 4:59:28 AM,5/26/2015 1:02:08 AM,UPPER IN-STREAM ARRAY,UPPER IN-STREAM ARRAY,9/24/2012,7,Bull Trout,R,Resident,W,Wild Fish or Natural Production,"CHIWAT - Chiwawa River Trap, 0.5 km below CHIP acclimation pond",SCREWT,Screw Trap,431,1
3D9.1C2E0BFAF5,TLM12262.AAZ,UWE - Upper Wenatchee River,1/5/2015 1:55:58 AM,12/29/2016 1:27:53 AM,IN-STREAM ARRAY,IN-STREAM ARRAY,9/24/2012,7,Bull Trout,R,Resident,W,Wild Fish or Natural Production,"CHIWAT - Chiwawa River Trap, 0.5 km below CHIP acclimation pond",SCREWT,Screw Trap,431,1
3D9.1C2E0BFB27,TLM13260.AAZ,CHL - Lower Chiwawa River,9/17/2013 11:50:48 AM,9/19/2013 9:35:32 PM,LOWER IN-STREAM ARRAY,LOWER IN-STREAM ARRAY,9/17/2013,7,Bull Trout,R,Resident,W,Wild Fish or Natural Production,"CHIWAT - Chiwawa River Trap, 0.5 km below CHIP acclimation pond",SCREWT,Screw Trap,213,1
3D9.1C2E0BFB53,TLM13271.AAZ,CHL - Lower Chiwawa River,10/2/2016 2:46:37 AM,10/2/2016 2:47:20 AM,UPPER IN-STREAM ARRAY,LOWER IN-STREAM ARRAY,9/28/2013,7,Bull Trout,R,Resident,W,Wild Fish or Natural Production,"CHIWAT - Chiwawa River Trap, 0.5 km below CHIP acclimation pond",SCREWT,Screw Trap,241,1
3D9.1C2E0BFB53,TLM13271.AAZ,CHU - Upper Chiwawa River,6/18/2016 10:49:24 PM,10/1/2016 11:31:22 PM,UPPER IN-STREAM ARRAY,UPPER IN-STREAM ARRAY,9/28/2013,7,Bull Trout,R,Resident,W,Wild Fish or Natural Production,"CHIWAT - Chiwawa River Trap, 0.5 km below CHIP acclimation pond",SCREWT,Screw Trap,241,1
3D9.1C2E0BFB53,TLM13271.AAZ,UWE - Upper Wenatchee River,10/2/2016 8:34:57 PM,10/2/2016 8:34:57 PM,IN-STREAM ARRAY,IN-STREAM ARRAY,9/28/2013,7,Bull Trout,R,Resident,W,Wild Fish or Natural Production,"CHIWAT - Chiwawa River Trap, 0.5 km below CHIP acclimation pond",SCREWT,Screw Trap,241,1
3D9.1C2E0BFB74,TLM12275.AAZ,CHL - Lower Chiwawa River,10/14/2012 11:21:52 AM,10/14/2012 6:48:48 PM,LOWER IN-STREAM ARRAY,UPPER IN-STREAM ARRAY,10/14/2012,7,Bull Trout,R,Resident,W,Wild Fish or Natural Production,"CHIWAT - Chiwawa River Trap, 0.5 km below CHIP acclimation pond",SCREWT,Screw Trap,210,1
3D9.1C2E0BFB74,TLM12275.AAZ,NAL - Lower Nason Creek,7/25/2013 1:27:18 AM,7/25/2013 1:27:18 AM,UPPER IN-STREAM ARRAY,UPPER IN-STREAM ARRAY,10/14/2012,7,Bull Trout,R,Resident,W,Wild Fish or Natural Production,"CHIWAT - Chiwawa River Trap, 0.5 km below CHIP acclimation pond",SCREWT,Screw Trap,210,1
3D9.1C2E0BFB75,NBD14266.AAZ,CHL - Lower Chiwawa River,9/23/2014 10:34:02 AM,5/18/2017 4:27:52 PM,LOWER IN-STREAM ARRAY,LOWER IN-STREAM ARRAY,9/23/2014,7,Bull Trout,R,Resident,W,Wild Fish or Natural Production,"CHIWAT - Chiwawa River Trap, 0.5 km below CHIP acclimation pond",SCREWT,Screw Trap,237,1
3D9.1C2E0BFB75,NBD14266.AAZ,CHU - Upper Chiwawa River,10/22/2017 2:03:13 AM,6/23/2020 4:25:04 AM,LOWER IN-STREAM ARRAY,UPPER IN-STREAM ARRAY,9/23/2014,7,Bull Trout,R,Resident,W,Wild Fish or Natural Production,"CHIWAT - Chiwawa River Trap, 0.5 km below CHIP acclimation pond",SCREWT,Screw Trap,237,1
3D9.1C2E0BFB75,NBD14266.AAZ,UWE - Upper Wenatchee River,9/24/2014 4:03:13 AM,7/24/2019 3:26:11 AM,IN-STREAM ARRAY,IN-STREAM ARRAY,9/23/2014,7,Bull Trout,R,Resident,W,Wild Fish or Natural Production,"CHIWAT - Chiwawa River Trap, 0.5 km below CHIP acclimation pond",SCREWT,Screw Trap,237,1
3D9.1C2E0BFCE7,TLM12275.AAZ,CHL - Lower Chiwawa River,10/1/2012 11:23:54 AM,10/1/2012 11:24:39 AM,LOWER IN-STREAM ARRAY,UPPER IN-STREAM ARRAY,10/1/2012,7,Bull Trout,R,Resident,W,Wild Fish or Natural Production,"CHIWAT - Chiwawa River Trap, 0.5 km below CHIP acclimation pond",SCREWT,Screw Trap,227,1
3D9.1C2E0BFCF3,TLM13060.AAZ,UWE - Upper Wenatchee River,3/10/2013 1:04:45 AM,3/10/2013 1:04:45 AM,IN-STREAM ARRAY,IN-STREAM ARRAY,3/8/2013,7,Bull Trout,R,Resident,W,Wild Fish or Natural Production,"CHIWAT - Chiwawa River Trap, 0.5 km below CHIP acclimation pond",SCREWT,Screw Trap,154,1
3D9.1C2E0BFCFF,CGS14153.TW1,TWR - Lwr Twisp Rvr near MSRF Ponds,7/21/2014 2:22:03 AM,7/21/2014 2:22:03 AM,LOWER IN-STREAM ARRAY,LOWER IN-STREAM ARRAY,7/17/2014,7,Bull Trout,R,Resident,W,Wild Fish or Natural Production,TWISPW - Twisp River Weir (WDFW),WTRAP,Weir Trap,900,1
3D9.1C2E0BFD78,NBD14269.AAZ,UWE - Upper Wenatchee River,9/26/2014 11:17:53 PM,9/26/2014 11:17:53 PM,IN-STREAM ARRAY,IN-STREAM ARRAY,9/26/2014,7,Bull Trout,R,Resident,W,Wild Fish or Natural Production,"CHIWAT - Chiwawa River Trap, 0.5 km below CHIP acclimation pond",SCREWT,Screw Trap,234,1
3D9.1C2E0BFDA9,NBD14268.AAZ,UWE - Upper Wenatchee River,9/26/2014 12:00:37 AM,9/26/2014 12:00:37 AM,IN-STREAM ARRAY,IN-STREAM ARRAY,9/25/2014,7,Bull Trout,R,Resident,W,Wild Fish or Natural Production,"CHIWAT - Chiwawa River Trap, 0.5 km below CHIP acclimation pond",SCREWT,Screw Trap,223,1
3D9.1C2E0BFDC4,CGS14153.TW1,TWR - Lwr Twisp Rvr near MSRF Ponds,11/2/2014 3:49:47 AM,11/5/2016 5:34:30 AM,LOWER IN-STREAM ARRAY,LOWER IN-STREAM ARRAY,7/5/2014,7,Bull Trout,R,Resident,W,Wild Fish or Natural Production,TWISPW - Twisp River Weir (WDFW),WTRAP,Weir Trap,620,1
3D9.1C2E0BFE50,TLM12275.AAZ,CHL - Lower Chiwawa River,10/10/2012 11:34:29 AM,10/14/2012 10:00:12 PM,UPPER IN-STREAM ARRAY,LOWER IN-STREAM ARRAY,10/10/2012,7,Bull Trout,R,Resident,W,Wild Fish or Natural Production,"CHIWAT - Chiwawa River Trap, 0.5 km below CHIP acclimation pond",SCREWT,Screw Trap,215,1
3D9.1C2E0BFE50,TLM12275.AAZ,UWE - Upper Wenatchee River,10/27/2012 8:17:09 PM,10/27/2012 8:17:09 PM,IN-STREAM ARRAY,IN-STREAM ARRAY,10/10/2012,7,Bull Trout,R,Resident,W,Wild Fish or Natural Production,"CHIWAT - Chiwawa River Trap, 0.5 km below CHIP acclimation pond",SCREWT,Screw Trap,215,1
3D9.1C2E0BFF53,NBD14269.AAZ,CHL - Lower Chiwawa River,9/22/2015 9:50:36 PM,9/22/2015 9:50:53 PM,UPPER IN-STREAM ARRAY,LOWER IN-STREAM ARRAY,9/26/2014,7,Bull Trout,R,Resident,W,Wild Fish or Natural Production,"CHIWAT - Chiwawa River Trap, 0.5 km below CHIP acclimation pond",SCREWT,Screw Trap,520,1
3D9.1C2E0BFF53,NBD14269.AAZ,CHU - Upper Chiwawa River,6/27/2015 10:26:38 PM,7/17/2016 8:17:23 PM,LOWER IN-STREAM ARRAY,LOWER IN-STREAM ARRAY,9/26/2014,7,Bull Trout,R,Resident,W,Wild Fish or Natural Production,"CHIWAT - Chiwawa River Trap, 0.5 km below CHIP acclimation pond",SCREWT,Screw Trap,520,1
3D9.1C2E0BFF53,NBD14269.AAZ,UWE - Upper Wenatchee River,9/27/2014 1:33:21 AM,2/17/2018 8:45:18 PM,IN-STREAM ARRAY,IN-STREAM ARRAY,9/26/2014,7,Bull Trout,R,Resident,W,Wild Fish or Natural Production,"CHIWAT - Chiwawa River Trap, 0.5 km below CHIP acclimation pond",SCREWT,Screw Trap,520,1
3D9.1C2E0BFF7E,TLM12298.AAZ,UWE - Upper Wenatchee River,10/25/2012 9:23:54 PM,10/25/2012 9:23:54 PM,IN-STREAM ARRAY,IN-STREAM ARRAY,10/24/2012,7,Bull Trout,R,Resident,W,Wild Fish or Natural Production,"CHIWAT - Chiwawa River Trap, 0.5 km below CHIP acclimation pond",SCREWT,Screw Trap,200,1
3D9.1C2E0BFFBB,CGS12160.TW2,TWR - Lwr Twisp Rvr near MSRF Ponds,10/11/2012 8:38:27 PM,10/10/2016 3:47:30 AM,UPPER IN-STREAM ARRAY,LOWER IN-STREAM ARRAY,7/11/2012,7,Bull Trout,R,Resident,W,Wild Fish or Natural Production,TWISPW - Twisp River Weir (WDFW),WTRAP,Weir Trap,530,1
3D9.1C2E0C0022,CGS14153.TW1,TWR - Lwr Twisp Rvr near MSRF Ponds,7/11/2014 10:59:58 PM,7/11/2014 10:59:58 PM,LOWER IN-STREAM ARRAY,LOWER IN-STREAM ARRAY,7/7/2014,7,Bull Trout,R,Resident,W,Wild Fish or Natural Production,TWISPW - Twisp River Weir (WDFW),WTRAP,Weir Trap,690,1
3D9.1C2E0C00AF,CFM12212.CHI,CHL - Lower Chiwawa River,10/9/2012 9:39:08 PM,10/9/2012 9:40:14 PM,UPPER IN-STREAM ARRAY,LOWER IN-STREAM ARRAY,8/1/2012,7,Bull Trout,R,Resident,W,Wild Fish or Natural Production,CHIWAR - Chiwawa River,WTRAP,Weir Trap,NA,1
3D9.1C2E0C00AF,CFM12212.CHI,CHU - Upper Chiwawa River,8/1/2012 10:06:50 PM,10/9/2012 12:13:31 AM,LOWER IN-STREAM ARRAY,LOWER IN-STREAM ARRAY,8/1/2012,7,Bull Trout,R,Resident,W,Wild Fish or Natural Production,CHIWAR - Chiwawa River,WTRAP,Weir Trap,NA,1
3D9.1C2E0C00F2,TLM12275.AAZ,CHL - Lower Chiwawa River,10/13/2012 10:28:35 AM,9/28/2015 3:46:26 AM,LOWER IN-STREAM ARRAY,LOWER IN-STREAM ARRAY,10/13/2012,7,Bull Trout,R,Resident,W,Wild Fish or Natural Production,"CHIWAT - Chiwawa River Trap, 0.5 km below CHIP acclimation pond",SCREWT,Screw Trap,210,1
3D9.1C2E0C00F2,TLM12275.AAZ,CHU - Upper Chiwawa River,6/16/2015 9:52:33 PM,9/27/2015 3:10:00 AM,LOWER IN-STREAM ARRAY,UPPER IN-STREAM ARRAY,10/13/2012,7,Bull Trout,R,Resident,W,Wild Fish or Natural Production,"CHIWAT - Chiwawa River Trap, 0.5 km below CHIP acclimation pond",SCREWT,Screw Trap,210,1
3D9.1C2E0C00F2,TLM12275.AAZ,ICL - Lower Icicle Instream Array,7/28/2014 11:27:23 PM,8/20/2014 1:05:56 AM,INSTREAM ARRAY,INSTREAM ARRAY,10/13/2012,7,Bull Trout,R,Resident,W,Wild Fish or Natural Production,"CHIWAT - Chiwawa River Trap, 0.5 km below CHIP acclimation pond",SCREWT,Screw Trap,210,1
3D9.1C2E0C00F2,TLM12275.AAZ,TUF - Tumwater Dam Adult Fishway,5/28/2015 8:30:20 PM,5/28/2015 8:35:03 PM,WEIR 14,WEIR 17,10/13/2012,7,Bull Trout,R,Resident,W,Wild Fish or Natural Production,"CHIWAT - Chiwawa River Trap, 0.5 km below CHIP acclimation pond",SCREWT,Screw Trap,210,1
3D9.1C2E0C0228,NBD14269.AAZ,CHL - Lower Chiwawa River,9/26/2014 11:00:20 AM,9/26/2014 11:01:36 AM,LOWER IN-STREAM ARRAY,UPPER IN-STREAM ARRAY,9/26/2014,7,Bull Trout,R,Resident,W,Wild Fish or Natural Production,"CHIWAT - Chiwawa River Trap, 0.5 km below CHIP acclimation pond",SCREWT,Screw Trap,220,1
3D9.1C2E0C0228,NBD14269.AAZ,CHU - Upper Chiwawa River,10/1/2018 10:46:47 PM,10/1/2018 10:51:32 PM,UPPER IN-STREAM ARRAY,LOWER IN-STREAM ARRAY,9/26/2014,7,Bull Trout,R,Resident,W,Wild Fish or Natural Production,"CHIWAT - Chiwawa River Trap, 0.5 km below CHIP acclimation pond",SCREWT,Screw Trap,220,1
3D9.1C2E0C0228,NBD14269.AAZ,UWE - Upper Wenatchee River,9/27/2014 3:48:05 PM,9/27/2014 3:48:05 PM,IN-STREAM ARRAY,IN-STREAM ARRAY,9/26/2014,7,Bull Trout,R,Resident,W,Wild Fish or Natural Production,"CHIWAT - Chiwawa River Trap, 0.5 km below CHIP acclimation pond",SCREWT,Screw Trap,220,1
3D9.239F83BAE4,CGS12285.KFZ,EWC - Early Winters Creek rkm 0.36,5/17/2014 5:31:06 AM,5/17/2014 5:41:06 AM,Upstream Array,Upstream Array,10/11/2012,7,Bull Trout,R,Resident,W,Wild Fish or Natural Production,METHR - Methow River,SHOCK,Electro-Shock,64,1
3D9.239F861607,TQI13240.79M,ENA - Upper Entiat River at rkm 17.1,9/17/2014 4:08:26 AM,9/17/2014 4:08:26 AM,UPSTREAM ANTENNA ARRAY,UPSTREAM ANTENNA ARRAY,8/28/2013,7,Bull Trout,5,Unknown,W,Wild Fish or Natural Production,ENTIAR - Entiat River,SHOCK,Electro-Shock,161,1
3D9.239F861607,TQI13240.79M,ENS - Upper Entiat River at rkm 35.7,9/14/2014 10:18:53 PM,9/14/2014 10:18:53 PM,DOWNSTREAM ARRAY,DOWNSTREAM ARRAY,8/28/2013,7,Bull Trout,5,Unknown,W,Wild Fish or Natural Production,ENTIAR - Entiat River,SHOCK,Electro-Shock,161,1
3D9.239F861914,TQI13240.79M,ENF - Upper Entiat River at rkm 40.6,8/3/2015 7:06:57 PM,8/3/2015 7:06:57 PM,UPSTREAM ARRAY,UPSTREAM ARRAY,8/28/2013,7,Bull Trout,5,Unknown,W,Wild Fish or Natural Production,ENTIAR - Entiat River,SHOCK,Electro-Shock,56,1
3D9.257C5C82A0,KDM05228.NFG,MRB - Methow River Basin,8/18/2005 2:35:45 AM,9/1/2005 7:47:59 PM,GOLD CREEK AT RKM 9,GOLD CREEK AT RKM 9,8/16/2005,7,Bull Trout,R,Resident,W,Wild Fish or Natural Production,"GOLD2C - Gold Creek, Methow River",SHOCK,Electro-Shock,75,1
3D9.257C5D865F,KDM05180.WBC,MRB - Methow River Basin,6/29/2005 8:35:04 PM,10/18/2005 2:23:36 AM,LOWER BEAVER CREEK AT RKM 2,LOWER BEAVER CREEK AT RKM 2,6/29/2005,7,Bull Trout,R,Resident,W,Wild Fish or Natural Production,"BEAV2C - Beaver Creek, Methow River",WTRAP,Weir Trap,254,1
3D9.257C5F3630,KDM06256.HUN,MRB - Methow River Basin,5/17/2008 2:27:41 PM,5/17/2008 2:27:41 PM,GOLD CREEK AT RKM 9,GOLD CREEK AT RKM 9,9/13/2006,7,Bull Trout,R,Resident,W,Wild Fish or Natural Production,"GOLD2C - Gold Creek, Methow River",SHOCK,Electro-Shock,127,1
3D9.257C5F5F0B,KDM05235.FDG,MRB - Methow River Basin,10/29/2005 6:37:09 PM,10/29/2005 6:37:09 PM,FOGGY DEW CREEK NEAR MOUTH,FOGGY DEW CREEK NEAR MOUTH,8/23/2005,7,Bull Trout,R,Resident,W,Wild Fish or Natural Production,"FOGDEW - Foggy Dew Creek, Methow River watershed",SHOCK,Electro-Shock,116,1
3D9.257C5FC801,KDM06197.WBC,MRB - Methow River Basin,7/21/2006 9:55:23 PM,7/28/2006 4:53:17 AM,LOWER BEAVER CREEK AT RKM 2,GOLD CREEK NEAR MOUTH,7/16/2006,7,Bull Trout,R,Resident,W,Wild Fish or Natural Production,"BEAV2C - Beaver Creek, Methow River",WTRAP,Weir Trap,176,1
3D9.257C5FCD13,KDM05236.FDG,MRB - Methow River Basin,10/2/2005 7:40:10 PM,10/2/2005 7:40:10 PM,FOGGY DEW CREEK NEAR MOUTH,FOGGY DEW CREEK NEAR MOUTH,8/24/2005,7,Bull Trout,R,Resident,W,Wild Fish or Natural Production,"FOGDEW - Foggy Dew Creek, Methow River watershed",SHOCK,Electro-Shock,139,1
3D9.257C5FD309,KDM06255.FGS,MRB - Methow River Basin,4/7/2007 12:41:16 AM,4/7/2007 12:41:24 AM,GOLD CREEK NEAR MOUTH,GOLD CREEK NEAR MOUTH,9/12/2006,7,Bull Trout,R,Resident,W,Wild Fish or Natural Production,"FOGDEW - Foggy Dew Creek, Methow River watershed",SHOCK,Electro-Shock,146,1
3D9.257C617BD1,KDM05201.FDS,MRB - Methow River Basin,7/24/2005 12:10:12 AM,11/10/2005 6:34:48 PM,FOGGY DEW CREEK NEAR MOUTH,GOLD CREEK AT RKM 9,7/20/2005,7,Bull Trout,R,Resident,W,Wild Fish or Natural Production,"FOGDEW - Foggy Dew Creek, Methow River watershed",SHOCK,Electro-Shock,141,1
3D9.257C619BBA,KDM06264.FGT,MRB - Methow River Basin,7/25/2007 9:12:11 PM,7/28/2007 2:58:58 AM,FOGGY DEW CREEK NEAR MOUTH,GOLD CREEK NEAR MOUTH,9/21/2006,7,Bull Trout,R,Resident,W,Wild Fish or Natural Production,"FOGDEW - Foggy Dew Creek, Methow River watershed",SHOCK,Electro-Shock,140,1
3D9.257C61A4AA,KDM05252.GCR,MRB - Methow River Basin,7/5/2007 9:42:25 PM,7/5/2007 9:42:25 PM,GOLD CREEK AT RKM 9,GOLD CREEK AT RKM 9,9/9/2005,7,Bull Trout,R,Resident,W,Wild Fish or Natural Production,"GOLD2C - Gold Creek, Methow River",SHOCK,Electro-Shock,90,1
3D9.257C61B27A,KDM05257.GMS,MRB - Methow River Basin,9/15/2006 7:57:07 PM,9/15/2006 7:57:39 PM,GOLD CREEK NEAR MOUTH,GOLD CREEK NEAR MOUTH,9/14/2005,7,Bull Trout,R,Resident,W,Wild Fish or Natural Production,"GOLD2C - Gold Creek, Methow River",SHOCK,Electro-Shock,163,1
3D9.257C61B86F,KDM06255.FGS,MRB - Methow River Basin,10/24/2007 2:52:42 AM,10/24/2007 2:52:42 AM,FOGGY DEW CREEK NEAR MOUTH,FOGGY DEW CREEK NEAR MOUTH,9/12/2006,7,Bull Trout,R,Resident,W,Wild Fish or Natural Production,"FOGDEW - Foggy Dew Creek, Methow River watershed",SHOCK,Electro-Shock,133,1
3D9.257C61BDEE,KDM06241.FGI,MRB - Methow River Basin,7/21/2007 11:31:18 AM,7/22/2007 1:37:30 PM,GOLD CREEK AT RKM 9,GOLD CREEK AT RKM 9,8/29/2006,7,Bull Trout,R,Resident,W,Wild Fish or Natural Production,"FOGDEW - Foggy Dew Creek, Methow River watershed",SHOCK,Electro-Shock,169,1
3D9.257C61CBD4,KDM06299.GR4,MRB - Methow River Basin,10/28/2006 6:34:27 PM,11/8/2006 1:45:40 AM,GOLD CREEK AT RKM 9,GOLD CREEK NEAR MOUTH,10/26/2006,7,Bull Trout,R,Resident,W,Wild Fish or Natural Production,"GOLD2C - Gold Creek, Methow River",SHOCK,Electro-Shock,153,1
3D9.257C61E8ED,KDM06240.FGI,MRB - Methow River Basin,7/22/2007 10:46:17 AM,7/22/2007 10:46:28 AM,GOLD CREEK NEAR MOUTH,GOLD CREEK NEAR MOUTH,8/28/2006,7,Bull Trout,R,Resident,W,Wild Fish or Natural Production,"FOGDEW - Foggy Dew Creek, Methow River watershed",SHOCK,Electro-Shock,132,1
3D9.257C61EE3F,KDM06286.FGI,MRB - Methow River Basin,11/6/2006 1:29:53 AM,4/7/2007 4:45:42 AM,FOGGY DEW CREEK NEAR MOUTH,GOLD CREEK NEAR MOUTH,10/13/2006,7,Bull Trout,R,Resident,W,Wild Fish or Natural Production,"FOGDEW - Foggy Dew Creek, Methow River watershed",SHOCK,Electro-Shock,157,1
3D9.257C61F3E2,KDM06255.FGS,MRB - Methow River Basin,5/8/2007 8:29:35 PM,5/8/2007 8:29:35 PM,GOLD CREEK NEAR MOUTH,GOLD CREEK NEAR MOUTH,9/12/2006,7,Bull Trout,R,Resident,W,Wild Fish or Natural Production,"FOGDEW - Foggy Dew Creek, Methow River watershed",SHOCK,Electro-Shock,144,1
3D9.257C61F899,KDM06255.FGS,MRB - Methow River Basin,5/3/2007 12:41:26 AM,5/8/2007 10:34:23 PM,FOGGY DEW CREEK NEAR MOUTH,GOLD CREEK NEAR MOUTH,9/12/2006,7,Bull Trout,R,Resident,W,Wild Fish or Natural Production,"FOGDEW - Foggy Dew Creek, Methow River watershed",SHOCK,Electro-Shock,147,1
3D9.257C621799,KDM05201.FDS,MRB - Methow River Basin,11/9/2006 11:13:58 PM,3/3/2007 3:15:07 AM,FOGGY DEW CREEK NEAR MOUTH,GOLD CREEK NEAR MOUTH,7/20/2005,7,Bull Trout,R,Resident,W,Wild Fish or Natural Production,"FOGDEW - Foggy Dew Creek, Methow River watershed",SHOCK,Electro-Shock,90,1
3D9.257C62582E,KDM05235.FDG,MRB - Methow River Basin,9/30/2005 8:41:29 PM,1/10/2006 6:37:59 PM,FOGGY DEW CREEK NEAR MOUTH,GOLD CREEK NEAR MOUTH,8/23/2005,7,Bull Trout,R,Resident,W,Wild Fish or Natural Production,"FOGDEW - Foggy Dew Creek, Methow River watershed",SHOCK,Electro-Shock,148,1
3D9.257C633855,KDM06255.FGS,MRB - Methow River Basin,7/23/2007 9:49:56 PM,7/23/2007 9:50:11 PM,GOLD CREEK NEAR MOUTH,GOLD CREEK NEAR MOUTH,9/12/2006,7,Bull Trout,R,Resident,W,Wild Fish or Natural Production,"FOGDEW - Foggy Dew Creek, Methow River watershed",SHOCK,Electro-Shock,126,1
3D9.257C635CCC,KDM06264.FGT,MRB - Methow River Basin,8/8/2007 3:51:21 PM,8/8/2007 3:51:21 PM,SOUTH FORK GOLD CREEK AT RKM 4,SOUTH FORK GOLD CREEK AT RKM 4,9/21/2006,7,Bull Trout,R,Resident,W,Wild Fish or Natural Production,"FOGDEW - Foggy Dew Creek, Methow River watershed",SHOCK,Electro-Shock,139,1
3DA.1A19B32E89,TQI16255.979,ENA - Upper Entiat River at rkm 17.1,8/16/2019 8:45:02 PM,8/16/2019 8:45:02 PM,UPSTREAM ANTENNA ARRAY,UPSTREAM ANTENNA ARRAY,9/11/2016,7,Bull Trout,R,Resident,W,Wild Fish or Natural Production,ENTIAR - Entiat River,SHOCK,Electro-Shock,74,1
3DA.1A19B32E89,TQI16255.979,ENL - Lower Entiat River,9/7/2019 9:00:15 PM,9/7/2019 9:00:15 PM,Upstream Array,Upstream Array,9/11/2016,7,Bull Trout,R,Resident,W,Wild Fish or Natural Production,ENTIAR - Entiat River,SHOCK,Electro-Shock,74,1
3DA.1A19B32E89,TQI16255.979,ENS - Upper Entiat River at rkm 35.7,12/31/2018 3:58:35 AM,12/31/2018 3:59:25 AM,UPSTREAM ARRAY,DOWNSTREAM ARRAY,9/11/2016,7,Bull Trout,R,Resident,W,Wild Fish or Natural Production,ENTIAR - Entiat River,SHOCK,Electro-Shock,74,1
3DD.003B9BF650,CGS13182.TW3,TWR - Lwr Twisp Rvr near MSRF Ponds,9/10/2013 12:35:21 AM,9/10/2013 12:35:26 AM,UPPER IN-STREAM ARRAY,LOWER IN-STREAM ARRAY,7/20/2013,7,Bull Trout,R,Resident,W,Wild Fish or Natural Production,TWISPW - Twisp River Weir (WDFW),WTRAP,Weir Trap,500,1
3DD.003B9C095F,CGS14153.TW1,MRC - Methow River at Carlton,6/18/2016 12:16:08 PM,9/25/2020 11:00:47 PM,Single Array,Single Array,6/28/2014,7,Bull Trout,R,Resident,W,Wild Fish or Natural Production,TWISPW - Twisp River Weir (WDFW),WTRAP,Weir Trap,560,1
3DD.003B9C095F,CGS14153.TW1,TWR - Lwr Twisp Rvr near MSRF Ponds,10/25/2014 3:06:06 AM,9/24/2020 10:19:27 PM,LOWER IN-STREAM ARRAY,LOWER IN-STREAM ARRAY,6/28/2014,7,Bull Trout,R,Resident,W,Wild Fish or Natural Production,TWISPW - Twisp River Weir (WDFW),WTRAP,Weir Trap,560,1
3DD.003B9C0961,CGS14153.TW1,TWR - Lwr Twisp Rvr near MSRF Ponds,10/25/2014 3:14:01 AM,11/2/2015 11:44:05 PM,LOWER IN-STREAM ARRAY,UPPER IN-STREAM ARRAY,6/26/2014,7,Bull Trout,R,Resident,W,Wild Fish or Natural Production,TWISPW - Twisp River Weir (WDFW),WTRAP,Weir Trap,580,1
3DD.003B9C0968,CGS14153.TW1,TWR - Lwr Twisp Rvr near MSRF Ponds,9/25/2014 10:56:45 PM,9/25/2014 10:57:27 PM,UPPER IN-STREAM ARRAY,LOWER IN-STREAM ARRAY,6/26/2014,7,Bull Trout,R,Resident,W,Wild Fish or Natural Production,TWISPW - Twisp River Weir (WDFW),WTRAP,Weir Trap,650,1
3DD.003B9C0969,CGS14153.TW1,TWR - Lwr Twisp Rvr near MSRF Ponds,7/16/2014 11:24:20 PM,7/21/2014 10:48:19 PM,LOWER IN-STREAM ARRAY,UPPER IN-STREAM ARRAY,6/29/2014,7,Bull Trout,R,Resident,W,Wild Fish or Natural Production,TWISPW - Twisp River Weir (WDFW),WTRAP,Weir Trap,720,1
3DD.003B9C097A,CGS14153.TW1,MRC - Methow River at Carlton,10/25/2016 5:50:25 PM,10/25/2016 5:50:25 PM,Single Array,Single Array,6/30/2014,7,Bull Trout,R,Resident,W,Wild Fish or Natural Production,TWISPW - Twisp River Weir (WDFW),WTRAP,Weir Trap,550,1
3DD.003B9C097A,CGS14153.TW1,TWR - Lwr Twisp Rvr near MSRF Ponds,7/7/2014 4:17:49 AM,9/28/2016 12:33:04 AM,UPPER IN-STREAM ARRAY,LOWER IN-STREAM ARRAY,6/30/2014,7,Bull Trout,R,Resident,W,Wild Fish or Natural Production,TWISPW - Twisp River Weir (WDFW),WTRAP,Weir Trap,550,1
3DD.003B9C097A,CGS14153.TW1,"WEA - Wells Dam, DCPUD Adult Ladders",5/21/2016 7:53:36 AM,6/5/2017 8:14:31 AM,Right Ladder Pool 19,Right Ladder Pool 68,6/30/2014,7,Bull Trout,R,Resident,W,Wild Fish or Natural Production,TWISPW - Twisp River Weir (WDFW),WTRAP,Weir Trap,550,1
3DD.003B9C097C,CGS14153.TW1,MRC - Methow River at Carlton,12/10/2015 6:22:46 PM,5/29/2016 12:39:09 AM,Single Array,Single Array,6/27/2014,7,Bull Trout,R,Resident,W,Wild Fish or Natural Production,TWISPW - Twisp River Weir (WDFW),WTRAP,Weir Trap,620,1
3DD.003B9C097C,CGS14153.TW1,MRW - Methow River at Winthrop,10/24/2014 3:46:50 AM,10/24/2014 3:46:50 AM,DOWNSTREAM ARRAY,DOWNSTREAM ARRAY,6/27/2014,7,Bull Trout,R,Resident,W,Wild Fish or Natural Production,TWISPW - Twisp River Weir (WDFW),WTRAP,Weir Trap,620,1
3DD.003B9C097C,CGS14153.TW1,TWR - Lwr Twisp Rvr near MSRF Ponds,7/11/2014 2:05:36 AM,6/3/2016 4:28:44 PM,LOWER IN-STREAM ARRAY,LOWER IN-STREAM ARRAY,6/27/2014,7,Bull Trout,R,Resident,W,Wild Fish or Natural Production,TWISPW - Twisp River Weir (WDFW),WTRAP,Weir Trap,620,1
3DD.003B9C0987,CGS14153.TW1,MRC - Methow River at Carlton,6/27/2016 9:04:50 PM,6/27/2016 9:04:50 PM,Single Array,Single Array,7/6/2014,7,Bull Trout,R,Resident,W,Wild Fish or Natural Production,TWISPW - Twisp River Weir (WDFW),WTRAP,Weir Trap,670,1
3DD.003B9C0987,CGS14153.TW1,TWR - Lwr Twisp Rvr near MSRF Ponds,10/7/2014 10:09:29 PM,7/2/2016 3:09:47 AM,UPPER IN-STREAM ARRAY,UPPER IN-STREAM ARRAY,7/6/2014,7,Bull Trout,R,Resident,W,Wild Fish or Natural Production,TWISPW - Twisp River Weir (WDFW),WTRAP,Weir Trap,670,1
3DD.003B9C098A,CGS14153.TW1,TWR - Lwr Twisp Rvr near MSRF Ponds,7/9/2014 1:07:04 AM,9/4/2016 3:33:34 AM,LOWER IN-STREAM ARRAY,LOWER IN-STREAM ARRAY,6/26/2014,7,Bull Trout,R,Resident,W,Wild Fish or Natural Production,TWISPW - Twisp River Weir (WDFW),WTRAP,Weir Trap,700,1
3DD.003B9C098F,CGS14153.TW1,TWR - Lwr Twisp Rvr near MSRF Ponds,10/26/2014 7:53:11 PM,11/15/2015 6:53:57 PM,UPPER IN-STREAM ARRAY,LOWER IN-STREAM ARRAY,6/26/2014,7,Bull Trout,R,Resident,W,Wild Fish or Natural Production,TWISPW - Twisp River Weir (WDFW),WTRAP,Weir Trap,580,1
3DD.003B9C098F,CGS14153.TW1,"WEA - Wells Dam, DCPUD Adult Ladders",5/23/2015 1:43:37 PM,6/29/2016 11:41:40 AM,LEFT LADDER POOL 19,Left Ladder Pool 19,6/26/2014,7,Bull Trout,R,Resident,W,Wild Fish or Natural Production,TWISPW - Twisp River Weir (WDFW),WTRAP,Weir Trap,580,1
3DD.003B9C0994,CGS14153.TW1,TWR - Lwr Twisp Rvr near MSRF Ponds,7/7/2014 10:47:48 AM,7/14/2014 3:33:20 AM,UPPER IN-STREAM ARRAY,UPPER IN-STREAM ARRAY,6/30/2014,7,Bull Trout,R,Resident,W,Wild Fish or Natural Production,TWISPW - Twisp River Weir (WDFW),WTRAP,Weir Trap,560,1
3DD.003B9C099E,CGS14153.TW1,TWR - Lwr Twisp Rvr near MSRF Ponds,7/4/2014 11:45:45 AM,10/24/2014 3:01:45 AM,UPPER IN-STREAM ARRAY,LOWER IN-STREAM ARRAY,6/30/2014,7,Bull Trout,R,Resident,W,Wild Fish or Natural Production,TWISPW - Twisp River Weir (WDFW),WTRAP,Weir Trap,530,1
3DD.003B9C099F,CGS14153.TW1,"GLC - Gold Creek, Methow River",6/27/2015 11:08:40 PM,6/29/2015 12:56:56 AM,UPPER IN-STREAM ARRAY,UPPER IN-STREAM ARRAY,6/25/2014,7,Bull Trout,R,Resident,W,Wild Fish or Natural Production,TWISPW - Twisp River Weir (WDFW),WTRAP,Weir Trap,540,1
3DD.003B9C099F,CGS14153.TW1,TWR - Lwr Twisp Rvr near MSRF Ponds,10/24/2014 8:51:40 PM,10/24/2014 8:51:44 PM,UPPER IN-STREAM ARRAY,LOWER IN-STREAM ARRAY,6/25/2014,7,Bull Trout,R,Resident,W,Wild Fish or Natural Production,TWISPW - Twisp River Weir (WDFW),WTRAP,Weir Trap,540,1
3DD.003B9C09A0,CGS14153.TW1,MRC - Methow River at Carlton,11/15/2015 5:56:20 AM,6/23/2016 1:11:20 AM,Single Array,Single Array,6/29/2014,7,Bull Trout,R,Resident,W,Wild Fish or Natural Production,TWISPW - Twisp River Weir (WDFW),WTRAP,Weir Trap,640,1
3DD.003B9C09A0,CGS14153.TW1,TWR - Lwr Twisp Rvr near MSRF Ponds,7/12/2014 2:40:59 AM,6/13/2015 11:19:46 PM,LOWER IN-STREAM ARRAY,UPPER IN-STREAM ARRAY,6/29/2014,7,Bull Trout,R,Resident,W,Wild Fish or Natural Production,TWISPW - Twisp River Weir (WDFW),WTRAP,Weir Trap,640,1
3DD.003B9C09A4,CGS14153.TW1,ENL - Lower Entiat River,8/5/2015 9:54:26 PM,8/6/2015 8:17:10 PM,LOWER IN-STREAM ARRAY,LOWER IN-STREAM ARRAY,6/29/2014,7,Bull Trout,R,Resident,W,Wild Fish or Natural Production,TWISPW - Twisp River Weir (WDFW),WTRAP,Weir Trap,590,1
3DD.003B9C09A4,CGS14153.TW1,LMR - Lower Methow River at Pateros,10/2/2014 9:24:46 PM,10/24/2014 8:22:00 PM,UPSTREAM FULL-WIDTH ARRAY,DOWNSTREAM FULL-WIDTH ARRAY,6/29/2014,7,Bull Trout,R,Resident,W,Wild Fish or Natural Production,TWISPW - Twisp River Weir (WDFW),WTRAP,Weir Trap,590,1
3DD.003B9C09A4,CGS14153.TW1,RRF - Rocky Reach Fishway,4/30/2015 6:25:24 PM,5/20/2016 5:18:11 PM,Lower Weir,Trap,6/29/2014,7,Bull Trout,R,Resident,W,Wild Fish or Natural Production,TWISPW - Twisp River Weir (WDFW),WTRAP,Weir Trap,590,1
3DD.003B9C09A4,CGS14153.TW1,TWR - Lwr Twisp Rvr near MSRF Ponds,9/25/2014 2:31:30 AM,6/20/2016 1:36:42 AM,UPPER IN-STREAM ARRAY,UPPER IN-STREAM ARRAY,6/29/2014,7,Bull Trout,R,Resident,W,Wild Fish or Natural Production,TWISPW - Twisp River Weir (WDFW),WTRAP,Weir Trap,590,1
3DD.003B9C09A4,CGS14153.TW1,"WEA - Wells Dam, DCPUD Adult Ladders",5/4/2015 2:16:40 PM,5/29/2016 5:49:16 PM,RIGHT LADDER POOL 19,Right Ladder Pool 68,6/29/2014,7,Bull Trout,R,Resident,W,Wild Fish or Natural Production,TWISPW - Twisp River Weir (WDFW),WTRAP,Weir Trap,590,1
3DD.003B9C09AB,CGS14153.TW1,"GLC - Gold Creek, Methow River",7/20/2014 12:34:01 AM,7/20/2014 12:40:24 AM,LOWER IN-STREAM ARRAY,UPPER IN-STREAM ARRAY,6/29/2014,7,Bull Trout,R,Resident,W,Wild Fish or Natural Production,TWISPW - Twisp River Weir (WDFW),WTRAP,Weir Trap,680,1
3DD.003B9C09AB,CGS14153.TW1,TWR - Lwr Twisp Rvr near MSRF Ponds,7/5/2014 12:19:43 AM,7/17/2014 11:35:19 PM,UPPER IN-STREAM ARRAY,LOWER IN-STREAM ARRAY,6/29/2014,7,Bull Trout,R,Resident,W,Wild Fish or Natural Production,TWISPW - Twisp River Weir (WDFW),WTRAP,Weir Trap,680,1
3DD.003B9C09AC,CGS14153.TW1,TWR - Lwr Twisp Rvr near MSRF Ponds,11/3/2014 5:58:00 AM,6/9/2015 3:59:17 AM,UPPER IN-STREAM ARRAY,LOWER IN-STREAM ARRAY,6/26/2014,7,Bull Trout,R,Resident,W,Wild Fish or Natural Production,TWISPW - Twisp River Weir (WDFW),WTRAP,Weir Trap,530,1
3DD.003B9C09AC,CGS14153.TW1,"WEA - Wells Dam, DCPUD Adult Ladders",5/16/2015 3:06:51 PM,5/16/2015 3:08:02 PM,RIGHT LADDER POOL 67,RIGHT LADDER POOL 68,6/26/2014,7,Bull Trout,R,Resident,W,Wild Fish or Natural Production,TWISPW - Twisp River Weir (WDFW),WTRAP,Weir Trap,530,1
3DD.003B9C09B8,CGS14153.TW1,TWR - Lwr Twisp Rvr near MSRF Ponds,9/26/2014 1:34:44 AM,9/26/2014 1:34:44 AM,LOWER IN-STREAM ARRAY,LOWER IN-STREAM ARRAY,6/27/2014,7,Bull Trout,R,Resident,W,Wild Fish or Natural Production,TWISPW - Twisp River Weir (WDFW),WTRAP,Weir Trap,540,1
3DD.003B9C09BA,CGS14153.TW1,LMR - Lower Methow River at Pateros,10/6/2016 1:16:56 PM,12/31/2016 2:11:16 PM,DOWNSTREAM FULL-WIDTH ARRAY,DOWNSTREAM FULL-WIDTH ARRAY,6/29/2014,7,Bull Trout,R,Resident,W,Wild Fish or Natural Production,TWISPW - Twisp River Weir (WDFW),WTRAP,Weir Trap,460,1
3DD.003B9C09BA,CGS14153.TW1,MRC - Methow River at Carlton,11/14/2015 6:24:54 PM,6/11/2017 8:47:10 PM,Single Array,Single Array,6/29/2014,7,Bull Trout,R,Resident,W,Wild Fish or Natural Production,TWISPW - Twisp River Weir (WDFW),WTRAP,Weir Trap,460,1
3DD.003B9C09BA,CGS14153.TW1,TWR - Lwr Twisp Rvr near MSRF Ponds,6/30/2014 5:54:37 AM,11/7/2015 3:20:46 AM,LOWER IN-STREAM ARRAY,LOWER IN-STREAM ARRAY,6/29/2014,7,Bull Trout,R,Resident,W,Wild Fish or Natural Production,TWISPW - Twisp River Weir (WDFW),WTRAP,Weir Trap,460,1
3DD.003B9C09BC,CGS14153.TW1,TWR - Lwr Twisp Rvr near MSRF Ponds,9/26/2014 4:57:41 AM,9/26/2014 4:57:41 AM,UPPER IN-STREAM ARRAY,UPPER IN-STREAM ARRAY,7/2/2014,7,Bull Trout,R,Resident,W,Wild Fish or Natural Production,TWISPW - Twisp River Weir (WDFW),WTRAP,Weir Trap,480,1
3DD.003B9C09D5,CGS14126.WL2,"WEA - Wells Dam, DCPUD Adult Ladders",6/18/2014 3:34:56 PM,6/19/2014 10:38:21 AM,RIGHT LADDER POOL 67,RIGHT LADDER POOL 19,6/17/2014,7,Bull Trout,R,Resident,W,Wild Fish or Natural Production,WELLD2 - WEL - Release into the West Adult Fish Ladder,LADDER,Adult Passage Ladder,570,1
3DD.003B9C09DF,CGS14126.WL2,"WEA - Wells Dam, DCPUD Adult Ladders",6/25/2014 1:30:11 PM,6/26/2014 10:39:53 AM,RIGHT LADDER POOL 67,RIGHT LADDER POOL 68,6/25/2014,7,Bull Trout,R,Resident,W,Wild Fish or Natural Production,WELLD2 - WEL - Release into the West Adult Fish Ladder,LADDER,Adult Passage Ladder,590,1
3DD.003B9DE085,NBD15266.BFZ,NAL - Lower Nason Creek,10/15/2015 9:07:22 PM,10/15/2015 9:07:31 PM,UPPER IN-STREAM ARRAY,LOWER IN-STREAM ARRAY,9/23/2015,7,Bull Trout,R,Resident,W,Wild Fish or Natural Production,NASONC - Nason Creek (tributary to Wenatchee River),SHOCK,Electro-Shock,79,1
3DD.003B9DE085,NBD15266.BFZ,NAU - Upper Nason Creek,10/10/2015 11:58:52 PM,10/10/2015 11:59:09 PM,UPPER IN-STREAM ARRAY,LOWER IN-STREAM ARRAY,9/23/2015,7,Bull Trout,R,Resident,W,Wild Fish or Natural Production,NASONC - Nason Creek (tributary to Wenatchee River),SHOCK,Electro-Shock,79,1
3DD.003B9DE0B5,NBD15266.BFZ,NAL - Lower Nason Creek,10/12/2015 11:58:07 PM,10/12/2015 11:58:16 PM,UPPER IN-STREAM ARRAY,LOWER IN-STREAM ARRAY,9/23/2015,7,Bull Trout,R,Resident,W,Wild Fish or Natural Production,NASONC - Nason Creek (tributary to Wenatchee River),SHOCK,Electro-Shock,201,1
3DD.003B9DE0B5,NBD15266.BFZ,NAU - Upper Nason Creek,10/10/2015 11:06:00 PM,10/10/2015 11:06:08 PM,UPPER IN-STREAM ARRAY,LOWER IN-STREAM ARRAY,9/23/2015,7,Bull Trout,R,Resident,W,Wild Fish or Natural Production,NASONC - Nason Creek (tributary to Wenatchee River),SHOCK,Electro-Shock,201,1
3DD.003B9DE0B6,NBD15266.BFZ,NAL - Lower Nason Creek,10/11/2015 8:38:44 PM,10/11/2015 8:38:49 PM,UPPER IN-STREAM ARRAY,LOWER IN-STREAM ARRAY,9/23/2015,7,Bull Trout,R,Resident,W,Wild Fish or Natural Production,NASONC - Nason Creek (tributary to Wenatchee River),SHOCK,Electro-Shock,201,1
3DD.003B9DE0B6,NBD15266.BFZ,NAU - Upper Nason Creek,10/5/2015 11:05:51 PM,10/5/2015 11:06:18 PM,UPPER IN-STREAM ARRAY,LOWER IN-STREAM ARRAY,9/23/2015,7,Bull Trout,R,Resident,W,Wild Fish or Natural Production,NASONC - Nason Creek (tributary to Wenatchee River),SHOCK,Electro-Shock,201,1
3DD.003B9EC4FF,NBD14295.BFZ,ICL - Lower Icicle Instream Array,6/25/2015 10:53:37 PM,7/1/2015 9:53:53 PM,Downstream Array,Upstream Array,10/22/2014,7,Bull Trout,R,Resident,W,Wild Fish or Natural Production,NASONC - Nason Creek (tributary to Wenatchee River),SHOCK,Electro-Shock,170,1
3DD.003B9EC4FF,NBD14295.BFZ,NAU - Upper Nason Creek,10/22/2014 10:00:09 PM,10/22/2014 10:00:17 PM,UPPER IN-STREAM ARRAY,LOWER IN-STREAM ARRAY,10/22/2014,7,Bull Trout,R,Resident,W,Wild Fish or Natural Production,NASONC - Nason Creek (tributary to Wenatchee River),SHOCK,Electro-Shock,170,1
3DD.003B9EC515,NBD14294.BFZ,NAL - Lower Nason Creek,11/11/2014 7:59:36 PM,11/11/2014 7:59:41 PM,UPPER IN-STREAM ARRAY,LOWER IN-STREAM ARRAY,10/21/2014,7,Bull Trout,R,Resident,W,Wild Fish or Natural Production,NASONC - Nason Creek (tributary to Wenatchee River),SHOCK,Electro-Shock,190,1
3DD.003B9EC515,NBD14294.BFZ,UWE - Upper Wenatchee River,11/21/2014 11:52:16 PM,11/21/2014 11:52:16 PM,IN-STREAM ARRAY,IN-STREAM ARRAY,10/21/2014,7,Bull Trout,R,Resident,W,Wild Fish or Natural Production,NASONC - Nason Creek (tributary to Wenatchee River),SHOCK,Electro-Shock,190,1
3DD.003B9EC547,NBD14294.BFZ,NAL - Lower Nason Creek,11/7/2014 6:48:19 PM,11/7/2014 6:48:24 PM,UPPER IN-STREAM ARRAY,LOWER IN-STREAM ARRAY,10/21/2014,7,Bull Trout,R,Resident,W,Wild Fish or Natural Production,NASONC - Nason Creek (tributary to Wenatchee River),SHOCK,Electro-Shock,143,1
3DD.003B9EC554,NBD14294.BFZ,NAU - Upper Nason Creek,6/29/2015 9:22:34 PM,7/25/2015 3:18:03 AM,LOWER IN-STREAM ARRAY,LOWER IN-STREAM ARRAY,10/21/2014,7,Bull Trout,R,Resident,W,Wild Fish or Natural Production,NASONC - Nason Creek (tributary to Wenatchee River),SHOCK,Electro-Shock,163,1
3DD.003B9EC5D3,NBD14268.BFZ,NAU - Upper Nason Creek,9/26/2014 6:12:25 AM,10/6/2014 3:23:53 AM,UPPER IN-STREAM ARRAY,LOWER IN-STREAM ARRAY,9/25/2014,7,Bull Trout,R,Resident,W,Wild Fish or Natural Production,NASONC - Nason Creek (tributary to Wenatchee River),SHOCK,Electro-Shock,176,1
3DD.003B9EC5F7,NBD14268.BFZ,NAU - Upper Nason Creek,12/18/2025 9:08:06 PM,12/18/2025 9:24:59 PM,UPPER IN-STREAM ARRAY,LOWER IN-STREAM ARRAY,9/25/2014,7,Bull Trout,R,Resident,W,Wild Fish or Natural Production,NASONC - Nason Creek (tributary to Wenatchee River),SHOCK,Electro-Shock,120,1
3DD.003B9EC930,NBD14267.BFZ,ENL - Lower Entiat River,8/15/2015 9:23:04 PM,8/16/2015 3:37:47 AM,UPPER IN-STREAM ARRAY,LOWER IN-STREAM ARRAY,9/24/2014,7,Bull Trout,R,Resident,W,Wild Fish or Natural Production,NASONC - Nason Creek (tributary to Wenatchee River),SHOCK,Electro-Shock,218,1
3DD.003B9EC930,NBD14267.BFZ,NAL - Lower Nason Creek,10/12/2014 8:46:28 PM,10/12/2014 8:46:42 PM,UPPER IN-STREAM ARRAY,LOWER IN-STREAM ARRAY,9/24/2014,7,Bull Trout,R,Resident,W,Wild Fish or Natural Production,NASONC - Nason Creek (tributary to Wenatchee River),SHOCK,Electro-Shock,218,1
3DD.003B9EC930,NBD14267.BFZ,NAU - Upper Nason Creek,9/24/2014 11:57:21 PM,9/24/2014 11:58:02 PM,UPPER IN-STREAM ARRAY,LOWER IN-STREAM ARRAY,9/24/2014,7,Bull Trout,R,Resident,W,Wild Fish or Natural Production,NASONC - Nason Creek (tributary to Wenatchee River),SHOCK,Electro-Shock,218,1
3DD.003B9EC930,NBD14267.BFZ,RRF - Rocky Reach Fishway,11/16/2014 7:35:06 AM,11/16/2014 7:55:00 AM,Lower Weir,Trap,9/24/2014,7,Bull Trout,R,Resident,W,Wild Fish or Natural Production,NASONC - Nason Creek (tributary to Wenatchee River),SHOCK,Electro-Shock,218,1
3DD.003B9EC930,NBD14267.BFZ,UWE - Upper Wenatchee River,10/13/2014 9:16:35 PM,10/13/2014 9:16:35 PM,IN-STREAM ARRAY,IN-STREAM ARRAY,9/24/2014,7,Bull Trout,R,Resident,W,Wild Fish or Natural Production,NASONC - Nason Creek (tributary to Wenatchee River),SHOCK,Electro-Shock,218,1
3DD.003B9EC932,NBD14267.BFZ,NAU - Upper Nason Creek,10/23/2014 4:33:19 AM,10/24/2014 10:43:26 PM,UPPER IN-STREAM ARRAY,UPPER IN-STREAM ARRAY,9/24/2014,7,Bull Trout,R,Resident,W,Wild Fish or Natural Production,NASONC - Nason Creek (tributary to Wenatchee River),SHOCK,Electro-Shock,177,1
3DD.003B9EC991,NBD14273.BFZ,NAL - Lower Nason Creek,10/12/2014 10:42:20 PM,10/14/2014 8:07:33 PM,UPPER IN-STREAM ARRAY,UPPER IN-STREAM ARRAY,9/30/2014,7,Bull Trout,R,Resident,W,Wild Fish or Natural Production,NASONC - Nason Creek (tributary to Wenatchee River),SHOCK,Electro-Shock,233,1
3DD.003B9EC991,NBD14273.BFZ,NAU - Upper Nason Creek,10/1/2014 10:25:41 PM,10/4/2014 11:45:43 PM,LOWER IN-STREAM ARRAY,LOWER IN-STREAM ARRAY,9/30/2014,7,Bull Trout,R,Resident,W,Wild Fish or Natural Production,NASONC - Nason Creek (tributary to Wenatchee River),SHOCK,Electro-Shock,233,1
3DD.003BA447C5,NBD15313.AAZ,UWE - Upper Wenatchee River,11/10/2015 9:03:42 AM,11/10/2015 9:03:42 AM,IN-STREAM ARRAY,IN-STREAM ARRAY,11/9/2015,7,Bull Trout,R,Resident,W,Wild Fish or Natural Production,"CHIWAT - Chiwawa River Trap, 0.5 km below CHIP acclimation pond",SCREWT,Screw Trap,205,1
3DD.003BA44BFF,NBD15267.BFZ,NAU - Upper Nason Creek,11/4/2015 9:05:52 PM,11/4/2015 9:05:52 PM,UPPER IN-STREAM ARRAY,UPPER IN-STREAM ARRAY,9/25/2015,7,Bull Trout,R,Resident,W,Wild Fish or Natural Production,NASONC - Nason Creek (tributary to Wenatchee River),SHOCK,Electro-Shock,219,1
3DD.003BB8F304,AJG-2016-138-RDT.xml,TWR - Lwr Twisp Rvr near MSRF Ponds,10/11/2016 12:25:10 AM,10/11/2016 12:25:10 AM,LOWER IN-STREAM ARRAY,LOWER IN-STREAM ARRAY,6/22/2016,7,Bull Trout,R,Resident,W,Wild Fish or Natural Production,TWISPR - Twisp River,WTRAP,Weir Trap,630,1
3DD.003BB8F305,AJG-2016-138-RDT.xml,MRC - Methow River at Carlton,6/29/2016 7:04:20 PM,6/29/2016 7:04:20 PM,Single Array,Single Array,5/31/2016,7,Bull Trout,R,Resident,W,Wild Fish or Natural Production,WELTAL - WEL - Release into the Tailrace within 0.5 km downstream of Dam,LADDER,Adult Passage Ladder,545,1
3DD.003BB8F305,AJG-2016-138-RDT.xml,TWR - Lwr Twisp Rvr near MSRF Ponds,7/2/2016 10:22:07 PM,11/4/2016 11:37:52 PM,LOWER IN-STREAM ARRAY,LOWER IN-STREAM ARRAY,5/31/2016,7,Bull Trout,R,Resident,W,Wild Fish or Natural Production,WELTAL - WEL - Release into the Tailrace within 0.5 km downstream of Dam,LADDER,Adult Passage Ladder,545,1
3DD.003BB8F305,AJG-2016-138-RDT.xml,"WEA - Wells Dam, DCPUD Adult Ladders",6/24/2016 10:34:46 AM,6/24/2016 1:15:49 PM,Left Ladder Pool 19,Left Ladder Pool 68,5/31/2016,7,Bull Trout,R,Resident,W,Wild Fish or Natural Production,WELTAL - WEL - Release into the Tailrace within 0.5 km downstream of Dam,LADDER,Adult Passage Ladder,545,1
3DD.003BB8F30A,AJG-2016-138-RDT.xml,MRC - Methow River at Carlton,6/28/2016 2:53:26 AM,6/24/2018 2:52:15 AM,Single Array,Single Array,5/27/2016,7,Bull Trout,R,Resident,W,Wild Fish or Natural Production,WELTAL - WEL - Release into the Tailrace within 0.5 km downstream of Dam,LADDER,Adult Passage Ladder,560,1
3DD.003BB8F30A,AJG-2016-138-RDT.xml,MRW - Methow River at Winthrop,10/19/2016 8:22:42 PM,10/19/2016 8:22:53 PM,UPSTREAM ARRAY,DOWNSTREAM ARRAY,5/27/2016,7,Bull Trout,R,Resident,W,Wild Fish or Natural Production,WELTAL - WEL - Release into the Tailrace within 0.5 km downstream of Dam,LADDER,Adult Passage Ladder,560,1
3DD.003BB8F30A,AJG-2016-138-RDT.xml,"WEA - Wells Dam, DCPUD Adult Ladders",6/23/2016 10:33:25 AM,6/9/2018 6:47:41 AM,Left Ladder Pool 19,Left Ladder Pool 68,5/27/2016,7,Bull Trout,R,Resident,W,Wild Fish or Natural Production,WELTAL - WEL - Release into the Tailrace within 0.5 km downstream of Dam,LADDER,Adult Passage Ladder,560,1
3DD.003BB8F30B,AJG-2016-138-RDT.xml,RIA - Rock Island Adult,5/23/2017 6:51:31 AM,5/23/2017 6:54:21 AM,LEFT LADDER BAFFLE 2,LEFT LADDER BAFFLE 4,6/16/2016,7,Bull Trout,R,Resident,W,Wild Fish or Natural Production,TWISPR - Twisp River,WTRAP,Weir Trap,515,1
3DD.003BB8F30B,AJG-2016-138-RDT.xml,RRF - Rocky Reach Fishway,5/28/2017 5:40:35 PM,5/28/2017 5:46:28 PM,Lower Weir,Trap,6/16/2016,7,Bull Trout,R,Resident,W,Wild Fish or Natural Production,TWISPR - Twisp River,WTRAP,Weir Trap,515,1
3DD.003BB8F30B,AJG-2016-138-RDT.xml,TWR - Lwr Twisp Rvr near MSRF Ponds,10/22/2016 1:28:10 AM,10/22/2016 1:28:10 AM,LOWER IN-STREAM ARRAY,LOWER IN-STREAM ARRAY,6/16/2016,7,Bull Trout,R,Resident,W,Wild Fish or Natural Production,TWISPR - Twisp River,WTRAP,Weir Trap,515,1
3DD.003BB8F30B,AJG-2016-138-RDT.xml,"WEA - Wells Dam, DCPUD Adult Ladders",6/3/2017 12:05:52 PM,6/3/2017 2:57:26 PM,Left Ladder Pool 19,Left Ladder Pool 68,6/16/2016,7,Bull Trout,R,Resident,W,Wild Fish or Natural Production,TWISPR - Twisp River,WTRAP,Weir Trap,515,1
3DD.003BB8F30D,AJG-2016-138-RDT.xml,MRC - Methow River at Carlton,10/20/2016 5:58:16 AM,10/20/2016 5:58:16 AM,Single Array,Single Array,6/26/2016,7,Bull Trout,R,Resident,W,Wild Fish or Natural Production,TWISPR - Twisp River,WTRAP,Weir Trap,600,1
3DD.003BB8F30D,AJG-2016-138-RDT.xml,TWR - Lwr Twisp Rvr near MSRF Ponds,10/10/2016 11:20:30 PM,10/22/2017 2:25:25 AM,UPPER IN-STREAM ARRAY,LOWER IN-STREAM ARRAY,6/26/2016,7,Bull Trout,R,Resident,W,Wild Fish or Natural Production,TWISPR - Twisp River,WTRAP,Weir Trap,600,1
3DD.003BB8F311,AJG-2016-138-RDT.xml,TWR - Lwr Twisp Rvr near MSRF Ponds,10/17/2016 7:00:38 PM,10/17/2016 7:00:38 PM,LOWER IN-STREAM ARRAY,LOWER IN-STREAM ARRAY,6/23/2016,7,Bull Trout,R,Resident,W,Wild Fish or Natural Production,TWISPR - Twisp River,WTRAP,Weir Trap,760,1
3DD.003BB8F316,AJG-2016-138-RDT.xml,"WEA - Wells Dam, DCPUD Adult Ladders",5/24/2017 7:10:42 AM,5/24/2017 2:00:40 PM,Left Ladder Pool 19,Left Ladder Pool 68,6/10/2016,7,Bull Trout,R,Resident,W,Wild Fish or Natural Production,WELTAL - WEL - Release into the Tailrace within 0.5 km downstream of Dam,LADDER,Adult Passage Ladder,620,1
3DD.003BB8F317,AJG-2016-138-RDT.xml,"WEA - Wells Dam, DCPUD Adult Ladders",6/15/2017 3:47:44 PM,6/15/2017 8:50:58 PM,Right Ladder Pool 19,Right Ladder Pool 68,6/17/2016,7,Bull Trout,R,Resident,W,Wild Fish or Natural Production,TWISPR - Twisp River,WTRAP,Weir Trap,680,1
3DD.003BB8F319,AJG-2016-138-RDT.xml,MRC - Methow River at Carlton,10/19/2016 7:34:14 PM,10/19/2016 7:34:14 PM,Single Array,Single Array,6/13/2016,7,Bull Trout,R,Resident,W,Wild Fish or Natural Production,TWISPR - Twisp River,WTRAP,Weir Trap,625,1
3DD.003BB8F319,AJG-2016-138-RDT.xml,TWR - Lwr Twisp Rvr near MSRF Ponds,10/1/2016 11:20:04 PM,10/1/2016 11:20:08 PM,UPPER IN-STREAM ARRAY,LOWER IN-STREAM ARRAY,6/13/2016,7,Bull Trout,R,Resident,W,Wild Fish or Natural Production,TWISPR - Twisp River,WTRAP,Weir Trap,625,1
3DD.003BB8F31A,AJG-2016-138-RDT.xml,LMR - Lower Methow River at Pateros,9/26/2016 5:30:00 AM,10/2/2016 12:04:25 AM,DOWNSTREAM FULL-WIDTH ARRAY,UPSTREAM FULL-WIDTH ARRAY,6/14/2016,7,Bull Trout,R,Resident,W,Wild Fish or Natural Production,TWISPR - Twisp River,WTRAP,Weir Trap,745,1
3DD.003BB8F31A,AJG-2016-138-RDT.xml,TWR - Lwr Twisp Rvr near MSRF Ponds,9/2/2016 1:48:12 AM,9/2/2016 1:48:15 AM,UPPER IN-STREAM ARRAY,LOWER IN-STREAM ARRAY,6/14/2016,7,Bull Trout,R,Resident,W,Wild Fish or Natural Production,TWISPR - Twisp River,WTRAP,Weir Trap,745,1
3DD.003BB8F31A,AJG-2016-138-RDT.xml,"WEA - Wells Dam, DCPUD Adult Ladders",5/19/2017 4:44:34 AM,5/19/2017 9:57:57 AM,Left Ladder Pool 19,Left Ladder Pool 68,6/14/2016,7,Bull Trout,R,Resident,W,Wild Fish or Natural Production,TWISPR - Twisp River,WTRAP,Weir Trap,745,1
3DD.003BB8F320,AJG-2016-138-RDT.xml,LMR - Lower Methow River at Pateros,11/13/2016 7:34:24 AM,11/13/2016 7:34:24 AM,UPSTREAM FULL-WIDTH ARRAY,UPSTREAM FULL-WIDTH ARRAY,6/15/2016,7,Bull Trout,R,Resident,W,Wild Fish or Natural Production,TWISPR - Twisp River,WTRAP,Weir Trap,600,1
3DD.003BB8F320,AJG-2016-138-RDT.xml,MRC - Methow River at Carlton,10/5/2016 7:34:18 PM,6/12/2018 9:45:13 PM,Single Array,Single Array,6/15/2016,7,Bull Trout,R,Resident,W,Wild Fish or Natural Production,TWISPR - Twisp River,WTRAP,Weir Trap,600,1
3DD.003BB8F320,AJG-2016-138-RDT.xml,TWR - Lwr Twisp Rvr near MSRF Ponds,9/27/2016 9:58:51 PM,6/17/2018 11:51:30 PM,UPPER IN-STREAM ARRAY,LOWER IN-STREAM ARRAY,6/15/2016,7,Bull Trout,R,Resident,W,Wild Fish or Natural Production,TWISPR - Twisp River,WTRAP,Weir Trap,600,1
3DD.003BB8F320,AJG-2016-138-RDT.xml,"WEA - Wells Dam, DCPUD Adult Ladders",5/28/2017 12:48:22 PM,5/27/2018 8:55:23 PM,Left Ladder Pool 19,Right Ladder Pool 68,6/15/2016,7,Bull Trout,R,Resident,W,Wild Fish or Natural Production,TWISPR - Twisp River,WTRAP,Weir Trap,600,1
3DD.003BB8F321,AJG-2016-138-RDT.xml,CRU - Upper Chewuch Instream Array,6/27/2016 1:22:24 AM,6/27/2016 1:22:40 AM,Downstream Array,Upstream Array,5/17/2016,7,Bull Trout,R,Resident,W,Wild Fish or Natural Production,WELTAL - WEL - Release into the Tailrace within 0.5 km downstream of Dam,LADDER,Adult Passage Ladder,545,1
3DD.003BB8F321,AJG-2016-138-RDT.xml,"WEA - Wells Dam, DCPUD Adult Ladders",5/25/2016 7:32:39 PM,5/25/2016 11:53:48 PM,Right Ladder Pool 19,Right Ladder Pool 67,5/17/2016,7,Bull Trout,R,Resident,W,Wild Fish or Natural Production,WELTAL - WEL - Release into the Tailrace within 0.5 km downstream of Dam,LADDER,Adult Passage Ladder,545,1
3DD.003BB8F32B,AJG-2016-138-RDT.xml,LOR - Lost River at rkm 0.81,7/11/2016 11:12:51 PM,9/27/2016 6:30:46 PM,Downstream Array,Upstream Array,6/4/2016,7,Bull Trout,R,Resident,W,Wild Fish or Natural Production,WELTAL - WEL - Release into the Tailrace within 0.5 km downstream of Dam,LADDER,Adult Passage Ladder,720,1
3DD.003BB8F32B,AJG-2016-138-RDT.xml,MRC - Methow River at Carlton,6/22/2016 2:04:23 AM,6/22/2016 2:04:23 AM,Single Array,Single Array,6/4/2016,7,Bull Trout,R,Resident,W,Wild Fish or Natural Production,WELTAL - WEL - Release into the Tailrace within 0.5 km downstream of Dam,LADDER,Adult Passage Ladder,720,1
3DD.003BB8F32B,AJG-2016-138-RDT.xml,MRW - Methow River at Winthrop,6/30/2016 7:53:13 AM,6/30/2016 7:53:13 AM,UPSTREAM ARRAY,UPSTREAM ARRAY,6/4/2016,7,Bull Trout,R,Resident,W,Wild Fish or Natural Production,WELTAL - WEL - Release into the Tailrace within 0.5 km downstream of Dam,LADDER,Adult Passage Ladder,720,1
3DD.003BB8F32B,AJG-2016-138-RDT.xml,"WEA - Wells Dam, DCPUD Adult Ladders",6/13/2016 6:30:36 AM,6/13/2016 11:26:49 AM,Right Ladder Pool 19,Right Ladder Pool 68,6/4/2016,7,Bull Trout,R,Resident,W,Wild Fish or Natural Production,WELTAL - WEL - Release into the Tailrace within 0.5 km downstream of Dam,LADDER,Adult Passage Ladder,720,1
3DD.003BB8F335,AJG-2016-138-RDT.xml,RRJ - Rocky Reach Dam Juvenile,6/1/2016 1:23:25 PM,6/1/2016 1:23:25 PM,DSM Bypass Surface Collector,DSM Bypass Surface Collector,5/25/2016,7,Bull Trout,R,Resident,W,Wild Fish or Natural Production,WELTAL - WEL - Release into the Tailrace within 0.5 km downstream of Dam,LADDER,Adult Passage Ladder,665,1
3DD.003BB8F336,AJG-2016-138-RDT.xml,TWR - Lwr Twisp Rvr near MSRF Ponds,10/15/2016 11:01:03 PM,10/15/2016 11:01:03 PM,LOWER IN-STREAM ARRAY,LOWER IN-STREAM ARRAY,6/18/2016,7,Bull Trout,R,Resident,W,Wild Fish or Natural Production,TWISPR - Twisp River,WTRAP,Weir Trap,555,1
3DD.003BB8F33E,AJG-2016-138-RDT.xml,TWR - Lwr Twisp Rvr near MSRF Ponds,12/2/2016 4:15:20 AM,11/7/2017 12:27:45 AM,UPPER IN-STREAM ARRAY,LOWER IN-STREAM ARRAY,6/17/2016,7,Bull Trout,R,Resident,W,Wild Fish or Natural Production,TWISPR - Twisp River,WTRAP,Weir Trap,525,1
3DD.003BB8F342,AJG-2016-138-RDT.xml,TWR - Lwr Twisp Rvr near MSRF Ponds,10/14/2016 3:21:26 AM,10/5/2017 4:20:15 AM,UPPER IN-STREAM ARRAY,LOWER IN-STREAM ARRAY,6/25/2016,7,Bull Trout,R,Resident,W,Wild Fish or Natural Production,TWISPR - Twisp River,WTRAP,Weir Trap,660,1
3DD.003BB8F343,AJG-2016-138-RDT.xml,MRC - Methow River at Carlton,6/23/2016 12:40:11 AM,6/23/2016 12:40:11 AM,Single Array,Single Array,5/27/2016,7,Bull Trout,R,Resident,W,Wild Fish or Natural Production,WELTAL - WEL - Release into the Tailrace within 0.5 km downstream of Dam,LADDER,Adult Passage Ladder,555,1
3DD.003BB8F343,AJG-2016-138-RDT.xml,MRW - Methow River at Winthrop,10/14/2016 9:41:10 PM,10/14/2016 9:41:26 PM,UPSTREAM ARRAY,DOWNSTREAM ARRAY,5/27/2016,7,Bull Trout,R,Resident,W,Wild Fish or Natural Production,WELTAL - WEL - Release into the Tailrace within 0.5 km downstream of Dam,LADDER,Adult Passage Ladder,555,1
3DD.003BB8F343,AJG-2016-138-RDT.xml,"WEA - Wells Dam, DCPUD Adult Ladders",6/6/2016 11:52:15 AM,6/4/2017 3:00:02 PM,Left Ladder Pool 67,Right Ladder Pool 68,5/27/2016,7,Bull Trout,R,Resident,W,Wild Fish or Natural Production,WELTAL - WEL - Release into the Tailrace within 0.5 km downstream of Dam,LADDER,Adult Passage Ladder,555,1
3DD.003BB8F343,AJG-2016-138-RDT.xml,"WFC - Wolf Creek, Methow River",7/1/2016 9:39:00 PM,7/1/2016 9:39:00 PM,SINGLE IN-STREAM ANTENNA,SINGLE IN-STREAM ANTENNA,5/27/2016,7,Bull Trout,R,Resident,W,Wild Fish or Natural Production,WELTAL - WEL - Release into the Tailrace within 0.5 km downstream of Dam,LADDER,Adult Passage Ladder,555,1
3DD.003BB8F346,AJG-2016-138-RDT.xml,LMR - Lower Methow River at Pateros,10/17/2016 6:58:02 AM,10/23/2016 7:55:30 PM,DOWNSTREAM FULL-WIDTH ARRAY,UPSTREAM FULL-WIDTH ARRAY,6/21/2016,7,Bull Trout,R,Resident,W,Wild Fish or Natural Production,TWISPR - Twisp River,WTRAP,Weir Trap,710,1
3DD.003BB8F346,AJG-2016-138-RDT.xml,TWR - Lwr Twisp Rvr near MSRF Ponds,10/10/2016 2:02:57 AM,10/10/2016 2:02:57 AM,LOWER IN-STREAM ARRAY,LOWER IN-STREAM ARRAY,6/21/2016,7,Bull Trout,R,Resident,W,Wild Fish or Natural Production,TWISPR - Twisp River,WTRAP,Weir Trap,710,1
3DD.003BB8F346,AJG-2016-138-RDT.xml,"WEA - Wells Dam, DCPUD Adult Ladders",12/21/2016 2:33:53 PM,5/28/2017 1:56:53 PM,Right Ladder Pool 19,East Trap,6/21/2016,7,Bull Trout,R,Resident,W,Wild Fish or Natural Production,TWISPR - Twisp River,WTRAP,Weir Trap,710,1
3DD.003BB8F34C,AJG-2016-138-RDT.xml,LMR - Lower Methow River at Pateros,9/26/2016 6:17:15 AM,9/26/2016 10:02:58 AM,DOWNSTREAM FULL-WIDTH ARRAY,DOWNSTREAM FULL-WIDTH ARRAY,6/22/2016,7,Bull Trout,R,Resident,W,Wild Fish or Natural Production,TWISPR - Twisp River,WTRAP,Weir Trap,585,1
3DD.003BB8F34C,AJG-2016-138-RDT.xml,RIA - Rock Island Adult,6/5/2017 5:30:18 AM,6/5/2017 5:33:58 AM,LEFT LADDER BAFFLE 2,LEFT LADDER BAFFLE 4,6/22/2016,7,Bull Trout,R,Resident,W,Wild Fish or Natural Production,TWISPR - Twisp River,WTRAP,Weir Trap,585,1
3DD.003BB8F34C,AJG-2016-138-RDT.xml,RRF - Rocky Reach Fishway,6/14/2017 3:14:10 PM,6/14/2017 3:27:06 PM,Lower Weir,Trap,6/22/2016,7,Bull Trout,R,Resident,W,Wild Fish or Natural Production,TWISPR - Twisp River,WTRAP,Weir Trap,585,1
3DD.003BB8F34C,AJG-2016-138-RDT.xml,TWR - Lwr Twisp Rvr near MSRF Ponds,9/13/2016 9:39:20 PM,9/13/2016 9:39:25 PM,UPPER IN-STREAM ARRAY,LOWER IN-STREAM ARRAY,6/22/2016,7,Bull Trout,R,Resident,W,Wild Fish or Natural Production,TWISPR - Twisp River,WTRAP,Weir Trap,585,1
3DD.003BB8F34C,AJG-2016-138-RDT.xml,"WEA - Wells Dam, DCPUD Adult Ladders",6/16/2017 3:39:57 PM,6/17/2017 1:34:54 PM,Right Ladder Pool 19,Right Ladder Pool 68,6/22/2016,7,Bull Trout,R,Resident,W,Wild Fish or Natural Production,TWISPR - Twisp River,WTRAP,Weir Trap,585,1
3DD.003BB8F351,AJG-2016-138-RDT.xml,"WEA - Wells Dam, DCPUD Adult Ladders",5/29/2016 9:28:47 AM,5/29/2016 5:30:06 PM,Right Ladder Pool 19,Right Ladder Pool 68,5/25/2016,7,Bull Trout,R,Resident,W,Wild Fish or Natural Production,WELTAL - WEL - Release into the Tailrace within 0.5 km downstream of Dam,LADDER,Adult Passage Ladder,625,1
3DD.003BB8F354,AJG-2016-138-RDT.xml,TWR - Lwr Twisp Rvr near MSRF Ponds,10/12/2016 1:46:26 AM,10/22/2017 2:28:09 AM,LOWER IN-STREAM ARRAY,LOWER IN-STREAM ARRAY,6/24/2016,7,Bull Trout,R,Resident,W,Wild Fish or Natural Production,TWISPR - Twisp River,WTRAP,Weir Trap,580,1
3DD.003BB8F360,AJG-2016-138-RDT.xml,MRC - Methow River at Carlton,7/1/2017 1:07:24 AM,7/1/2017 1:07:24 AM,Single Array,Single Array,6/22/2016,7,Bull Trout,R,Resident,W,Wild Fish or Natural Production,TWISPR - Twisp River,WTRAP,Weir Trap,640,1
3DD.003BB8F360,AJG-2016-138-RDT.xml,TWR - Lwr Twisp Rvr near MSRF Ponds,9/6/2016 9:15:16 PM,7/5/2017 1:41:09 AM,LOWER IN-STREAM ARRAY,UPPER IN-STREAM ARRAY,6/22/2016,7,Bull Trout,R,Resident,W,Wild Fish or Natural Production,TWISPR - Twisp River,WTRAP,Weir Trap,640,1
3DD.003BB8F360,AJG-2016-138-RDT.xml,"WEA - Wells Dam, DCPUD Adult Ladders",5/28/2017 5:33:34 AM,5/30/2017 11:38:32 AM,Right Ladder Pool 19,Right Ladder Pool 68,6/22/2016,7,Bull Trout,R,Resident,W,Wild Fish or Natural Production,TWISPR - Twisp River,WTRAP,Weir Trap,640,1
3DD.003BB8F361,AJG-2016-138-RDT.xml,LMR - Lower Methow River at Pateros,11/11/2016 11:37:11 PM,11/11/2016 11:37:11 PM,DOWNSTREAM FULL-WIDTH ARRAY,DOWNSTREAM FULL-WIDTH ARRAY,6/24/2016,7,Bull Trout,R,Resident,W,Wild Fish or Natural Production,TWISPR - Twisp River,WTRAP,Weir Trap,560,1
3DD.003BB8F361,AJG-2016-138-RDT.xml,TWR - Lwr Twisp Rvr near MSRF Ponds,10/27/2016 6:10:23 PM,10/27/2016 6:10:23 PM,LOWER IN-STREAM ARRAY,LOWER IN-STREAM ARRAY,6/24/2016,7,Bull Trout,R,Resident,W,Wild Fish or Natural Production,TWISPR - Twisp River,WTRAP,Weir Trap,560,1
3DD.003BB8F363,AJG-2016-138-RDT.xml,MRC - Methow River at Carlton,10/23/2016 7:30:34 PM,7/2/2017 12:36:36 AM,Single Array,Single Array,6/23/2016,7,Bull Trout,R,Resident,W,Wild Fish or Natural Production,TWISPR - Twisp River,WTRAP,Weir Trap,640,1
3DD.003BB8F363,AJG-2016-138-RDT.xml,TWR - Lwr Twisp Rvr near MSRF Ponds,10/21/2016 2:03:16 AM,6/30/2018 9:27:11 PM,UPPER IN-STREAM ARRAY,UPPER IN-STREAM ARRAY,6/23/2016,7,Bull Trout,R,Resident,W,Wild Fish or Natural Production,TWISPR - Twisp River,WTRAP,Weir Trap,640,1
3DD.003BC44620,CGS14266.LF1,TWR - Lwr Twisp Rvr near MSRF Ponds,7/10/2015 8:53:25 PM,7/10/2015 8:53:25 PM,UPPER IN-STREAM ARRAY,UPPER IN-STREAM ARRAY,9/23/2014,7,Bull Trout,R,Resident,W,Wild Fish or Natural Production,TWISPR - Twisp River,SHOCK,Electro-Shock,181,1
3DD.003BC4469D,CGS14259.LF2,TWR - Lwr Twisp Rvr near MSRF Ponds,11/15/2015 6:38:01 PM,11/15/2015 6:38:04 PM,UPPER IN-STREAM ARRAY,LOWER IN-STREAM ARRAY,9/16/2014,7,Bull Trout,R,Resident,W,Wild Fish or Natural Production,TWISPR - Twisp River,SHOCK,Electro-Shock,111,1
3DD.003BC446A6,CGS14259.LF3,TWR - Lwr Twisp Rvr near MSRF Ponds,11/1/2014 4:59:01 AM,11/1/2014 4:59:05 AM,UPPER IN-STREAM ARRAY,LOWER IN-STREAM ARRAY,9/16/2014,7,Bull Trout,R,Resident,W,Wild Fish or Natural Production,TWISPR - Twisp River,SHOCK,Electro-Shock,169,1
3DD.003BC446AB,CGS14259.LF3,TWR - Lwr Twisp Rvr near MSRF Ponds,10/15/2015 1:18:29 AM,10/15/2015 1:18:33 AM,UPPER IN-STREAM ARRAY,LOWER IN-STREAM ARRAY,9/16/2014,7,Bull Trout,R,Resident,W,Wild Fish or Natural Production,TWISPR - Twisp River,SHOCK,Electro-Shock,170,1
3DD.003BC446D2,CGS14260.LF1,TWR - Lwr Twisp Rvr near MSRF Ponds,11/1/2015 10:01:38 PM,11/1/2015 10:01:38 PM,LOWER IN-STREAM ARRAY,LOWER IN-STREAM ARRAY,9/17/2014,7,Bull Trout,R,Resident,W,Wild Fish or Natural Production,TWISPR - Twisp River,SHOCK,Electro-Shock,112,1
3DD.003BC446DE,CGS14259.LF2,TWR - Lwr Twisp Rvr near MSRF Ponds,10/9/2015 8:28:30 PM,10/9/2015 8:28:34 PM,UPPER IN-STREAM ARRAY,LOWER IN-STREAM ARRAY,9/16/2014,7,Bull Trout,R,Resident,W,Wild Fish or Natural Production,TWISPR - Twisp River,SHOCK,Electro-Shock,127,1
3DD.003BC446E6,CGS14259.LF5,TWR - Lwr Twisp Rvr near MSRF Ponds,9/22/2014 2:29:06 AM,9/22/2014 2:29:14 AM,UPPER IN-STREAM ARRAY,LOWER IN-STREAM ARRAY,9/16/2014,7,Bull Trout,R,Resident,W,Wild Fish or Natural Production,TWISPR - Twisp River,SHOCK,Electro-Shock,206,1
3DD.003BC446F1,CGS14260.LF1,"GLC - Gold Creek, Methow River",10/8/2015 7:15:24 PM,10/8/2015 7:15:56 PM,UPPER IN-STREAM ARRAY,LOWER IN-STREAM ARRAY,9/17/2014,7,Bull Trout,R,Resident,W,Wild Fish or Natural Production,TWISPR - Twisp River,SHOCK,Electro-Shock,113,1
3DD.003BC449F3,CGS14279.LF2,TWR - Lwr Twisp Rvr near MSRF Ponds,8/25/2016 7:35:56 PM,8/25/2016 7:36:00 PM,UPPER IN-STREAM ARRAY,LOWER IN-STREAM ARRAY,10/6/2014,7,Bull Trout,R,Resident,W,Wild Fish or Natural Production,TWISPR - Twisp River,SHOCK,Electro-Shock,75,1
3DD.003BC449FB,CGS14279.LF3,TWR - Lwr Twisp Rvr near MSRF Ponds,11/15/2015 1:49:05 AM,11/15/2015 1:49:09 AM,UPPER IN-STREAM ARRAY,LOWER IN-STREAM ARRAY,10/6/2014,7,Bull Trout,R,Resident,W,Wild Fish or Natural Production,TWISPR - Twisp River,SHOCK,Electro-Shock,128,1
3DD.003BC44D4F,CGS15103.KAI,MRT - Methow River at Twisp,7/7/2015 1:09:13 AM,7/7/2015 1:09:13 AM,Upstream array,Upstream array,4/13/2015,7,Bull Trout,R,Resident,W,Wild Fish or Natural Production,METTRP - Methow Smolt Trap at McFarland Creek Road Bridge,SCREWT,Screw Trap,260,1
3DD.003BC44D4F,CGS15103.KAI,TWR - Lwr Twisp Rvr near MSRF Ponds,7/8/2015 1:59:35 AM,7/8/2015 8:40:56 PM,LOWER IN-STREAM ARRAY,LOWER IN-STREAM ARRAY,4/13/2015,7,Bull Trout,R,Resident,W,Wild Fish or Natural Production,METTRP - Methow Smolt Trap at McFarland Creek Road Bridge,SCREWT,Screw Trap,260,1
3DD.003BC4504F,CGS14265.LF6,TWR - Lwr Twisp Rvr near MSRF Ponds,9/25/2014 2:43:59 AM,9/25/2014 2:43:59 AM,LOWER IN-STREAM ARRAY,LOWER IN-STREAM ARRAY,9/22/2014,7,Bull Trout,R,Resident,W,Wild Fish or Natural Production,TWISPR - Twisp River,SHOCK,Electro-Shock,237,1
3DD.003BC45172,CGS14259.LFZ,TWR - Lwr Twisp Rvr near MSRF Ponds,9/17/2014 11:57:46 PM,9/17/2014 11:57:46 PM,LOWER IN-STREAM ARRAY,LOWER IN-STREAM ARRAY,9/16/2014,7,Bull Trout,R,Resident,W,Wild Fish or Natural Production,TWISPR - Twisp River,SHOCK,Electro-Shock,211,1
3DD.003BC45182,CGS14258.LF3,TWR - Lwr Twisp Rvr near MSRF Ponds,10/17/2016 11:13:34 PM,10/17/2016 11:13:34 PM,UPPER IN-STREAM ARRAY,UPPER IN-STREAM ARRAY,9/15/2014,7,Bull Trout,R,Resident,W,Wild Fish or Natural Production,TWISPR - Twisp River,SHOCK,Electro-Shock,93,1
3DD.003BC451C9,CGS14258.LF3,"GLC - Gold Creek, Methow River",10/7/2015 8:48:25 PM,10/7/2015 8:48:54 PM,UPPER IN-STREAM ARRAY,LOWER IN-STREAM ARRAY,9/15/2014,7,Bull Trout,R,Resident,W,Wild Fish or Natural Production,TWISPR - Twisp River,SHOCK,Electro-Shock,158,1
3DD.003BC451C9,CGS14258.LF3,ICL - Lower Icicle Instream Array,7/29/2016 2:06:22 AM,7/9/2017 11:39:30 PM,Downstream Array,Downstream Array,9/15/2014,7,Bull Trout,R,Resident,W,Wild Fish or Natural Production,TWISPR - Twisp River,SHOCK,Electro-Shock,158,1
3DD.003BC451C9,CGS14258.LF3,ICM - Middle Icicle Instream Array,8/19/2016 4:44:25 AM,8/22/2016 8:27:55 PM,Downstream Array,Downstream Array,9/15/2014,7,Bull Trout,R,Resident,W,Wild Fish or Natural Production,TWISPR - Twisp River,SHOCK,Electro-Shock,158,1
3DD.003BC451C9,CGS14258.LF3,LWE - Lower Wenatchee River,7/4/2016 4:31:58 AM,7/4/2016 4:32:24 AM,DOWNSTREAM ANTENNA ARRAY,UPSTREAM ANTENNA ARRAY,9/15/2014,7,Bull Trout,R,Resident,W,Wild Fish or Natural Production,TWISPR - Twisp River,SHOCK,Electro-Shock,158,1
3DD.003BC451C9,CGS14258.LF3,RRF - Rocky Reach Fishway,5/9/2018 6:19:54 PM,5/16/2018 11:30:14 AM,Lower Weir,Trap,9/15/2014,7,Bull Trout,R,Resident,W,Wild Fish or Natural Production,TWISPR - Twisp River,SHOCK,Electro-Shock,158,1
3DD.003BC451C9,CGS14258.LF3,TUF - Tumwater Dam Adult Fishway,7/24/2017 1:54:57 PM,7/24/2017 2:26:53 PM,High Flow Ladder Entrance,WEIR 17,9/15/2014,7,Bull Trout,R,Resident,W,Wild Fish or Natural Production,TWISPR - Twisp River,SHOCK,Electro-Shock,158,1
3DD.003BC451C9,CGS14258.LF3,TWR - Lwr Twisp Rvr near MSRF Ponds,8/7/2015 1:23:21 AM,6/3/2018 12:32:17 PM,UPPER IN-STREAM ARRAY,UPPER IN-STREAM ARRAY,9/15/2014,7,Bull Trout,R,Resident,W,Wild Fish or Natural Production,TWISPR - Twisp River,SHOCK,Electro-Shock,158,1
3DD.003BC451C9,CGS14258.LF3,"WEA - Wells Dam, DCPUD Adult Ladders",5/19/2018 8:39:40 AM,5/19/2018 11:23:33 AM,Left Ladder Pool 19,Left Ladder Pool 68,9/15/2014,7,Bull Trout,R,Resident,W,Wild Fish or Natural Production,TWISPR - Twisp River,SHOCK,Electro-Shock,158,1
3DD.003BC451DB,CGS14258.LF1,TWR - Lwr Twisp Rvr near MSRF Ponds,11/6/2015 7:22:57 PM,11/6/2015 7:22:57 PM,LOWER IN-STREAM ARRAY,LOWER IN-STREAM ARRAY,9/15/2014,7,Bull Trout,R,Resident,W,Wild Fish or Natural Production,TWISPR - Twisp River,SHOCK,Electro-Shock,127,1
3DD.003BC451DC,CGS14258.LF1,TWR - Lwr Twisp Rvr near MSRF Ponds,11/2/2015 7:23:29 PM,11/2/2015 7:23:36 PM,UPPER IN-STREAM ARRAY,LOWER IN-STREAM ARRAY,9/15/2014,7,Bull Trout,R,Resident,W,Wild Fish or Natural Production,TWISPR - Twisp River,SHOCK,Electro-Shock,172,1
3DD.003BC45370,CGS15076.MHO,MRW - Methow River at Winthrop,12/17/2015 5:17:38 AM,12/17/2015 5:17:49 AM,UPSTREAM ARRAY,DOWNSTREAM ARRAY,3/17/2015,7,Bull Trout,R,Resident,W,Wild Fish or Natural Production,METHR - Methow River,BTRAP,Box Trap,420,1
3DD.003BC45479,CGS14266.LF1,TWR - Lwr Twisp Rvr near MSRF Ponds,8/11/2015 2:26:30 AM,8/11/2015 2:26:35 AM,UPPER IN-STREAM ARRAY,LOWER IN-STREAM ARRAY,9/23/2014,7,Bull Trout,R,Resident,W,Wild Fish or Natural Production,TWISPR - Twisp River,SHOCK,Electro-Shock,161,1
3DD.003BC490E3,CGS13318.KFZ,LMR - Lower Methow River at Pateros,10/26/2014 6:49:27 AM,10/26/2014 11:06:37 AM,DOWNSTREAM FULL-WIDTH ARRAY,DOWNSTREAM FULL-WIDTH ARRAY,11/14/2013,7,Bull Trout,R,Resident,W,Wild Fish or Natural Production,METHR - Methow River,SHOCK,Electro-Shock,182,1
3DD.003BC490E3,CGS13318.KFZ,OKL - Lower Okanogan Instream Array,12/12/2014 6:41:32 PM,5/20/2015 9:58:39 AM,Upstream Array,Upstream Array,11/14/2013,7,Bull Trout,R,Resident,W,Wild Fish or Natural Production,METHR - Methow River,SHOCK,Electro-Shock,182,1
3DD.003BC494DC,CGS13318.KFZ,LMR - Lower Methow River at Pateros,10/20/2014 5:24:15 PM,10/20/2014 5:24:16 PM,UPSTREAM FULL-WIDTH ARRAY,UPSTREAM FULL-WIDTH ARRAY,11/14/2013,7,Bull Trout,R,Resident,W,Wild Fish or Natural Production,METHR - Methow River,SHOCK,Electro-Shock,208,1
3DD.003BC494E6,CGS13318.KFZ,EWC - Early Winters Creek rkm 0.36,7/21/2015 2:14:20 AM,9/30/2015 8:16:27 PM,Downstream Array,Upstream Array,11/14/2013,7,Bull Trout,R,Resident,W,Wild Fish or Natural Production,METHR - Methow River,SHOCK,Electro-Shock,226,1
3DD.003BC494E6,CGS13318.KFZ,"GLC - Gold Creek, Methow River",6/17/2015 2:02:31 AM,6/17/2015 2:02:31 AM,UPPER IN-STREAM ARRAY,UPPER IN-STREAM ARRAY,11/14/2013,7,Bull Trout,R,Resident,W,Wild Fish or Natural Production,METHR - Methow River,SHOCK,Electro-Shock,226,1
3DD.003BC494E6,CGS13318.KFZ,LMR - Lower Methow River at Pateros,1/16/2016 8:57:55 PM,1/16/2016 8:57:55 PM,UPSTREAM FULL-WIDTH ARRAY,UPSTREAM FULL-WIDTH ARRAY,11/14/2013,7,Bull Trout,R,Resident,W,Wild Fish or Natural Production,METHR - Methow River,SHOCK,Electro-Shock,226,1
3DD.003BC494E6,CGS13318.KFZ,MRC - Methow River at Carlton,6/12/2017 11:40:49 AM,6/12/2017 11:40:49 AM,Single Array,Single Array,11/14/2013,7,Bull Trout,R,Resident,W,Wild Fish or Natural Production,METHR - Methow River,SHOCK,Electro-Shock,226,1
3DD.003BC494E6,CGS13318.KFZ,MRW - Methow River at Winthrop,11/1/2015 3:01:39 AM,11/1/2015 3:01:53 AM,UPSTREAM ARRAY,DOWNSTREAM ARRAY,11/14/2013,7,Bull Trout,R,Resident,W,Wild Fish or Natural Production,METHR - Methow River,SHOCK,Electro-Shock,226,1
3DD.003BC494E6,CGS13318.KFZ,SCP - Spring Creek Acclimation Pond,9/14/2014 2:25:18 AM,9/14/2014 2:25:58 AM,Upstream Antennas,Middle Antennas,11/14/2013,7,Bull Trout,R,Resident,W,Wild Fish or Natural Production,METHR - Methow River,SHOCK,Electro-Shock,226,1
3DD.003BC498BD,CGS14312.LAI,TWR - Lwr Twisp Rvr near MSRF Ponds,11/8/2014 5:00:42 PM,11/8/2014 5:00:42 PM,LOWER IN-STREAM ARRAY,LOWER IN-STREAM ARRAY,11/8/2014,7,Bull Trout,R,Resident,W,Wild Fish or Natural Production,TWISPR - Twisp River,SCREWT,Screw Trap,180,1
3DD.003BC498C7,CGS14131.LAI,TWR - Lwr Twisp Rvr near MSRF Ponds,5/11/2014 12:27:49 PM,5/12/2014 9:16:28 PM,LOWER IN-STREAM ARRAY,UPPER IN-STREAM ARRAY,5/11/2014,7,Bull Trout,R,Resident,W,Wild Fish or Natural Production,TWISPR - Twisp River,SCREWT,Screw Trap,154,1
3DD.003BC498C8,CGS14304.LAI,TWR - Lwr Twisp Rvr near MSRF Ponds,10/31/2014 10:19:50 AM,10/31/2014 1:07:06 PM,UPPER IN-STREAM ARRAY,LOWER IN-STREAM ARRAY,10/31/2014,7,Bull Trout,R,Resident,W,Wild Fish or Natural Production,TWISPR - Twisp River,SCREWT,Screw Trap,199,1
3DD.003BC498CC,CGS15065.LAI,TWR - Lwr Twisp Rvr near MSRF Ponds,3/7/2015 6:49:06 PM,3/7/2015 7:03:45 PM,LOWER IN-STREAM ARRAY,UPPER IN-STREAM ARRAY,3/7/2015,7,Bull Trout,R,Resident,W,Wild Fish or Natural Production,TWISPR - Twisp River,SCREWT,Screw Trap,134,1
3DD.003BC49901,CGS14307.LAI,TWR - Lwr Twisp Rvr near MSRF Ponds,11/3/2014 11:49:20 AM,11/3/2014 12:14:42 PM,LOWER IN-STREAM ARRAY,UPPER IN-STREAM ARRAY,11/3/2014,7,Bull Trout,R,Resident,W,Wild Fish or Natural Production,TWISPR - Twisp River,SCREWT,Screw Trap,235,1
3DD.003BC49A3D,CGS14153.TW1,"GLC - Gold Creek, Methow River",7/16/2014 9:47:13 PM,7/16/2014 9:47:13 PM,LOWER IN-STREAM ARRAY,LOWER IN-STREAM ARRAY,6/19/2014,7,Bull Trout,R,Resident,W,Wild Fish or Natural Production,TWISPW - Twisp River Weir (WDFW),WTRAP,Weir Trap,640,1
3DD.003BC49A3D,CGS14153.TW1,TWR - Lwr Twisp Rvr near MSRF Ponds,7/9/2014 2:18:46 AM,7/9/2014 2:18:46 AM,UPPER IN-STREAM ARRAY,UPPER IN-STREAM ARRAY,6/19/2014,7,Bull Trout,R,Resident,W,Wild Fish or Natural Production,TWISPW - Twisp River Weir (WDFW),WTRAP,Weir Trap,640,1
3DD.003BC49A43,CGS14153.TW1,TWR - Lwr Twisp Rvr near MSRF Ponds,9/19/2014 10:30:28 PM,11/17/2015 2:42:00 AM,UPPER IN-STREAM ARRAY,LOWER IN-STREAM ARRAY,6/20/2014,7,Bull Trout,R,Resident,W,Wild Fish or Natural Production,TWISPW - Twisp River Weir (WDFW),WTRAP,Weir Trap,580,1
3DD.003BC49A45,CGS14153.TW1,TWR - Lwr Twisp Rvr near MSRF Ponds,10/23/2014 7:26:29 PM,11/1/2015 2:15:31 AM,UPPER IN-STREAM ARRAY,LOWER IN-STREAM ARRAY,6/9/2014,7,Bull Trout,R,Resident,W,Wild Fish or Natural Production,TWISPW - Twisp River Weir (WDFW),WTRAP,Weir Trap,660,1
3DD.003BC49A64,CGS14153.TW1,TWR - Lwr Twisp Rvr near MSRF Ponds,11/5/2014 12:52:54 AM,11/9/2015 7:53:27 PM,LOWER IN-STREAM ARRAY,LOWER IN-STREAM ARRAY,6/15/2014,7,Bull Trout,R,Resident,W,Wild Fish or Natural Production,TWISPW - Twisp River Weir (WDFW),WTRAP,Weir Trap,580,1
3DD.003BC49A7C,CGS14153.TW1,TWR - Lwr Twisp Rvr near MSRF Ponds,7/6/2014 12:11:44 AM,7/7/2014 2:57:05 AM,LOWER IN-STREAM ARRAY,UPPER IN-STREAM ARRAY,6/18/2014,7,Bull Trout,R,Resident,W,Wild Fish or Natural Production,TWISPW - Twisp River Weir (WDFW),WTRAP,Weir Trap,510,1
3DD.003BC49A80,CGS14153.TW1,MRC - Methow River at Carlton,1/7/2016 1:29:26 AM,1/7/2016 1:29:26 AM,Single Array,Single Array,6/17/2014,7,Bull Trout,R,Resident,W,Wild Fish or Natural Production,TWISPW - Twisp River Weir (WDFW),WTRAP,Weir Trap,560,1
3DD.003BC49A80,CGS14153.TW1,MRT - Methow River at Twisp,8/2/2015 1:16:19 AM,8/2/2015 1:16:19 AM,Upstream array,Upstream array,6/17/2014,7,Bull Trout,R,Resident,W,Wild Fish or Natural Production,TWISPW - Twisp River Weir (WDFW),WTRAP,Weir Trap,560,1
3DD.003BC49A80,CGS14153.TW1,TWR - Lwr Twisp Rvr near MSRF Ponds,10/20/2014 4:18:07 AM,7/10/2017 3:14:06 AM,LOWER IN-STREAM ARRAY,LOWER IN-STREAM ARRAY,6/17/2014,7,Bull Trout,R,Resident,W,Wild Fish or Natural Production,TWISPW - Twisp River Weir (WDFW),WTRAP,Weir Trap,560,1
3DD.003BC49A82,CGS14153.TW1,18N - 1890s Channel Methow River,4/2/2016 12:03:08 AM,6/20/2018 10:31:12 PM,Downstream Array,Middle Array,6/20/2014,7,Bull Trout,R,Resident,W,Wild Fish or Natural Production,TWISPW - Twisp River Weir (WDFW),WTRAP,Weir Trap,570,1
3DD.003BC49A82,CGS14153.TW1,TWR - Lwr Twisp Rvr near MSRF Ponds,10/20/2014 7:18:35 PM,10/18/2020 4:14:21 AM,UPPER IN-STREAM ARRAY,LOWER IN-STREAM ARRAY,6/20/2014,7,Bull Trout,R,Resident,W,Wild Fish or Natural Production,TWISPW - Twisp River Weir (WDFW),WTRAP,Weir Trap,570,1
3DD.003BC49A88,CGS14153.TW1,TWR - Lwr Twisp Rvr near MSRF Ponds,7/16/2014 8:31:01 AM,10/22/2018 2:20:07 AM,UPPER IN-STREAM ARRAY,UPPER IN-STREAM ARRAY,6/20/2014,7,Bull Trout,R,Resident,W,Wild Fish or Natural Production,TWISPW - Twisp River Weir (WDFW),WTRAP,Weir Trap,680,1
3DD.003BC49A90,CGS14153.TW1,LMR - Lower Methow River at Pateros,12/27/2015 11:50:23 AM,12/15/2019 8:42:06 PM,UPSTREAM FULL-WIDTH ARRAY,Upstream Array,6/19/2014,7,Bull Trout,R,Resident,W,Wild Fish or Natural Production,TWISPW - Twisp River Weir (WDFW),WTRAP,Weir Trap,530,1
3DD.003BC49A90,CGS14153.TW1,MRC - Methow River at Carlton,3/17/2016 1:46:09 AM,4/14/2021 3:01:03 AM,Single Array,Single Array,6/19/2014,7,Bull Trout,R,Resident,W,Wild Fish or Natural Production,TWISPW - Twisp River Weir (WDFW),WTRAP,Weir Trap,530,1
3DD.003BC49A90,CGS14153.TW1,TWR - Lwr Twisp Rvr near MSRF Ponds,6/21/2014 6:50:23 AM,6/12/2021 11:52:22 PM,UPPER IN-STREAM ARRAY,LOWER IN-STREAM ARRAY,6/19/2014,7,Bull Trout,R,Resident,W,Wild Fish or Natural Production,TWISPW - Twisp River Weir (WDFW),WTRAP,Weir Trap,530,1
3DD.003BC49B69,CGS14216.LBZ,TWR - Lwr Twisp Rvr near MSRF Ponds,9/21/2014 5:29:56 AM,9/21/2014 5:29:56 AM,LOWER IN-STREAM ARRAY,LOWER IN-STREAM ARRAY,8/4/2014,7,Bull Trout,R,Resident,W,Wild Fish or Natural Production,TWISPR - Twisp River,HOOK,Hook and Line,207,1
3DD.003BC49D24,CGS14126.WL2,LMR - Lower Methow River at Pateros,10/31/2014 4:06:24 AM,10/31/2014 4:06:24 AM,UPSTREAM FULL-WIDTH ARRAY,UPSTREAM FULL-WIDTH ARRAY,5/21/2014,7,Bull Trout,R,Resident,W,Wild Fish or Natural Production,WELLD2 - WEL - Release into the West Adult Fish Ladder,LADDER,Adult Passage Ladder,560,1
3DD.003BC49D24,CGS14126.WL2,TWR - Lwr Twisp Rvr near MSRF Ponds,10/24/2014 7:05:29 PM,6/7/2015 9:21:59 PM,UPPER IN-STREAM ARRAY,UPPER IN-STREAM ARRAY,5/21/2014,7,Bull Trout,R,Resident,W,Wild Fish or Natural Production,WELLD2 - WEL - Release into the West Adult Fish Ladder,LADDER,Adult Passage Ladder,560,1
3DD.003BC49D24,CGS14126.WL2,"WEA - Wells Dam, DCPUD Adult Ladders",5/22/2014 4:50:09 PM,5/21/2015 9:22:31 AM,RIGHT LADDER POOL 67,RIGHT LADDER POOL 68,5/21/2014,7,Bull Trout,R,Resident,W,Wild Fish or Natural Production,WELLD2 - WEL - Release into the West Adult Fish Ladder,LADDER,Adult Passage Ladder,560,1
3DD.003BC49D52,CGS15132.LAI,FST - Foster Creek,7/9/2015 4:06:36 AM,8/5/2015 7:28:15 PM,Single Antenna,Single Antenna,5/12/2015,7,Bull Trout,R,Resident,W,Wild Fish or Natural Production,TWISPR - Twisp River,SCREWT,Screw Trap,149,1
3DD.003BC49D52,CGS15132.LAI,TWR - Lwr Twisp Rvr near MSRF Ponds,5/12/2015 4:04:34 PM,5/12/2015 4:04:40 PM,UPPER IN-STREAM ARRAY,LOWER IN-STREAM ARRAY,5/12/2015,7,Bull Trout,R,Resident,W,Wild Fish or Natural Production,TWISPR - Twisp River,SCREWT,Screw Trap,149,1
3DD.003BC49D5D,CGS15135.LAI,MRT - Methow River at Twisp,6/16/2015 12:03:39 PM,7/2/2015 6:57:48 PM,Upstream array,Upstream array,5/15/2015,7,Bull Trout,R,Resident,W,Wild Fish or Natural Production,TWISPR - Twisp River,SCREWT,Screw Trap,136,1
3DD.003BC49D5D,CGS15135.LAI,TWR - Lwr Twisp Rvr near MSRF Ponds,5/15/2015 5:47:29 AM,5/15/2015 8:07:57 AM,UPPER IN-STREAM ARRAY,LOWER IN-STREAM ARRAY,5/15/2015,7,Bull Trout,R,Resident,W,Wild Fish or Natural Production,TWISPR - Twisp River,SCREWT,Screw Trap,136,1
3DD.003BC49D6F,CGS15122.LAI,TWR - Lwr Twisp Rvr near MSRF Ponds,5/2/2015 6:22:25 AM,5/2/2015 6:58:22 AM,LOWER IN-STREAM ARRAY,UPPER IN-STREAM ARRAY,5/2/2015,7,Bull Trout,R,Resident,W,Wild Fish or Natural Production,TWISPR - Twisp River,SCREWT,Screw Trap,164,1
3DD.003BC49D91,CGS15108.LAI,TWR - Lwr Twisp Rvr near MSRF Ponds,4/18/2015 6:49:11 PM,4/19/2015 5:34:34 AM,LOWER IN-STREAM ARRAY,LOWER IN-STREAM ARRAY,4/18/2015,7,Bull Trout,R,Resident,W,Wild Fish or Natural Production,TWISPR - Twisp River,SCREWT,Screw Trap,125,1
3DD.003BC49D9C,CGS15105.LAC,RRJ - Rocky Reach Dam Juvenile,5/2/2015 11:46:34 PM,5/2/2015 11:46:35 PM,DSM Bypass Surface Collector,DSM Bypass Surface Collector,4/15/2015,7,Bull Trout,R,Resident,W,Wild Fish or Natural Production,TWISPR - Twisp River,SCREWT,Screw Trap,172,1
3DD.003BC49DA5,CGS15137.LAI,TWR - Lwr Twisp Rvr near MSRF Ponds,5/17/2015 6:24:28 AM,5/17/2015 6:29:28 AM,UPPER IN-STREAM ARRAY,UPPER IN-STREAM ARRAY,5/17/2015,7,Bull Trout,R,Resident,W,Wild Fish or Natural Production,TWISPR - Twisp River,SCREWT,Screw Trap,184,1
3DD.003BC49DAE,CGS15096.LAI,TWR - Lwr Twisp Rvr near MSRF Ponds,4/6/2015 6:40:39 PM,4/6/2015 6:40:39 PM,LOWER IN-STREAM ARRAY,LOWER IN-STREAM ARRAY,4/6/2015,7,Bull Trout,R,Resident,W,Wild Fish or Natural Production,TWISPR - Twisp River,SCREWT,Screw Trap,155,1
3DD.003BC49DB7,CGS14153.TW1,TWR - Lwr Twisp Rvr near MSRF Ponds,7/9/2014 3:57:28 AM,7/29/2014 3:08:59 AM,UPPER IN-STREAM ARRAY,UPPER IN-STREAM ARRAY,6/21/2014,7,Bull Trout,R,Resident,W,Wild Fish or Natural Production,TWISPW - Twisp River Weir (WDFW),WTRAP,Weir Trap,730,1
3DD.003BC49DC1,CGS14153.TW1,TWR - Lwr Twisp Rvr near MSRF Ponds,7/19/2014 10:00:22 PM,7/29/2014 4:38:41 AM,UPPER IN-STREAM ARRAY,UPPER IN-STREAM ARRAY,6/23/2014,7,Bull Trout,R,Resident,W,Wild Fish or Natural Production,TWISPW - Twisp River Weir (WDFW),WTRAP,Weir Trap,520,1
3DD.003BC49DC9,CGS14153.TW1,TWR - Lwr Twisp Rvr near MSRF Ponds,6/25/2014 9:27:12 AM,7/6/2014 1:47:34 AM,UPPER IN-STREAM ARRAY,UPPER IN-STREAM ARRAY,6/22/2014,7,Bull Trout,R,Resident,W,Wild Fish or Natural Production,TWISPW - Twisp River Weir (WDFW),WTRAP,Weir Trap,620,1
3DD.003BC49DCB,CGS14153.TW1,TWR - Lwr Twisp Rvr near MSRF Ponds,7/12/2014 3:23:56 AM,7/12/2014 3:24:15 AM,LOWER IN-STREAM ARRAY,UPPER IN-STREAM ARRAY,6/24/2014,7,Bull Trout,R,Resident,W,Wild Fish or Natural Production,TWISPW - Twisp River Weir (WDFW),WTRAP,Weir Trap,660,1
3DD.003BC49DCE,CGS14153.TW1,TWR - Lwr Twisp Rvr near MSRF Ponds,11/3/2014 9:07:02 PM,6/11/2015 1:46:50 AM,UPPER IN-STREAM ARRAY,UPPER IN-STREAM ARRAY,6/25/2014,7,Bull Trout,R,Resident,W,Wild Fish or Natural Production,TWISPW - Twisp River Weir (WDFW),WTRAP,Weir Trap,570,1
3DD.003BC49DDF,CGS14153.TW1,MRC - Methow River at Carlton,12/25/2015 7:22:01 PM,4/13/2018 8:28:22 PM,Single Array,Single Array,6/23/2014,7,Bull Trout,R,Resident,W,Wild Fish or Natural Production,TWISPW - Twisp River Weir (WDFW),WTRAP,Weir Trap,480,1
3DD.003BC49DDF,CGS14153.TW1,TWR - Lwr Twisp Rvr near MSRF Ponds,6/30/2014 9:49:58 PM,10/10/2016 9:53:50 PM,LOWER IN-STREAM ARRAY,LOWER IN-STREAM ARRAY,6/23/2014,7,Bull Trout,R,Resident,W,Wild Fish or Natural Production,TWISPW - Twisp River Weir (WDFW),WTRAP,Weir Trap,480,1
3DD.003BC49DFA,CGS14153.TW1,TWR - Lwr Twisp Rvr near MSRF Ponds,6/27/2014 2:04:14 PM,7/13/2014 1:36:05 AM,UPPER IN-STREAM ARRAY,LOWER IN-STREAM ARRAY,6/21/2014,7,Bull Trout,R,Resident,W,Wild Fish or Natural Production,TWISPW - Twisp River Weir (WDFW),WTRAP,Weir Trap,590,1
3DD.003BC49DFE,CGS14153.TW1,"GLC - Gold Creek, Methow River",7/17/2014 8:43:31 AM,7/18/2014 1:52:47 PM,UPPER IN-STREAM ARRAY,LOWER IN-STREAM ARRAY,6/23/2014,7,Bull Trout,R,Resident,W,Wild Fish or Natural Production,TWISPW - Twisp River Weir (WDFW),WTRAP,Weir Trap,640,1
3DD.003BC49DFE,CGS14153.TW1,TWR - Lwr Twisp Rvr near MSRF Ponds,7/14/2014 3:07:26 AM,7/14/2014 12:05:17 PM,LOWER IN-STREAM ARRAY,LOWER IN-STREAM ARRAY,6/23/2014,7,Bull Trout,R,Resident,W,Wild Fish or Natural Production,TWISPW - Twisp River Weir (WDFW),WTRAP,Weir Trap,640,1
3DD.003BC49E03,CGS14153.TW1,TWR - Lwr Twisp Rvr near MSRF Ponds,10/24/2014 9:39:23 PM,10/19/2016 6:23:52 AM,UPPER IN-STREAM ARRAY,LOWER IN-STREAM ARRAY,6/23/2014,7,Bull Trout,R,Resident,W,Wild Fish or Natural Production,TWISPW - Twisp River Weir (WDFW),WTRAP,Weir Trap,690,1
3DD.003BC49E06,CGS14153.TW1,TWR - Lwr Twisp Rvr near MSRF Ponds,7/13/2014 1:25:24 AM,6/11/2015 12:15:17 AM,LOWER IN-STREAM ARRAY,UPPER IN-STREAM ARRAY,6/24/2014,7,Bull Trout,R,Resident,W,Wild Fish or Natural Production,TWISPW - Twisp River Weir (WDFW),WTRAP,Weir Trap,600,1
3DD.003BC49E0F,CGS14153.TW1,TWR - Lwr Twisp Rvr near MSRF Ponds,9/24/2014 12:44:57 AM,11/1/2015 6:08:14 PM,LOWER IN-STREAM ARRAY,LOWER IN-STREAM ARRAY,6/25/2014,7,Bull Trout,R,Resident,W,Wild Fish or Natural Production,TWISPW - Twisp River Weir (WDFW),WTRAP,Weir Trap,610,1
3DD.003BC49E10,CGS14153.TW1,TWR - Lwr Twisp Rvr near MSRF Ponds,6/27/2014 11:03:36 PM,7/8/2014 1:34:52 AM,UPPER IN-STREAM ARRAY,UPPER IN-STREAM ARRAY,6/22/2014,7,Bull Trout,R,Resident,W,Wild Fish or Natural Production,TWISPW - Twisp River Weir (WDFW),WTRAP,Weir Trap,540,1
3DD.003BC49E11,CGS14153.TW1,LMR - Lower Methow River at Pateros,12/3/2014 2:09:46 PM,12/6/2014 8:33:14 AM,DOWNSTREAM FULL-WIDTH ARRAY,DOWNSTREAM FULL-WIDTH ARRAY,6/24/2014,7,Bull Trout,R,Resident,W,Wild Fish or Natural Production,TWISPW - Twisp River Weir (WDFW),WTRAP,Weir Trap,490,1
3DD.003BC49E11,CGS14153.TW1,MRC - Methow River at Carlton,11/14/2015 10:02:28 PM,6/20/2018 12:24:04 AM,Single Array,Single Array,6/24/2014,7,Bull Trout,R,Resident,W,Wild Fish or Natural Production,TWISPW - Twisp River Weir (WDFW),WTRAP,Weir Trap,490,1
3DD.003BC49E11,CGS14153.TW1,TWR - Lwr Twisp Rvr near MSRF Ponds,10/27/2014 6:20:55 AM,7/4/2017 9:19:04 PM,UPPER IN-STREAM ARRAY,UPPER IN-STREAM ARRAY,6/24/2014,7,Bull Trout,R,Resident,W,Wild Fish or Natural Production,TWISPW - Twisp River Weir (WDFW),WTRAP,Weir Trap,490,1
3DD.003BC49E15,CGS14153.TW1,TWR - Lwr Twisp Rvr near MSRF Ponds,9/18/2014 11:17:31 PM,9/18/2014 11:17:37 PM,UPPER IN-STREAM ARRAY,LOWER IN-STREAM ARRAY,6/25/2014,7,Bull Trout,R,Resident,W,Wild Fish or Natural Production,TWISPW - Twisp River Weir (WDFW),WTRAP,Weir Trap,620,1
3DD.003BC51937,CGS13294.LF1,TWR - Lwr Twisp Rvr near MSRF Ponds,3/23/2014 2:38:40 AM,3/23/2014 2:38:44 AM,UPPER IN-STREAM ARRAY,LOWER IN-STREAM ARRAY,10/21/2013,7,Bull Trout,R,Resident,W,Wild Fish or Natural Production,TWISPR - Twisp River,SHOCK,Electro-Shock,220,1
3DD.003BC51969,CGS13295.MFZ,CRW - Chewuch River above Winthrop,3/21/2014 9:33:49 AM,3/21/2014 10:45:46 AM,DOWNSTREAM ARRAY,DOWNSTREAM ARRAY,10/22/2013,7,Bull Trout,R,Resident,W,Wild Fish or Natural Production,CHEWUR - Chewuch River,SHOCK,Electro-Shock,245,1
3DD.003BC52142,CGS13305.LFZ,TWR - Lwr Twisp Rvr near MSRF Ponds,8/3/2014 9:51:01 PM,8/3/2014 9:51:08 PM,UPPER IN-STREAM ARRAY,LOWER IN-STREAM ARRAY,11/1/2013,7,Bull Trout,R,Resident,W,Wild Fish or Natural Production,TWISPR - Twisp River,SHOCK,Electro-Shock,194,1
3DD.003BC521C9,NBD14298.AAZ,UWE - Upper Wenatchee River,10/26/2014 7:02:46 PM,10/26/2014 7:02:46 PM,IN-STREAM ARRAY,IN-STREAM ARRAY,10/25/2014,7,Bull Trout,R,Resident,W,Wild Fish or Natural Production,"CHIWAT - Chiwawa River Trap, 0.5 km below CHIP acclimation pond",SCREWT,Screw Trap,215,1
3DD.003BC521CB,NBD15270.AAZ,CHL - Lower Chiwawa River,9/30/2019 3:09:28 AM,9/30/2019 3:09:30 AM,LOWER IN-STREAM ARRAY,LOWER IN-STREAM ARRAY,9/27/2015,7,Bull Trout,R,Resident,W,Wild Fish or Natural Production,"CHIWAT - Chiwawa River Trap, 0.5 km below CHIP acclimation pond",SCREWT,Screw Trap,253,1
3DD.003BC521CB,NBD15270.AAZ,CHU - Upper Chiwawa River,6/12/2019 3:08:22 AM,9/28/2019 11:24:46 PM,LOWER IN-STREAM ARRAY,UPPER IN-STREAM ARRAY,9/27/2015,7,Bull Trout,R,Resident,W,Wild Fish or Natural Production,"CHIWAT - Chiwawa River Trap, 0.5 km below CHIP acclimation pond",SCREWT,Screw Trap,253,1
3DD.003BC521CB,NBD15270.AAZ,UWE - Upper Wenatchee River,9/27/2015 11:00:16 PM,9/28/2021 11:21:30 PM,IN-STREAM ARRAY,IN-STREAM ARRAY,9/27/2015,7,Bull Trout,R,Resident,W,Wild Fish or Natural Production,"CHIWAT - Chiwawa River Trap, 0.5 km below CHIP acclimation pond",SCREWT,Screw Trap,253,1
3DD.003BC521CC,NBD14287.AAZ,CHL - Lower Chiwawa River,10/14/2014 11:24:08 AM,10/14/2014 6:36:24 PM,LOWER IN-STREAM ARRAY,LOWER IN-STREAM ARRAY,10/14/2014,7,Bull Trout,R,Resident,W,Wild Fish or Natural Production,"CHIWAT - Chiwawa River Trap, 0.5 km below CHIP acclimation pond",SCREWT,Screw Trap,205,1
3DD.003BC521CF,NBD14287.AAZ,CHL - Lower Chiwawa River,10/14/2014 10:30:23 AM,10/14/2014 6:05:35 PM,LOWER IN-STREAM ARRAY,UPPER IN-STREAM ARRAY,10/14/2014,7,Bull Trout,R,Resident,W,Wild Fish or Natural Production,"CHIWAT - Chiwawa River Trap, 0.5 km below CHIP acclimation pond",SCREWT,Screw Trap,213,1
3DD.003BC521CF,NBD14287.AAZ,UWE - Upper Wenatchee River,10/14/2014 10:16:57 PM,10/14/2014 10:16:57 PM,IN-STREAM ARRAY,IN-STREAM ARRAY,10/14/2014,7,Bull Trout,R,Resident,W,Wild Fish or Natural Production,"CHIWAT - Chiwawa River Trap, 0.5 km below CHIP acclimation pond",SCREWT,Screw Trap,213,1
3DD.003BC521D0,NBD14281.AAZ,CHL - Lower Chiwawa River,10/8/2014 8:28:36 AM,10/8/2014 6:49:54 PM,LOWER IN-STREAM ARRAY,LOWER IN-STREAM ARRAY,10/8/2014,7,Bull Trout,R,Resident,W,Wild Fish or Natural Production,"CHIWAT - Chiwawa River Trap, 0.5 km below CHIP acclimation pond",SCREWT,Screw Trap,194,1
3DD.003BC521D0,NBD14281.AAZ,UWE - Upper Wenatchee River,10/9/2014 7:35:30 PM,10/9/2014 7:35:30 PM,IN-STREAM ARRAY,IN-STREAM ARRAY,10/8/2014,7,Bull Trout,R,Resident,W,Wild Fish or Natural Production,"CHIWAT - Chiwawa River Trap, 0.5 km below CHIP acclimation pond",SCREWT,Screw Trap,194,1
3DD.003BC521D1,NBD14285.AAZ,UWE - Upper Wenatchee River,10/13/2014 1:53:32 AM,10/13/2014 1:53:32 AM,IN-STREAM ARRAY,IN-STREAM ARRAY,10/12/2014,7,Bull Trout,R,Resident,W,Wild Fish or Natural Production,"CHIWAT - Chiwawa River Trap, 0.5 km below CHIP acclimation pond",SCREWT,Screw Trap,245,1
3DD.003BC521D4,NBD14282.AAZ,ICL - Lower Icicle Instream Array,11/8/2014 6:55:56 AM,11/11/2014 3:00:26 AM,Upstream Array,Downstream Array,10/10/2014,7,Bull Trout,R,Resident,W,Wild Fish or Natural Production,"CHIWAT - Chiwawa River Trap, 0.5 km below CHIP acclimation pond",SCREWT,Screw Trap,223,1
3DD.003BC521D4,NBD14282.AAZ,RRF - Rocky Reach Fishway,11/20/2014 12:58:31 PM,11/20/2014 1:11:36 PM,Lower Weir,Trap,10/10/2014,7,Bull Trout,R,Resident,W,Wild Fish or Natural Production,"CHIWAT - Chiwawa River Trap, 0.5 km below CHIP acclimation pond",SCREWT,Screw Trap,223,1
3DD.003BC521D5,NBD14285.AAZ,UWE - Upper Wenatchee River,10/13/2014 4:32:16 AM,10/13/2014 4:32:16 AM,IN-STREAM ARRAY,IN-STREAM ARRAY,10/12/2014,7,Bull Trout,R,Resident,W,Wild Fish or Natural Production,"CHIWAT - Chiwawa River Trap, 0.5 km below CHIP acclimation pond",SCREWT,Screw Trap,183,1
3DD.003BC521D5,NBD14285.AAZ,"WTL - White River, Wenatchee Basin",10/21/2014 9:16:02 PM,10/21/2014 9:17:42 PM,LOWER IN-STREAM ARRAY,UPPER IN-STREAM ARRAY,10/12/2014,7,Bull Trout,R,Resident,W,Wild Fish or Natural Production,"CHIWAT - Chiwawa River Trap, 0.5 km below CHIP acclimation pond",SCREWT,Screw Trap,183,1
3DD.003BC521D8,NBD14279.AAZ,UWE - Upper Wenatchee River,10/12/2014 7:05:28 PM,7/6/2018 12:50:26 AM,IN-STREAM ARRAY,IN-STREAM ARRAY,10/6/2014,7,Bull Trout,R,Resident,W,Wild Fish or Natural Production,"CHIWAT - Chiwawa River Trap, 0.5 km below CHIP acclimation pond",SCREWT,Screw Trap,242,1
3DD.003BC521DA,NBD15270.AAZ,UWE - Upper Wenatchee River,9/27/2015 8:42:48 PM,9/27/2015 8:42:48 PM,IN-STREAM ARRAY,IN-STREAM ARRAY,9/27/2015,7,Bull Trout,R,Resident,W,Wild Fish or Natural Production,"CHIWAT - Chiwawa River Trap, 0.5 km below CHIP acclimation pond",SCREWT,Screw Trap,470,1
3DD.003BC521DC,NBD14279.AAZ,CHL - Lower Chiwawa River,9/8/2017 8:29:50 PM,6/10/2019 11:07:44 PM,UPPER IN-STREAM ARRAY,LOWER IN-STREAM ARRAY,10/6/2014,7,Bull Trout,R,Resident,W,Wild Fish or Natural Production,"CHIWAT - Chiwawa River Trap, 0.5 km below CHIP acclimation pond",SCREWT,Screw Trap,250,1
3DD.003BC521DC,NBD14279.AAZ,CHU - Upper Chiwawa River,6/23/2019 12:22:13 AM,6/23/2019 12:22:14 AM,LOWER IN-STREAM ARRAY,LOWER IN-STREAM ARRAY,10/6/2014,7,Bull Trout,R,Resident,W,Wild Fish or Natural Production,"CHIWAT - Chiwawa River Trap, 0.5 km below CHIP acclimation pond",SCREWT,Screw Trap,250,1
3DD.003BC521DC,NBD14279.AAZ,UWE - Upper Wenatchee River,10/6/2014 10:27:18 PM,9/16/2017 3:37:32 AM,IN-STREAM ARRAY,IN-STREAM ARRAY,10/6/2014,7,Bull Trout,R,Resident,W,Wild Fish or Natural Production,"CHIWAT - Chiwawa River Trap, 0.5 km below CHIP acclimation pond",SCREWT,Screw Trap,250,1
3DD.003BC521E0,NBD14279.AAZ,CHL - Lower Chiwawa River,7/23/2016 10:04:07 PM,7/23/2016 10:04:07 PM,LOWER IN-STREAM ARRAY,LOWER IN-STREAM ARRAY,10/6/2014,7,Bull Trout,R,Resident,W,Wild Fish or Natural Production,"CHIWAT - Chiwawa River Trap, 0.5 km below CHIP acclimation pond",SCREWT,Screw Trap,221,1
3DD.003BC521E0,NBD14279.AAZ,CHU - Upper Chiwawa River,8/3/2016 9:55:26 PM,8/3/2016 9:56:37 PM,LOWER IN-STREAM ARRAY,UPPER IN-STREAM ARRAY,10/6/2014,7,Bull Trout,R,Resident,W,Wild Fish or Natural Production,"CHIWAT - Chiwawa River Trap, 0.5 km below CHIP acclimation pond",SCREWT,Screw Trap,221,1
3DD.003BC521E0,NBD14279.AAZ,UWE - Upper Wenatchee River,10/7/2014 5:37:10 AM,10/7/2014 5:37:10 AM,IN-STREAM ARRAY,IN-STREAM ARRAY,10/6/2014,7,Bull Trout,R,Resident,W,Wild Fish or Natural Production,"CHIWAT - Chiwawa River Trap, 0.5 km below CHIP acclimation pond",SCREWT,Screw Trap,221,1
3DD.003BC521E1,NBD14303.AAZ,CHL - Lower Chiwawa River,10/30/2014 6:58:41 PM,10/30/2014 6:58:41 PM,LOWER IN-STREAM ARRAY,LOWER IN-STREAM ARRAY,10/30/2014,7,Bull Trout,R,Resident,W,Wild Fish or Natural Production,"CHIWAT - Chiwawa River Trap, 0.5 km below CHIP acclimation pond",SCREWT,Screw Trap,182,1
3DD.003BC521E2,NBD14291.AAZ,UWE - Upper Wenatchee River,10/20/2014 6:42:34 PM,10/20/2014 6:42:34 PM,IN-STREAM ARRAY,IN-STREAM ARRAY,10/19/2014,7,Bull Trout,R,Resident,W,Wild Fish or Natural Production,"CHIWAT - Chiwawa River Trap, 0.5 km below CHIP acclimation pond",SCREWT,Screw Trap,230,1
3DD.003BC521E3,NBD14282.AAZ,CHL - Lower Chiwawa River,10/10/2014 6:18:53 PM,10/10/2014 6:28:00 PM,LOWER IN-STREAM ARRAY,UPPER IN-STREAM ARRAY,10/10/2014,7,Bull Trout,R,Resident,W,Wild Fish or Natural Production,"CHIWAT - Chiwawa River Trap, 0.5 km below CHIP acclimation pond",SCREWT,Screw Trap,198,1
3DD.003BC521E5,NBD14288.AAZ,UWE - Upper Wenatchee River,10/17/2014 3:44:49 AM,10/17/2014 3:44:49 AM,IN-STREAM ARRAY,IN-STREAM ARRAY,10/16/2014,7,Bull Trout,R,Resident,W,Wild Fish or Natural Production,"CHIWAT - Chiwawa River Trap, 0.5 km below CHIP acclimation pond",SCREWT,Screw Trap,200,1
3DD.003BC521E8,NBD14284.AAZ,UWE - Upper Wenatchee River,10/11/2014 9:24:52 PM,10/11/2014 9:24:52 PM,IN-STREAM ARRAY,IN-STREAM ARRAY,10/11/2014,7,Bull Trout,R,Resident,W,Wild Fish or Natural Production,"CHIWAT - Chiwawa River Trap, 0.5 km below CHIP acclimation pond",SCREWT,Screw Trap,231,1
3DD.003BC521EA,NBD14290.AAZ,UWE - Upper Wenatchee River,10/17/2014 10:47:29 PM,10/17/2014 10:47:29 PM,IN-STREAM ARRAY,IN-STREAM ARRAY,10/17/2014,7,Bull Trout,R,Resident,W,Wild Fish or Natural Production,"CHIWAT - Chiwawa River Trap, 0.5 km below CHIP acclimation pond",SCREWT,Screw Trap,190,1
3DD.003BC521EB,NBD14287.AAZ,UWE - Upper Wenatchee River,10/14/2014 9:55:26 PM,10/14/2014 9:55:26 PM,IN-STREAM ARRAY,IN-STREAM ARRAY,10/14/2014,7,Bull Trout,R,Resident,W,Wild Fish or Natural Production,"CHIWAT - Chiwawa River Trap, 0.5 km below CHIP acclimation pond",SCREWT,Screw Trap,206,1
3DD.003BC521EC,NBD15266.AAZ,CHL - Lower Chiwawa River,7/27/2016 10:11:10 PM,8/25/2016 10:20:08 PM,LOWER IN-STREAM ARRAY,LOWER IN-STREAM ARRAY,9/23/2015,7,Bull Trout,R,Resident,W,Wild Fish or Natural Production,"CHIWAT - Chiwawa River Trap, 0.5 km below CHIP acclimation pond",SCREWT,Screw Trap,227,1
3DD.003BC521EC,NBD15266.AAZ,UWE - Upper Wenatchee River,12/21/2015 12:12:18 AM,12/17/2016 11:38:29 PM,IN-STREAM ARRAY,IN-STREAM ARRAY,9/23/2015,7,Bull Trout,R,Resident,W,Wild Fish or Natural Production,"CHIWAT - Chiwawa River Trap, 0.5 km below CHIP acclimation pond",SCREWT,Screw Trap,227,1
3DD.003BC521EE,NBD14285.AAZ,UWE - Upper Wenatchee River,10/13/2014 1:48:46 AM,10/13/2014 1:48:46 AM,IN-STREAM ARRAY,IN-STREAM ARRAY,10/12/2014,7,Bull Trout,R,Resident,W,Wild Fish or Natural Production,"CHIWAT - Chiwawa River Trap, 0.5 km below CHIP acclimation pond",SCREWT,Screw Trap,221,1
3DD.003BC521F1,NBD14287.AAZ,CHL - Lower Chiwawa River,10/14/2014 9:20:46 AM,10/14/2014 9:56:53 PM,LOWER IN-STREAM ARRAY,LOWER IN-STREAM ARRAY,10/14/2014,7,Bull Trout,R,Resident,W,Wild Fish or Natural Production,"CHIWAT - Chiwawa River Trap, 0.5 km below CHIP acclimation pond",SCREWT,Screw Trap,220,1
3DD.003BC521F3,NBD14287.AAZ,CHL - Lower Chiwawa River,10/1/2018 12:12:47 AM,10/1/2018 12:12:47 AM,UPPER IN-STREAM ARRAY,UPPER IN-STREAM ARRAY,10/14/2014,7,Bull Trout,R,Resident,W,Wild Fish or Natural Production,"CHIWAT - Chiwawa River Trap, 0.5 km below CHIP acclimation pond",SCREWT,Screw Trap,214,1
3DD.003BC521F3,NBD14287.AAZ,CHU - Upper Chiwawa River,9/30/2018 7:47:06 PM,9/30/2018 7:47:13 PM,UPPER IN-STREAM ARRAY,LOWER IN-STREAM ARRAY,10/14/2014,7,Bull Trout,R,Resident,W,Wild Fish or Natural Production,"CHIWAT - Chiwawa River Trap, 0.5 km below CHIP acclimation pond",SCREWT,Screw Trap,214,1
3DD.003BC521F3,NBD14287.AAZ,UWE - Upper Wenatchee River,10/15/2014 1:11:33 AM,10/2/2018 1:23:52 AM,IN-STREAM ARRAY,IN-STREAM ARRAY,10/14/2014,7,Bull Trout,R,Resident,W,Wild Fish or Natural Production,"CHIWAT - Chiwawa River Trap, 0.5 km below CHIP acclimation pond",SCREWT,Screw Trap,214,1
3DD.003BC521F4,NBD14284.AAZ,UWE - Upper Wenatchee River,10/12/2014 12:25:00 AM,10/12/2014 12:25:00 AM,IN-STREAM ARRAY,IN-STREAM ARRAY,10/11/2014,7,Bull Trout,R,Resident,W,Wild Fish or Natural Production,"CHIWAT - Chiwawa River Trap, 0.5 km below CHIP acclimation pond",SCREWT,Screw Trap,222,1
3DD.003BC521F5,NBD14279.AAZ,CHL - Lower Chiwawa River,12/5/2014 6:15:13 PM,8/15/2015 9:53:34 AM,LOWER IN-STREAM ARRAY,LOWER IN-STREAM ARRAY,10/6/2014,7,Bull Trout,R,Resident,W,Wild Fish or Natural Production,"CHIWAT - Chiwawa River Trap, 0.5 km below CHIP acclimation pond",SCREWT,Screw Trap,243,1
3DD.003BC521F5,NBD14279.AAZ,CHU - Upper Chiwawa River,6/29/2015 10:53:26 PM,8/10/2015 4:03:19 AM,UPPER IN-STREAM ARRAY,LOWER IN-STREAM ARRAY,10/6/2014,7,Bull Trout,R,Resident,W,Wild Fish or Natural Production,"CHIWAT - Chiwawa River Trap, 0.5 km below CHIP acclimation pond",SCREWT,Screw Trap,243,1
3DD.003BC521F6,NBD14290.AAZ,CHL - Lower Chiwawa River,10/22/2018 7:20:48 PM,10/22/2018 7:20:48 PM,LOWER IN-STREAM ARRAY,LOWER IN-STREAM ARRAY,10/17/2014,7,Bull Trout,R,Resident,W,Wild Fish or Natural Production,"CHIWAT - Chiwawa River Trap, 0.5 km below CHIP acclimation pond",SCREWT,Screw Trap,203,1
3DD.003BC521F6,NBD14290.AAZ,CHU - Upper Chiwawa River,10/22/2018 3:29:33 AM,10/22/2018 3:29:33 AM,LOWER IN-STREAM ARRAY,LOWER IN-STREAM ARRAY,10/17/2014,7,Bull Trout,R,Resident,W,Wild Fish or Natural Production,"CHIWAT - Chiwawa River Trap, 0.5 km below CHIP acclimation pond",SCREWT,Screw Trap,203,1
3DD.003BC521F6,NBD14290.AAZ,UWE - Upper Wenatchee River,10/17/2014 11:45:43 PM,10/23/2018 5:43:14 AM,IN-STREAM ARRAY,IN-STREAM ARRAY,10/17/2014,7,Bull Trout,R,Resident,W,Wild Fish or Natural Production,"CHIWAT - Chiwawa River Trap, 0.5 km below CHIP acclimation pond",SCREWT,Screw Trap,203,1
3DD.003BC521F7,NBD15266.AAZ,CHL - Lower Chiwawa River,10/10/2018 4:21:28 AM,10/10/2018 4:21:28 AM,UPPER IN-STREAM ARRAY,UPPER IN-STREAM ARRAY,9/23/2015,7,Bull Trout,R,Resident,W,Wild Fish or Natural Production,"CHIWAT - Chiwawa River Trap, 0.5 km below CHIP acclimation pond",SCREWT,Screw Trap,394,1
3DD.003BC521F7,NBD15266.AAZ,CHU - Upper Chiwawa River,10/4/2017 7:29:29 PM,10/9/2018 11:29:25 PM,UPPER IN-STREAM ARRAY,LOWER IN-STREAM ARRAY,9/23/2015,7,Bull Trout,R,Resident,W,Wild Fish or Natural Production,"CHIWAT - Chiwawa River Trap, 0.5 km below CHIP acclimation pond",SCREWT,Screw Trap,394,1
3DD.003BC521F7,NBD15266.AAZ,UWE - Upper Wenatchee River,9/24/2015 1:04:55 AM,2/22/2019 11:55:18 PM,IN-STREAM ARRAY,IN-STREAM ARRAY,9/23/2015,7,Bull Trout,R,Resident,W,Wild Fish or Natural Production,"CHIWAT - Chiwawa River Trap, 0.5 km below CHIP acclimation pond",SCREWT,Screw Trap,394,1
3DD.003BC521F8,NBD14290.AAZ,CHL - Lower Chiwawa River,10/17/2014 9:00:18 AM,10/17/2014 6:22:47 PM,LOWER IN-STREAM ARRAY,UPPER IN-STREAM ARRAY,10/17/2014,7,Bull Trout,R,Resident,W,Wild Fish or Natural Production,"CHIWAT - Chiwawa River Trap, 0.5 km below CHIP acclimation pond",SCREWT,Screw Trap,210,1
3DD.003BC521F8,NBD14290.AAZ,LWN - Little Wenatchee River,6/28/2015 2:27:54 AM,6/28/2015 2:27:56 AM,UPPER IN-STREAM ARRAY,LOWER IN-STREAM ARRAY,10/17/2014,7,Bull Trout,R,Resident,W,Wild Fish or Natural Production,"CHIWAT - Chiwawa River Trap, 0.5 km below CHIP acclimation pond",SCREWT,Screw Trap,210,1
3DD.003BC521F8,NBD14290.AAZ,UWE - Upper Wenatchee River,10/18/2014 3:09:39 AM,10/18/2014 3:09:39 AM,IN-STREAM ARRAY,IN-STREAM ARRAY,10/17/2014,7,Bull Trout,R,Resident,W,Wild Fish or Natural Production,"CHIWAT - Chiwawa River Trap, 0.5 km below CHIP acclimation pond",SCREWT,Screw Trap,210,1
3DD.003BC521FA,NBD14286.AAZ,UWE - Upper Wenatchee River,10/13/2014 11:38:54 PM,10/13/2014 11:38:54 PM,IN-STREAM ARRAY,IN-STREAM ARRAY,10/13/2014,7,Bull Trout,R,Resident,W,Wild Fish or Natural Production,"CHIWAT - Chiwawa River Trap, 0.5 km below CHIP acclimation pond",SCREWT,Screw Trap,211,1
3DD.003BC521FB,NBD14301.AAZ,NAL - Lower Nason Creek,3/28/2015 11:48:56 AM,4/5/2015 9:21:27 AM,LOWER IN-STREAM ARRAY,LOWER IN-STREAM ARRAY,10/28/2014,7,Bull Trout,R,Resident,W,Wild Fish or Natural Production,"CHIWAT - Chiwawa River Trap, 0.5 km below CHIP acclimation pond",SCREWT,Screw Trap,177,1
3DD.003BC521FF,NBD15270.AAZ,CHL - Lower Chiwawa River,9/27/2015 10:57:06 AM,9/27/2015 6:48:21 PM,UPPER IN-STREAM ARRAY,UPPER IN-STREAM ARRAY,9/27/2015,7,Bull Trout,R,Resident,W,Wild Fish or Natural Production,"CHIWAT - Chiwawa River Trap, 0.5 km below CHIP acclimation pond",SCREWT,Screw Trap,258,1
3DD.003BC521FF,NBD15270.AAZ,UWE - Upper Wenatchee River,9/28/2015 1:15:52 AM,9/28/2015 1:15:52 AM,IN-STREAM ARRAY,IN-STREAM ARRAY,9/27/2015,7,Bull Trout,R,Resident,W,Wild Fish or Natural Production,"CHIWAT - Chiwawa River Trap, 0.5 km below CHIP acclimation pond",SCREWT,Screw Trap,258,1
3DD.003BC52202,NBD14285.AAZ,CHL - Lower Chiwawa River,7/4/2017 5:14:48 AM,7/4/2017 5:14:48 AM,UPPER IN-STREAM ARRAY,UPPER IN-STREAM ARRAY,10/12/2014,7,Bull Trout,R,Resident,W,Wild Fish or Natural Production,"CHIWAT - Chiwawa River Trap, 0.5 km below CHIP acclimation pond",SCREWT,Screw Trap,208,1
3DD.003BC52202,NBD14285.AAZ,CHU - Upper Chiwawa River,7/8/2017 10:34:30 PM,7/8/2017 10:34:30 PM,UPPER IN-STREAM ARRAY,UPPER IN-STREAM ARRAY,10/12/2014,7,Bull Trout,R,Resident,W,Wild Fish or Natural Production,"CHIWAT - Chiwawa River Trap, 0.5 km below CHIP acclimation pond",SCREWT,Screw Trap,208,1
3DD.003BC52202,NBD14285.AAZ,ENA - Upper Entiat River at rkm 17.1,9/9/2016 12:45:14 AM,9/9/2016 12:45:14 AM,UPSTREAM ANTENNA ARRAY,UPSTREAM ANTENNA ARRAY,10/12/2014,7,Bull Trout,R,Resident,W,Wild Fish or Natural Production,"CHIWAT - Chiwawa River Trap, 0.5 km below CHIP acclimation pond",SCREWT,Screw Trap,208,1
3DD.003BC52202,NBD14285.AAZ,ENF - Upper Entiat River at rkm 40.6,7/25/2016 2:25:23 AM,9/7/2016 9:05:06 PM,UPSTREAM ARRAY,UPSTREAM ARRAY,10/12/2014,7,Bull Trout,R,Resident,W,Wild Fish or Natural Production,"CHIWAT - Chiwawa River Trap, 0.5 km below CHIP acclimation pond",SCREWT,Screw Trap,208,1
3DD.003BC52202,NBD14285.AAZ,ENL - Lower Entiat River,7/1/2016 4:23:50 AM,10/23/2016 12:17:57 AM,UPPER IN-STREAM ARRAY,LOWER IN-STREAM ARRAY,10/12/2014,7,Bull Trout,R,Resident,W,Wild Fish or Natural Production,"CHIWAT - Chiwawa River Trap, 0.5 km below CHIP acclimation pond",SCREWT,Screw Trap,208,1
3DD.003BC52202,NBD14285.AAZ,ENM - Middle Entiat River,7/14/2016 11:50:57 PM,7/14/2016 11:50:57 PM,UPPER IN-STREAM ARRAY,UPPER IN-STREAM ARRAY,10/12/2014,7,Bull Trout,R,Resident,W,Wild Fish or Natural Production,"CHIWAT - Chiwawa River Trap, 0.5 km below CHIP acclimation pond",SCREWT,Screw Trap,208,1
3DD.003BC52202,NBD14285.AAZ,ENS - Upper Entiat River at rkm 35.7,7/21/2016 8:33:27 PM,9/7/2016 11:26:21 PM,DOWNSTREAM ARRAY,DOWNSTREAM ARRAY,10/12/2014,7,Bull Trout,R,Resident,W,Wild Fish or Natural Production,"CHIWAT - Chiwawa River Trap, 0.5 km below CHIP acclimation pond",SCREWT,Screw Trap,208,1
3DD.003BC52202,NBD14285.AAZ,RRF - Rocky Reach Fishway,11/1/2014 3:15:23 PM,11/1/2014 3:25:34 PM,Lower Weir,Trap,10/12/2014,7,Bull Trout,R,Resident,W,Wild Fish or Natural Production,"CHIWAT - Chiwawa River Trap, 0.5 km below CHIP acclimation pond",SCREWT,Screw Trap,208,1
3DD.003BC52202,NBD14285.AAZ,TUF - Tumwater Dam Adult Fishway,6/18/2017 12:45:18 PM,6/18/2017 1:54:40 PM,High Flow Ladder Entrance,WEIR 17,10/12/2014,7,Bull Trout,R,Resident,W,Wild Fish or Natural Production,"CHIWAT - Chiwawa River Trap, 0.5 km below CHIP acclimation pond",SCREWT,Screw Trap,208,1
3DD.003BC52203,NBD14283.AAZ,CHL - Lower Chiwawa River,10/10/2014 9:51:11 AM,10/10/2014 6:33:49 PM,LOWER IN-STREAM ARRAY,LOWER IN-STREAM ARRAY,10/10/2014,7,Bull Trout,R,Resident,W,Wild Fish or Natural Production,"CHIWAT - Chiwawa River Trap, 0.5 km below CHIP acclimation pond",SCREWT,Screw Trap,233,1
3DD.003BC52203,NBD14283.AAZ,UWE - Upper Wenatchee River,10/10/2014 11:03:23 PM,10/10/2014 11:03:23 PM,IN-STREAM ARRAY,IN-STREAM ARRAY,10/10/2014,7,Bull Trout,R,Resident,W,Wild Fish or Natural Production,"CHIWAT - Chiwawa River Trap, 0.5 km below CHIP acclimation pond",SCREWT,Screw Trap,233,1
3DD.003BC52203,NBD14283.AAZ,"WTL - White River, Wenatchee Basin",7/10/2015 5:11:44 AM,7/10/2015 5:11:44 AM,UPPER IN-STREAM ARRAY,UPPER IN-STREAM ARRAY,10/10/2014,7,Bull Trout,R,Resident,W,Wild Fish or Natural Production,"CHIWAT - Chiwawa River Trap, 0.5 km below CHIP acclimation pond",SCREWT,Screw Trap,233,1
3DD.003BC52204,NBD14298.AAZ,CHL - Lower Chiwawa River,8/24/2019 1:32:55 AM,10/3/2021 9:40:42 PM,UPPER IN-STREAM ARRAY,LOWER IN-STREAM ARRAY,10/25/2014,7,Bull Trout,R,Resident,W,Wild Fish or Natural Production,"CHIWAT - Chiwawa River Trap, 0.5 km below CHIP acclimation pond",SCREWT,Screw Trap,195,1
3DD.003BC52204,NBD14298.AAZ,CHU - Upper Chiwawa River,8/26/2019 2:34:51 AM,10/3/2021 3:56:00 AM,LOWER IN-STREAM ARRAY,LOWER IN-STREAM ARRAY,10/25/2014,7,Bull Trout,R,Resident,W,Wild Fish or Natural Production,"CHIWAT - Chiwawa River Trap, 0.5 km below CHIP acclimation pond",SCREWT,Screw Trap,195,1
3DD.003BC52204,NBD14298.AAZ,LWN - Little Wenatchee River,6/27/2015 12:51:43 AM,10/31/2022 9:20:31 PM,UPPER IN-STREAM ARRAY,LOWER IN-STREAM ARRAY,10/25/2014,7,Bull Trout,R,Resident,W,Wild Fish or Natural Production,"CHIWAT - Chiwawa River Trap, 0.5 km below CHIP acclimation pond",SCREWT,Screw Trap,195,1
3DD.003BC52204,NBD14298.AAZ,UWE - Upper Wenatchee River,10/26/2014 5:29:12 PM,10/4/2021 1:03:30 AM,IN-STREAM ARRAY,IN-STREAM ARRAY,10/25/2014,7,Bull Trout,R,Resident,W,Wild Fish or Natural Production,"CHIWAT - Chiwawa River Trap, 0.5 km below CHIP acclimation pond",SCREWT,Screw Trap,195,1
3DD.003BC52205,NBD14296.AAZ,UWE - Upper Wenatchee River,10/25/2014 4:59:19 AM,10/25/2014 4:59:19 AM,IN-STREAM ARRAY,IN-STREAM ARRAY,10/23/2014,7,Bull Trout,R,Resident,W,Wild Fish or Natural Production,"CHIWAT - Chiwawa River Trap, 0.5 km below CHIP acclimation pond",SCREWT,Screw Trap,161,1
3DD.003BC52206,NBD14279.AAZ,CHL - Lower Chiwawa River,9/29/2017 5:18:32 AM,9/30/2019 6:27:11 PM,UPPER IN-STREAM ARRAY,LOWER IN-STREAM ARRAY,10/6/2014,7,Bull Trout,R,Resident,W,Wild Fish or Natural Production,"CHIWAT - Chiwawa River Trap, 0.5 km below CHIP acclimation pond",SCREWT,Screw Trap,212,1
3DD.003BC52206,NBD14279.AAZ,CHU - Upper Chiwawa River,9/29/2017 1:39:06 AM,9/30/2019 1:11:28 AM,UPPER IN-STREAM ARRAY,LOWER IN-STREAM ARRAY,10/6/2014,7,Bull Trout,R,Resident,W,Wild Fish or Natural Production,"CHIWAT - Chiwawa River Trap, 0.5 km below CHIP acclimation pond",SCREWT,Screw Trap,212,1
3DD.003BC52206,NBD14279.AAZ,UWE - Upper Wenatchee River,10/7/2014 4:56:20 AM,9/30/2019 9:50:33 PM,IN-STREAM ARRAY,IN-STREAM ARRAY,10/6/2014,7,Bull Trout,R,Resident,W,Wild Fish or Natural Production,"CHIWAT - Chiwawa River Trap, 0.5 km below CHIP acclimation pond",SCREWT,Screw Trap,212,1
3DD.003BC52209,NBD14293.AAZ,UWE - Upper Wenatchee River,10/21/2014 4:02:38 AM,10/21/2014 4:02:38 AM,IN-STREAM ARRAY,IN-STREAM ARRAY,10/20/2014,7,Bull Trout,R,Resident,W,Wild Fish or Natural Production,"CHIWAT - Chiwawa River Trap, 0.5 km below CHIP acclimation pond",SCREWT,Screw Trap,189,1
3DD.003BC5220A,NBD14290.AAZ,NAL - Lower Nason Creek,5/1/2017 9:51:00 PM,4/6/2018 8:44:12 PM,LOWER IN-STREAM ARRAY,UPPER IN-STREAM ARRAY,10/17/2014,7,Bull Trout,R,Resident,W,Wild Fish or Natural Production,"CHIWAT - Chiwawa River Trap, 0.5 km below CHIP acclimation pond",SCREWT,Screw Trap,235,1
3DD.003BC5220A,NBD14290.AAZ,UWE - Upper Wenatchee River,10/25/2017 10:53:24 PM,11/21/2017 3:09:05 AM,IN-STREAM ARRAY,IN-STREAM ARRAY,10/17/2014,7,Bull Trout,R,Resident,W,Wild Fish or Natural Production,"CHIWAT - Chiwawa River Trap, 0.5 km below CHIP acclimation pond",SCREWT,Screw Trap,235,1
3DD.003BC5220B,NBD14286.AAZ,UWE - Upper Wenatchee River,10/14/2014 4:10:05 AM,10/14/2014 4:10:05 AM,IN-STREAM ARRAY,IN-STREAM ARRAY,10/13/2014,7,Bull Trout,R,Resident,W,Wild Fish or Natural Production,"CHIWAT - Chiwawa River Trap, 0.5 km below CHIP acclimation pond",SCREWT,Screw Trap,207,1
3DD.003BC5220E,NBD14288.AAZ,UWE - Upper Wenatchee River,10/16/2014 11:30:38 PM,10/16/2014 11:30:38 PM,IN-STREAM ARRAY,IN-STREAM ARRAY,10/16/2014,7,Bull Trout,R,Resident,W,Wild Fish or Natural Production,"CHIWAT - Chiwawa River Trap, 0.5 km below CHIP acclimation pond",SCREWT,Screw Trap,210,1
3DD.003BC52211,NBD14279.AAZ,"WTL - White River, Wenatchee Basin",5/24/2015 10:28:31 AM,6/1/2015 9:52:32 PM,LOWER IN-STREAM ARRAY,LOWER IN-STREAM ARRAY,10/6/2014,7,Bull Trout,R,Resident,W,Wild Fish or Natural Production,"CHIWAT - Chiwawa River Trap, 0.5 km below CHIP acclimation pond",SCREWT,Screw Trap,213,1
3DD.003BC52212,NBD14301.AAZ,UWE - Upper Wenatchee River,10/29/2014 3:13:34 PM,10/29/2014 3:13:34 PM,IN-STREAM ARRAY,IN-STREAM ARRAY,10/28/2014,7,Bull Trout,R,Resident,W,Wild Fish or Natural Production,"CHIWAT - Chiwawa River Trap, 0.5 km below CHIP acclimation pond",SCREWT,Screw Trap,225,1
3DD.003BC52213,NBD15266.AAZ,UWE - Upper Wenatchee River,9/24/2015 12:06:39 AM,9/24/2015 12:06:39 AM,IN-STREAM ARRAY,IN-STREAM ARRAY,9/23/2015,7,Bull Trout,R,Resident,W,Wild Fish or Natural Production,"CHIWAT - Chiwawa River Trap, 0.5 km below CHIP acclimation pond",SCREWT,Screw Trap,254,1
3DD.003BC52216,NBD14293.AAZ,UWE - Upper Wenatchee River,10/21/2014 6:23:16 PM,10/21/2014 6:23:16 PM,IN-STREAM ARRAY,IN-STREAM ARRAY,10/20/2014,7,Bull Trout,R,Resident,W,Wild Fish or Natural Production,"CHIWAT - Chiwawa River Trap, 0.5 km below CHIP acclimation pond",SCREWT,Screw Trap,195,1
3DD.003BC52217,NBD14308.AAZ,CHL - Lower Chiwawa River,11/4/2014 2:30:04 PM,11/4/2014 2:30:04 PM,LOWER IN-STREAM ARRAY,LOWER IN-STREAM ARRAY,11/4/2014,7,Bull Trout,R,Resident,W,Wild Fish or Natural Production,"CHIWAT - Chiwawa River Trap, 0.5 km below CHIP acclimation pond",SCREWT,Screw Trap,257,1
3DD.003BC52217,NBD14308.AAZ,CHU - Upper Chiwawa River,10/1/2017 4:16:47 AM,10/1/2017 4:16:55 AM,UPPER IN-STREAM ARRAY,LOWER IN-STREAM ARRAY,11/4/2014,7,Bull Trout,R,Resident,W,Wild Fish or Natural Production,"CHIWAT - Chiwawa River Trap, 0.5 km below CHIP acclimation pond",SCREWT,Screw Trap,257,1
3DD.003BC52217,NBD14308.AAZ,UWE - Upper Wenatchee River,10/3/2017 8:49:00 PM,10/13/2017 2:47:18 AM,IN-STREAM ARRAY,IN-STREAM ARRAY,11/4/2014,7,Bull Trout,R,Resident,W,Wild Fish or Natural Production,"CHIWAT - Chiwawa River Trap, 0.5 km below CHIP acclimation pond",SCREWT,Screw Trap,257,1
3DD.003BC52218,NBD14285.AAZ,CHL - Lower Chiwawa River,7/7/2019 8:36:10 PM,7/11/2020 1:56:15 AM,LOWER IN-STREAM ARRAY,LOWER IN-STREAM ARRAY,10/12/2014,7,Bull Trout,R,Resident,W,Wild Fish or Natural Production,"CHIWAT - Chiwawa River Trap, 0.5 km below CHIP acclimation pond",SCREWT,Screw Trap,239,1
3DD.003BC52218,NBD14285.AAZ,CHU - Upper Chiwawa River,10/16/2017 1:18:30 AM,10/11/2019 6:53:20 PM,LOWER IN-STREAM ARRAY,UPPER IN-STREAM ARRAY,10/12/2014,7,Bull Trout,R,Resident,W,Wild Fish or Natural Production,"CHIWAT - Chiwawa River Trap, 0.5 km below CHIP acclimation pond",SCREWT,Screw Trap,239,1
3DD.003BC52218,NBD14285.AAZ,UWE - Upper Wenatchee River,10/12/2014 10:45:36 PM,10/21/2017 7:06:04 AM,IN-STREAM ARRAY,IN-STREAM ARRAY,10/12/2014,7,Bull Trout,R,Resident,W,Wild Fish or Natural Production,"CHIWAT - Chiwawa River Trap, 0.5 km below CHIP acclimation pond",SCREWT,Screw Trap,239,1
3DD.003BC5221B,NBD14286.AAZ,CHL - Lower Chiwawa River,8/19/2017 2:14:20 AM,10/8/2017 10:50:43 PM,LOWER IN-STREAM ARRAY,UPPER IN-STREAM ARRAY,10/13/2014,7,Bull Trout,R,Resident,W,Wild Fish or Natural Production,"CHIWAT - Chiwawa River Trap, 0.5 km below CHIP acclimation pond",SCREWT,Screw Trap,260,1
3DD.003BC5221B,NBD14286.AAZ,CHU - Upper Chiwawa River,8/20/2017 11:08:04 PM,10/8/2017 7:27:33 PM,LOWER IN-STREAM ARRAY,LOWER IN-STREAM ARRAY,10/13/2014,7,Bull Trout,R,Resident,W,Wild Fish or Natural Production,"CHIWAT - Chiwawa River Trap, 0.5 km below CHIP acclimation pond",SCREWT,Screw Trap,260,1
3DD.003BC5221B,NBD14286.AAZ,UWE - Upper Wenatchee River,8/14/2017 10:56:38 PM,10/9/2017 6:32:31 PM,IN-STREAM ARRAY,IN-STREAM ARRAY,10/13/2014,7,Bull Trout,R,Resident,W,Wild Fish or Natural Production,"CHIWAT - Chiwawa River Trap, 0.5 km below CHIP acclimation pond",SCREWT,Screw Trap,260,1
3DD.003BC5221B,NBD14286.AAZ,"WTL - White River, Wenatchee Basin",8/17/2017 2:29:04 AM,8/17/2017 2:31:13 AM,LOWER IN-STREAM ARRAY,LOWER IN-STREAM ARRAY,10/13/2014,7,Bull Trout,R,Resident,W,Wild Fish or Natural Production,"CHIWAT - Chiwawa River Trap, 0.5 km below CHIP acclimation pond",SCREWT,Screw Trap,260,1
3DD.003BC5221C,NBD14279.AAZ,UWE - Upper Wenatchee River,10/6/2014 10:50:00 PM,10/6/2014 10:50:00 PM,IN-STREAM ARRAY,IN-STREAM ARRAY,10/6/2014,7,Bull Trout,R,Resident,W,Wild Fish or Natural Production,"CHIWAT - Chiwawa River Trap, 0.5 km below CHIP acclimation pond",SCREWT,Screw Trap,142,1
3DD.003BC5221D,NBD14314.AAZ,RRF - Rocky Reach Fishway,12/17/2014 8:11:52 AM,12/17/2014 8:59:04 AM,Lower Weir,Trap,11/10/2014,7,Bull Trout,R,Resident,W,Wild Fish or Natural Production,"CHIWAT - Chiwawa River Trap, 0.5 km below CHIP acclimation pond",SCREWT,Screw Trap,210,1
3DD.003BC5221F,NBD14282.AAZ,UWE - Upper Wenatchee River,10/13/2014 6:04:15 PM,10/13/2014 6:04:15 PM,IN-STREAM ARRAY,IN-STREAM ARRAY,10/10/2014,7,Bull Trout,R,Resident,W,Wild Fish or Natural Production,"CHIWAT - Chiwawa River Trap, 0.5 km below CHIP acclimation pond",SCREWT,Screw Trap,195,1
3DD.003BC52221,NBD14285.AAZ,CHL - Lower Chiwawa River,9/30/2019 7:24:18 PM,4/14/2020 12:11:19 AM,UPPER IN-STREAM ARRAY,LOWER IN-STREAM ARRAY,10/12/2014,7,Bull Trout,R,Resident,W,Wild Fish or Natural Production,"CHIWAT - Chiwawa River Trap, 0.5 km below CHIP acclimation pond",SCREWT,Screw Trap,246,1
3DD.003BC52221,NBD14285.AAZ,CHU - Upper Chiwawa River,8/2/2017 9:02:12 PM,7/28/2021 1:58:59 AM,LOWER IN-STREAM ARRAY,LOWER IN-STREAM ARRAY,10/12/2014,7,Bull Trout,R,Resident,W,Wild Fish or Natural Production,"CHIWAT - Chiwawa River Trap, 0.5 km below CHIP acclimation pond",SCREWT,Screw Trap,246,1
3DD.003BC52221,NBD14285.AAZ,UWE - Upper Wenatchee River,10/13/2014 3:59:14 AM,9/26/2020 4:16:13 AM,IN-STREAM ARRAY,IN-STREAM ARRAY,10/12/2014,7,Bull Trout,R,Resident,W,Wild Fish or Natural Production,"CHIWAT - Chiwawa River Trap, 0.5 km below CHIP acclimation pond",SCREWT,Screw Trap,246,1
3DD.003BC52223,NBD14296.AAZ,UWE - Upper Wenatchee River,10/24/2014 5:14:14 PM,10/24/2014 5:14:14 PM,IN-STREAM ARRAY,IN-STREAM ARRAY,10/23/2014,7,Bull Trout,R,Resident,W,Wild Fish or Natural Production,"CHIWAT - Chiwawa River Trap, 0.5 km below CHIP acclimation pond",SCREWT,Screw Trap,183,1
3DD.003BC52225,NBD14282.AAZ,CHL - Lower Chiwawa River,7/27/2016 10:13:12 PM,8/23/2016 2:21:12 AM,UPPER IN-STREAM ARRAY,UPPER IN-STREAM ARRAY,10/10/2014,7,Bull Trout,R,Resident,W,Wild Fish or Natural Production,"CHIWAT - Chiwawa River Trap, 0.5 km below CHIP acclimation pond",SCREWT,Screw Trap,181,1
3DD.003BC52225,NBD14282.AAZ,CHU - Upper Chiwawa River,8/6/2016 3:46:46 AM,8/22/2016 8:31:54 PM,LOWER IN-STREAM ARRAY,LOWER IN-STREAM ARRAY,10/10/2014,7,Bull Trout,R,Resident,W,Wild Fish or Natural Production,"CHIWAT - Chiwawa River Trap, 0.5 km below CHIP acclimation pond",SCREWT,Screw Trap,181,1
3DD.003BC52225,NBD14282.AAZ,ICL - Lower Icicle Instream Array,10/21/2014 6:10:44 PM,6/8/2016 3:13:32 PM,Downstream Array,Upstream Array,10/10/2014,7,Bull Trout,R,Resident,W,Wild Fish or Natural Production,"CHIWAT - Chiwawa River Trap, 0.5 km below CHIP acclimation pond",SCREWT,Screw Trap,181,1
3DD.003BC52225,NBD14282.AAZ,TUF - Tumwater Dam Adult Fishway,7/6/2016 11:26:33 AM,7/25/2016 12:04:50 PM,WEIR 14,WEIR 17,10/10/2014,7,Bull Trout,R,Resident,W,Wild Fish or Natural Production,"CHIWAT - Chiwawa River Trap, 0.5 km below CHIP acclimation pond",SCREWT,Screw Trap,181,1
3DD.003BC52225,NBD14282.AAZ,UWE - Upper Wenatchee River,9/6/2016 12:42:13 AM,9/6/2016 12:42:13 AM,IN-STREAM ARRAY,IN-STREAM ARRAY,10/10/2014,7,Bull Trout,R,Resident,W,Wild Fish or Natural Production,"CHIWAT - Chiwawa River Trap, 0.5 km below CHIP acclimation pond",SCREWT,Screw Trap,181,1
3DD.003BC52226,NBD14290.AAZ,CHL - Lower Chiwawa River,10/17/2014 3:24:33 PM,10/17/2014 3:25:21 PM,LOWER IN-STREAM ARRAY,UPPER IN-STREAM ARRAY,10/17/2014,7,Bull Trout,R,Resident,W,Wild Fish or Natural Production,"CHIWAT - Chiwawa River Trap, 0.5 km below CHIP acclimation pond",SCREWT,Screw Trap,223,1
3DD.003BC52228,NBD14279.AAZ,CHU - Upper Chiwawa River,9/30/2017 9:32:03 PM,9/30/2017 9:32:03 PM,LOWER IN-STREAM ARRAY,LOWER IN-STREAM ARRAY,10/6/2014,7,Bull Trout,R,Resident,W,Wild Fish or Natural Production,"CHIWAT - Chiwawa River Trap, 0.5 km below CHIP acclimation pond",SCREWT,Screw Trap,243,1
3DD.003BC52228,NBD14279.AAZ,UWE - Upper Wenatchee River,10/7/2014 7:38:12 PM,9/29/2018 1:02:34 AM,IN-STREAM ARRAY,IN-STREAM ARRAY,10/6/2014,7,Bull Trout,R,Resident,W,Wild Fish or Natural Production,"CHIWAT - Chiwawa River Trap, 0.5 km below CHIP acclimation pond",SCREWT,Screw Trap,243,1
3DD.003BC5222A,NBD14299.AAZ,UWE - Upper Wenatchee River,10/28/2014 6:41:02 AM,10/28/2014 6:41:02 AM,IN-STREAM ARRAY,IN-STREAM ARRAY,10/26/2014,7,Bull Trout,R,Resident,W,Wild Fish or Natural Production,"CHIWAT - Chiwawa River Trap, 0.5 km below CHIP acclimation pond",SCREWT,Screw Trap,223,1
3DD.003BC5222B,NBD14280.AAZ,ICL - Lower Icicle Instream Array,6/29/2015 9:24:15 PM,8/21/2015 10:25:29 PM,Downstream Array,Downstream Array,10/7/2014,7,Bull Trout,R,Resident,W,Wild Fish or Natural Production,"CHIWAT - Chiwawa River Trap, 0.5 km below CHIP acclimation pond",SCREWT,Screw Trap,280,1
3DD.003BC5222B,NBD14280.AAZ,LWE - Lower Wenatchee River,6/22/2015 4:37:46 AM,6/22/2015 4:38:12 AM,DOWNSTREAM ANTENNA ARRAY,UPSTREAM ANTENNA ARRAY,10/7/2014,7,Bull Trout,R,Resident,W,Wild Fish or Natural Production,"CHIWAT - Chiwawa River Trap, 0.5 km below CHIP acclimation pond",SCREWT,Screw Trap,280,1
3DD.003BC5222B,NBD14280.AAZ,RRF - Rocky Reach Fishway,11/19/2014 5:05:08 PM,11/19/2014 8:42:52 PM,Lower Weir,Trap,10/7/2014,7,Bull Trout,R,Resident,W,Wild Fish or Natural Production,"CHIWAT - Chiwawa River Trap, 0.5 km below CHIP acclimation pond",SCREWT,Screw Trap,280,1
3DD.003BC5222C,NBD14287.AAZ,UWE - Upper Wenatchee River,10/15/2014 12:26:16 AM,10/15/2014 12:26:16 AM,IN-STREAM ARRAY,IN-STREAM ARRAY,10/14/2014,7,Bull Trout,R,Resident,W,Wild Fish or Natural Production,"CHIWAT - Chiwawa River Trap, 0.5 km below CHIP acclimation pond",SCREWT,Screw Trap,215,1
3DD.003BC527B0,NBD14283.AFZ,CHL - Lower Chiwawa River,10/13/2015 2:50:13 AM,10/13/2015 2:50:13 AM,UPPER IN-STREAM ARRAY,UPPER IN-STREAM ARRAY,10/10/2014,7,Bull Trout,R,Resident,W,Wild Fish or Natural Production,CHIWAR - Chiwawa River,SHOCK,Electro-Shock,95,1
3DD.003BC527B0,NBD14283.AFZ,CHU - Upper Chiwawa River,10/12/2015 7:36:11 PM,10/12/2015 7:36:11 PM,LOWER IN-STREAM ARRAY,LOWER IN-STREAM ARRAY,10/10/2014,7,Bull Trout,R,Resident,W,Wild Fish or Natural Production,CHIWAR - Chiwawa River,SHOCK,Electro-Shock,95,1
3DD.003BC527B2,NBD14283.AFZ,CHL - Lower Chiwawa River,11/2/2015 5:11:34 AM,11/2/2015 5:11:34 AM,LOWER IN-STREAM ARRAY,LOWER IN-STREAM ARRAY,10/10/2014,7,Bull Trout,R,Resident,W,Wild Fish or Natural Production,CHIWAR - Chiwawa River,SHOCK,Electro-Shock,165,1
3DD.003BC527B2,NBD14283.AFZ,UWE - Upper Wenatchee River,11/3/2015 2:23:54 AM,11/3/2015 2:23:54 AM,IN-STREAM ARRAY,IN-STREAM ARRAY,10/10/2014,7,Bull Trout,R,Resident,W,Wild Fish or Natural Production,CHIWAR - Chiwawa River,SHOCK,Electro-Shock,165,1
3DD.003BC527B4,NBD14283.AFZ,CHL - Lower Chiwawa River,12/10/2015 10:39:26 PM,12/10/2015 10:39:26 PM,UPPER IN-STREAM ARRAY,UPPER IN-STREAM ARRAY,10/10/2014,7,Bull Trout,R,Resident,W,Wild Fish or Natural Production,CHIWAR - Chiwawa River,SHOCK,Electro-Shock,94,1
3DD.003BC527CC,NBD14281.AFZ,CHU - Upper Chiwawa River,11/4/2015 10:38:26 PM,11/4/2015 10:38:26 PM,LOWER IN-STREAM ARRAY,LOWER IN-STREAM ARRAY,10/8/2014,7,Bull Trout,R,Resident,W,Wild Fish or Natural Production,CHIWAR - Chiwawa River,SHOCK,Electro-Shock,100,1
3DD.003BC527D1,NBD14283.AFZ,CHU - Upper Chiwawa River,9/25/2018 2:49:19 AM,9/25/2018 2:49:19 AM,LOWER IN-STREAM ARRAY,LOWER IN-STREAM ARRAY,10/10/2014,7,Bull Trout,R,Resident,W,Wild Fish or Natural Production,CHIWAR - Chiwawa River,SHOCK,Electro-Shock,114,1
3DD.003BC527D1,NBD14283.AFZ,UWE - Upper Wenatchee River,9/26/2018 6:13:32 AM,9/26/2018 6:13:33 AM,IN-STREAM ARRAY,IN-STREAM ARRAY,10/10/2014,7,Bull Trout,R,Resident,W,Wild Fish or Natural Production,CHIWAR - Chiwawa River,SHOCK,Electro-Shock,114,1
3DD.003BC527DD,NBD14276.AFZ,CHL - Lower Chiwawa River,8/12/2015 10:49:05 PM,8/12/2015 10:49:11 PM,UPPER IN-STREAM ARRAY,LOWER IN-STREAM ARRAY,10/3/2014,7,Bull Trout,R,Resident,W,Wild Fish or Natural Production,CHIWAR - Chiwawa River,SHOCK,Electro-Shock,126,1
3DD.003BC527DD,NBD14276.AFZ,CHU - Upper Chiwawa River,7/18/2015 3:54:10 AM,8/11/2015 9:28:40 PM,LOWER IN-STREAM ARRAY,LOWER IN-STREAM ARRAY,10/3/2014,7,Bull Trout,R,Resident,W,Wild Fish or Natural Production,CHIWAR - Chiwawa River,SHOCK,Electro-Shock,126,1
3DD.003BC527DD,NBD14276.AFZ,CHW - Chiwaukum Creek,8/21/2015 11:42:11 PM,8/22/2015 8:37:45 PM,DOWNSTREAM ARRAY,DOWNSTREAM ARRAY,10/3/2014,7,Bull Trout,R,Resident,W,Wild Fish or Natural Production,CHIWAR - Chiwawa River,SHOCK,Electro-Shock,126,1
3DD.003BC527DD,NBD14276.AFZ,UWE - Upper Wenatchee River,10/17/2015 10:37:46 PM,10/17/2015 10:37:46 PM,IN-STREAM ARRAY,IN-STREAM ARRAY,10/3/2014,7,Bull Trout,R,Resident,W,Wild Fish or Natural Production,CHIWAR - Chiwawa River,SHOCK,Electro-Shock,126,1
3DD.003BC527E5,NBD14283.AFZ,CHL - Lower Chiwawa River,10/19/2015 10:27:33 PM,10/5/2019 11:37:28 PM,LOWER IN-STREAM ARRAY,LOWER IN-STREAM ARRAY,10/10/2014,7,Bull Trout,R,Resident,W,Wild Fish or Natural Production,CHIWAR - Chiwawa River,SHOCK,Electro-Shock,156,1
3DD.003BC527E5,NBD14283.AFZ,CHU - Upper Chiwawa River,10/16/2015 4:55:57 AM,10/1/2018 12:31:10 AM,UPPER IN-STREAM ARRAY,LOWER IN-STREAM ARRAY,10/10/2014,7,Bull Trout,R,Resident,W,Wild Fish or Natural Production,CHIWAR - Chiwawa River,SHOCK,Electro-Shock,156,1
3DD.003BC527E5,NBD14283.AFZ,UWE - Upper Wenatchee River,10/20/2015 3:03:27 AM,10/6/2019 2:54:14 AM,IN-STREAM ARRAY,IN-STREAM ARRAY,10/10/2014,7,Bull Trout,R,Resident,W,Wild Fish or Natural Production,CHIWAR - Chiwawa River,SHOCK,Electro-Shock,156,1
3DD.003BC527E5,NBD14283.AFZ,"WTL - White River, Wenatchee Basin",7/7/2016 4:22:46 AM,8/1/2019 12:06:47 AM,LOWER IN-STREAM ARRAY,LOWER IN-STREAM ARRAY,10/10/2014,7,Bull Trout,R,Resident,W,Wild Fish or Natural Production,CHIWAR - Chiwawa River,SHOCK,Electro-Shock,156,1
3DD.003BC527EB,NBD14295.AFZ,CHL - Lower Chiwawa River,9/2/2015 10:09:36 PM,9/4/2015 11:59:32 AM,UPPER IN-STREAM ARRAY,UPPER IN-STREAM ARRAY,10/22/2014,7,Bull Trout,R,Resident,W,Wild Fish or Natural Production,CHIWAR - Chiwawa River,SHOCK,Electro-Shock,98,1
3DD.003BC527EB,NBD14295.AFZ,CHU - Upper Chiwawa River,8/30/2015 8:47:37 PM,8/30/2015 8:47:37 PM,LOWER IN-STREAM ARRAY,LOWER IN-STREAM ARRAY,10/22/2014,7,Bull Trout,R,Resident,W,Wild Fish or Natural Production,CHIWAR - Chiwawa River,SHOCK,Electro-Shock,98,1
3DD.003BC527EB,NBD14295.AFZ,UWE - Upper Wenatchee River,9/3/2015 6:38:00 AM,9/3/2015 6:38:00 AM,IN-STREAM ARRAY,IN-STREAM ARRAY,10/22/2014,7,Bull Trout,R,Resident,W,Wild Fish or Natural Production,CHIWAR - Chiwawa River,SHOCK,Electro-Shock,98,1
3DD.003BC527F4,NBD14283.AFZ,CHL - Lower Chiwawa River,9/17/2015 12:50:32 AM,9/17/2015 12:50:32 AM,LOWER IN-STREAM ARRAY,LOWER IN-STREAM ARRAY,10/10/2014,7,Bull Trout,R,Resident,W,Wild Fish or Natural Production,CHIWAR - Chiwawa River,SHOCK,Electro-Shock,168,1
3DD.003BC527F4,NBD14283.AFZ,UWE - Upper Wenatchee River,9/17/2015 4:38:07 AM,9/17/2015 4:38:07 AM,IN-STREAM ARRAY,IN-STREAM ARRAY,10/10/2014,7,Bull Trout,R,Resident,W,Wild Fish or Natural Production,CHIWAR - Chiwawa River,SHOCK,Electro-Shock,168,1
3DD.003BC52C56,NBD15163.CWB,CHL - Lower Chiwawa River,9/22/2015 7:39:00 PM,9/22/2016 2:38:24 AM,LOWER IN-STREAM ARRAY,LOWER IN-STREAM ARRAY,6/12/2015,7,Bull Trout,R,Resident,W,Wild Fish or Natural Production,CHIWAR - Chiwawa River,WTRAP,Weir Trap,580,1
3DD.003BC52C56,NBD15163.CWB,CHU - Upper Chiwawa River,6/17/2015 9:31:51 AM,9/29/2017 2:28:14 AM,LOWER IN-STREAM ARRAY,LOWER IN-STREAM ARRAY,6/12/2015,7,Bull Trout,R,Resident,W,Wild Fish or Natural Production,CHIWAR - Chiwawa River,WTRAP,Weir Trap,580,1
3DD.003BC52C56,NBD15163.CWB,NAL - Lower Nason Creek,5/5/2018 6:18:48 PM,5/5/2018 6:18:48 PM,UPPER IN-STREAM ARRAY,UPPER IN-STREAM ARRAY,6/12/2015,7,Bull Trout,R,Resident,W,Wild Fish or Natural Production,CHIWAR - Chiwawa River,WTRAP,Weir Trap,580,1
3DD.003BC52C56,NBD15163.CWB,UWE - Upper Wenatchee River,9/22/2015 11:18:08 PM,9/29/2018 8:06:00 AM,IN-STREAM ARRAY,IN-STREAM ARRAY,6/12/2015,7,Bull Trout,R,Resident,W,Wild Fish or Natural Production,CHIWAR - Chiwawa River,WTRAP,Weir Trap,580,1
3DD.003BC52C57,NBD15163.CWB,CHL - Lower Chiwawa River,9/17/2015 7:48:42 PM,9/18/2022 11:10:03 PM,UPPER IN-STREAM ARRAY,LOWER IN-STREAM ARRAY,6/12/2015,7,Bull Trout,R,Resident,W,Wild Fish or Natural Production,CHIWAR - Chiwawa River,WTRAP,Weir Trap,555,1
3DD.003BC52C57,NBD15163.CWB,CHU - Upper Chiwawa River,9/17/2015 1:05:24 AM,6/29/2023 9:50:23 AM,UPPER IN-STREAM ARRAY,UPPER IN-STREAM ARRAY,6/12/2015,7,Bull Trout,R,Resident,W,Wild Fish or Natural Production,CHIWAR - Chiwawa River,WTRAP,Weir Trap,555,1
3DD.003BC52C57,NBD15163.CWB,NAL - Lower Nason Creek,3/28/2017 11:07:58 PM,6/6/2023 8:27:08 PM,LOWER IN-STREAM ARRAY,LOWER IN-STREAM ARRAY,6/12/2015,7,Bull Trout,R,Resident,W,Wild Fish or Natural Production,CHIWAR - Chiwawa River,WTRAP,Weir Trap,555,1
3DD.003BC52C57,NBD15163.CWB,UWE - Upper Wenatchee River,9/17/2015 10:33:02 PM,9/19/2021 11:12:53 PM,IN-STREAM ARRAY,IN-STREAM ARRAY,6/12/2015,7,Bull Trout,R,Resident,W,Wild Fish or Natural Production,CHIWAR - Chiwawa River,WTRAP,Weir Trap,555,1
3DD.003BC52C5A,NBD15166.CWB,CHL - Lower Chiwawa River,9/30/2015 7:17:35 PM,9/30/2021 11:03:30 PM,LOWER IN-STREAM ARRAY,LOWER IN-STREAM ARRAY,6/15/2015,7,Bull Trout,R,Resident,W,Wild Fish or Natural Production,CHIWAR - Chiwawa River,WTRAP,Weir Trap,440,1
3DD.003BC52C5A,NBD15166.CWB,CHU - Upper Chiwawa River,6/23/2015 11:04:48 PM,9/30/2021 6:36:35 PM,LOWER IN-STREAM ARRAY,LOWER IN-STREAM ARRAY,6/15/2015,7,Bull Trout,R,Resident,W,Wild Fish or Natural Production,CHIWAR - Chiwawa River,WTRAP,Weir Trap,440,1
3DD.003BC52C5A,NBD15166.CWB,UWE - Upper Wenatchee River,10/2/2016 11:16:02 PM,11/4/2022 7:58:06 PM,IN-STREAM ARRAY,IN-STREAM ARRAY,6/15/2015,7,Bull Trout,R,Resident,W,Wild Fish or Natural Production,CHIWAR - Chiwawa River,WTRAP,Weir Trap,440,1
3DD.003BC52C5B,NBD15163.CWB,CHU - Upper Chiwawa River,6/12/2015 12:08:22 PM,6/12/2015 12:08:22 PM,LOWER IN-STREAM ARRAY,LOWER IN-STREAM ARRAY,6/12/2015,7,Bull Trout,R,Resident,W,Wild Fish or Natural Production,CHIWAR - Chiwawa River,WTRAP,Weir Trap,475,1
3DD.003BC52C5C,NBD15161.CWB,CHU - Upper Chiwawa River,6/10/2015 8:41:41 PM,6/10/2015 8:41:41 PM,LOWER IN-STREAM ARRAY,LOWER IN-STREAM ARRAY,6/10/2015,7,Bull Trout,R,Resident,W,Wild Fish or Natural Production,CHIWAR - Chiwawa River,WTRAP,Weir Trap,510,1
3DD.003BC52C5F,NBD-2014-177-AEZ.xml,CHL - Lower Chiwawa River,9/26/2014 7:55:20 PM,9/26/2014 7:55:20 PM,UPPER IN-STREAM ARRAY,UPPER IN-STREAM ARRAY,7/3/2014,7,Bull Trout,R,Resident,W,Wild Fish or Natural Production,CHIWAR - Chiwawa River,WTRAP,Weir Trap,NA,1
3DD.003BC52C5F,NBD-2014-177-AEZ.xml,CHU - Upper Chiwawa River,9/26/2014 1:57:54 AM,6/2/2015 5:27:01 AM,LOWER IN-STREAM ARRAY,LOWER IN-STREAM ARRAY,7/3/2014,7,Bull Trout,R,Resident,W,Wild Fish or Natural Production,CHIWAR - Chiwawa River,WTRAP,Weir Trap,NA,1
3DD.003BC52C5F,NBD-2014-177-AEZ.xml,UWE - Upper Wenatchee River,9/26/2014 11:38:11 PM,9/26/2014 11:38:11 PM,IN-STREAM ARRAY,IN-STREAM ARRAY,7/3/2014,7,Bull Trout,R,Resident,W,Wild Fish or Natural Production,CHIWAR - Chiwawa River,WTRAP,Weir Trap,NA,1
3DD.003BC52C5F,NBD-2014-177-AEZ.xml,"WTL - White River, Wenatchee Basin",10/9/2014 9:23:17 PM,5/20/2015 9:06:26 PM,LOWER IN-STREAM ARRAY,LOWER IN-STREAM ARRAY,7/3/2014,7,Bull Trout,R,Resident,W,Wild Fish or Natural Production,CHIWAR - Chiwawa River,WTRAP,Weir Trap,NA,1
3DD.003BC52C60,NBD-2019-137-001.json,NAU - Upper Nason Creek,7/4/2019 12:45:04 AM,7/4/2019 12:45:32 AM,LOWER IN-STREAM ARRAY,UPPER IN-STREAM ARRAY,6/17/2019,7,Bull Trout,R,Resident,W,Wild Fish or Natural Production,TUMFBY - TUM - Release into the Forebay within 0.5 km upstream of Dam,LADDER,Adult Passage Ladder,NA,1
3DD.003BC52C62,NBD-2015-065-TUM.xml,CHW - Chiwaukum Creek,6/18/2015 12:34:09 AM,6/18/2015 12:38:23 AM,DOWNSTREAM ARRAY,UPSTREAM ARRAY,6/5/2015,7,Bull Trout,R,Resident,W,Wild Fish or Natural Production,TUMFBY - TUM - Release into the Forebay within 0.5 km upstream of Dam,LADDER,Adult Passage Ladder,NA,1
3DD.003BC52C63,NBD15163.CWB,CHL - Lower Chiwawa River,9/25/2015 7:09:18 PM,9/26/2015 6:48:36 PM,LOWER IN-STREAM ARRAY,LOWER IN-STREAM ARRAY,6/12/2015,7,Bull Trout,R,Resident,W,Wild Fish or Natural Production,CHIWAR - Chiwawa River,WTRAP,Weir Trap,520,1
3DD.003BC52C63,NBD15163.CWB,CHU - Upper Chiwawa River,6/25/2015 8:50:04 PM,6/25/2015 8:50:06 PM,LOWER IN-STREAM ARRAY,LOWER IN-STREAM ARRAY,6/12/2015,7,Bull Trout,R,Resident,W,Wild Fish or Natural Production,CHIWAR - Chiwawa River,WTRAP,Weir Trap,520,1
3DD.003BC52C63,NBD15163.CWB,UWE - Upper Wenatchee River,9/27/2015 7:11:43 PM,9/27/2015 7:11:43 PM,IN-STREAM ARRAY,IN-STREAM ARRAY,6/12/2015,7,Bull Trout,R,Resident,W,Wild Fish or Natural Production,CHIWAR - Chiwawa River,WTRAP,Weir Trap,520,1
3DD.003BC52C64,NBD15163.CWB,CHL - Lower Chiwawa River,9/27/2015 7:56:03 PM,10/2/2016 5:54:29 AM,LOWER IN-STREAM ARRAY,LOWER IN-STREAM ARRAY,6/12/2015,7,Bull Trout,R,Resident,W,Wild Fish or Natural Production,CHIWAR - Chiwawa River,WTRAP,Weir Trap,530,1
3DD.003BC52C64,NBD15163.CWB,CHU - Upper Chiwawa River,6/16/2015 9:16:50 PM,10/4/2017 4:37:02 AM,LOWER IN-STREAM ARRAY,LOWER IN-STREAM ARRAY,6/12/2015,7,Bull Trout,R,Resident,W,Wild Fish or Natural Production,CHIWAR - Chiwawa River,WTRAP,Weir Trap,530,1
3DD.003BC52C64,NBD15163.CWB,UWE - Upper Wenatchee River,9/28/2015 2:47:53 AM,1/13/2018 9:47:49 PM,IN-STREAM ARRAY,IN-STREAM ARRAY,6/12/2015,7,Bull Trout,R,Resident,W,Wild Fish or Natural Production,CHIWAR - Chiwawa River,WTRAP,Weir Trap,530,1
3DD.003BC52C65,NBD15163.CWB,CHL - Lower Chiwawa River,10/12/2015 4:19:46 AM,10/12/2015 4:19:46 AM,LOWER IN-STREAM ARRAY,LOWER IN-STREAM ARRAY,6/12/2015,7,Bull Trout,R,Resident,W,Wild Fish or Natural Production,CHIWAR - Chiwawa River,WTRAP,Weir Trap,520,1
3DD.003BC52C65,NBD15163.CWB,CHU - Upper Chiwawa River,6/16/2015 11:52:37 PM,10/2/2018 11:28:53 PM,LOWER IN-STREAM ARRAY,LOWER IN-STREAM ARRAY,6/12/2015,7,Bull Trout,R,Resident,W,Wild Fish or Natural Production,CHIWAR - Chiwawa River,WTRAP,Weir Trap,520,1
3DD.003BC52C65,NBD15163.CWB,UWE - Upper Wenatchee River,10/14/2015 6:48:58 PM,12/4/2018 3:36:07 AM,IN-STREAM ARRAY,IN-STREAM ARRAY,6/12/2015,7,Bull Trout,R,Resident,W,Wild Fish or Natural Production,CHIWAR - Chiwawa River,WTRAP,Weir Trap,520,1
3DD.003BC52C66,NBD-2017-196-001.xml,CHL - Lower Chiwawa River,9/25/2017 7:00:50 PM,9/25/2017 7:00:50 PM,LOWER IN-STREAM ARRAY,LOWER IN-STREAM ARRAY,7/15/2017,7,Bull Trout,R,Resident,W,Wild Fish or Natural Production,CHIWAR - Chiwawa River,WTRAP,Weir Trap,51,1
3DD.003BC52C66,NBD-2017-196-001.xml,CHU - Upper Chiwawa River,9/25/2017 1:18:04 AM,7/8/2018 11:30:32 PM,UPPER IN-STREAM ARRAY,UPPER IN-STREAM ARRAY,7/15/2017,7,Bull Trout,R,Resident,W,Wild Fish or Natural Production,CHIWAR - Chiwawa River,WTRAP,Weir Trap,51,1
3DD.003BC52C66,NBD-2017-196-001.xml,"WTL - White River, Wenatchee Basin",9/26/2017 8:46:38 PM,9/20/2018 8:56:41 PM,LOWER IN-STREAM ARRAY,UPPER IN-STREAM ARRAY,7/15/2017,7,Bull Trout,R,Resident,W,Wild Fish or Natural Production,CHIWAR - Chiwawa River,WTRAP,Weir Trap,51,1
3DD.003BC52C67,NBD-2015-065-TUM.xml,CHL - Lower Chiwawa River,9/10/2015 1:05:02 AM,9/10/2015 1:05:02 AM,LOWER IN-STREAM ARRAY,LOWER IN-STREAM ARRAY,5/30/2015,7,Bull Trout,R,Resident,W,Wild Fish or Natural Production,TUMFBY - TUM - Release into the Forebay within 0.5 km upstream of Dam,LADDER,Adult Passage Ladder,NA,1
3DD.003BC52C67,NBD-2015-065-TUM.xml,CHU - Upper Chiwawa River,6/20/2015 12:09:29 AM,6/20/2015 12:09:29 AM,LOWER IN-STREAM ARRAY,LOWER IN-STREAM ARRAY,5/30/2015,7,Bull Trout,R,Resident,W,Wild Fish or Natural Production,TUMFBY - TUM - Release into the Forebay within 0.5 km upstream of Dam,LADDER,Adult Passage Ladder,NA,1
3DD.003BC52C69,NBD-2015-065-TUM.xml,NAL - Lower Nason Creek,6/14/2015 12:38:57 AM,6/14/2015 12:38:57 AM,UPPER IN-STREAM ARRAY,UPPER IN-STREAM ARRAY,6/3/2015,7,Bull Trout,R,Resident,W,Wild Fish or Natural Production,TUMFBY - TUM - Release into the Forebay within 0.5 km upstream of Dam,LADDER,Adult Passage Ladder,NA,1
3DD.003BC52C69,NBD-2015-065-TUM.xml,NAU - Upper Nason Creek,6/17/2015 8:44:15 PM,6/17/2015 9:06:39 PM,LOWER IN-STREAM ARRAY,UPPER IN-STREAM ARRAY,6/3/2015,7,Bull Trout,R,Resident,W,Wild Fish or Natural Production,TUMFBY - TUM - Release into the Forebay within 0.5 km upstream of Dam,LADDER,Adult Passage Ladder,NA,1
3DD.003BC52C6A,NBD-2014-177-AEZ.xml,CHL - Lower Chiwawa River,10/5/2014 7:59:58 PM,9/23/2015 4:51:26 AM,LOWER IN-STREAM ARRAY,LOWER IN-STREAM ARRAY,7/3/2014,7,Bull Trout,R,Resident,W,Wild Fish or Natural Production,CHIWAR - Chiwawa River,WTRAP,Weir Trap,NA,1
3DD.003BC52C6A,NBD-2014-177-AEZ.xml,CHU - Upper Chiwawa River,7/5/2014 12:47:22 PM,10/5/2014 4:07:21 AM,LOWER IN-STREAM ARRAY,LOWER IN-STREAM ARRAY,7/3/2014,7,Bull Trout,R,Resident,W,Wild Fish or Natural Production,CHIWAR - Chiwawa River,WTRAP,Weir Trap,NA,1
3DD.003BC52C6A,NBD-2014-177-AEZ.xml,UWE - Upper Wenatchee River,10/5/2014 11:32:46 PM,9/23/2015 10:40:42 PM,IN-STREAM ARRAY,IN-STREAM ARRAY,7/3/2014,7,Bull Trout,R,Resident,W,Wild Fish or Natural Production,CHIWAR - Chiwawa River,WTRAP,Weir Trap,NA,1
3DD.003BC52C6B,NBD-2014-177-AEZ.xml,CHL - Lower Chiwawa River,7/8/2014 7:14:44 AM,7/8/2014 7:14:54 AM,UPPER IN-STREAM ARRAY,LOWER IN-STREAM ARRAY,7/1/2014,7,Bull Trout,R,Resident,W,Wild Fish or Natural Production,CHIWAR - Chiwawa River,WTRAP,Weir Trap,NA,1
3DD.003BC52C6C,NBD-2015-065-TUM.xml,CHW - Chiwaukum Creek,7/1/2015 11:46:02 PM,6/27/2016 4:21:54 AM,DOWNSTREAM ARRAY,UPSTREAM ARRAY,6/8/2015,7,Bull Trout,R,Resident,W,Wild Fish or Natural Production,TUMFBY - TUM - Release into the Forebay within 0.5 km upstream of Dam,LADDER,Adult Passage Ladder,NA,1
3DD.003BC52C6C,NBD-2015-065-TUM.xml,TUF - Tumwater Dam Adult Fishway,6/17/2015 11:58:41 AM,6/11/2016 6:09:28 PM,WEIR 14,WEIR 17,6/8/2015,7,Bull Trout,R,Resident,W,Wild Fish or Natural Production,TUMFBY - TUM - Release into the Forebay within 0.5 km upstream of Dam,LADDER,Adult Passage Ladder,NA,1
3DD.003BC52C6F,NBD-2017-196-001.xml,CHL - Lower Chiwawa River,7/2/2019 11:41:54 PM,7/2/2019 11:41:55 PM,UPPER IN-STREAM ARRAY,UPPER IN-STREAM ARRAY,7/15/2017,7,Bull Trout,R,Resident,W,Wild Fish or Natural Production,CHIWAR - Chiwawa River,WTRAP,Weir Trap,64,1
3DD.003BC52C6F,NBD-2017-196-001.xml,CHU - Upper Chiwawa River,10/7/2017 7:52:42 PM,7/3/2019 8:29:41 PM,UPPER IN-STREAM ARRAY,LOWER IN-STREAM ARRAY,7/15/2017,7,Bull Trout,R,Resident,W,Wild Fish or Natural Production,CHIWAR - Chiwawa River,WTRAP,Weir Trap,64,1
3DD.003BC52C6F,NBD-2017-196-001.xml,LWN - Little Wenatchee River,10/18/2017 8:49:52 PM,6/25/2019 1:13:36 AM,LOWER IN-STREAM ARRAY,UPPER IN-STREAM ARRAY,7/15/2017,7,Bull Trout,R,Resident,W,Wild Fish or Natural Production,CHIWAR - Chiwawa River,WTRAP,Weir Trap,64,1
3DD.003BC52C6F,NBD-2017-196-001.xml,UWE - Upper Wenatchee River,10/9/2017 3:13:38 AM,10/9/2017 3:13:38 AM,IN-STREAM ARRAY,IN-STREAM ARRAY,7/15/2017,7,Bull Trout,R,Resident,W,Wild Fish or Natural Production,CHIWAR - Chiwawa River,WTRAP,Weir Trap,64,1
3DD.003BC52C6F,NBD-2017-196-001.xml,"WTL - White River, Wenatchee Basin",8/16/2018 10:21:04 PM,9/23/2018 9:06:28 PM,UPPER IN-STREAM ARRAY,LOWER IN-STREAM ARRAY,7/15/2017,7,Bull Trout,R,Resident,W,Wild Fish or Natural Production,CHIWAR - Chiwawa River,WTRAP,Weir Trap,64,1
3DD.003BC52C71,NBD15168.CWB,CHU - Upper Chiwawa River,6/17/2015 11:32:26 AM,6/17/2015 11:32:26 AM,LOWER IN-STREAM ARRAY,LOWER IN-STREAM ARRAY,6/17/2015,7,Bull Trout,R,Resident,W,Wild Fish or Natural Production,CHIWAR - Chiwawa River,WTRAP,Weir Trap,550,1
3DD.003BC52C74,NBD15168.CWB,CHL - Lower Chiwawa River,7/22/2015 9:07:11 PM,7/22/2015 9:07:22 PM,UPPER IN-STREAM ARRAY,LOWER IN-STREAM ARRAY,6/17/2015,7,Bull Trout,R,Resident,W,Wild Fish or Natural Production,CHIWAR - Chiwawa River,WTRAP,Weir Trap,585,1
3DD.003BC52C74,NBD15168.CWB,CHU - Upper Chiwawa River,6/17/2015 11:38:32 AM,10/2/2017 12:35:25 AM,LOWER IN-STREAM ARRAY,LOWER IN-STREAM ARRAY,6/17/2015,7,Bull Trout,R,Resident,W,Wild Fish or Natural Production,CHIWAR - Chiwawa River,WTRAP,Weir Trap,585,1
3DD.003BC52C74,NBD15168.CWB,LWN - Little Wenatchee River,7/14/2016 12:58:33 AM,7/14/2016 1:16:00 AM,LOWER IN-STREAM ARRAY,LOWER IN-STREAM ARRAY,6/17/2015,7,Bull Trout,R,Resident,W,Wild Fish or Natural Production,CHIWAR - Chiwawa River,WTRAP,Weir Trap,585,1
3DD.003BC52C74,NBD15168.CWB,UWE - Upper Wenatchee River,7/22/2015 11:09:02 PM,10/2/2017 10:06:19 PM,IN-STREAM ARRAY,IN-STREAM ARRAY,6/17/2015,7,Bull Trout,R,Resident,W,Wild Fish or Natural Production,CHIWAR - Chiwawa River,WTRAP,Weir Trap,585,1
3DD.003BC52C75,NBD15166.CWB,CHL - Lower Chiwawa River,9/25/2015 9:27:54 PM,9/18/2016 7:39:10 PM,LOWER IN-STREAM ARRAY,UPPER IN-STREAM ARRAY,6/15/2015,7,Bull Trout,R,Resident,W,Wild Fish or Natural Production,CHIWAR - Chiwawa River,WTRAP,Weir Trap,570,1
3DD.003BC52C75,NBD15166.CWB,CHU - Upper Chiwawa River,9/25/2015 1:12:55 AM,9/17/2016 11:06:25 PM,UPPER IN-STREAM ARRAY,LOWER IN-STREAM ARRAY,6/15/2015,7,Bull Trout,R,Resident,W,Wild Fish or Natural Production,CHIWAR - Chiwawa River,WTRAP,Weir Trap,570,1
3DD.003BC52C75,NBD15166.CWB,UWE - Upper Wenatchee River,9/26/2015 12:51:50 AM,10/12/2016 12:57:04 AM,IN-STREAM ARRAY,IN-STREAM ARRAY,6/15/2015,7,Bull Trout,R,Resident,W,Wild Fish or Natural Production,CHIWAR - Chiwawa River,WTRAP,Weir Trap,570,1
3DD.003BC52C76,NBD15161.CWB,CHU - Upper Chiwawa River,6/10/2015 12:46:28 PM,6/10/2015 12:47:00 PM,LOWER IN-STREAM ARRAY,UPPER IN-STREAM ARRAY,6/10/2015,7,Bull Trout,R,Resident,W,Wild Fish or Natural Production,CHIWAR - Chiwawa River,WTRAP,Weir Trap,460,1
3DD.003BC52C78,NBD15163.CWB,CHL - Lower Chiwawa River,8/23/2015 12:44:00 AM,8/23/2015 12:44:00 AM,LOWER IN-STREAM ARRAY,LOWER IN-STREAM ARRAY,6/12/2015,7,Bull Trout,R,Resident,W,Wild Fish or Natural Production,CHIWAR - Chiwawa River,WTRAP,Weir Trap,470,1
3DD.003BC52C78,NBD15163.CWB,CHU - Upper Chiwawa River,6/27/2015 2:52:33 AM,8/21/2015 9:12:54 PM,LOWER IN-STREAM ARRAY,LOWER IN-STREAM ARRAY,6/12/2015,7,Bull Trout,R,Resident,W,Wild Fish or Natural Production,CHIWAR - Chiwawa River,WTRAP,Weir Trap,470,1
3DD.003BC52C78,NBD15163.CWB,UWE - Upper Wenatchee River,8/25/2015 1:37:51 AM,3/2/2016 11:28:07 PM,IN-STREAM ARRAY,IN-STREAM ARRAY,6/12/2015,7,Bull Trout,R,Resident,W,Wild Fish or Natural Production,CHIWAR - Chiwawa River,WTRAP,Weir Trap,470,1
3DD.003BC52C7A,NBD-2014-177-AEZ.xml,CHL - Lower Chiwawa River,9/26/2016 12:30:13 AM,9/27/2016 7:51:50 PM,LOWER IN-STREAM ARRAY,LOWER IN-STREAM ARRAY,7/3/2014,7,Bull Trout,R,Resident,W,Wild Fish or Natural Production,CHIWAR - Chiwawa River,WTRAP,Weir Trap,NA,1
3DD.003BC52C7A,NBD-2014-177-AEZ.xml,CHU - Upper Chiwawa River,9/25/2016 4:21:21 AM,9/25/2016 4:21:21 AM,LOWER IN-STREAM ARRAY,LOWER IN-STREAM ARRAY,7/3/2014,7,Bull Trout,R,Resident,W,Wild Fish or Natural Production,CHIWAR - Chiwawa River,WTRAP,Weir Trap,NA,1
3DD.003BC52C7A,NBD-2014-177-AEZ.xml,UWE - Upper Wenatchee River,7/16/2014 10:40:13 PM,5/5/2016 4:02:16 AM,IN-STREAM ARRAY,IN-STREAM ARRAY,7/3/2014,7,Bull Trout,R,Resident,W,Wild Fish or Natural Production,CHIWAR - Chiwawa River,WTRAP,Weir Trap,NA,1
3DD.003BC52C7B,NBD15163.CWB,CHL - Lower Chiwawa River,9/25/2015 2:16:09 AM,9/25/2015 7:48:54 PM,LOWER IN-STREAM ARRAY,LOWER IN-STREAM ARRAY,6/12/2015,7,Bull Trout,R,Resident,W,Wild Fish or Natural Production,CHIWAR - Chiwawa River,WTRAP,Weir Trap,535,1
3DD.003BC52C7B,NBD15163.CWB,CHU - Upper Chiwawa River,6/25/2015 10:19:22 PM,9/24/2015 1:44:37 AM,LOWER IN-STREAM ARRAY,UPPER IN-STREAM ARRAY,6/12/2015,7,Bull Trout,R,Resident,W,Wild Fish or Natural Production,CHIWAR - Chiwawa River,WTRAP,Weir Trap,535,1
3DD.003BC52C7D,NBD-2014-177-AEZ.xml,CHU - Upper Chiwawa River,7/29/2014 9:46:20 AM,8/10/2014 4:06:48 AM,LOWER IN-STREAM ARRAY,UPPER IN-STREAM ARRAY,7/29/2014,7,Bull Trout,R,Resident,W,Wild Fish or Natural Production,CHIWAR - Chiwawa River,WTRAP,Weir Trap,NA,1
3DD.003BC52C7F,NBD15163.CWB,CHU - Upper Chiwawa River,6/15/2015 8:29:46 PM,6/15/2015 8:29:48 PM,LOWER IN-STREAM ARRAY,LOWER IN-STREAM ARRAY,6/12/2015,7,Bull Trout,R,Resident,W,Wild Fish or Natural Production,CHIWAR - Chiwawa River,WTRAP,Weir Trap,415,1
3DD.003BC52C80,NBD15163.CWB,CHU - Upper Chiwawa River,6/26/2015 10:21:25 PM,6/26/2015 10:21:25 PM,UPPER IN-STREAM ARRAY,UPPER IN-STREAM ARRAY,6/12/2015,7,Bull Trout,R,Resident,W,Wild Fish or Natural Production,CHIWAR - Chiwawa River,WTRAP,Weir Trap,490,1
3DD.003BC52C81,NBD-2014-177-AEZ.xml,CHL - Lower Chiwawa River,9/14/2014 12:10:20 AM,9/30/2017 10:55:36 PM,UPPER IN-STREAM ARRAY,LOWER IN-STREAM ARRAY,8/13/2014,7,Bull Trout,R,Resident,W,Wild Fish or Natural Production,CHIWAR - Chiwawa River,WTRAP,Weir Trap,NA,1
3DD.003BC52C81,NBD-2014-177-AEZ.xml,CHU - Upper Chiwawa River,8/13/2014 8:00:47 PM,9/27/2018 3:19:04 AM,LOWER IN-STREAM ARRAY,LOWER IN-STREAM ARRAY,8/13/2014,7,Bull Trout,R,Resident,W,Wild Fish or Natural Production,CHIWAR - Chiwawa River,WTRAP,Weir Trap,NA,1
3DD.003BC52C81,NBD-2014-177-AEZ.xml,NAL - Lower Nason Creek,10/9/2016 7:04:51 PM,10/23/2017 9:28:09 PM,LOWER IN-STREAM ARRAY,LOWER IN-STREAM ARRAY,8/13/2014,7,Bull Trout,R,Resident,W,Wild Fish or Natural Production,CHIWAR - Chiwawa River,WTRAP,Weir Trap,NA,1
3DD.003BC52C81,NBD-2014-177-AEZ.xml,UWE - Upper Wenatchee River,9/14/2014 8:41:02 PM,9/28/2018 11:59:22 PM,IN-STREAM ARRAY,IN-STREAM ARRAY,8/13/2014,7,Bull Trout,R,Resident,W,Wild Fish or Natural Production,CHIWAR - Chiwawa River,WTRAP,Weir Trap,NA,1
3DD.003BC52C82,NBD15163.CWB,CHL - Lower Chiwawa River,8/26/2015 7:45:03 PM,9/24/2017 7:13:51 PM,LOWER IN-STREAM ARRAY,LOWER IN-STREAM ARRAY,6/12/2015,7,Bull Trout,R,Resident,W,Wild Fish or Natural Production,CHIWAR - Chiwawa River,WTRAP,Weir Trap,450,1
3DD.003BC52C82,NBD15163.CWB,CHU - Upper Chiwawa River,6/26/2015 2:57:01 AM,9/24/2017 12:01:08 AM,LOWER IN-STREAM ARRAY,LOWER IN-STREAM ARRAY,6/12/2015,7,Bull Trout,R,Resident,W,Wild Fish or Natural Production,CHIWAR - Chiwawa River,WTRAP,Weir Trap,450,1
3DD.003BC52C82,NBD15163.CWB,UWE - Upper Wenatchee River,8/27/2015 9:49:19 PM,9/24/2017 9:51:06 PM,IN-STREAM ARRAY,IN-STREAM ARRAY,6/12/2015,7,Bull Trout,R,Resident,W,Wild Fish or Natural Production,CHIWAR - Chiwawa River,WTRAP,Weir Trap,450,1
3DD.003BC52C83,NBD-2014-177-AEZ.xml,CHL - Lower Chiwawa River,9/21/2014 4:07:53 AM,9/27/2015 1:13:39 AM,UPPER IN-STREAM ARRAY,LOWER IN-STREAM ARRAY,7/10/2014,7,Bull Trout,R,Resident,W,Wild Fish or Natural Production,CHIWAR - Chiwawa River,WTRAP,Weir Trap,NA,1
3DD.003BC52C83,NBD-2014-177-AEZ.xml,CHU - Upper Chiwawa River,9/20/2014 11:39:12 PM,9/18/2015 3:56:24 AM,UPPER IN-STREAM ARRAY,LOWER IN-STREAM ARRAY,7/10/2014,7,Bull Trout,R,Resident,W,Wild Fish or Natural Production,CHIWAR - Chiwawa River,WTRAP,Weir Trap,NA,1
3DD.003BC52C83,NBD-2014-177-AEZ.xml,UWE - Upper Wenatchee River,9/21/2014 8:19:31 PM,9/26/2015 1:02:12 AM,IN-STREAM ARRAY,IN-STREAM ARRAY,7/10/2014,7,Bull Trout,R,Resident,W,Wild Fish or Natural Production,CHIWAR - Chiwawa River,WTRAP,Weir Trap,NA,1
3DD.003BC52C84,NBD-2014-177-AEZ.xml,CHL - Lower Chiwawa River,9/25/2014 7:56:57 PM,10/3/2016 6:46:05 PM,UPPER IN-STREAM ARRAY,LOWER IN-STREAM ARRAY,7/10/2014,7,Bull Trout,R,Resident,W,Wild Fish or Natural Production,CHIWAR - Chiwawa River,WTRAP,Weir Trap,NA,1
3DD.003BC52C84,NBD-2014-177-AEZ.xml,CHU - Upper Chiwawa River,9/25/2014 3:10:05 AM,10/2/2016 8:06:15 PM,UPPER IN-STREAM ARRAY,LOWER IN-STREAM ARRAY,7/10/2014,7,Bull Trout,R,Resident,W,Wild Fish or Natural Production,CHIWAR - Chiwawa River,WTRAP,Weir Trap,NA,1
3DD.003BC52C84,NBD-2014-177-AEZ.xml,NAL - Lower Nason Creek,3/18/2015 11:24:22 PM,3/18/2015 11:24:22 PM,UPPER IN-STREAM ARRAY,UPPER IN-STREAM ARRAY,7/10/2014,7,Bull Trout,R,Resident,W,Wild Fish or Natural Production,CHIWAR - Chiwawa River,WTRAP,Weir Trap,NA,1
3DD.003BC52C84,NBD-2014-177-AEZ.xml,UWE - Upper Wenatchee River,9/25/2014 10:14:32 PM,10/3/2016 9:20:45 PM,IN-STREAM ARRAY,IN-STREAM ARRAY,7/10/2014,7,Bull Trout,R,Resident,W,Wild Fish or Natural Production,CHIWAR - Chiwawa River,WTRAP,Weir Trap,NA,1
3DD.003BC52C85,NBD-2014-177-AEZ.xml,CHL - Lower Chiwawa River,10/5/2014 2:30:42 AM,10/5/2014 2:30:53 AM,UPPER IN-STREAM ARRAY,LOWER IN-STREAM ARRAY,7/10/2014,7,Bull Trout,R,Resident,W,Wild Fish or Natural Production,CHIWAR - Chiwawa River,WTRAP,Weir Trap,NA,1
3DD.003BC52C85,NBD-2014-177-AEZ.xml,CHU - Upper Chiwawa River,7/26/2014 10:09:21 PM,10/4/2014 11:24:19 PM,LOWER IN-STREAM ARRAY,LOWER IN-STREAM ARRAY,7/10/2014,7,Bull Trout,R,Resident,W,Wild Fish or Natural Production,CHIWAR - Chiwawa River,WTRAP,Weir Trap,NA,1
3DD.003BC52C85,NBD-2014-177-AEZ.xml,UWE - Upper Wenatchee River,10/6/2014 4:58:41 AM,6/4/2015 8:20:31 PM,IN-STREAM ARRAY,IN-STREAM ARRAY,7/10/2014,7,Bull Trout,R,Resident,W,Wild Fish or Natural Production,CHIWAR - Chiwawa River,WTRAP,Weir Trap,NA,1
3DD.003BC52C86,NBD15168.CWB,CHL - Lower Chiwawa River,9/27/2015 1:49:19 AM,9/27/2017 6:38:10 PM,UPPER IN-STREAM ARRAY,LOWER IN-STREAM ARRAY,6/17/2015,7,Bull Trout,R,Resident,W,Wild Fish or Natural Production,CHIWAR - Chiwawa River,WTRAP,Weir Trap,462,1
3DD.003BC52C86,NBD15168.CWB,CHU - Upper Chiwawa River,6/18/2015 3:20:05 AM,9/26/2017 10:56:00 PM,LOWER IN-STREAM ARRAY,UPPER IN-STREAM ARRAY,6/17/2015,7,Bull Trout,R,Resident,W,Wild Fish or Natural Production,CHIWAR - Chiwawa River,WTRAP,Weir Trap,462,1
3DD.003BC52C86,NBD15168.CWB,UWE - Upper Wenatchee River,9/27/2015 5:25:57 AM,5/4/2017 10:55:23 PM,IN-STREAM ARRAY,IN-STREAM ARRAY,6/17/2015,7,Bull Trout,R,Resident,W,Wild Fish or Natural Production,CHIWAR - Chiwawa River,WTRAP,Weir Trap,462,1
3DD.003BC52C87,NBD-2015-065-TUM.xml,CHL - Lower Chiwawa River,7/19/2015 2:26:59 AM,9/8/2017 8:36:02 PM,UPPER IN-STREAM ARRAY,LOWER IN-STREAM ARRAY,6/8/2015,7,Bull Trout,R,Resident,W,Wild Fish or Natural Production,TUMFBY - TUM - Release into the Forebay within 0.5 km upstream of Dam,LADDER,Adult Passage Ladder,NA,1
3DD.003BC52C87,NBD-2015-065-TUM.xml,CHU - Upper Chiwawa River,7/20/2015 11:51:37 PM,9/27/2015 2:25:01 AM,LOWER IN-STREAM ARRAY,UPPER IN-STREAM ARRAY,6/8/2015,7,Bull Trout,R,Resident,W,Wild Fish or Natural Production,TUMFBY - TUM - Release into the Forebay within 0.5 km upstream of Dam,LADDER,Adult Passage Ladder,NA,1
3DD.003BC52C87,NBD-2015-065-TUM.xml,CHW - Chiwaukum Creek,7/7/2015 11:17:57 PM,7/8/2015 9:05:28 PM,DOWNSTREAM ARRAY,DOWNSTREAM ARRAY,6/8/2015,7,Bull Trout,R,Resident,W,Wild Fish or Natural Production,TUMFBY - TUM - Release into the Forebay within 0.5 km upstream of Dam,LADDER,Adult Passage Ladder,NA,1
3DD.003BC52C87,NBD-2015-065-TUM.xml,TUF - Tumwater Dam Adult Fishway,6/19/2016 6:26:36 PM,7/14/2017 4:22:57 PM,WEIR 14,WEIR 17,6/8/2015,7,Bull Trout,R,Resident,W,Wild Fish or Natural Production,TUMFBY - TUM - Release into the Forebay within 0.5 km upstream of Dam,LADDER,Adult Passage Ladder,NA,1
3DD.003BC52C88,NBD-2014-177-AEZ.xml,CHL - Lower Chiwawa River,8/20/2014 12:42:35 AM,8/20/2014 12:42:35 AM,UPPER IN-STREAM ARRAY,UPPER IN-STREAM ARRAY,7/24/2014,7,Bull Trout,R,Resident,W,Wild Fish or Natural Production,CHIWAR - Chiwawa River,WTRAP,Weir Trap,NA,1
3DD.003BC52C88,NBD-2014-177-AEZ.xml,CHU - Upper Chiwawa River,7/24/2014 8:08:40 PM,7/24/2014 8:28:18 PM,LOWER IN-STREAM ARRAY,UPPER IN-STREAM ARRAY,7/24/2014,7,Bull Trout,R,Resident,W,Wild Fish or Natural Production,CHIWAR - Chiwawa River,WTRAP,Weir Trap,NA,1
3DD.003BC52C89,NBD-2014-177-AEZ.xml,CHU - Upper Chiwawa River,7/13/2014 11:51:49 PM,7/13/2014 11:51:50 PM,LOWER IN-STREAM ARRAY,LOWER IN-STREAM ARRAY,7/1/2014,7,Bull Trout,R,Resident,W,Wild Fish or Natural Production,CHIWAR - Chiwawa River,WTRAP,Weir Trap,NA,1
3DD.003BC52C8B,NBD-2015-065-TUM.xml,CHW - Chiwaukum Creek,6/28/2015 1:36:58 AM,7/21/2016 11:39:51 PM,DOWNSTREAM ARRAY,UPSTREAM ARRAY,6/8/2015,7,Bull Trout,R,Resident,W,Wild Fish or Natural Production,TUMFBY - TUM - Release into the Forebay within 0.5 km upstream of Dam,LADDER,Adult Passage Ladder,NA,1
3DD.003BC52C8B,NBD-2015-065-TUM.xml,TUF - Tumwater Dam Adult Fishway,6/16/2016 8:01:00 PM,7/10/2016 2:40:46 PM,WEIR 14,WEIR 17,6/8/2015,7,Bull Trout,R,Resident,W,Wild Fish or Natural Production,TUMFBY - TUM - Release into the Forebay within 0.5 km upstream of Dam,LADDER,Adult Passage Ladder,NA,1
3DD.003BC52C8D,NBD-2017-196-001.xml,CHL - Lower Chiwawa River,10/1/2017 10:12:03 PM,10/1/2017 10:13:15 PM,UPPER IN-STREAM ARRAY,LOWER IN-STREAM ARRAY,7/15/2017,7,Bull Trout,R,Resident,W,Wild Fish or Natural Production,CHIWAR - Chiwawa River,WTRAP,Weir Trap,56,1
3DD.003BC52C8D,NBD-2017-196-001.xml,CHU - Upper Chiwawa River,10/1/2017 12:14:17 AM,10/1/2017 12:14:17 AM,LOWER IN-STREAM ARRAY,LOWER IN-STREAM ARRAY,7/15/2017,7,Bull Trout,R,Resident,W,Wild Fish or Natural Production,CHIWAR - Chiwawa River,WTRAP,Weir Trap,56,1
3DD.003BC52C8D,NBD-2017-196-001.xml,UWE - Upper Wenatchee River,10/2/2017 5:53:53 AM,10/2/2017 6:14:19 PM,IN-STREAM ARRAY,IN-STREAM ARRAY,7/15/2017,7,Bull Trout,R,Resident,W,Wild Fish or Natural Production,CHIWAR - Chiwawa River,WTRAP,Weir Trap,56,1
3DD.003BC52C8D,NBD-2017-196-001.xml,"WTL - White River, Wenatchee Basin",10/4/2017 7:55:31 PM,10/5/2017 12:31:00 AM,LOWER IN-STREAM ARRAY,LOWER IN-STREAM ARRAY,7/15/2017,7,Bull Trout,R,Resident,W,Wild Fish or Natural Production,CHIWAR - Chiwawa River,WTRAP,Weir Trap,56,1
3DD.003BC52C8E,NBD-2015-065-TUM.xml,NAL - Lower Nason Creek,6/14/2015 11:31:59 PM,6/29/2015 2:04:47 AM,LOWER IN-STREAM ARRAY,UPPER IN-STREAM ARRAY,6/3/2015,7,Bull Trout,R,Resident,W,Wild Fish or Natural Production,TUMFBY - TUM - Release into the Forebay within 0.5 km upstream of Dam,LADDER,Adult Passage Ladder,NA,1
3DD.003BC52C8E,NBD-2015-065-TUM.xml,NAU - Upper Nason Creek,7/1/2015 2:29:45 AM,7/1/2015 2:30:01 AM,LOWER IN-STREAM ARRAY,UPPER IN-STREAM ARRAY,6/3/2015,7,Bull Trout,R,Resident,W,Wild Fish or Natural Production,TUMFBY - TUM - Release into the Forebay within 0.5 km upstream of Dam,LADDER,Adult Passage Ladder,NA,1
3DD.003BC52C8E,NBD-2015-065-TUM.xml,UWE - Upper Wenatchee River,6/14/2015 1:18:05 AM,6/14/2015 1:18:07 AM,IN-STREAM ARRAY,IN-STREAM ARRAY,6/3/2015,7,Bull Trout,R,Resident,W,Wild Fish or Natural Production,TUMFBY - TUM - Release into the Forebay within 0.5 km upstream of Dam,LADDER,Adult Passage Ladder,NA,1
3DD.003BC52C91,NBD15163.CWB,CHL - Lower Chiwawa River,10/4/2015 2:48:26 AM,10/4/2015 2:48:26 AM,UPPER IN-STREAM ARRAY,UPPER IN-STREAM ARRAY,6/12/2015,7,Bull Trout,R,Resident,W,Wild Fish or Natural Production,CHIWAR - Chiwawa River,WTRAP,Weir Trap,735,1
3DD.003BC52C91,NBD15163.CWB,CHU - Upper Chiwawa River,6/13/2015 3:20:09 AM,10/3/2015 9:04:24 PM,LOWER IN-STREAM ARRAY,LOWER IN-STREAM ARRAY,6/12/2015,7,Bull Trout,R,Resident,W,Wild Fish or Natural Production,CHIWAR - Chiwawa River,WTRAP,Weir Trap,735,1
3DD.003BC52C92,NBD-2014-177-AEZ.xml,CHL - Lower Chiwawa River,10/1/2014 1:17:26 PM,10/1/2014 1:17:26 PM,LOWER IN-STREAM ARRAY,LOWER IN-STREAM ARRAY,8/11/2014,7,Bull Trout,R,Resident,W,Wild Fish or Natural Production,CHIWAR - Chiwawa River,WTRAP,Weir Trap,NA,1
3DD.003BC52C92,NBD-2014-177-AEZ.xml,CHU - Upper Chiwawa River,8/11/2014 8:25:14 PM,10/1/2014 5:57:02 AM,LOWER IN-STREAM ARRAY,UPPER IN-STREAM ARRAY,8/11/2014,7,Bull Trout,R,Resident,W,Wild Fish or Natural Production,CHIWAR - Chiwawa River,WTRAP,Weir Trap,NA,1
3DD.003BC52C92,NBD-2014-177-AEZ.xml,UWE - Upper Wenatchee River,10/1/2014 10:05:01 PM,10/1/2014 10:05:01 PM,IN-STREAM ARRAY,IN-STREAM ARRAY,8/11/2014,7,Bull Trout,R,Resident,W,Wild Fish or Natural Production,CHIWAR - Chiwawa River,WTRAP,Weir Trap,NA,1
3DD.003BC52C93,NBD-2014-177-AEZ.xml,CHL - Lower Chiwawa River,8/13/2014 7:30:59 AM,8/13/2014 7:30:59 AM,LOWER IN-STREAM ARRAY,LOWER IN-STREAM ARRAY,8/7/2014,7,Bull Trout,R,Resident,W,Wild Fish or Natural Production,CHIWAR - Chiwawa River,WTRAP,Weir Trap,NA,1
3DD.003BC52C95,NBD-2014-177-AEZ.xml,CHL - Lower Chiwawa River,9/17/2014 10:54:32 PM,9/17/2014 10:54:32 PM,UPPER IN-STREAM ARRAY,UPPER IN-STREAM ARRAY,7/1/2014,7,Bull Trout,R,Resident,W,Wild Fish or Natural Production,CHIWAR - Chiwawa River,WTRAP,Weir Trap,NA,1
3DD.003BC52C97,NBD15163.CWB,CHL - Lower Chiwawa River,9/30/2015 7:14:38 PM,10/8/2016 10:56:55 PM,LOWER IN-STREAM ARRAY,LOWER IN-STREAM ARRAY,6/12/2015,7,Bull Trout,R,Resident,W,Wild Fish or Natural Production,CHIWAR - Chiwawa River,WTRAP,Weir Trap,525,1
3DD.003BC52C97,NBD15163.CWB,CHU - Upper Chiwawa River,6/27/2015 12:30:41 AM,10/8/2016 2:58:02 AM,LOWER IN-STREAM ARRAY,LOWER IN-STREAM ARRAY,6/12/2015,7,Bull Trout,R,Resident,W,Wild Fish or Natural Production,CHIWAR - Chiwawa River,WTRAP,Weir Trap,525,1
3DD.003BC52C97,NBD15163.CWB,UWE - Upper Wenatchee River,9/30/2015 10:34:44 PM,2/12/2017 8:05:35 PM,IN-STREAM ARRAY,IN-STREAM ARRAY,6/12/2015,7,Bull Trout,R,Resident,W,Wild Fish or Natural Production,CHIWAR - Chiwawa River,WTRAP,Weir Trap,525,1
3DD.003BC52C98,NBD-2015-065-TUM.xml,CHW - Chiwaukum Creek,6/25/2015 11:12:25 PM,6/25/2015 11:13:00 PM,DOWNSTREAM ARRAY,UPSTREAM ARRAY,6/9/2015,7,Bull Trout,R,Resident,W,Wild Fish or Natural Production,TUMFBY - TUM - Release into the Forebay within 0.5 km upstream of Dam,LADDER,Adult Passage Ladder,NA,1
3DD.003BC52C9A,NBD-2014-177-AEZ.xml,CHL - Lower Chiwawa River,9/23/2014 1:40:13 AM,9/22/2015 10:33:32 PM,LOWER IN-STREAM ARRAY,LOWER IN-STREAM ARRAY,7/1/2014,7,Bull Trout,R,Resident,W,Wild Fish or Natural Production,CHIWAR - Chiwawa River,WTRAP,Weir Trap,NA,1
3DD.003BC52C9A,NBD-2014-177-AEZ.xml,CHU - Upper Chiwawa River,9/22/2014 7:33:06 PM,9/22/2015 4:35:24 AM,UPPER IN-STREAM ARRAY,LOWER IN-STREAM ARRAY,7/1/2014,7,Bull Trout,R,Resident,W,Wild Fish or Natural Production,CHIWAR - Chiwawa River,WTRAP,Weir Trap,NA,1
3DD.003BC52C9A,NBD-2014-177-AEZ.xml,UWE - Upper Wenatchee River,9/23/2014 4:09:13 AM,9/23/2015 1:15:55 AM,IN-STREAM ARRAY,IN-STREAM ARRAY,7/1/2014,7,Bull Trout,R,Resident,W,Wild Fish or Natural Production,CHIWAR - Chiwawa River,WTRAP,Weir Trap,NA,1
3DD.003BC52C9B,NBD-2015-065-TUM.xml,CHW - Chiwaukum Creek,6/18/2015 11:36:12 PM,6/18/2015 11:36:39 PM,DOWNSTREAM ARRAY,UPSTREAM ARRAY,6/5/2015,7,Bull Trout,R,Resident,W,Wild Fish or Natural Production,TUMFBY - TUM - Release into the Forebay within 0.5 km upstream of Dam,LADDER,Adult Passage Ladder,NA,1
3DD.003BC52C9C,NBD-2014-177-AEZ.xml,CHL - Lower Chiwawa River,10/15/2014 6:30:03 PM,10/12/2016 5:28:46 AM,UPPER IN-STREAM ARRAY,LOWER IN-STREAM ARRAY,7/1/2014,7,Bull Trout,R,Resident,W,Wild Fish or Natural Production,CHIWAR - Chiwawa River,WTRAP,Weir Trap,NA,1
3DD.003BC52C9C,NBD-2014-177-AEZ.xml,CHU - Upper Chiwawa River,10/13/2014 11:28:59 PM,10/11/2016 2:41:54 AM,UPPER IN-STREAM ARRAY,LOWER IN-STREAM ARRAY,7/1/2014,7,Bull Trout,R,Resident,W,Wild Fish or Natural Production,CHIWAR - Chiwawa River,WTRAP,Weir Trap,NA,1
3DD.003BC52C9C,NBD-2014-177-AEZ.xml,UWE - Upper Wenatchee River,10/16/2014 2:20:49 AM,10/13/2016 6:49:36 PM,IN-STREAM ARRAY,IN-STREAM ARRAY,7/1/2014,7,Bull Trout,R,Resident,W,Wild Fish or Natural Production,CHIWAR - Chiwawa River,WTRAP,Weir Trap,NA,1
3DD.003BC52C9D,NBD-2015-065-TUM.xml,NAL - Lower Nason Creek,6/22/2015 11:19:10 PM,6/22/2015 11:19:24 PM,LOWER IN-STREAM ARRAY,UPPER IN-STREAM ARRAY,6/6/2015,7,Bull Trout,R,Resident,W,Wild Fish or Natural Production,TUMFBY - TUM - Release into the Forebay within 0.5 km upstream of Dam,LADDER,Adult Passage Ladder,NA,1
3DD.003BC52C9D,NBD-2015-065-TUM.xml,NAU - Upper Nason Creek,6/25/2015 9:46:42 PM,6/25/2015 9:46:57 PM,LOWER IN-STREAM ARRAY,UPPER IN-STREAM ARRAY,6/6/2015,7,Bull Trout,R,Resident,W,Wild Fish or Natural Production,TUMFBY - TUM - Release into the Forebay within 0.5 km upstream of Dam,LADDER,Adult Passage Ladder,NA,1
3DD.003BC52CA0,NBD-2014-177-AEZ.xml,CHL - Lower Chiwawa River,9/30/2014 7:43:20 PM,9/28/2017 6:29:53 PM,LOWER IN-STREAM ARRAY,UPPER IN-STREAM ARRAY,7/8/2014,7,Bull Trout,R,Resident,W,Wild Fish or Natural Production,CHIWAR - Chiwawa River,WTRAP,Weir Trap,NA,1
3DD.003BC52CA0,NBD-2014-177-AEZ.xml,CHU - Upper Chiwawa River,9/29/2014 7:07:12 PM,9/28/2017 12:52:39 AM,UPPER IN-STREAM ARRAY,LOWER IN-STREAM ARRAY,7/8/2014,7,Bull Trout,R,Resident,W,Wild Fish or Natural Production,CHIWAR - Chiwawa River,WTRAP,Weir Trap,NA,1
3DD.003BC52CA0,NBD-2014-177-AEZ.xml,UWE - Upper Wenatchee River,10/1/2014 12:43:51 AM,9/28/2017 9:54:20 PM,IN-STREAM ARRAY,IN-STREAM ARRAY,7/8/2014,7,Bull Trout,R,Resident,W,Wild Fish or Natural Production,CHIWAR - Chiwawa River,WTRAP,Weir Trap,NA,1
3DD.003BC52CA0,NBD-2014-177-AEZ.xml,"WTL - White River, Wenatchee Basin",7/26/2016 1:02:13 PM,9/27/2016 11:01:56 PM,UPPER IN-STREAM ARRAY,UPPER IN-STREAM ARRAY,7/8/2014,7,Bull Trout,R,Resident,W,Wild Fish or Natural Production,CHIWAR - Chiwawa River,WTRAP,Weir Trap,NA,1
3DD.003BC52CA1,NBD-2014-177-AEZ.xml,CHL - Lower Chiwawa River,10/3/2014 3:05:03 AM,10/3/2014 3:05:49 AM,UPPER IN-STREAM ARRAY,LOWER IN-STREAM ARRAY,7/3/2014,7,Bull Trout,R,Resident,W,Wild Fish or Natural Production,CHIWAR - Chiwawa River,WTRAP,Weir Trap,NA,1
3DD.003BC52CA1,NBD-2014-177-AEZ.xml,CHU - Upper Chiwawa River,10/2/2014 10:00:02 PM,10/2/2014 10:00:02 PM,LOWER IN-STREAM ARRAY,LOWER IN-STREAM ARRAY,7/3/2014,7,Bull Trout,R,Resident,W,Wild Fish or Natural Production,CHIWAR - Chiwawa River,WTRAP,Weir Trap,NA,1
3DD.003BC52CA1,NBD-2014-177-AEZ.xml,UWE - Upper Wenatchee River,10/3/2014 8:21:53 PM,10/3/2014 8:21:53 PM,IN-STREAM ARRAY,IN-STREAM ARRAY,7/3/2014,7,Bull Trout,R,Resident,W,Wild Fish or Natural Production,CHIWAR - Chiwawa River,WTRAP,Weir Trap,NA,1
3DD.003BC52CA2,NBD15163.CWB,CHU - Upper Chiwawa River,6/12/2015 5:18:33 PM,6/12/2015 5:18:33 PM,LOWER IN-STREAM ARRAY,LOWER IN-STREAM ARRAY,6/12/2015,7,Bull Trout,R,Resident,W,Wild Fish or Natural Production,CHIWAR - Chiwawa River,WTRAP,Weir Trap,515,1
3DD.003BC52CA3,NBD15166.CWB,CHL - Lower Chiwawa River,10/1/2015 11:12:39 PM,10/1/2015 11:12:39 PM,LOWER IN-STREAM ARRAY,LOWER IN-STREAM ARRAY,6/15/2015,7,Bull Trout,R,Resident,W,Wild Fish or Natural Production,CHIWAR - Chiwawa River,WTRAP,Weir Trap,480,1
3DD.003BC52CA3,NBD15166.CWB,CHU - Upper Chiwawa River,6/23/2015 3:12:19 AM,9/30/2016 9:12:41 PM,UPPER IN-STREAM ARRAY,LOWER IN-STREAM ARRAY,6/15/2015,7,Bull Trout,R,Resident,W,Wild Fish or Natural Production,CHIWAR - Chiwawa River,WTRAP,Weir Trap,480,1
3DD.003BC52CA3,NBD15166.CWB,UWE - Upper Wenatchee River,1/4/2016 2:03:13 AM,1/4/2017 1:51:06 AM,IN-STREAM ARRAY,IN-STREAM ARRAY,6/15/2015,7,Bull Trout,R,Resident,W,Wild Fish or Natural Production,CHIWAR - Chiwawa River,WTRAP,Weir Trap,480,1
3DD.003BC52CA5,NBD-2015-065-TUM.xml,CHW - Chiwaukum Creek,6/17/2015 10:55:54 PM,6/17/2015 10:57:14 PM,DOWNSTREAM ARRAY,UPSTREAM ARRAY,5/30/2015,7,Bull Trout,R,Resident,W,Wild Fish or Natural Production,TUMFBY - TUM - Release into the Forebay within 0.5 km upstream of Dam,LADDER,Adult Passage Ladder,NA,1
3DD.003BC52CA6,NBD-2014-177-AEZ.xml,CHL - Lower Chiwawa River,8/27/2014 10:01:53 PM,9/18/2015 1:33:50 AM,UPPER IN-STREAM ARRAY,LOWER IN-STREAM ARRAY,7/8/2014,7,Bull Trout,R,Resident,W,Wild Fish or Natural Production,CHIWAR - Chiwawa River,WTRAP,Weir Trap,NA,1
3DD.003BC52CA6,NBD-2014-177-AEZ.xml,CHU - Upper Chiwawa River,7/22/2014 1:51:14 AM,8/26/2014 11:27:46 PM,LOWER IN-STREAM ARRAY,UPPER IN-STREAM ARRAY,7/8/2014,7,Bull Trout,R,Resident,W,Wild Fish or Natural Production,CHIWAR - Chiwawa River,WTRAP,Weir Trap,NA,1
3DD.003BC52CA6,NBD-2014-177-AEZ.xml,UWE - Upper Wenatchee River,8/28/2014 1:48:34 AM,9/18/2015 4:57:07 AM,IN-STREAM ARRAY,IN-STREAM ARRAY,7/8/2014,7,Bull Trout,R,Resident,W,Wild Fish or Natural Production,CHIWAR - Chiwawa River,WTRAP,Weir Trap,NA,1
3DD.003BC52CA7,NBD-2015-065-TUM.xml,CHL - Lower Chiwawa River,6/23/2015 9:12:41 PM,9/24/2016 7:39:16 PM,LOWER IN-STREAM ARRAY,LOWER IN-STREAM ARRAY,6/9/2015,7,Bull Trout,R,Resident,W,Wild Fish or Natural Production,TUMFBY - TUM - Release into the Forebay within 0.5 km upstream of Dam,LADDER,Adult Passage Ladder,NA,1
3DD.003BC52CA7,NBD-2015-065-TUM.xml,CHU - Upper Chiwawa River,6/26/2015 2:06:50 AM,9/24/2016 12:56:31 AM,LOWER IN-STREAM ARRAY,UPPER IN-STREAM ARRAY,6/9/2015,7,Bull Trout,R,Resident,W,Wild Fish or Natural Production,TUMFBY - TUM - Release into the Forebay within 0.5 km upstream of Dam,LADDER,Adult Passage Ladder,NA,1
3DD.003BC52CA8,NBD-2014-177-AEZ.xml,CHL - Lower Chiwawa River,10/3/2014 3:28:55 AM,9/30/2017 4:50:37 AM,LOWER IN-STREAM ARRAY,LOWER IN-STREAM ARRAY,7/8/2014,7,Bull Trout,R,Resident,W,Wild Fish or Natural Production,CHIWAR - Chiwawa River,WTRAP,Weir Trap,NA,1
3DD.003BC52CA8,NBD-2014-177-AEZ.xml,CHU - Upper Chiwawa River,10/3/2014 12:10:27 AM,9/29/2017 9:53:40 PM,UPPER IN-STREAM ARRAY,UPPER IN-STREAM ARRAY,7/8/2014,7,Bull Trout,R,Resident,W,Wild Fish or Natural Production,CHIWAR - Chiwawa River,WTRAP,Weir Trap,NA,1
3DD.003BC52CA8,NBD-2014-177-AEZ.xml,UWE - Upper Wenatchee River,10/3/2014 8:02:57 PM,9/30/2017 8:48:49 PM,IN-STREAM ARRAY,IN-STREAM ARRAY,7/8/2014,7,Bull Trout,R,Resident,W,Wild Fish or Natural Production,CHIWAR - Chiwawa River,WTRAP,Weir Trap,NA,1
3DD.003BC52CA9,NBD-2014-177-AEZ.xml,CHL - Lower Chiwawa River,9/23/2014 8:53:00 PM,9/23/2014 8:53:00 PM,LOWER IN-STREAM ARRAY,LOWER IN-STREAM ARRAY,7/3/2014,7,Bull Trout,R,Resident,W,Wild Fish or Natural Production,CHIWAR - Chiwawa River,WTRAP,Weir Trap,NA,1
3DD.003BC52CA9,NBD-2014-177-AEZ.xml,CHU - Upper Chiwawa River,7/17/2014 10:18:57 PM,9/22/2014 11:58:05 PM,UPPER IN-STREAM ARRAY,UPPER IN-STREAM ARRAY,7/3/2014,7,Bull Trout,R,Resident,W,Wild Fish or Natural Production,CHIWAR - Chiwawa River,WTRAP,Weir Trap,NA,1
3DD.003BC52CA9,NBD-2014-177-AEZ.xml,UWE - Upper Wenatchee River,9/23/2014 11:40:30 PM,9/23/2014 11:40:30 PM,IN-STREAM ARRAY,IN-STREAM ARRAY,7/3/2014,7,Bull Trout,R,Resident,W,Wild Fish or Natural Production,CHIWAR - Chiwawa River,WTRAP,Weir Trap,NA,1
3DD.003BC52CAA,NBD-2014-177-AEZ.xml,CHL - Lower Chiwawa River,8/2/2014 9:14:42 PM,8/2/2014 9:15:18 PM,UPPER IN-STREAM ARRAY,LOWER IN-STREAM ARRAY,7/29/2014,7,Bull Trout,R,Resident,W,Wild Fish or Natural Production,CHIWAR - Chiwawa River,WTRAP,Weir Trap,NA,1
3DD.003BC52CAB,NBD-2015-065-TUM.xml,CHW - Chiwaukum Creek,6/17/2015 2:24:34 AM,6/17/2015 2:26:42 AM,DOWNSTREAM ARRAY,UPSTREAM ARRAY,6/7/2015,7,Bull Trout,R,Resident,W,Wild Fish or Natural Production,TUMFBY - TUM - Release into the Forebay within 0.5 km upstream of Dam,LADDER,Adult Passage Ladder,NA,1
3DD.003BC52CAC,NBD-2015-065-TUM.xml,CHW - Chiwaukum Creek,6/27/2015 11:33:36 PM,6/27/2015 11:34:25 PM,DOWNSTREAM ARRAY,UPSTREAM ARRAY,6/7/2015,7,Bull Trout,R,Resident,W,Wild Fish or Natural Production,TUMFBY - TUM - Release into the Forebay within 0.5 km upstream of Dam,LADDER,Adult Passage Ladder,NA,1
3DD.003BC52CAD,NBD15161.CWB,CHU - Upper Chiwawa River,6/16/2015 12:57:32 AM,6/16/2015 12:57:32 AM,LOWER IN-STREAM ARRAY,LOWER IN-STREAM ARRAY,6/10/2015,7,Bull Trout,R,Resident,W,Wild Fish or Natural Production,CHIWAR - Chiwawa River,WTRAP,Weir Trap,490,1
3DD.003BC52CAF,NBD-2015-065-TUM.xml,CHW - Chiwaukum Creek,6/17/2015 11:48:01 PM,6/17/2015 11:49:47 PM,DOWNSTREAM ARRAY,UPSTREAM ARRAY,6/5/2015,7,Bull Trout,R,Resident,W,Wild Fish or Natural Production,TUMFBY - TUM - Release into the Forebay within 0.5 km upstream of Dam,LADDER,Adult Passage Ladder,NA,1
3DD.003BC52CB1,NBD-2014-177-AEZ.xml,CHL - Lower Chiwawa River,9/22/2014 12:38:29 AM,9/19/2016 2:52:12 AM,UPPER IN-STREAM ARRAY,LOWER IN-STREAM ARRAY,7/3/2014,7,Bull Trout,R,Resident,W,Wild Fish or Natural Production,CHIWAR - Chiwawa River,WTRAP,Weir Trap,NA,1
3DD.003BC52CB1,NBD-2014-177-AEZ.xml,CHU - Upper Chiwawa River,9/21/2014 7:29:31 PM,9/13/2017 11:28:59 PM,UPPER IN-STREAM ARRAY,UPPER IN-STREAM ARRAY,7/3/2014,7,Bull Trout,R,Resident,W,Wild Fish or Natural Production,CHIWAR - Chiwawa River,WTRAP,Weir Trap,NA,1
3DD.003BC52CB1,NBD-2014-177-AEZ.xml,NAL - Lower Nason Creek,5/16/2017 1:40:45 AM,11/27/2017 3:08:25 AM,UPPER IN-STREAM ARRAY,LOWER IN-STREAM ARRAY,7/3/2014,7,Bull Trout,R,Resident,W,Wild Fish or Natural Production,CHIWAR - Chiwawa River,WTRAP,Weir Trap,NA,1
3DD.003BC52CB1,NBD-2014-177-AEZ.xml,UWE - Upper Wenatchee River,9/23/2014 9:43:59 PM,9/14/2017 7:53:53 PM,IN-STREAM ARRAY,IN-STREAM ARRAY,7/3/2014,7,Bull Trout,R,Resident,W,Wild Fish or Natural Production,CHIWAR - Chiwawa River,WTRAP,Weir Trap,NA,1
3DD.003BC52CB2,NBD-2014-177-AEZ.xml,CHU - Upper Chiwawa River,8/7/2014 8:43:41 PM,8/7/2014 8:45:40 PM,LOWER IN-STREAM ARRAY,UPPER IN-STREAM ARRAY,8/7/2014,7,Bull Trout,R,Resident,W,Wild Fish or Natural Production,CHIWAR - Chiwawa River,WTRAP,Weir Trap,NA,1
3DD.003BC52CB3,NBD-2014-177-AEZ.xml,CHL - Lower Chiwawa River,9/19/2014 8:35:33 PM,9/23/2018 6:34:55 AM,UPPER IN-STREAM ARRAY,UPPER IN-STREAM ARRAY,7/3/2014,7,Bull Trout,R,Resident,W,Wild Fish or Natural Production,CHIWAR - Chiwawa River,WTRAP,Weir Trap,NA,1
3DD.003BC52CB3,NBD-2014-177-AEZ.xml,CHU - Upper Chiwawa River,9/19/2014 4:19:20 AM,9/24/2017 1:30:51 AM,UPPER IN-STREAM ARRAY,LOWER IN-STREAM ARRAY,7/3/2014,7,Bull Trout,R,Resident,W,Wild Fish or Natural Production,CHIWAR - Chiwawa River,WTRAP,Weir Trap,NA,1
3DD.003BC52CB3,NBD-2014-177-AEZ.xml,UWE - Upper Wenatchee River,9/20/2014 2:11:34 AM,9/24/2018 12:25:01 AM,IN-STREAM ARRAY,IN-STREAM ARRAY,7/3/2014,7,Bull Trout,R,Resident,W,Wild Fish or Natural Production,CHIWAR - Chiwawa River,WTRAP,Weir Trap,NA,1
3DD.003BC52CB4,NBD-2015-065-TUM.xml,CHL - Lower Chiwawa River,6/15/2015 8:33:51 PM,9/12/2016 10:31:33 PM,LOWER IN-STREAM ARRAY,UPPER IN-STREAM ARRAY,5/30/2015,7,Bull Trout,R,Resident,W,Wild Fish or Natural Production,TUMFBY - TUM - Release into the Forebay within 0.5 km upstream of Dam,LADDER,Adult Passage Ladder,NA,1
3DD.003BC52CB4,NBD-2015-065-TUM.xml,CHU - Upper Chiwawa River,6/18/2015 2:15:12 AM,9/16/2015 8:14:31 PM,UPPER IN-STREAM ARRAY,LOWER IN-STREAM ARRAY,5/30/2015,7,Bull Trout,R,Resident,W,Wild Fish or Natural Production,TUMFBY - TUM - Release into the Forebay within 0.5 km upstream of Dam,LADDER,Adult Passage Ladder,NA,1
3DD.003BC52CB4,NBD-2015-065-TUM.xml,TUF - Tumwater Dam Adult Fishway,6/15/2016 8:46:48 PM,7/22/2017 7:49:15 PM,WEIR 14,High Flow Ladder Entrance,5/30/2015,7,Bull Trout,R,Resident,W,Wild Fish or Natural Production,TUMFBY - TUM - Release into the Forebay within 0.5 km upstream of Dam,LADDER,Adult Passage Ladder,NA,1
3DD.003BC52CB5,NBD-2014-177-AEZ.xml,CHL - Lower Chiwawa River,8/15/2014 8:10:19 AM,8/15/2014 8:10:19 AM,UPPER IN-STREAM ARRAY,UPPER IN-STREAM ARRAY,8/7/2014,7,Bull Trout,R,Resident,W,Wild Fish or Natural Production,CHIWAR - Chiwawa River,WTRAP,Weir Trap,NA,1
3DD.003BC52CB5,NBD-2014-177-AEZ.xml,CHU - Upper Chiwawa River,8/7/2014 8:31:47 PM,8/7/2014 8:32:50 PM,LOWER IN-STREAM ARRAY,UPPER IN-STREAM ARRAY,8/7/2014,7,Bull Trout,R,Resident,W,Wild Fish or Natural Production,CHIWAR - Chiwawa River,WTRAP,Weir Trap,NA,1
3DD.003BC52CB6,NBD-2014-177-AEZ.xml,CHU - Upper Chiwawa River,7/15/2014 8:47:14 PM,7/15/2014 8:48:20 PM,LOWER IN-STREAM ARRAY,UPPER IN-STREAM ARRAY,7/15/2014,7,Bull Trout,R,Resident,W,Wild Fish or Natural Production,CHIWAR - Chiwawa River,WTRAP,Weir Trap,NA,1
3DD.003BC52CB7,NBD15163.CWB,CHL - Lower Chiwawa River,9/25/2015 11:38:43 PM,7/8/2016 9:09:32 PM,LOWER IN-STREAM ARRAY,UPPER IN-STREAM ARRAY,6/12/2015,7,Bull Trout,R,Resident,W,Wild Fish or Natural Production,CHIWAR - Chiwawa River,WTRAP,Weir Trap,510,1
3DD.003BC52CB7,NBD15163.CWB,CHU - Upper Chiwawa River,6/27/2015 12:23:50 AM,9/25/2015 7:57:20 PM,LOWER IN-STREAM ARRAY,UPPER IN-STREAM ARRAY,6/12/2015,7,Bull Trout,R,Resident,W,Wild Fish or Natural Production,CHIWAR - Chiwawa River,WTRAP,Weir Trap,510,1
3DD.003BC52CB7,NBD15163.CWB,UWE - Upper Wenatchee River,9/26/2015 2:57:28 AM,9/26/2015 2:57:28 AM,IN-STREAM ARRAY,IN-STREAM ARRAY,6/12/2015,7,Bull Trout,R,Resident,W,Wild Fish or Natural Production,CHIWAR - Chiwawa River,WTRAP,Weir Trap,510,1
3DD.003BC52CB8,NBD-2014-177-AEZ.xml,CHU - Upper Chiwawa River,7/29/2014 8:31:08 PM,7/29/2014 8:33:01 PM,LOWER IN-STREAM ARRAY,UPPER IN-STREAM ARRAY,7/29/2014,7,Bull Trout,R,Resident,W,Wild Fish or Natural Production,CHIWAR - Chiwawa River,WTRAP,Weir Trap,NA,1
3DD.003BC52CB9,NBD15170.CWB,CHL - Lower Chiwawa River,10/4/2015 10:36:54 PM,10/6/2016 10:11:00 PM,UPPER IN-STREAM ARRAY,LOWER IN-STREAM ARRAY,6/19/2015,7,Bull Trout,R,Resident,W,Wild Fish or Natural Production,CHIWAR - Chiwawa River,WTRAP,Weir Trap,480,1
3DD.003BC52CB9,NBD15170.CWB,CHU - Upper Chiwawa River,6/30/2015 3:05:44 PM,10/6/2016 3:35:30 AM,LOWER IN-STREAM ARRAY,LOWER IN-STREAM ARRAY,6/19/2015,7,Bull Trout,R,Resident,W,Wild Fish or Natural Production,CHIWAR - Chiwawa River,WTRAP,Weir Trap,480,1
3DD.003BC52CB9,NBD15170.CWB,UWE - Upper Wenatchee River,10/5/2015 6:14:26 AM,10/5/2015 6:14:26 AM,IN-STREAM ARRAY,IN-STREAM ARRAY,6/19/2015,7,Bull Trout,R,Resident,W,Wild Fish or Natural Production,CHIWAR - Chiwawa River,WTRAP,Weir Trap,480,1
3DD.003BC52CBB,NBD-2019-137-001.json,CHW - Chiwaukum Creek,7/1/2019 2:22:05 AM,7/1/2019 2:24:11 AM,DOWNSTREAM ARRAY,UPSTREAM ARRAY,6/14/2019,7,Bull Trout,R,Resident,W,Wild Fish or Natural Production,TUMFBY - TUM - Release into the Forebay within 0.5 km upstream of Dam,LADDER,Adult Passage Ladder,NA,1
3DD.003BC52CBC,NBD-2017-196-001.xml,CHL - Lower Chiwawa River,9/30/2017 9:19:54 PM,9/30/2017 9:19:54 PM,UPPER IN-STREAM ARRAY,UPPER IN-STREAM ARRAY,7/29/2017,7,Bull Trout,R,Resident,W,Wild Fish or Natural Production,CHIWAR - Chiwawa River,WTRAP,Weir Trap,61,1
3DD.003BC52CBC,NBD-2017-196-001.xml,CHU - Upper Chiwawa River,9/30/2017 3:05:26 AM,9/30/2017 3:05:35 AM,UPPER IN-STREAM ARRAY,LOWER IN-STREAM ARRAY,7/29/2017,7,Bull Trout,R,Resident,W,Wild Fish or Natural Production,CHIWAR - Chiwawa River,WTRAP,Weir Trap,61,1
3DD.003BC52CBC,NBD-2017-196-001.xml,"WTL - White River, Wenatchee Basin",10/2/2017 4:35:12 PM,10/2/2017 4:35:12 PM,UPPER IN-STREAM ARRAY,UPPER IN-STREAM ARRAY,7/29/2017,7,Bull Trout,R,Resident,W,Wild Fish or Natural Production,CHIWAR - Chiwawa River,WTRAP,Weir Trap,61,1
3DD.003BC52CBD,NBD-2017-196-001.xml,CHL - Lower Chiwawa River,9/23/2017 12:54:02 AM,9/17/2019 1:14:09 AM,UPPER IN-STREAM ARRAY,LOWER IN-STREAM ARRAY,7/17/2017,7,Bull Trout,R,Resident,W,Wild Fish or Natural Production,CHIWAR - Chiwawa River,WTRAP,Weir Trap,53,1
3DD.003BC52CBD,NBD-2017-196-001.xml,CHU - Upper Chiwawa River,7/17/2017 9:19:28 PM,9/16/2019 9:45:21 PM,UPPER IN-STREAM ARRAY,LOWER IN-STREAM ARRAY,7/17/2017,7,Bull Trout,R,Resident,W,Wild Fish or Natural Production,CHIWAR - Chiwawa River,WTRAP,Weir Trap,53,1
3DD.003BC52CBD,NBD-2017-196-001.xml,UWE - Upper Wenatchee River,9/23/2017 3:56:47 AM,9/24/2018 4:15:42 AM,IN-STREAM ARRAY,IN-STREAM ARRAY,7/17/2017,7,Bull Trout,R,Resident,W,Wild Fish or Natural Production,CHIWAR - Chiwawa River,WTRAP,Weir Trap,53,1
3DD.003BC52CBD,NBD-2017-196-001.xml,"WTL - White River, Wenatchee Basin",9/25/2018 10:19:52 PM,9/25/2019 11:28:42 PM,LOWER IN-STREAM ARRAY,LOWER IN-STREAM ARRAY,7/17/2017,7,Bull Trout,R,Resident,W,Wild Fish or Natural Production,CHIWAR - Chiwawa River,WTRAP,Weir Trap,53,1
3DD.003BC52CBE,NBD-2019-137-001.json,CHW - Chiwaukum Creek,7/2/2019 4:31:18 AM,7/2/2021 4:07:54 AM,DOWNSTREAM ARRAY,DOWNSTREAM ARRAY,6/23/2019,7,Bull Trout,R,Resident,W,Wild Fish or Natural Production,TUMFBY - TUM - Release into the Forebay within 0.5 km upstream of Dam,LADDER,Adult Passage Ladder,450,1
3DD.003BC52CBE,NBD-2019-137-001.json,TUF - Tumwater Dam Adult Fishway,6/16/2020 2:52:07 PM,6/17/2021 6:42:29 PM,High Flow Ladder Entrance,WEIR 17,6/23/2019,7,Bull Trout,R,Resident,W,Wild Fish or Natural Production,TUMFBY - TUM - Release into the Forebay within 0.5 km upstream of Dam,LADDER,Adult Passage Ladder,450,1
3DD.003BC52CBF,NBD15203.CWB,CHL - Lower Chiwawa River,9/26/2015 1:34:14 AM,9/26/2015 1:34:14 AM,LOWER IN-STREAM ARRAY,LOWER IN-STREAM ARRAY,7/22/2015,7,Bull Trout,R,Resident,W,Wild Fish or Natural Production,CHIWAR - Chiwawa River,WTRAP,Weir Trap,520,1
3DD.003BC52CBF,NBD15203.CWB,CHU - Upper Chiwawa River,9/25/2015 8:57:34 PM,9/25/2015 8:58:13 PM,UPPER IN-STREAM ARRAY,LOWER IN-STREAM ARRAY,7/22/2015,7,Bull Trout,R,Resident,W,Wild Fish or Natural Production,CHIWAR - Chiwawa River,WTRAP,Weir Trap,520,1
3DD.003BC52CBF,NBD15203.CWB,UWE - Upper Wenatchee River,9/26/2015 4:31:19 AM,9/26/2015 4:31:19 AM,IN-STREAM ARRAY,IN-STREAM ARRAY,7/22/2015,7,Bull Trout,R,Resident,W,Wild Fish or Natural Production,CHIWAR - Chiwawa River,WTRAP,Weir Trap,520,1
3DD.003BC52CC0,NBD-2017-196-001.xml,CHL - Lower Chiwawa River,1/15/2018 10:53:17 PM,5/27/2019 3:14:34 PM,LOWER IN-STREAM ARRAY,UPPER IN-STREAM ARRAY,7/23/2017,7,Bull Trout,R,Resident,W,Wild Fish or Natural Production,CHIWAR - Chiwawa River,WTRAP,Weir Trap,53,1
3DD.003BC52CC0,NBD-2017-196-001.xml,CHU - Upper Chiwawa River,7/23/2017 8:46:47 PM,10/7/2019 1:20:24 AM,UPPER IN-STREAM ARRAY,LOWER IN-STREAM ARRAY,7/23/2017,7,Bull Trout,R,Resident,W,Wild Fish or Natural Production,CHIWAR - Chiwawa River,WTRAP,Weir Trap,53,1
3DD.003BC52CC0,NBD-2017-196-001.xml,UWE - Upper Wenatchee River,10/4/2017 2:04:52 AM,10/7/2019 9:22:11 PM,IN-STREAM ARRAY,IN-STREAM ARRAY,7/23/2017,7,Bull Trout,R,Resident,W,Wild Fish or Natural Production,CHIWAR - Chiwawa River,WTRAP,Weir Trap,53,1
3DD.003BC52CC3,NBD15176.CWB,CHL - Lower Chiwawa River,10/3/2015 6:30:25 PM,10/3/2015 6:30:55 PM,UPPER IN-STREAM ARRAY,LOWER IN-STREAM ARRAY,6/25/2015,7,Bull Trout,R,Resident,W,Wild Fish or Natural Production,CHIWAR - Chiwawa River,WTRAP,Weir Trap,470,1
3DD.003BC52CC3,NBD15176.CWB,CHU - Upper Chiwawa River,6/25/2015 2:15:56 PM,10/2/2015 10:08:23 PM,LOWER IN-STREAM ARRAY,UPPER IN-STREAM ARRAY,6/25/2015,7,Bull Trout,R,Resident,W,Wild Fish or Natural Production,CHIWAR - Chiwawa River,WTRAP,Weir Trap,470,1
3DD.003BC52CC3,NBD15176.CWB,UWE - Upper Wenatchee River,10/3/2015 9:50:09 PM,10/6/2017 10:51:35 PM,IN-STREAM ARRAY,IN-STREAM ARRAY,6/25/2015,7,Bull Trout,R,Resident,W,Wild Fish or Natural Production,CHIWAR - Chiwawa River,WTRAP,Weir Trap,470,1
3DD.003BC52CC4,NBD15182.CWB,CHU - Upper Chiwawa River,7/1/2015 12:16:57 PM,7/1/2015 12:16:57 PM,LOWER IN-STREAM ARRAY,LOWER IN-STREAM ARRAY,7/1/2015,7,Bull Trout,R,Resident,W,Wild Fish or Natural Production,CHIWAR - Chiwawa River,WTRAP,Weir Trap,530,1
3DD.003BC52CC5,NBD-2019-137-001.json,NAL - Lower Nason Creek,7/4/2019 11:02:23 PM,7/4/2019 11:02:23 PM,LOWER IN-STREAM ARRAY,LOWER IN-STREAM ARRAY,6/24/2019,7,Bull Trout,R,Resident,W,Wild Fish or Natural Production,TUMFBY - TUM - Release into the Forebay within 0.5 km upstream of Dam,LADDER,Adult Passage Ladder,NA,1
3DD.003BC52CC5,NBD-2019-137-001.json,NAU - Upper Nason Creek,7/8/2019 2:45:21 AM,7/8/2019 2:45:48 AM,LOWER IN-STREAM ARRAY,UPPER IN-STREAM ARRAY,6/24/2019,7,Bull Trout,R,Resident,W,Wild Fish or Natural Production,TUMFBY - TUM - Release into the Forebay within 0.5 km upstream of Dam,LADDER,Adult Passage Ladder,NA,1
3DD.003BC52CC7,NBD-2017-196-001.xml,CHL - Lower Chiwawa River,10/4/2017 7:03:34 PM,10/26/2017 11:13:55 PM,LOWER IN-STREAM ARRAY,LOWER IN-STREAM ARRAY,7/31/2017,7,Bull Trout,R,Resident,W,Wild Fish or Natural Production,CHIWAR - Chiwawa River,WTRAP,Weir Trap,55,1
3DD.003BC52CC8,NBD15170.CWB,CHL - Lower Chiwawa River,10/11/2015 9:38:41 PM,9/27/2019 7:55:46 PM,LOWER IN-STREAM ARRAY,UPPER IN-STREAM ARRAY,6/19/2015,7,Bull Trout,R,Resident,W,Wild Fish or Natural Production,CHIWAR - Chiwawa River,WTRAP,Weir Trap,470,1
3DD.003BC52CC8,NBD15170.CWB,CHU - Upper Chiwawa River,6/19/2015 8:46:59 PM,9/27/2019 12:10:40 AM,LOWER IN-STREAM ARRAY,LOWER IN-STREAM ARRAY,6/19/2015,7,Bull Trout,R,Resident,W,Wild Fish or Natural Production,CHIWAR - Chiwawa River,WTRAP,Weir Trap,470,1
3DD.003BC52CC8,NBD15170.CWB,UWE - Upper Wenatchee River,10/19/2015 10:05:55 PM,10/19/2015 10:05:55 PM,IN-STREAM ARRAY,IN-STREAM ARRAY,6/19/2015,7,Bull Trout,R,Resident,W,Wild Fish or Natural Production,CHIWAR - Chiwawa River,WTRAP,Weir Trap,470,1
3DD.003BC52CCA,NBD-2019-137-001.json,CHW - Chiwaukum Creek,7/2/2020 3:58:09 AM,9/8/2020 8:52:38 PM,UPSTREAM ARRAY,DOWNSTREAM ARRAY,6/28/2019,7,Bull Trout,R,Resident,W,Wild Fish or Natural Production,TUMFBY - TUM - Release into the Forebay within 0.5 km upstream of Dam,LADDER,Adult Passage Ladder,470,1
3DD.003BC52CCA,NBD-2019-137-001.json,ICL - Lower Icicle Instream Array,8/22/2019 11:13:07 PM,9/20/2021 8:14:01 PM,Upstream Array,Upstream Array,6/28/2019,7,Bull Trout,R,Resident,W,Wild Fish or Natural Production,TUMFBY - TUM - Release into the Forebay within 0.5 km upstream of Dam,LADDER,Adult Passage Ladder,470,1
3DD.003BC52CCA,NBD-2019-137-001.json,TUF - Tumwater Dam Adult Fishway,7/1/2019 4:39:31 PM,7/21/2021 1:36:46 PM,Low Flow Ladder Entrance,High Flow Ladder Entrance,6/28/2019,7,Bull Trout,R,Resident,W,Wild Fish or Natural Production,TUMFBY - TUM - Release into the Forebay within 0.5 km upstream of Dam,LADDER,Adult Passage Ladder,470,1
3DD.003BC52CCB,NBD15174.DRY,ENF - Upper Entiat River at rkm 40.6,7/9/2016 9:04:11 PM,7/9/2016 9:04:11 PM,UPSTREAM ARRAY,UPSTREAM ARRAY,6/26/2015,7,Bull Trout,R,Resident,W,Wild Fish or Natural Production,DRYFBY - DRY - Release into the Forebay within 0.5 km upstream of Dam,LADDER,Adult Passage Ladder,NA,1
3DD.003BC52CCB,NBD15174.DRY,ENM - Middle Entiat River,6/28/2016 6:40:59 PM,6/28/2016 6:40:59 PM,UPPER IN-STREAM ARRAY,UPPER IN-STREAM ARRAY,6/26/2015,7,Bull Trout,R,Resident,W,Wild Fish or Natural Production,DRYFBY - DRY - Release into the Forebay within 0.5 km upstream of Dam,LADDER,Adult Passage Ladder,NA,1
3DD.003BC52CCB,NBD15174.DRY,ICL - Lower Icicle Instream Array,6/28/2015 10:35:02 PM,10/4/2015 9:51:57 PM,Upstream Array,Downstream Array,6/26/2015,7,Bull Trout,R,Resident,W,Wild Fish or Natural Production,DRYFBY - DRY - Release into the Forebay within 0.5 km upstream of Dam,LADDER,Adult Passage Ladder,NA,1
3DD.003BC52CCB,NBD15174.DRY,ICM - Middle Icicle Instream Array,8/5/2015 11:29:00 PM,8/5/2015 11:29:28 PM,Upstream Array,Downstream Array,6/26/2015,7,Bull Trout,R,Resident,W,Wild Fish or Natural Production,DRYFBY - DRY - Release into the Forebay within 0.5 km upstream of Dam,LADDER,Adult Passage Ladder,NA,1
3DD.003BC52CCB,NBD15174.DRY,RIA - Rock Island Adult,5/22/2016 3:03:28 PM,5/22/2016 4:15:40 PM,LEFT LADDER BAFFLE 2,LEFT LADDER BAFFLE 4,6/26/2015,7,Bull Trout,R,Resident,W,Wild Fish or Natural Production,DRYFBY - DRY - Release into the Forebay within 0.5 km upstream of Dam,LADDER,Adult Passage Ladder,NA,1
3DD.003BC52CCB,NBD15174.DRY,RRF - Rocky Reach Fishway,5/24/2016 8:17:17 AM,5/24/2016 8:30:29 AM,Lower Weir,Trap,6/26/2015,7,Bull Trout,R,Resident,W,Wild Fish or Natural Production,DRYFBY - DRY - Release into the Forebay within 0.5 km upstream of Dam,LADDER,Adult Passage Ladder,NA,1
3DD.003BC52CCF,NBD15174.CWB,CHL - Lower Chiwawa River,10/1/2015 12:32:59 AM,10/1/2015 12:32:59 AM,UPPER IN-STREAM ARRAY,UPPER IN-STREAM ARRAY,6/23/2015,7,Bull Trout,R,Resident,W,Wild Fish or Natural Production,CHIWAR - Chiwawa River,WTRAP,Weir Trap,620,1
3DD.003BC52CCF,NBD15174.CWB,CHU - Upper Chiwawa River,6/23/2015 9:13:42 PM,9/28/2015 1:32:17 AM,LOWER IN-STREAM ARRAY,LOWER IN-STREAM ARRAY,6/23/2015,7,Bull Trout,R,Resident,W,Wild Fish or Natural Production,CHIWAR - Chiwawa River,WTRAP,Weir Trap,620,1
3DD.003BC52CCF,NBD15174.CWB,UWE - Upper Wenatchee River,10/1/2015 6:59:51 PM,10/1/2015 6:59:51 PM,IN-STREAM ARRAY,IN-STREAM ARRAY,6/23/2015,7,Bull Trout,R,Resident,W,Wild Fish or Natural Production,CHIWAR - Chiwawa River,WTRAP,Weir Trap,620,1
3DD.003BC52CCF,NBD15174.CWB,"WTL - White River, Wenatchee Basin",12/11/2015 11:13:34 AM,4/3/2016 9:13:31 AM,LOWER IN-STREAM ARRAY,UPPER IN-STREAM ARRAY,6/23/2015,7,Bull Trout,R,Resident,W,Wild Fish or Natural Production,CHIWAR - Chiwawa River,WTRAP,Weir Trap,620,1
3DD.003BC52CD1,NBD15176.CWB,CHL - Lower Chiwawa River,10/1/2015 10:53:25 PM,10/1/2015 10:54:16 PM,UPPER IN-STREAM ARRAY,LOWER IN-STREAM ARRAY,6/25/2015,7,Bull Trout,R,Resident,W,Wild Fish or Natural Production,CHIWAR - Chiwawa River,WTRAP,Weir Trap,560,1
3DD.003BC52CD1,NBD15176.CWB,CHU - Upper Chiwawa River,6/25/2015 8:31:50 PM,9/17/2016 11:03:13 PM,LOWER IN-STREAM ARRAY,LOWER IN-STREAM ARRAY,6/25/2015,7,Bull Trout,R,Resident,W,Wild Fish or Natural Production,CHIWAR - Chiwawa River,WTRAP,Weir Trap,560,1
3DD.003BC52CD1,NBD15176.CWB,LWN - Little Wenatchee River,10/8/2015 8:57:02 PM,11/6/2016 6:55:54 AM,UPPER IN-STREAM ARRAY,LOWER IN-STREAM ARRAY,6/25/2015,7,Bull Trout,R,Resident,W,Wild Fish or Natural Production,CHIWAR - Chiwawa River,WTRAP,Weir Trap,560,1
3DD.003BC52CD1,NBD15176.CWB,UWE - Upper Wenatchee River,10/2/2015 2:21:46 AM,9/18/2016 11:09:15 PM,IN-STREAM ARRAY,IN-STREAM ARRAY,6/25/2015,7,Bull Trout,R,Resident,W,Wild Fish or Natural Production,CHIWAR - Chiwawa River,WTRAP,Weir Trap,560,1
3DD.003BC52CD1,NBD15176.CWB,"WTL - White River, Wenatchee Basin",10/3/2015 7:17:07 PM,9/27/2016 10:31:34 PM,LOWER IN-STREAM ARRAY,LOWER IN-STREAM ARRAY,6/25/2015,7,Bull Trout,R,Resident,W,Wild Fish or Natural Production,CHIWAR - Chiwawa River,WTRAP,Weir Trap,560,1
3DD.003BC52CD3,NBD15174.CWB,CHL - Lower Chiwawa River,9/13/2015 8:02:17 PM,9/13/2015 8:02:17 PM,LOWER IN-STREAM ARRAY,LOWER IN-STREAM ARRAY,6/23/2015,7,Bull Trout,R,Resident,W,Wild Fish or Natural Production,CHIWAR - Chiwawa River,WTRAP,Weir Trap,530,1
3DD.003BC52CD3,NBD15174.CWB,CHU - Upper Chiwawa River,6/24/2015 3:51:48 AM,9/13/2015 12:27:08 AM,LOWER IN-STREAM ARRAY,LOWER IN-STREAM ARRAY,6/23/2015,7,Bull Trout,R,Resident,W,Wild Fish or Natural Production,CHIWAR - Chiwawa River,WTRAP,Weir Trap,530,1
3DD.003BC52CD3,NBD15174.CWB,UWE - Upper Wenatchee River,9/13/2015 9:55:48 PM,9/13/2015 9:55:48 PM,IN-STREAM ARRAY,IN-STREAM ARRAY,6/23/2015,7,Bull Trout,R,Resident,W,Wild Fish or Natural Production,CHIWAR - Chiwawa River,WTRAP,Weir Trap,530,1
3DD.003BC52CD4,NBD-2019-137-001.json,CHW - Chiwaukum Creek,7/5/2019 3:13:07 AM,9/5/2019 12:45:42 AM,DOWNSTREAM ARRAY,UPSTREAM ARRAY,6/29/2019,7,Bull Trout,R,Resident,W,Wild Fish or Natural Production,TUMFBY - TUM - Release into the Forebay within 0.5 km upstream of Dam,LADDER,Adult Passage Ladder,NA,1
3DD.003BC52CD5,NBD-2017-196-001.xml,CHL - Lower Chiwawa River,10/21/2017 6:07:48 AM,10/8/2019 7:52:05 PM,UPPER IN-STREAM ARRAY,LOWER IN-STREAM ARRAY,7/21/2017,7,Bull Trout,R,Resident,W,Wild Fish or Natural Production,CHIWAR - Chiwawa River,WTRAP,Weir Trap,43,1
3DD.003BC52CD5,NBD-2017-196-001.xml,CHU - Upper Chiwawa River,8/10/2017 3:44:46 AM,9/30/2021 10:19:08 PM,LOWER IN-STREAM ARRAY,LOWER IN-STREAM ARRAY,7/21/2017,7,Bull Trout,R,Resident,W,Wild Fish or Natural Production,CHIWAR - Chiwawa River,WTRAP,Weir Trap,43,1
3DD.003BC52CD5,NBD-2017-196-001.xml,NAL - Lower Nason Creek,2/15/2020 11:11:18 PM,2/15/2020 11:15:15 PM,UPPER IN-STREAM ARRAY,LOWER IN-STREAM ARRAY,7/21/2017,7,Bull Trout,R,Resident,W,Wild Fish or Natural Production,CHIWAR - Chiwawa River,WTRAP,Weir Trap,43,1
3DD.003BC52CD5,NBD-2017-196-001.xml,UWE - Upper Wenatchee River,9/25/2018 6:04:34 AM,10/6/2020 5:36:04 AM,IN-STREAM ARRAY,IN-STREAM ARRAY,7/21/2017,7,Bull Trout,R,Resident,W,Wild Fish or Natural Production,CHIWAR - Chiwawa River,WTRAP,Weir Trap,43,1
3DD.003BC52CD9,NBD-2017-196-001.xml,CHU - Upper Chiwawa River,9/20/2017 10:47:15 PM,9/20/2017 10:47:23 PM,UPPER IN-STREAM ARRAY,LOWER IN-STREAM ARRAY,7/23/2017,7,Bull Trout,R,Resident,W,Wild Fish or Natural Production,CHIWAR - Chiwawa River,WTRAP,Weir Trap,54,1
3DD.003BC52CD9,NBD-2017-196-001.xml,UWE - Upper Wenatchee River,9/21/2017 5:11:05 AM,9/21/2017 5:11:05 AM,IN-STREAM ARRAY,IN-STREAM ARRAY,7/23/2017,7,Bull Trout,R,Resident,W,Wild Fish or Natural Production,CHIWAR - Chiwawa River,WTRAP,Weir Trap,54,1
3DD.003BC52CD9,NBD-2017-196-001.xml,"WTL - White River, Wenatchee Basin",9/20/2018 8:40:37 PM,9/20/2018 8:40:54 PM,LOWER IN-STREAM ARRAY,UPPER IN-STREAM ARRAY,7/23/2017,7,Bull Trout,R,Resident,W,Wild Fish or Natural Production,CHIWAR - Chiwawa River,WTRAP,Weir Trap,54,1
3DD.003BC52CDA,NBD-2019-137-001.json,CHL - Lower Chiwawa River,6/29/2019 1:10:03 AM,10/9/2020 6:37:33 PM,LOWER IN-STREAM ARRAY,LOWER IN-STREAM ARRAY,6/16/2019,7,Bull Trout,R,Resident,W,Wild Fish or Natural Production,TUMFBY - TUM - Release into the Forebay within 0.5 km upstream of Dam,LADDER,Adult Passage Ladder,460,1
3DD.003BC52CDA,NBD-2019-137-001.json,CHU - Upper Chiwawa River,9/30/2019 8:45:29 PM,10/8/2020 1:47:01 AM,UPPER IN-STREAM ARRAY,LOWER IN-STREAM ARRAY,6/16/2019,7,Bull Trout,R,Resident,W,Wild Fish or Natural Production,TUMFBY - TUM - Release into the Forebay within 0.5 km upstream of Dam,LADDER,Adult Passage Ladder,460,1
3DD.003BC52CDA,NBD-2019-137-001.json,TUF - Tumwater Dam Adult Fishway,6/20/2020 10:38:40 AM,6/27/2020 6:01:30 PM,High Flow Ladder Entrance,WEIR 17,6/16/2019,7,Bull Trout,R,Resident,W,Wild Fish or Natural Production,TUMFBY - TUM - Release into the Forebay within 0.5 km upstream of Dam,LADDER,Adult Passage Ladder,460,1
3DD.003BC52CDB,NBD-2019-137-001.json,CHW - Chiwaukum Creek,7/9/2019 2:36:55 PM,7/9/2019 2:42:35 PM,DOWNSTREAM ARRAY,UPSTREAM ARRAY,6/23/2019,7,Bull Trout,R,Resident,W,Wild Fish or Natural Production,TUMFBY - TUM - Release into the Forebay within 0.5 km upstream of Dam,LADDER,Adult Passage Ladder,370,1
3DD.003BC52CDD,NBD-2014-177-AEZ.xml,CHL - Lower Chiwawa River,9/17/2015 9:02:38 PM,7/6/2020 3:25:36 AM,LOWER IN-STREAM ARRAY,LOWER IN-STREAM ARRAY,7/31/2014,7,Bull Trout,R,Resident,W,Wild Fish or Natural Production,CHIWAR - Chiwawa River,WTRAP,Weir Trap,NA,1
3DD.003BC52CDD,NBD-2014-177-AEZ.xml,CHU - Upper Chiwawa River,6/19/2015 11:20:38 AM,7/7/2020 1:45:05 PM,LOWER IN-STREAM ARRAY,LOWER IN-STREAM ARRAY,7/31/2014,7,Bull Trout,R,Resident,W,Wild Fish or Natural Production,CHIWAR - Chiwawa River,WTRAP,Weir Trap,NA,1
3DD.003BC52CDD,NBD-2014-177-AEZ.xml,UWE - Upper Wenatchee River,9/17/2015 11:55:52 PM,9/17/2015 11:55:52 PM,IN-STREAM ARRAY,IN-STREAM ARRAY,7/31/2014,7,Bull Trout,R,Resident,W,Wild Fish or Natural Production,CHIWAR - Chiwawa River,WTRAP,Weir Trap,NA,1
3DD.003BC52CDE,NBD15198.CWB,CHU - Upper Chiwawa River,7/17/2015 8:48:23 PM,7/21/2015 7:15:54 PM,LOWER IN-STREAM ARRAY,UPPER IN-STREAM ARRAY,7/17/2015,7,Bull Trout,R,Resident,W,Wild Fish or Natural Production,CHIWAR - Chiwawa River,WTRAP,Weir Trap,475,1
3DD.003BC52CDF,NBD-2017-196-001.xml,CHL - Lower Chiwawa River,9/22/2017 7:07:58 PM,9/22/2017 7:07:58 PM,LOWER IN-STREAM ARRAY,LOWER IN-STREAM ARRAY,7/23/2017,7,Bull Trout,R,Resident,W,Wild Fish or Natural Production,CHIWAR - Chiwawa River,WTRAP,Weir Trap,50,1
3DD.003BC52CDF,NBD-2017-196-001.xml,CHU - Upper Chiwawa River,9/22/2017 12:35:12 AM,9/22/2017 12:35:12 AM,LOWER IN-STREAM ARRAY,LOWER IN-STREAM ARRAY,7/23/2017,7,Bull Trout,R,Resident,W,Wild Fish or Natural Production,CHIWAR - Chiwawa River,WTRAP,Weir Trap,50,1
3DD.003BC52CE1,NBD15176.CWB,CHL - Lower Chiwawa River,9/29/2015 4:26:00 AM,9/29/2015 4:26:16 AM,UPPER IN-STREAM ARRAY,LOWER IN-STREAM ARRAY,6/25/2015,7,Bull Trout,R,Resident,W,Wild Fish or Natural Production,CHIWAR - Chiwawa River,WTRAP,Weir Trap,500,1
3DD.003BC52CE1,NBD15176.CWB,CHU - Upper Chiwawa River,6/25/2015 3:35:29 PM,10/4/2017 7:49:21 PM,LOWER IN-STREAM ARRAY,UPPER IN-STREAM ARRAY,6/25/2015,7,Bull Trout,R,Resident,W,Wild Fish or Natural Production,CHIWAR - Chiwawa River,WTRAP,Weir Trap,500,1
3DD.003BC52CE1,NBD15176.CWB,LWN - Little Wenatchee River,10/2/2015 9:22:31 PM,6/19/2018 3:07:51 AM,UPPER IN-STREAM ARRAY,LOWER IN-STREAM ARRAY,6/25/2015,7,Bull Trout,R,Resident,W,Wild Fish or Natural Production,CHIWAR - Chiwawa River,WTRAP,Weir Trap,500,1
3DD.003BC52CE1,NBD15176.CWB,UWE - Upper Wenatchee River,9/29/2015 8:45:35 PM,10/1/2016 7:47:46 PM,IN-STREAM ARRAY,IN-STREAM ARRAY,6/25/2015,7,Bull Trout,R,Resident,W,Wild Fish or Natural Production,CHIWAR - Chiwawa River,WTRAP,Weir Trap,500,1
3DD.003BC52CE1,NBD15176.CWB,"WTL - White River, Wenatchee Basin",10/4/2016 9:02:53 PM,6/18/2018 9:08:51 PM,LOWER IN-STREAM ARRAY,UPPER IN-STREAM ARRAY,6/25/2015,7,Bull Trout,R,Resident,W,Wild Fish or Natural Production,CHIWAR - Chiwawa River,WTRAP,Weir Trap,500,1
3DD.003BC52CE2,NBD15205.CWB,CHL - Lower Chiwawa River,10/4/2015 12:48:22 AM,10/4/2015 12:48:23 AM,LOWER IN-STREAM ARRAY,LOWER IN-STREAM ARRAY,7/24/2015,7,Bull Trout,R,Resident,W,Wild Fish or Natural Production,CHIWAR - Chiwawa River,WTRAP,Weir Trap,610,1
3DD.003BC52CE2,NBD15205.CWB,UWE - Upper Wenatchee River,10/4/2015 5:17:01 AM,10/4/2015 5:17:01 AM,IN-STREAM ARRAY,IN-STREAM ARRAY,7/24/2015,7,Bull Trout,R,Resident,W,Wild Fish or Natural Production,CHIWAR - Chiwawa River,WTRAP,Weir Trap,610,1
3DD.003BC52CE2,NBD15205.CWB,"WTL - White River, Wenatchee Basin",8/22/2016 8:34:47 PM,9/29/2016 9:41:15 PM,LOWER IN-STREAM ARRAY,UPPER IN-STREAM ARRAY,7/24/2015,7,Bull Trout,R,Resident,W,Wild Fish or Natural Production,CHIWAR - Chiwawa River,WTRAP,Weir Trap,610,1
3DD.003BC52CE5,NBD15174.CWB,CHL - Lower Chiwawa River,9/18/2015 2:08:32 AM,9/17/2017 9:58:41 PM,UPPER IN-STREAM ARRAY,LOWER IN-STREAM ARRAY,6/23/2015,7,Bull Trout,R,Resident,W,Wild Fish or Natural Production,CHIWAR - Chiwawa River,WTRAP,Weir Trap,470,1
3DD.003BC52CE5,NBD15174.CWB,CHU - Upper Chiwawa River,6/23/2015 1:35:12 PM,9/17/2017 3:05:49 AM,LOWER IN-STREAM ARRAY,LOWER IN-STREAM ARRAY,6/23/2015,7,Bull Trout,R,Resident,W,Wild Fish or Natural Production,CHIWAR - Chiwawa River,WTRAP,Weir Trap,470,1
3DD.003BC52CE5,NBD15174.CWB,UWE - Upper Wenatchee River,9/18/2015 8:50:45 AM,9/18/2017 1:58:41 AM,IN-STREAM ARRAY,IN-STREAM ARRAY,6/23/2015,7,Bull Trout,R,Resident,W,Wild Fish or Natural Production,CHIWAR - Chiwawa River,WTRAP,Weir Trap,470,1
3DD.003BC52CE5,NBD15174.CWB,"WTL - White River, Wenatchee Basin",8/30/2016 10:31:02 PM,10/2/2016 3:30:40 AM,UPPER IN-STREAM ARRAY,LOWER IN-STREAM ARRAY,6/23/2015,7,Bull Trout,R,Resident,W,Wild Fish or Natural Production,CHIWAR - Chiwawa River,WTRAP,Weir Trap,470,1
3DD.003BC52CE6,NBD-2019-137-001.json,CHW - Chiwaukum Creek,7/2/2019 12:36:30 AM,7/7/2020 3:01:25 AM,DOWNSTREAM ARRAY,UPSTREAM ARRAY,6/15/2019,7,Bull Trout,R,Resident,W,Wild Fish or Natural Production,TUMFBY - TUM - Release into the Forebay within 0.5 km upstream of Dam,LADDER,Adult Passage Ladder,460,1
3DD.003BC52CE6,NBD-2019-137-001.json,ICL - Lower Icicle Instream Array,10/13/2019 2:30:50 AM,11/21/2019 3:11:59 AM,Downstream Array,Downstream Array,6/15/2019,7,Bull Trout,R,Resident,W,Wild Fish or Natural Production,TUMFBY - TUM - Release into the Forebay within 0.5 km upstream of Dam,LADDER,Adult Passage Ladder,460,1
3DD.003BC52CE6,NBD-2019-137-001.json,TUF - Tumwater Dam Adult Fishway,6/22/2020 4:03:08 PM,6/29/2020 12:40:30 PM,High Flow Ladder Entrance,WEIR 17,6/15/2019,7,Bull Trout,R,Resident,W,Wild Fish or Natural Production,TUMFBY - TUM - Release into the Forebay within 0.5 km upstream of Dam,LADDER,Adult Passage Ladder,460,1
3DD.003BC52CE7,NBD-2019-137-001.json,CHL - Lower Chiwawa River,7/21/2019 9:55:41 PM,8/16/2019 10:30:57 PM,LOWER IN-STREAM ARRAY,LOWER IN-STREAM ARRAY,7/5/2019,7,Bull Trout,R,Resident,W,Wild Fish or Natural Production,TUMFBY - TUM - Release into the Forebay within 0.5 km upstream of Dam,LADDER,Adult Passage Ladder,410,1
3DD.003BC52CE8,NBD-2019-137-001.json,CHW - Chiwaukum Creek,6/26/2019 3:31:38 AM,9/17/2020 4:58:31 AM,UPSTREAM ARRAY,DOWNSTREAM ARRAY,6/15/2019,7,Bull Trout,R,Resident,W,Wild Fish or Natural Production,TUMFBY - TUM - Release into the Forebay within 0.5 km upstream of Dam,LADDER,Adult Passage Ladder,560,1
3DD.003BC52CE8,NBD-2019-137-001.json,LWE - Lower Wenatchee River,11/3/2020 10:53:29 PM,11/20/2020 11:41:19 PM,UPSTREAM ANTENNA ARRAY,UPSTREAM ANTENNA ARRAY,6/15/2019,7,Bull Trout,R,Resident,W,Wild Fish or Natural Production,TUMFBY - TUM - Release into the Forebay within 0.5 km upstream of Dam,LADDER,Adult Passage Ladder,560,1
3DD.003BC52CE8,NBD-2019-137-001.json,TUF - Tumwater Dam Adult Fishway,6/12/2020 12:26:06 PM,6/21/2021 8:28:21 AM,High Flow Ladder Entrance,WEIR 17,6/15/2019,7,Bull Trout,R,Resident,W,Wild Fish or Natural Production,TUMFBY - TUM - Release into the Forebay within 0.5 km upstream of Dam,LADDER,Adult Passage Ladder,560,1
3DD.003BC52CE9,NBD15170.CWB,CHL - Lower Chiwawa River,7/11/2019 8:57:42 PM,7/11/2019 8:58:43 PM,LOWER IN-STREAM ARRAY,UPPER IN-STREAM ARRAY,6/19/2015,7,Bull Trout,R,Resident,W,Wild Fish or Natural Production,CHIWAR - Chiwawa River,WTRAP,Weir Trap,460,1
3DD.003BC52CE9,NBD15170.CWB,CHU - Upper Chiwawa River,6/19/2015 3:03:05 PM,9/21/2017 8:49:33 PM,LOWER IN-STREAM ARRAY,LOWER IN-STREAM ARRAY,6/19/2015,7,Bull Trout,R,Resident,W,Wild Fish or Natural Production,CHIWAR - Chiwawa River,WTRAP,Weir Trap,460,1
3DD.003BC52CE9,NBD15170.CWB,LWN - Little Wenatchee River,4/27/2018 5:13:38 AM,7/6/2019 9:36:29 PM,LOWER IN-STREAM ARRAY,LOWER IN-STREAM ARRAY,6/19/2015,7,Bull Trout,R,Resident,W,Wild Fish or Natural Production,CHIWAR - Chiwawa River,WTRAP,Weir Trap,460,1
3DD.003BC52CE9,NBD15170.CWB,UWE - Upper Wenatchee River,9/27/2015 12:02:36 AM,9/22/2017 2:39:14 AM,IN-STREAM ARRAY,IN-STREAM ARRAY,6/19/2015,7,Bull Trout,R,Resident,W,Wild Fish or Natural Production,CHIWAR - Chiwawa River,WTRAP,Weir Trap,460,1
3DD.003BC52CEA,NBD15170.CWB,CHL - Lower Chiwawa River,10/1/2015 7:43:51 PM,10/1/2015 7:44:08 PM,UPPER IN-STREAM ARRAY,LOWER IN-STREAM ARRAY,6/19/2015,7,Bull Trout,R,Resident,W,Wild Fish or Natural Production,CHIWAR - Chiwawa River,WTRAP,Weir Trap,460,1
3DD.003BC52CEA,NBD15170.CWB,CHU - Upper Chiwawa River,6/19/2015 8:43:14 PM,9/24/2016 1:22:24 AM,LOWER IN-STREAM ARRAY,LOWER IN-STREAM ARRAY,6/19/2015,7,Bull Trout,R,Resident,W,Wild Fish or Natural Production,CHIWAR - Chiwawa River,WTRAP,Weir Trap,460,1
3DD.003BC52CEA,NBD15170.CWB,NAL - Lower Nason Creek,11/5/2015 6:51:22 AM,11/5/2015 7:20:39 PM,UPPER IN-STREAM ARRAY,LOWER IN-STREAM ARRAY,6/19/2015,7,Bull Trout,R,Resident,W,Wild Fish or Natural Production,CHIWAR - Chiwawa River,WTRAP,Weir Trap,460,1
3DD.003BC52CEA,NBD15170.CWB,UWE - Upper Wenatchee River,10/1/2015 10:58:26 PM,9/24/2016 11:00:23 PM,IN-STREAM ARRAY,IN-STREAM ARRAY,6/19/2015,7,Bull Trout,R,Resident,W,Wild Fish or Natural Production,CHIWAR - Chiwawa River,WTRAP,Weir Trap,460,1
3DD.003BC52CEC,NBD15176.CWB,CHL - Lower Chiwawa River,9/28/2015 9:15:12 PM,9/28/2015 9:15:12 PM,LOWER IN-STREAM ARRAY,LOWER IN-STREAM ARRAY,6/25/2015,7,Bull Trout,R,Resident,W,Wild Fish or Natural Production,CHIWAR - Chiwawa River,WTRAP,Weir Trap,550,1
3DD.003BC52CEC,NBD15176.CWB,CHU - Upper Chiwawa River,6/25/2015 8:50:12 PM,9/28/2015 3:35:30 AM,LOWER IN-STREAM ARRAY,UPPER IN-STREAM ARRAY,6/25/2015,7,Bull Trout,R,Resident,W,Wild Fish or Natural Production,CHIWAR - Chiwawa River,WTRAP,Weir Trap,550,1
3DD.003BC52CEE,NBD-2017-196-001.xml,CHU - Upper Chiwawa River,9/30/2017 10:03:52 PM,9/30/2017 10:03:52 PM,UPPER IN-STREAM ARRAY,UPPER IN-STREAM ARRAY,7/19/2017,7,Bull Trout,R,Resident,W,Wild Fish or Natural Production,CHIWAR - Chiwawa River,WTRAP,Weir Trap,67,1
3DD.003BC52CEE,NBD-2017-196-001.xml,UWE - Upper Wenatchee River,10/1/2017 6:49:33 PM,10/1/2017 6:49:33 PM,IN-STREAM ARRAY,IN-STREAM ARRAY,7/19/2017,7,Bull Trout,R,Resident,W,Wild Fish or Natural Production,CHIWAR - Chiwawa River,WTRAP,Weir Trap,67,1
3DD.003BC52CEF,NBD-2017-196-001.xml,CHL - Lower Chiwawa River,9/21/2017 8:18:56 PM,9/23/2020 2:03:02 AM,LOWER IN-STREAM ARRAY,UPPER IN-STREAM ARRAY,7/21/2017,7,Bull Trout,R,Resident,W,Wild Fish or Natural Production,CHIWAR - Chiwawa River,WTRAP,Weir Trap,51,1
3DD.003BC52CEF,NBD-2017-196-001.xml,CHU - Upper Chiwawa River,9/21/2017 3:46:49 AM,9/22/2020 11:05:38 PM,UPPER IN-STREAM ARRAY,LOWER IN-STREAM ARRAY,7/21/2017,7,Bull Trout,R,Resident,W,Wild Fish or Natural Production,CHIWAR - Chiwawa River,WTRAP,Weir Trap,51,1
3DD.003BC52CEF,NBD-2017-196-001.xml,UWE - Upper Wenatchee River,9/21/2017 10:53:50 PM,9/23/2020 4:13:31 AM,IN-STREAM ARRAY,IN-STREAM ARRAY,7/21/2017,7,Bull Trout,R,Resident,W,Wild Fish or Natural Production,CHIWAR - Chiwawa River,WTRAP,Weir Trap,51,1
3DD.003BC52CF0,NBD15174.CWB,CHU - Upper Chiwawa River,6/23/2015 8:43:20 PM,6/23/2015 8:43:56 PM,LOWER IN-STREAM ARRAY,UPPER IN-STREAM ARRAY,6/23/2015,7,Bull Trout,R,Resident,W,Wild Fish or Natural Production,CHIWAR - Chiwawa River,WTRAP,Weir Trap,590,1
3DD.003BC52CF1,NBD15205.CWB,CHL - Lower Chiwawa River,9/25/2015 7:49:02 PM,9/22/2018 7:26:11 PM,LOWER IN-STREAM ARRAY,UPPER IN-STREAM ARRAY,7/24/2015,7,Bull Trout,R,Resident,W,Wild Fish or Natural Production,CHIWAR - Chiwawa River,WTRAP,Weir Trap,470,1
3DD.003BC52CF1,NBD15205.CWB,CHU - Upper Chiwawa River,9/25/2015 2:28:31 AM,9/25/2015 2:28:31 AM,LOWER IN-STREAM ARRAY,LOWER IN-STREAM ARRAY,7/24/2015,7,Bull Trout,R,Resident,W,Wild Fish or Natural Production,CHIWAR - Chiwawa River,WTRAP,Weir Trap,470,1
3DD.003BC52CF1,NBD15205.CWB,UWE - Upper Wenatchee River,9/25/2015 11:00:56 PM,9/25/2015 11:00:56 PM,IN-STREAM ARRAY,IN-STREAM ARRAY,7/24/2015,7,Bull Trout,R,Resident,W,Wild Fish or Natural Production,CHIWAR - Chiwawa River,WTRAP,Weir Trap,470,1
3DD.003BC52CF2,NBD15174.CWB,CHL - Lower Chiwawa River,9/14/2015 10:28:03 PM,9/14/2015 10:28:20 PM,UPPER IN-STREAM ARRAY,LOWER IN-STREAM ARRAY,6/23/2015,7,Bull Trout,R,Resident,W,Wild Fish or Natural Production,CHIWAR - Chiwawa River,WTRAP,Weir Trap,590,1
3DD.003BC52CF2,NBD15174.CWB,CHU - Upper Chiwawa River,6/23/2015 1:10:32 PM,7/26/2016 5:09:04 AM,LOWER IN-STREAM ARRAY,LOWER IN-STREAM ARRAY,6/23/2015,7,Bull Trout,R,Resident,W,Wild Fish or Natural Production,CHIWAR - Chiwawa River,WTRAP,Weir Trap,590,1
3DD.003BC52CF2,NBD15174.CWB,UWE - Upper Wenatchee River,9/15/2015 2:43:09 AM,9/15/2015 2:43:09 AM,IN-STREAM ARRAY,IN-STREAM ARRAY,6/23/2015,7,Bull Trout,R,Resident,W,Wild Fish or Natural Production,CHIWAR - Chiwawa River,WTRAP,Weir Trap,590,1
3DD.003BC52CF4,NBD-2019-137-001.json,NAL - Lower Nason Creek,7/11/2019 11:23:32 PM,7/11/2019 11:23:32 PM,LOWER IN-STREAM ARRAY,LOWER IN-STREAM ARRAY,6/30/2019,7,Bull Trout,R,Resident,W,Wild Fish or Natural Production,TUMFBY - TUM - Release into the Forebay within 0.5 km upstream of Dam,LADDER,Adult Passage Ladder,490,1
3DD.003BC52CF4,NBD-2019-137-001.json,NAU - Upper Nason Creek,7/21/2019 10:45:58 PM,7/21/2019 10:46:30 PM,LOWER IN-STREAM ARRAY,UPPER IN-STREAM ARRAY,6/30/2019,7,Bull Trout,R,Resident,W,Wild Fish or Natural Production,TUMFBY - TUM - Release into the Forebay within 0.5 km upstream of Dam,LADDER,Adult Passage Ladder,490,1
3DD.003BC52CF6,NBD15205.CWB,CHL - Lower Chiwawa River,11/3/2015 6:15:04 AM,10/3/2017 10:57:19 PM,LOWER IN-STREAM ARRAY,LOWER IN-STREAM ARRAY,7/24/2015,7,Bull Trout,R,Resident,W,Wild Fish or Natural Production,CHIWAR - Chiwawa River,WTRAP,Weir Trap,530,1
3DD.003BC52CF6,NBD15205.CWB,CHU - Upper Chiwawa River,10/5/2015 11:24:46 PM,10/3/2017 6:21:15 PM,UPPER IN-STREAM ARRAY,LOWER IN-STREAM ARRAY,7/24/2015,7,Bull Trout,R,Resident,W,Wild Fish or Natural Production,CHIWAR - Chiwawa River,WTRAP,Weir Trap,530,1
3DD.003BC52CF6,NBD15205.CWB,UWE - Upper Wenatchee River,8/13/2017 9:58:42 PM,10/4/2017 2:36:32 AM,IN-STREAM ARRAY,IN-STREAM ARRAY,7/24/2015,7,Bull Trout,R,Resident,W,Wild Fish or Natural Production,CHIWAR - Chiwawa River,WTRAP,Weir Trap,530,1
3DD.003BC52CF7,NBD-2017-196-001.xml,CHL - Lower Chiwawa River,9/22/2017 11:54:53 PM,9/23/2021 10:29:20 PM,LOWER IN-STREAM ARRAY,UPPER IN-STREAM ARRAY,7/15/2017,7,Bull Trout,R,Resident,W,Wild Fish or Natural Production,CHIWAR - Chiwawa River,WTRAP,Weir Trap,48,1
3DD.003BC52CF7,NBD-2017-196-001.xml,CHU - Upper Chiwawa River,9/22/2017 4:12:26 AM,9/22/2021 2:58:45 AM,LOWER IN-STREAM ARRAY,LOWER IN-STREAM ARRAY,7/15/2017,7,Bull Trout,R,Resident,W,Wild Fish or Natural Production,CHIWAR - Chiwawa River,WTRAP,Weir Trap,48,1
3DD.003BC52CF7,NBD-2017-196-001.xml,LWN - Little Wenatchee River,5/21/2018 5:29:54 AM,6/30/2021 6:38:02 AM,UPPER IN-STREAM ARRAY,UPPER IN-STREAM ARRAY,7/15/2017,7,Bull Trout,R,Resident,W,Wild Fish or Natural Production,CHIWAR - Chiwawa River,WTRAP,Weir Trap,48,1
3DD.003BC52CF7,NBD-2017-196-001.xml,UWE - Upper Wenatchee River,9/23/2017 2:24:28 AM,9/24/2021 2:16:28 AM,IN-STREAM ARRAY,IN-STREAM ARRAY,7/15/2017,7,Bull Trout,R,Resident,W,Wild Fish or Natural Production,CHIWAR - Chiwawa River,WTRAP,Weir Trap,48,1
3DD.003BC52CF8,NBD-2019-137-001.json,CHL - Lower Chiwawa River,8/31/2019 11:58:28 PM,9/24/2021 1:40:12 AM,LOWER IN-STREAM ARRAY,UPPER IN-STREAM ARRAY,7/16/2019,7,Bull Trout,R,Resident,W,Wild Fish or Natural Production,TUMFBY - TUM - Release into the Forebay within 0.5 km upstream of Dam,LADDER,Adult Passage Ladder,300,1
3DD.003BC52CF8,NBD-2019-137-001.json,CHU - Upper Chiwawa River,7/12/2021 11:44:23 PM,7/31/2022 10:53:45 PM,LOWER IN-STREAM ARRAY,UPPER IN-STREAM ARRAY,7/16/2019,7,Bull Trout,R,Resident,W,Wild Fish or Natural Production,TUMFBY - TUM - Release into the Forebay within 0.5 km upstream of Dam,LADDER,Adult Passage Ladder,300,1
3DD.003BC52CF8,NBD-2019-137-001.json,UWE - Upper Wenatchee River,11/14/2019 4:05:27 AM,10/4/2022 4:09:35 AM,IN-STREAM ARRAY,IN-STREAM ARRAY,7/16/2019,7,Bull Trout,R,Resident,W,Wild Fish or Natural Production,TUMFBY - TUM - Release into the Forebay within 0.5 km upstream of Dam,LADDER,Adult Passage Ladder,300,1
3DD.003BC52CF9,NBD-2017-196-001.xml,CHL - Lower Chiwawa River,9/30/2017 7:33:04 PM,10/2/2018 6:44:42 PM,LOWER IN-STREAM ARRAY,UPPER IN-STREAM ARRAY,7/19/2017,7,Bull Trout,R,Resident,W,Wild Fish or Natural Production,CHIWAR - Chiwawa River,WTRAP,Weir Trap,60,1
3DD.003BC52CF9,NBD-2017-196-001.xml,CHU - Upper Chiwawa River,9/30/2017 1:13:06 AM,10/1/2019 12:14:22 AM,UPPER IN-STREAM ARRAY,LOWER IN-STREAM ARRAY,7/19/2017,7,Bull Trout,R,Resident,W,Wild Fish or Natural Production,CHIWAR - Chiwawa River,WTRAP,Weir Trap,60,1
3DD.003BC52CF9,NBD-2017-196-001.xml,NAL - Lower Nason Creek,6/10/2019 9:00:35 PM,6/10/2019 9:00:35 PM,UPPER IN-STREAM ARRAY,UPPER IN-STREAM ARRAY,7/19/2017,7,Bull Trout,R,Resident,W,Wild Fish or Natural Production,CHIWAR - Chiwawa River,WTRAP,Weir Trap,60,1
3DD.003BC52CF9,NBD-2017-196-001.xml,UWE - Upper Wenatchee River,9/30/2017 10:07:18 PM,10/1/2019 9:42:54 PM,IN-STREAM ARRAY,IN-STREAM ARRAY,7/19/2017,7,Bull Trout,R,Resident,W,Wild Fish or Natural Production,CHIWAR - Chiwawa River,WTRAP,Weir Trap,60,1
3DD.003BC52CFA,NBD-2017-196-001.xml,CHL - Lower Chiwawa River,9/28/2017 9:42:25 PM,9/28/2017 9:42:25 PM,UPPER IN-STREAM ARRAY,UPPER IN-STREAM ARRAY,7/15/2017,7,Bull Trout,R,Resident,W,Wild Fish or Natural Production,CHIWAR - Chiwawa River,WTRAP,Weir Trap,53,1
3DD.003BC52CFA,NBD-2017-196-001.xml,CHU - Upper Chiwawa River,9/28/2017 5:12:10 AM,9/23/2018 3:15:26 AM,UPPER IN-STREAM ARRAY,LOWER IN-STREAM ARRAY,7/15/2017,7,Bull Trout,R,Resident,W,Wild Fish or Natural Production,CHIWAR - Chiwawa River,WTRAP,Weir Trap,53,1
3DD.003BC52CFA,NBD-2017-196-001.xml,UWE - Upper Wenatchee River,9/29/2017 12:45:15 AM,9/30/2018 11:59:59 AM,IN-STREAM ARRAY,IN-STREAM ARRAY,7/15/2017,7,Bull Trout,R,Resident,W,Wild Fish or Natural Production,CHIWAR - Chiwawa River,WTRAP,Weir Trap,53,1
3DD.003BC52CFB,NBD-2017-196-001.xml,CHL - Lower Chiwawa River,10/2/2017 6:50:18 PM,7/2/2023 1:45:21 AM,LOWER IN-STREAM ARRAY,LOWER IN-STREAM ARRAY,7/17/2017,7,Bull Trout,R,Resident,W,Wild Fish or Natural Production,CHIWAR - Chiwawa River,WTRAP,Weir Trap,52,1
3DD.003BC52CFB,NBD-2017-196-001.xml,CHU - Upper Chiwawa River,10/2/2017 2:10:47 AM,9/25/2021 6:34:53 PM,LOWER IN-STREAM ARRAY,LOWER IN-STREAM ARRAY,7/17/2017,7,Bull Trout,R,Resident,W,Wild Fish or Natural Production,CHIWAR - Chiwawa River,WTRAP,Weir Trap,52,1
3DD.003BC52CFB,NBD-2017-196-001.xml,UWE - Upper Wenatchee River,11/8/2017 2:52:18 AM,3/10/2023 10:34:03 PM,IN-STREAM ARRAY,IN-STREAM ARRAY,7/17/2017,7,Bull Trout,R,Resident,W,Wild Fish or Natural Production,CHIWAR - Chiwawa River,WTRAP,Weir Trap,52,1
3DD.003BC52CFD,NBD-2019-137-001.json,CHW - Chiwaukum Creek,8/6/2019 10:41:11 PM,9/29/2021 3:21:45 PM,DOWNSTREAM ARRAY,DOWNSTREAM ARRAY,6/29/2019,7,Bull Trout,R,Resident,W,Wild Fish or Natural Production,TUMFBY - TUM - Release into the Forebay within 0.5 km upstream of Dam,LADDER,Adult Passage Ladder,440,1
3DD.003BC52CFD,NBD-2019-137-001.json,ICL - Lower Icicle Instream Array,10/22/2019 6:03:49 AM,11/25/2021 9:52:50 PM,Downstream Array,Upstream Array,6/29/2019,7,Bull Trout,R,Resident,W,Wild Fish or Natural Production,TUMFBY - TUM - Release into the Forebay within 0.5 km upstream of Dam,LADDER,Adult Passage Ladder,440,1
3DD.003BC52CFD,NBD-2019-137-001.json,TUF - Tumwater Dam Adult Fishway,6/18/2020 4:13:17 PM,7/6/2022 8:10:23 PM,High Flow Ladder Entrance,WEIR 17,6/29/2019,7,Bull Trout,R,Resident,W,Wild Fish or Natural Production,TUMFBY - TUM - Release into the Forebay within 0.5 km upstream of Dam,LADDER,Adult Passage Ladder,440,1
3DD.003BC52CFE,NBD-2017-196-001.xml,CHL - Lower Chiwawa River,7/2/2019 12:41:20 AM,9/27/2019 11:21:34 PM,LOWER IN-STREAM ARRAY,LOWER IN-STREAM ARRAY,7/15/2017,7,Bull Trout,R,Resident,W,Wild Fish or Natural Production,CHIWAR - Chiwawa River,WTRAP,Weir Trap,44,1
3DD.003BC52CFE,NBD-2017-196-001.xml,CHU - Upper Chiwawa River,7/15/2017 2:43:35 PM,9/17/2021 12:05:59 AM,UPPER IN-STREAM ARRAY,LOWER IN-STREAM ARRAY,7/15/2017,7,Bull Trout,R,Resident,W,Wild Fish or Natural Production,CHIWAR - Chiwawa River,WTRAP,Weir Trap,44,1
3DD.003BC52CFE,NBD-2017-196-001.xml,UWE - Upper Wenatchee River,9/24/2017 7:13:05 PM,9/17/2021 9:38:51 PM,IN-STREAM ARRAY,IN-STREAM ARRAY,7/15/2017,7,Bull Trout,R,Resident,W,Wild Fish or Natural Production,CHIWAR - Chiwawa River,WTRAP,Weir Trap,44,1
3DD.003BC52CFE,NBD-2017-196-001.xml,"WTL - White River, Wenatchee Basin",9/11/2022 10:51:22 PM,10/5/2022 7:29:22 PM,LOWER IN-STREAM ARRAY,LOWER IN-STREAM ARRAY,7/15/2017,7,Bull Trout,R,Resident,W,Wild Fish or Natural Production,CHIWAR - Chiwawa River,WTRAP,Weir Trap,44,1
3DD.003BC52D00,NBD-2017-196-001.xml,CHL - Lower Chiwawa River,9/25/2017 7:42:31 PM,9/20/2018 11:59:15 PM,UPPER IN-STREAM ARRAY,UPPER IN-STREAM ARRAY,7/19/2017,7,Bull Trout,R,Resident,W,Wild Fish or Natural Production,CHIWAR - Chiwawa River,WTRAP,Weir Trap,57,1
3DD.003BC52D00,NBD-2017-196-001.xml,CHU - Upper Chiwawa River,9/25/2017 2:26:09 AM,9/25/2017 2:26:09 AM,LOWER IN-STREAM ARRAY,LOWER IN-STREAM ARRAY,7/19/2017,7,Bull Trout,R,Resident,W,Wild Fish or Natural Production,CHIWAR - Chiwawa River,WTRAP,Weir Trap,57,1
3DD.003BC52D00,NBD-2017-196-001.xml,UWE - Upper Wenatchee River,9/25/2017 10:18:45 PM,9/21/2018 12:09:57 PM,IN-STREAM ARRAY,IN-STREAM ARRAY,7/19/2017,7,Bull Trout,R,Resident,W,Wild Fish or Natural Production,CHIWAR - Chiwawa River,WTRAP,Weir Trap,57,1
3DD.003BC52D02,NBD15205.CWB,CHL - Lower Chiwawa River,7/29/2015 11:29:54 PM,7/29/2015 11:30:21 PM,UPPER IN-STREAM ARRAY,LOWER IN-STREAM ARRAY,7/24/2015,7,Bull Trout,R,Resident,W,Wild Fish or Natural Production,CHIWAR - Chiwawa River,WTRAP,Weir Trap,480,1
3DD.003BC52D03,NBD-2017-196-001.xml,CHL - Lower Chiwawa River,9/24/2019 7:07:47 PM,9/16/2021 3:59:19 AM,LOWER IN-STREAM ARRAY,UPPER IN-STREAM ARRAY,7/17/2017,7,Bull Trout,R,Resident,W,Wild Fish or Natural Production,CHIWAR - Chiwawa River,WTRAP,Weir Trap,55,1
3DD.003BC52D03,NBD-2017-196-001.xml,CHU - Upper Chiwawa River,9/29/2017 8:48:21 PM,9/16/2021 12:26:08 AM,UPPER IN-STREAM ARRAY,LOWER IN-STREAM ARRAY,7/17/2017,7,Bull Trout,R,Resident,W,Wild Fish or Natural Production,CHIWAR - Chiwawa River,WTRAP,Weir Trap,55,1
3DD.003BC52D03,NBD-2017-196-001.xml,UWE - Upper Wenatchee River,9/30/2017 4:35:40 AM,9/16/2021 7:22:39 PM,IN-STREAM ARRAY,IN-STREAM ARRAY,7/17/2017,7,Bull Trout,R,Resident,W,Wild Fish or Natural Production,CHIWAR - Chiwawa River,WTRAP,Weir Trap,55,1
3DD.003BC52D03,NBD-2017-196-001.xml,"WTL - White River, Wenatchee Basin",11/5/2017 12:57:18 AM,12/15/2021 8:36:55 PM,UPPER IN-STREAM ARRAY,UPPER IN-STREAM ARRAY,7/17/2017,7,Bull Trout,R,Resident,W,Wild Fish or Natural Production,CHIWAR - Chiwawa River,WTRAP,Weir Trap,55,1
3DD.003BC52D04,NBD-2019-137-001.json,CHW - Chiwaukum Creek,7/16/2020 1:41:14 AM,10/31/2022 8:23:05 AM,UPSTREAM ARRAY,DOWNSTREAM ARRAY,7/26/2019,7,Bull Trout,R,Resident,W,Wild Fish or Natural Production,TUMFBY - TUM - Release into the Forebay within 0.5 km upstream of Dam,LADDER,Adult Passage Ladder,380,1
3DD.003BC52D04,NBD-2019-137-001.json,LWE - Lower Wenatchee River,10/26/2021 11:22:12 PM,1/6/2023 8:02:58 PM,DOWNSTREAM ANTENNA ARRAY,DOWNSTREAM ANTENNA ARRAY,7/26/2019,7,Bull Trout,R,Resident,W,Wild Fish or Natural Production,TUMFBY - TUM - Release into the Forebay within 0.5 km upstream of Dam,LADDER,Adult Passage Ladder,380,1
3DD.003BC52D04,NBD-2019-137-001.json,TUF - Tumwater Dam Adult Fishway,7/3/2020 5:52:11 PM,7/4/2023 1:19:42 AM,High Flow Ladder Entrance,WEIR 17,7/26/2019,7,Bull Trout,R,Resident,W,Wild Fish or Natural Production,TUMFBY - TUM - Release into the Forebay within 0.5 km upstream of Dam,LADDER,Adult Passage Ladder,380,1
3DD.003BC52D05,NBD-2017-196-001.xml,CHL - Lower Chiwawa River,9/25/2017 7:29:22 PM,9/25/2017 7:29:22 PM,LOWER IN-STREAM ARRAY,LOWER IN-STREAM ARRAY,7/19/2017,7,Bull Trout,R,Resident,W,Wild Fish or Natural Production,CHIWAR - Chiwawa River,WTRAP,Weir Trap,58,1
3DD.003BC52D05,NBD-2017-196-001.xml,CHU - Upper Chiwawa River,9/25/2017 12:32:37 AM,9/25/2017 12:32:46 AM,UPPER IN-STREAM ARRAY,LOWER IN-STREAM ARRAY,7/19/2017,7,Bull Trout,R,Resident,W,Wild Fish or Natural Production,CHIWAR - Chiwawa River,WTRAP,Weir Trap,58,1
3DD.003BC52D05,NBD-2017-196-001.xml,LWN - Little Wenatchee River,7/25/2018 12:23:51 AM,7/25/2018 1:48:37 AM,LOWER IN-STREAM ARRAY,LOWER IN-STREAM ARRAY,7/19/2017,7,Bull Trout,R,Resident,W,Wild Fish or Natural Production,CHIWAR - Chiwawa River,WTRAP,Weir Trap,58,1
3DD.003BC52D06,NBD-2019-137-001.json,CHU - Upper Chiwawa River,9/29/2021 1:04:36 AM,8/7/2022 2:39:20 AM,LOWER IN-STREAM ARRAY,UPPER IN-STREAM ARRAY,6/23/2019,7,Bull Trout,R,Resident,W,Wild Fish or Natural Production,TUMFBY - TUM - Release into the Forebay within 0.5 km upstream of Dam,LADDER,Adult Passage Ladder,290,1
3DD.003BC52D06,NBD-2019-137-001.json,UWE - Upper Wenatchee River,10/2/2022 9:50:53 PM,10/2/2022 9:50:53 PM,IN-STREAM ARRAY,IN-STREAM ARRAY,6/23/2019,7,Bull Trout,R,Resident,W,Wild Fish or Natural Production,TUMFBY - TUM - Release into the Forebay within 0.5 km upstream of Dam,LADDER,Adult Passage Ladder,290,1
3DD.003BC52D07,NBD15203.CWB,CHL - Lower Chiwawa River,9/23/2015 3:11:04 AM,9/23/2015 3:11:17 AM,UPPER IN-STREAM ARRAY,LOWER IN-STREAM ARRAY,7/22/2015,7,Bull Trout,R,Resident,W,Wild Fish or Natural Production,CHIWAR - Chiwawa River,WTRAP,Weir Trap,580,1
3DD.003BC52D07,NBD15203.CWB,LWN - Little Wenatchee River,6/3/2016 12:15:11 PM,6/7/2016 11:15:36 PM,LOWER IN-STREAM ARRAY,UPPER IN-STREAM ARRAY,7/22/2015,7,Bull Trout,R,Resident,W,Wild Fish or Natural Production,CHIWAR - Chiwawa River,WTRAP,Weir Trap,580,1
3DD.003BC52D07,NBD15203.CWB,UWE - Upper Wenatchee River,9/23/2015 9:36:39 PM,9/23/2015 9:36:39 PM,IN-STREAM ARRAY,IN-STREAM ARRAY,7/22/2015,7,Bull Trout,R,Resident,W,Wild Fish or Natural Production,CHIWAR - Chiwawa River,WTRAP,Weir Trap,580,1
3DD.003BC52D09,NBD-2017-196-001.xml,CHL - Lower Chiwawa River,10/3/2017 4:58:05 AM,10/3/2017 5:00:39 AM,UPPER IN-STREAM ARRAY,LOWER IN-STREAM ARRAY,7/23/2017,7,Bull Trout,R,Resident,W,Wild Fish or Natural Production,CHIWAR - Chiwawa River,WTRAP,Weir Trap,52,1
3DD.003BC52D09,NBD-2017-196-001.xml,UWE - Upper Wenatchee River,10/3/2017 11:47:48 PM,10/3/2017 11:47:48 PM,IN-STREAM ARRAY,IN-STREAM ARRAY,7/23/2017,7,Bull Trout,R,Resident,W,Wild Fish or Natural Production,CHIWAR - Chiwawa River,WTRAP,Weir Trap,52,1
3DD.003BC52D0B,NBD15203.CWB,CHL - Lower Chiwawa River,10/1/2015 10:53:13 PM,10/1/2015 10:53:24 PM,UPPER IN-STREAM ARRAY,LOWER IN-STREAM ARRAY,7/22/2015,7,Bull Trout,R,Resident,W,Wild Fish or Natural Production,CHIWAR - Chiwawa River,WTRAP,Weir Trap,510,1
3DD.003BC52D0B,NBD15203.CWB,CHU - Upper Chiwawa River,10/1/2015 7:29:19 PM,10/1/2015 7:29:19 PM,LOWER IN-STREAM ARRAY,LOWER IN-STREAM ARRAY,7/22/2015,7,Bull Trout,R,Resident,W,Wild Fish or Natural Production,CHIWAR - Chiwawa River,WTRAP,Weir Trap,510,1
3DD.003BC52D0B,NBD15203.CWB,UWE - Upper Wenatchee River,10/2/2015 1:46:06 AM,10/2/2015 1:46:06 AM,IN-STREAM ARRAY,IN-STREAM ARRAY,7/22/2015,7,Bull Trout,R,Resident,W,Wild Fish or Natural Production,CHIWAR - Chiwawa River,WTRAP,Weir Trap,510,1
3DD.003BC52D0C,NBD-2017-196-001.xml,CHL - Lower Chiwawa River,7/12/2019 1:39:30 AM,7/27/2024 11:53:27 PM,LOWER IN-STREAM ARRAY,UPPER IN-STREAM ARRAY,7/23/2017,7,Bull Trout,R,Resident,W,Wild Fish or Natural Production,CHIWAR - Chiwawa River,WTRAP,Weir Trap,46,1
3DD.003BC52D0C,NBD-2017-196-001.xml,CHU - Upper Chiwawa River,10/2/2017 4:46:21 AM,7/31/2024 9:52:31 PM,LOWER IN-STREAM ARRAY,UPPER IN-STREAM ARRAY,7/23/2017,7,Bull Trout,R,Resident,W,Wild Fish or Natural Production,CHIWAR - Chiwawa River,WTRAP,Weir Trap,46,1
3DD.003BC52D0C,NBD-2017-196-001.xml,LWN - Little Wenatchee River,5/28/2018 9:56:19 AM,7/10/2024 11:05:54 PM,LOWER IN-STREAM ARRAY,UPPER IN-STREAM ARRAY,7/23/2017,7,Bull Trout,R,Resident,W,Wild Fish or Natural Production,CHIWAR - Chiwawa River,WTRAP,Weir Trap,46,1
3DD.003BC52D0C,NBD-2017-196-001.xml,UWE - Upper Wenatchee River,10/3/2017 1:07:10 AM,7/20/2021 11:02:08 PM,IN-STREAM ARRAY,IN-STREAM ARRAY,7/23/2017,7,Bull Trout,R,Resident,W,Wild Fish or Natural Production,CHIWAR - Chiwawa River,WTRAP,Weir Trap,46,1
3DD.003BC52D0C,NBD-2017-196-001.xml,"WTL - White River, Wenatchee Basin",9/11/2018 9:19:32 PM,7/26/2024 1:14:58 AM,LOWER IN-STREAM ARRAY,LOWER IN-STREAM ARRAY,7/23/2017,7,Bull Trout,R,Resident,W,Wild Fish or Natural Production,CHIWAR - Chiwawa River,WTRAP,Weir Trap,46,1
3DD.003BC52D0D,NBD-2017-196-001.xml,CHL - Lower Chiwawa River,10/3/2017 3:42:06 AM,10/3/2017 3:42:06 AM,LOWER IN-STREAM ARRAY,LOWER IN-STREAM ARRAY,7/19/2017,7,Bull Trout,R,Resident,W,Wild Fish or Natural Production,CHIWAR - Chiwawa River,WTRAP,Weir Trap,49,1
3DD.003BC52D0D,NBD-2017-196-001.xml,CHU - Upper Chiwawa River,10/3/2017 12:19:07 AM,10/3/2017 12:19:15 AM,UPPER IN-STREAM ARRAY,LOWER IN-STREAM ARRAY,7/19/2017,7,Bull Trout,R,Resident,W,Wild Fish or Natural Production,CHIWAR - Chiwawa River,WTRAP,Weir Trap,49,1
3DD.003BC52D0D,NBD-2017-196-001.xml,UWE - Upper Wenatchee River,10/3/2017 8:06:08 PM,10/3/2017 8:06:08 PM,IN-STREAM ARRAY,IN-STREAM ARRAY,7/19/2017,7,Bull Trout,R,Resident,W,Wild Fish or Natural Production,CHIWAR - Chiwawa River,WTRAP,Weir Trap,49,1
3DD.003BC52D0E,NBD-2017-196-001.xml,CHL - Lower Chiwawa River,8/11/2019 3:01:46 AM,7/29/2023 12:32:21 AM,LOWER IN-STREAM ARRAY,UPPER IN-STREAM ARRAY,7/17/2017,7,Bull Trout,R,Resident,W,Wild Fish or Natural Production,CHIWAR - Chiwawa River,WTRAP,Weir Trap,52,1
3DD.003BC52D0E,NBD-2017-196-001.xml,CHU - Upper Chiwawa River,10/15/2017 10:02:38 PM,7/31/2023 3:14:41 AM,UPPER IN-STREAM ARRAY,UPPER IN-STREAM ARRAY,7/17/2017,7,Bull Trout,R,Resident,W,Wild Fish or Natural Production,CHIWAR - Chiwawa River,WTRAP,Weir Trap,52,1
3DD.003BC52D0E,NBD-2017-196-001.xml,UWE - Upper Wenatchee River,10/16/2017 4:14:45 AM,7/28/2023 10:29:47 PM,IN-STREAM ARRAY,IN-STREAM ARRAY,7/17/2017,7,Bull Trout,R,Resident,W,Wild Fish or Natural Production,CHIWAR - Chiwawa River,WTRAP,Weir Trap,52,1
3DD.003BC52D0F,NBD-2017-196-001.xml,CHU - Upper Chiwawa River,9/14/2017 1:43:29 AM,9/14/2017 7:50:01 PM,LOWER IN-STREAM ARRAY,LOWER IN-STREAM ARRAY,7/19/2017,7,Bull Trout,R,Resident,W,Wild Fish or Natural Production,CHIWAR - Chiwawa River,WTRAP,Weir Trap,45,1
3DD.003BC52D0F,NBD-2017-196-001.xml,UWE - Upper Wenatchee River,9/15/2017 5:05:01 AM,9/22/2018 8:02:17 AM,IN-STREAM ARRAY,IN-STREAM ARRAY,7/19/2017,7,Bull Trout,R,Resident,W,Wild Fish or Natural Production,CHIWAR - Chiwawa River,WTRAP,Weir Trap,45,1
3DD.003BC52D10,NBD-2017-196-001.xml,CHU - Upper Chiwawa River,10/13/2017 1:17:56 AM,10/13/2017 1:17:56 AM,LOWER IN-STREAM ARRAY,LOWER IN-STREAM ARRAY,7/17/2017,7,Bull Trout,R,Resident,W,Wild Fish or Natural Production,CHIWAR - Chiwawa River,WTRAP,Weir Trap,66,1
3DD.003BC52D10,NBD-2017-196-001.xml,NAL - Lower Nason Creek,4/24/2018 11:34:57 PM,4/24/2018 11:35:27 PM,LOWER IN-STREAM ARRAY,UPPER IN-STREAM ARRAY,7/17/2017,7,Bull Trout,R,Resident,W,Wild Fish or Natural Production,CHIWAR - Chiwawa River,WTRAP,Weir Trap,66,1
3DD.003BC52D10,NBD-2017-196-001.xml,UWE - Upper Wenatchee River,7/9/2018 10:17:58 PM,7/9/2018 10:17:58 PM,IN-STREAM ARRAY,IN-STREAM ARRAY,7/17/2017,7,Bull Trout,R,Resident,W,Wild Fish or Natural Production,CHIWAR - Chiwawa River,WTRAP,Weir Trap,66,1
3DD.003BC52D11,NBD-2017-196-001.xml,CHL - Lower Chiwawa River,9/28/2017 8:07:25 PM,9/28/2017 8:07:39 PM,UPPER IN-STREAM ARRAY,LOWER IN-STREAM ARRAY,7/17/2017,7,Bull Trout,R,Resident,W,Wild Fish or Natural Production,CHIWAR - Chiwawa River,WTRAP,Weir Trap,52,1
3DD.003BC52D11,NBD-2017-196-001.xml,CHU - Upper Chiwawa River,9/27/2017 11:08:43 PM,9/27/2017 11:08:50 PM,UPPER IN-STREAM ARRAY,LOWER IN-STREAM ARRAY,7/17/2017,7,Bull Trout,R,Resident,W,Wild Fish or Natural Production,CHIWAR - Chiwawa River,WTRAP,Weir Trap,52,1
3DD.003BC52D12,NBD-2019-137-001.json,CHL - Lower Chiwawa River,7/13/2019 8:54:44 PM,7/24/2022 8:54:03 PM,UPPER IN-STREAM ARRAY,LOWER IN-STREAM ARRAY,7/6/2019,7,Bull Trout,R,Resident,W,Wild Fish or Natural Production,TUMFBY - TUM - Release into the Forebay within 0.5 km upstream of Dam,LADDER,Adult Passage Ladder,430,1
3DD.003BC52D12,NBD-2019-137-001.json,CHU - Upper Chiwawa River,7/17/2019 1:16:48 AM,10/1/2021 10:55:36 PM,LOWER IN-STREAM ARRAY,LOWER IN-STREAM ARRAY,7/6/2019,7,Bull Trout,R,Resident,W,Wild Fish or Natural Production,TUMFBY - TUM - Release into the Forebay within 0.5 km upstream of Dam,LADDER,Adult Passage Ladder,430,1
3DD.003BC52D12,NBD-2019-137-001.json,LWE - Lower Wenatchee River,11/19/2019 7:50:59 AM,12/26/2021 7:39:27 PM,DOWNSTREAM ANTENNA ARRAY,DOWNSTREAM ANTENNA ARRAY,7/6/2019,7,Bull Trout,R,Resident,W,Wild Fish or Natural Production,TUMFBY - TUM - Release into the Forebay within 0.5 km upstream of Dam,LADDER,Adult Passage Ladder,430,1
3DD.003BC52D12,NBD-2019-137-001.json,RRF - Rocky Reach Fishway,11/21/2019 6:25:38 AM,11/21/2019 7:15:56 AM,Lower Weir,Trap,7/6/2019,7,Bull Trout,R,Resident,W,Wild Fish or Natural Production,TUMFBY - TUM - Release into the Forebay within 0.5 km upstream of Dam,LADDER,Adult Passage Ladder,430,1
3DD.003BC52D12,NBD-2019-137-001.json,TUF - Tumwater Dam Adult Fishway,7/6/2020 7:17:28 PM,7/20/2022 6:33:37 PM,WEIR 3,WEIR 17,7/6/2019,7,Bull Trout,R,Resident,W,Wild Fish or Natural Production,TUMFBY - TUM - Release into the Forebay within 0.5 km upstream of Dam,LADDER,Adult Passage Ladder,430,1
3DD.003BC52D13,NBD15174.CWB,CHL - Lower Chiwawa River,9/29/2015 7:52:57 PM,9/29/2015 7:52:57 PM,LOWER IN-STREAM ARRAY,LOWER IN-STREAM ARRAY,6/23/2015,7,Bull Trout,R,Resident,W,Wild Fish or Natural Production,CHIWAR - Chiwawa River,WTRAP,Weir Trap,550,1
3DD.003BC52D13,NBD15174.CWB,CHU - Upper Chiwawa River,6/23/2015 2:51:47 PM,9/29/2015 12:03:45 AM,LOWER IN-STREAM ARRAY,LOWER IN-STREAM ARRAY,6/23/2015,7,Bull Trout,R,Resident,W,Wild Fish or Natural Production,CHIWAR - Chiwawa River,WTRAP,Weir Trap,550,1
3DD.003BC52D13,NBD15174.CWB,UWE - Upper Wenatchee River,9/29/2015 11:03:42 PM,9/29/2015 11:03:42 PM,IN-STREAM ARRAY,IN-STREAM ARRAY,6/23/2015,7,Bull Trout,R,Resident,W,Wild Fish or Natural Production,CHIWAR - Chiwawa River,WTRAP,Weir Trap,550,1
3DD.003BC52D14,NBD-2017-196-001.xml,CHU - Upper Chiwawa River,7/21/2017 12:27:02 PM,9/21/2017 7:52:49 PM,UPPER IN-STREAM ARRAY,LOWER IN-STREAM ARRAY,7/21/2017,7,Bull Trout,R,Resident,W,Wild Fish or Natural Production,CHIWAR - Chiwawa River,WTRAP,Weir Trap,53,1
3DD.003BC52D14,NBD-2017-196-001.xml,UWE - Upper Wenatchee River,9/22/2017 1:46:35 AM,9/22/2017 1:46:35 AM,IN-STREAM ARRAY,IN-STREAM ARRAY,7/21/2017,7,Bull Trout,R,Resident,W,Wild Fish or Natural Production,CHIWAR - Chiwawa River,WTRAP,Weir Trap,53,1
3DD.003BC52D15,NBD15174.CWB,CHL - Lower Chiwawa River,9/7/2015 10:54:26 PM,9/7/2015 10:54:26 PM,LOWER IN-STREAM ARRAY,LOWER IN-STREAM ARRAY,6/23/2015,7,Bull Trout,R,Resident,W,Wild Fish or Natural Production,CHIWAR - Chiwawa River,WTRAP,Weir Trap,530,1
3DD.003BC52D15,NBD15174.CWB,CHU - Upper Chiwawa River,6/23/2015 9:50:11 PM,10/8/2017 6:19:32 PM,LOWER IN-STREAM ARRAY,LOWER IN-STREAM ARRAY,6/23/2015,7,Bull Trout,R,Resident,W,Wild Fish or Natural Production,CHIWAR - Chiwawa River,WTRAP,Weir Trap,530,1
3DD.003BC52D15,NBD15174.CWB,UWE - Upper Wenatchee River,9/9/2015 7:28:03 PM,10/12/2017 6:13:50 AM,IN-STREAM ARRAY,IN-STREAM ARRAY,6/23/2015,7,Bull Trout,R,Resident,W,Wild Fish or Natural Production,CHIWAR - Chiwawa River,WTRAP,Weir Trap,530,1
3DD.003BC52D15,NBD15174.CWB,"WTL - White River, Wenatchee Basin",10/1/2016 10:04:46 PM,10/1/2016 10:04:55 PM,UPPER IN-STREAM ARRAY,LOWER IN-STREAM ARRAY,6/23/2015,7,Bull Trout,R,Resident,W,Wild Fish or Natural Production,CHIWAR - Chiwawa River,WTRAP,Weir Trap,530,1
3DD.003BC52D16,NBD15174.CWB,CHL - Lower Chiwawa River,9/16/2015 1:12:06 AM,9/12/2016 11:14:39 PM,LOWER IN-STREAM ARRAY,LOWER IN-STREAM ARRAY,6/23/2015,7,Bull Trout,R,Resident,W,Wild Fish or Natural Production,CHIWAR - Chiwawa River,WTRAP,Weir Trap,590,1
3DD.003BC52D16,NBD15174.CWB,CHU - Upper Chiwawa River,6/23/2015 8:54:59 PM,9/12/2016 2:50:43 AM,LOWER IN-STREAM ARRAY,LOWER IN-STREAM ARRAY,6/23/2015,7,Bull Trout,R,Resident,W,Wild Fish or Natural Production,CHIWAR - Chiwawa River,WTRAP,Weir Trap,590,1
3DD.003BC52D16,NBD15174.CWB,UWE - Upper Wenatchee River,9/17/2016 4:39:53 AM,10/10/2016 8:12:31 PM,IN-STREAM ARRAY,IN-STREAM ARRAY,6/23/2015,7,Bull Trout,R,Resident,W,Wild Fish or Natural Production,CHIWAR - Chiwawa River,WTRAP,Weir Trap,590,1
3DD.003BC52D17,NBD15174.CWB,CHU - Upper Chiwawa River,6/24/2015 3:04:13 AM,6/24/2015 3:06:04 AM,LOWER IN-STREAM ARRAY,UPPER IN-STREAM ARRAY,6/23/2015,7,Bull Trout,R,Resident,W,Wild Fish or Natural Production,CHIWAR - Chiwawa River,WTRAP,Weir Trap,570,1
3DD.003BC52D18,NBD15170.CWB,CHU - Upper Chiwawa River,6/19/2015 6:24:15 PM,6/19/2015 6:24:18 PM,LOWER IN-STREAM ARRAY,LOWER IN-STREAM ARRAY,6/19/2015,7,Bull Trout,R,Resident,W,Wild Fish or Natural Production,CHIWAR - Chiwawa River,WTRAP,Weir Trap,430,1
3DD.003BC52D19,NBD15180.CWB,CHU - Upper Chiwawa River,6/29/2015 2:49:06 PM,6/29/2015 2:49:06 PM,LOWER IN-STREAM ARRAY,LOWER IN-STREAM ARRAY,6/29/2015,7,Bull Trout,R,Resident,W,Wild Fish or Natural Production,CHIWAR - Chiwawa River,WTRAP,Weir Trap,470,1
3DD.003BC52D19,NBD15180.CWB,UWE - Upper Wenatchee River,9/16/2015 9:22:34 PM,9/16/2015 9:22:34 PM,IN-STREAM ARRAY,IN-STREAM ARRAY,6/29/2015,7,Bull Trout,R,Resident,W,Wild Fish or Natural Production,CHIWAR - Chiwawa River,WTRAP,Weir Trap,470,1
3DD.003BC52D1A,NBD15205.CWB,CHL - Lower Chiwawa River,10/12/2015 8:11:05 PM,10/14/2015 6:34:33 PM,LOWER IN-STREAM ARRAY,LOWER IN-STREAM ARRAY,7/24/2015,7,Bull Trout,R,Resident,W,Wild Fish or Natural Production,CHIWAR - Chiwawa River,WTRAP,Weir Trap,430,1
3DD.003BC52D1A,NBD15205.CWB,CHU - Upper Chiwawa River,10/9/2015 2:17:07 AM,10/9/2015 2:17:07 AM,LOWER IN-STREAM ARRAY,LOWER IN-STREAM ARRAY,7/24/2015,7,Bull Trout,R,Resident,W,Wild Fish or Natural Production,CHIWAR - Chiwawa River,WTRAP,Weir Trap,430,1
3DD.003BC52D1B,NBD15198.CWB,CHU - Upper Chiwawa River,7/17/2015 8:48:33 PM,7/20/2015 4:26:09 PM,LOWER IN-STREAM ARRAY,LOWER IN-STREAM ARRAY,7/17/2015,7,Bull Trout,R,Resident,W,Wild Fish or Natural Production,CHIWAR - Chiwawa River,WTRAP,Weir Trap,470,1
3DD.003BC5A892,NBD-2014-085-TUM.json,CHW - Chiwaukum Creek,7/13/2014 10:53:21 PM,6/11/2015 8:00:17 AM,DOWNSTREAM ARRAY,UPSTREAM ARRAY,7/2/2014,7,Bull Trout,R,Resident,W,Wild Fish or Natural Production,TUMFBY - TUM - Release into the Forebay within 0.5 km upstream of Dam,LADDER,Adult Passage Ladder,NA,1
3DD.003BC5A892,NBD-2014-085-TUM.json,TUF - Tumwater Dam Adult Fishway,5/31/2015 6:18:13 PM,5/31/2015 6:29:05 PM,WEIR 14,WEIR 17,7/2/2014,7,Bull Trout,R,Resident,W,Wild Fish or Natural Production,TUMFBY - TUM - Release into the Forebay within 0.5 km upstream of Dam,LADDER,Adult Passage Ladder,NA,1
3DD.003BC5A894,NBD-2014-085-TUM.json,CHW - Chiwaukum Creek,7/12/2014 12:26:52 AM,7/12/2014 12:28:16 AM,DOWNSTREAM ARRAY,UPSTREAM ARRAY,7/1/2014,7,Bull Trout,R,Resident,W,Wild Fish or Natural Production,TUMFBY - TUM - Release into the Forebay within 0.5 km upstream of Dam,LADDER,Adult Passage Ladder,NA,1
3DD.003BC5A895,NBD-2014-085-TUM.json,NAL - Lower Nason Creek,7/10/2014 2:28:02 AM,7/10/2014 2:28:02 AM,UPPER IN-STREAM ARRAY,UPPER IN-STREAM ARRAY,6/29/2014,7,Bull Trout,R,Resident,W,Wild Fish or Natural Production,TUMFBY - TUM - Release into the Forebay within 0.5 km upstream of Dam,LADDER,Adult Passage Ladder,NA,1
3DD.003BC5A896,NBD-2014-085-TUM.json,CHW - Chiwaukum Creek,9/29/2014 9:18:51 PM,8/14/2015 1:15:26 AM,UPSTREAM ARRAY,UPSTREAM ARRAY,7/6/2014,7,Bull Trout,R,Resident,W,Wild Fish or Natural Production,TUMFBY - TUM - Release into the Forebay within 0.5 km upstream of Dam,LADDER,Adult Passage Ladder,NA,1
3DD.003BC5A896,NBD-2014-085-TUM.json,TUF - Tumwater Dam Adult Fishway,6/16/2015 8:46:33 AM,7/28/2015 5:09:02 AM,WEIR 14,WEIR 17,7/6/2014,7,Bull Trout,R,Resident,W,Wild Fish or Natural Production,TUMFBY - TUM - Release into the Forebay within 0.5 km upstream of Dam,LADDER,Adult Passage Ladder,NA,1
3DD.003BC5A897,NBD-2014-085-TUM.json,CHL - Lower Chiwawa River,9/20/2014 7:38:40 PM,9/20/2014 7:38:48 PM,UPPER IN-STREAM ARRAY,LOWER IN-STREAM ARRAY,7/6/2014,7,Bull Trout,R,Resident,W,Wild Fish or Natural Production,TUMFBY - TUM - Release into the Forebay within 0.5 km upstream of Dam,LADDER,Adult Passage Ladder,NA,1
3DD.003BC5A897,NBD-2014-085-TUM.json,CHU - Upper Chiwawa River,9/20/2014 2:56:14 AM,9/20/2014 2:56:14 AM,UPPER IN-STREAM ARRAY,UPPER IN-STREAM ARRAY,7/6/2014,7,Bull Trout,R,Resident,W,Wild Fish or Natural Production,TUMFBY - TUM - Release into the Forebay within 0.5 km upstream of Dam,LADDER,Adult Passage Ladder,NA,1
3DD.003BC5A897,NBD-2014-085-TUM.json,TUF - Tumwater Dam Adult Fishway,7/15/2014 7:20:27 PM,6/15/2015 12:11:00 PM,WEIR 14,WEIR 14,7/6/2014,7,Bull Trout,R,Resident,W,Wild Fish or Natural Production,TUMFBY - TUM - Release into the Forebay within 0.5 km upstream of Dam,LADDER,Adult Passage Ladder,NA,1
3DD.003BC5A898,NBD-2014-085-TUM.json,CHW - Chiwaukum Creek,7/8/2014 11:43:20 AM,7/8/2014 11:43:20 AM,UPSTREAM ARRAY,UPSTREAM ARRAY,6/29/2014,7,Bull Trout,R,Resident,W,Wild Fish or Natural Production,TUMFBY - TUM - Release into the Forebay within 0.5 km upstream of Dam,LADDER,Adult Passage Ladder,NA,1
3DD.003BC5A899,NBD-2014-085-TUM.json,CHW - Chiwaukum Creek,7/11/2014 11:22:33 PM,6/18/2015 2:18:16 AM,DOWNSTREAM ARRAY,UPSTREAM ARRAY,6/23/2014,7,Bull Trout,R,Resident,W,Wild Fish or Natural Production,TUMFBY - TUM - Release into the Forebay within 0.5 km upstream of Dam,LADDER,Adult Passage Ladder,NA,1
3DD.003BC5A899,NBD-2014-085-TUM.json,TUF - Tumwater Dam Adult Fishway,6/6/2015 12:54:14 AM,6/6/2015 2:00:56 AM,WEIR 14,WEIR 17,6/23/2014,7,Bull Trout,R,Resident,W,Wild Fish or Natural Production,TUMFBY - TUM - Release into the Forebay within 0.5 km upstream of Dam,LADDER,Adult Passage Ladder,NA,1
3DD.003BC5A89B,NBD-2014-085-TUM.json,CHW - Chiwaukum Creek,7/11/2014 11:33:36 PM,7/11/2014 11:37:08 PM,DOWNSTREAM ARRAY,UPSTREAM ARRAY,5/30/2014,7,Bull Trout,R,Resident,W,Wild Fish or Natural Production,TUMFBY - TUM - Release into the Forebay within 0.5 km upstream of Dam,LADDER,Adult Passage Ladder,NA,1
3DD.003BC5A89C,NBD-2014-085-TUM.json,CHW - Chiwaukum Creek,7/15/2014 9:48:41 PM,7/15/2014 9:52:59 PM,DOWNSTREAM ARRAY,UPSTREAM ARRAY,6/28/2014,7,Bull Trout,R,Resident,W,Wild Fish or Natural Production,TUMFBY - TUM - Release into the Forebay within 0.5 km upstream of Dam,LADDER,Adult Passage Ladder,NA,1
3DD.003BC5A89D,NBD-2014-085-TUM.json,CHW - Chiwaukum Creek,7/12/2014 11:09:10 PM,7/12/2014 11:09:10 PM,DOWNSTREAM ARRAY,DOWNSTREAM ARRAY,6/29/2014,7,Bull Trout,R,Resident,W,Wild Fish or Natural Production,TUMFBY - TUM - Release into the Forebay within 0.5 km upstream of Dam,LADDER,Adult Passage Ladder,NA,1
3DD.003BC5A89E,NBD-2014-085-TUM.json,CHW - Chiwaukum Creek,7/14/2014 12:18:01 PM,6/27/2015 10:41:19 PM,DOWNSTREAM ARRAY,UPSTREAM ARRAY,7/6/2014,7,Bull Trout,R,Resident,W,Wild Fish or Natural Production,TUMFBY - TUM - Release into the Forebay within 0.5 km upstream of Dam,LADDER,Adult Passage Ladder,NA,1
3DD.003BC5A89E,NBD-2014-085-TUM.json,TUF - Tumwater Dam Adult Fishway,6/15/2015 2:53:17 AM,6/26/2015 11:26:51 AM,WEIR 14,WEIR 17,7/6/2014,7,Bull Trout,R,Resident,W,Wild Fish or Natural Production,TUMFBY - TUM - Release into the Forebay within 0.5 km upstream of Dam,LADDER,Adult Passage Ladder,NA,1
3DD.003BC5A8A0,NBD-2014-085-TUM.json,NAL - Lower Nason Creek,7/15/2014 3:16:14 AM,7/15/2014 3:16:14 AM,UPPER IN-STREAM ARRAY,UPPER IN-STREAM ARRAY,7/3/2014,7,Bull Trout,R,Resident,W,Wild Fish or Natural Production,TUMFBY - TUM - Release into the Forebay within 0.5 km upstream of Dam,LADDER,Adult Passage Ladder,NA,1
3DD.003BC5A8A0,NBD-2014-085-TUM.json,UWE - Upper Wenatchee River,7/14/2014 9:30:07 PM,7/14/2014 9:30:07 PM,IN-STREAM ARRAY,IN-STREAM ARRAY,7/3/2014,7,Bull Trout,R,Resident,W,Wild Fish or Natural Production,TUMFBY - TUM - Release into the Forebay within 0.5 km upstream of Dam,LADDER,Adult Passage Ladder,NA,1
3DD.003BC5A8A1,NBD-2014-085-TUM.json,CHW - Chiwaukum Creek,9/22/2014 7:39:01 PM,6/11/2015 5:19:22 AM,UPSTREAM ARRAY,UPSTREAM ARRAY,7/6/2014,7,Bull Trout,R,Resident,W,Wild Fish or Natural Production,TUMFBY - TUM - Release into the Forebay within 0.5 km upstream of Dam,LADDER,Adult Passage Ladder,NA,1
3DD.003BC5A8A1,NBD-2014-085-TUM.json,TUF - Tumwater Dam Adult Fishway,7/11/2014 4:24:33 AM,6/6/2015 2:33:22 AM,WEIR 14,WEIR 17,7/6/2014,7,Bull Trout,R,Resident,W,Wild Fish or Natural Production,TUMFBY - TUM - Release into the Forebay within 0.5 km upstream of Dam,LADDER,Adult Passage Ladder,NA,1
3DD.003BC5A8A2,NBD-2014-085-TUM.json,CHW - Chiwaukum Creek,7/10/2014 2:57:01 PM,7/10/2014 2:57:01 PM,UPSTREAM ARRAY,UPSTREAM ARRAY,7/3/2014,7,Bull Trout,R,Resident,W,Wild Fish or Natural Production,TUMFBY - TUM - Release into the Forebay within 0.5 km upstream of Dam,LADDER,Adult Passage Ladder,NA,1
3DD.003BC5A8A3,NBD-2014-085-TUM.json,CHW - Chiwaukum Creek,7/11/2014 10:43:01 PM,7/11/2014 10:43:14 PM,DOWNSTREAM ARRAY,UPSTREAM ARRAY,6/29/2014,7,Bull Trout,R,Resident,W,Wild Fish or Natural Production,TUMFBY - TUM - Release into the Forebay within 0.5 km upstream of Dam,LADDER,Adult Passage Ladder,NA,1
3DD.003BC5A8A3,NBD-2014-085-TUM.json,TUF - Tumwater Dam Adult Fishway,7/1/2014 5:11:15 PM,7/8/2014 8:22:43 AM,WEIR 14,WEIR 17,6/29/2014,7,Bull Trout,R,Resident,W,Wild Fish or Natural Production,TUMFBY - TUM - Release into the Forebay within 0.5 km upstream of Dam,LADDER,Adult Passage Ladder,NA,1
3DD.003BC5A8A4,NBD-2015-065-TUM.xml,CHW - Chiwaukum Creek,6/26/2015 2:46:59 AM,6/26/2015 2:48:13 AM,DOWNSTREAM ARRAY,UPSTREAM ARRAY,6/13/2015,7,Bull Trout,R,Resident,W,Wild Fish or Natural Production,TUMFBY - TUM - Release into the Forebay within 0.5 km upstream of Dam,LADDER,Adult Passage Ladder,NA,1
3DD.003BC5A8A5,NBD-2014-085-TUM.json,CHL - Lower Chiwawa River,9/22/2014 3:14:30 AM,9/13/2016 7:31:59 PM,UPPER IN-STREAM ARRAY,LOWER IN-STREAM ARRAY,7/3/2014,7,Bull Trout,R,Resident,W,Wild Fish or Natural Production,TUMFBY - TUM - Release into the Forebay within 0.5 km upstream of Dam,LADDER,Adult Passage Ladder,NA,1
3DD.003BC5A8A5,NBD-2014-085-TUM.json,CHU - Upper Chiwawa River,7/17/2014 8:32:16 PM,9/18/2015 7:58:07 PM,LOWER IN-STREAM ARRAY,LOWER IN-STREAM ARRAY,7/3/2014,7,Bull Trout,R,Resident,W,Wild Fish or Natural Production,TUMFBY - TUM - Release into the Forebay within 0.5 km upstream of Dam,LADDER,Adult Passage Ladder,NA,1
3DD.003BC5A8A5,NBD-2014-085-TUM.json,ICL - Lower Icicle Instream Array,11/9/2014 9:07:30 PM,10/29/2016 12:26:33 AM,Downstream Array,Upstream Array,7/3/2014,7,Bull Trout,R,Resident,W,Wild Fish or Natural Production,TUMFBY - TUM - Release into the Forebay within 0.5 km upstream of Dam,LADDER,Adult Passage Ladder,NA,1
3DD.003BC5A8A5,NBD-2014-085-TUM.json,LWE - Lower Wenatchee River,12/22/2014 11:18:11 PM,12/22/2014 11:18:11 PM,DOWNSTREAM ANTENNA ARRAY,DOWNSTREAM ANTENNA ARRAY,7/3/2014,7,Bull Trout,R,Resident,W,Wild Fish or Natural Production,TUMFBY - TUM - Release into the Forebay within 0.5 km upstream of Dam,LADDER,Adult Passage Ladder,NA,1
3DD.003BC5A8A5,NBD-2014-085-TUM.json,TUF - Tumwater Dam Adult Fishway,6/10/2015 10:37:43 AM,7/5/2016 7:31:32 PM,WEIR 14,WEIR 17,7/3/2014,7,Bull Trout,R,Resident,W,Wild Fish or Natural Production,TUMFBY - TUM - Release into the Forebay within 0.5 km upstream of Dam,LADDER,Adult Passage Ladder,NA,1
3DD.003BC5A8A7,NBD-2014-085-TUM.json,CHW - Chiwaukum Creek,7/12/2014 11:40:16 PM,6/10/2015 5:01:23 AM,DOWNSTREAM ARRAY,UPSTREAM ARRAY,6/30/2014,7,Bull Trout,R,Resident,W,Wild Fish or Natural Production,TUMFBY - TUM - Release into the Forebay within 0.5 km upstream of Dam,LADDER,Adult Passage Ladder,NA,1
3DD.003BC5A8A7,NBD-2014-085-TUM.json,TUF - Tumwater Dam Adult Fishway,5/31/2015 11:47:40 AM,5/31/2015 11:57:56 AM,WEIR 14,WEIR 17,6/30/2014,7,Bull Trout,R,Resident,W,Wild Fish or Natural Production,TUMFBY - TUM - Release into the Forebay within 0.5 km upstream of Dam,LADDER,Adult Passage Ladder,NA,1
3DD.003BC5A8A8,NBD-2014-085-TUM.json,CHW - Chiwaukum Creek,7/12/2014 11:56:44 PM,7/12/2014 11:56:44 PM,DOWNSTREAM ARRAY,DOWNSTREAM ARRAY,6/29/2014,7,Bull Trout,R,Resident,W,Wild Fish or Natural Production,TUMFBY - TUM - Release into the Forebay within 0.5 km upstream of Dam,LADDER,Adult Passage Ladder,NA,1
3DD.003BC5A8AA,NBD-2014-085-TUM.json,CHW - Chiwaukum Creek,7/12/2014 2:45:20 AM,7/12/2014 2:47:12 AM,DOWNSTREAM ARRAY,UPSTREAM ARRAY,7/5/2014,7,Bull Trout,R,Resident,W,Wild Fish or Natural Production,TUMFBY - TUM - Release into the Forebay within 0.5 km upstream of Dam,LADDER,Adult Passage Ladder,NA,1
3DD.003BC5A8AB,NBD-2015-065-TUM.xml,CHW - Chiwaukum Creek,6/17/2015 11:53:48 PM,6/17/2015 11:54:15 PM,DOWNSTREAM ARRAY,UPSTREAM ARRAY,5/29/2015,7,Bull Trout,R,Resident,W,Wild Fish or Natural Production,TUMFBY - TUM - Release into the Forebay within 0.5 km upstream of Dam,LADDER,Adult Passage Ladder,NA,1
3DD.003BC5A8AE,NBD-2015-065-TUM.xml,CHW - Chiwaukum Creek,6/26/2015 2:30:11 AM,6/26/2015 2:30:26 AM,DOWNSTREAM ARRAY,UPSTREAM ARRAY,6/15/2015,7,Bull Trout,R,Resident,W,Wild Fish or Natural Production,TUMFBY - TUM - Release into the Forebay within 0.5 km upstream of Dam,LADDER,Adult Passage Ladder,NA,1
3DD.003BC5A8AF,NBD-2014-085-TUM.json,CHW - Chiwaukum Creek,7/13/2014 4:32:14 AM,7/13/2014 4:32:14 AM,UPSTREAM ARRAY,UPSTREAM ARRAY,7/4/2014,7,Bull Trout,R,Resident,W,Wild Fish or Natural Production,TUMFBY - TUM - Release into the Forebay within 0.5 km upstream of Dam,LADDER,Adult Passage Ladder,NA,1
3DD.003BC5A8B2,NBD-2015-065-TUM.xml,CHW - Chiwaukum Creek,6/28/2015 3:29:17 AM,6/28/2015 3:30:30 AM,DOWNSTREAM ARRAY,UPSTREAM ARRAY,6/14/2015,7,Bull Trout,R,Resident,W,Wild Fish or Natural Production,TUMFBY - TUM - Release into the Forebay within 0.5 km upstream of Dam,LADDER,Adult Passage Ladder,NA,1
3DD.003BC5A8B5,NBD-2015-065-TUM.xml,CHL - Lower Chiwawa River,6/25/2015 2:24:31 AM,6/25/2015 2:24:31 AM,LOWER IN-STREAM ARRAY,LOWER IN-STREAM ARRAY,6/12/2015,7,Bull Trout,R,Resident,W,Wild Fish or Natural Production,TUMFBY - TUM - Release into the Forebay within 0.5 km upstream of Dam,LADDER,Adult Passage Ladder,NA,1
3DD.003BC5A8B5,NBD-2015-065-TUM.xml,CHU - Upper Chiwawa River,6/27/2015 9:56:38 PM,6/27/2015 9:57:08 PM,LOWER IN-STREAM ARRAY,UPPER IN-STREAM ARRAY,6/12/2015,7,Bull Trout,R,Resident,W,Wild Fish or Natural Production,TUMFBY - TUM - Release into the Forebay within 0.5 km upstream of Dam,LADDER,Adult Passage Ladder,NA,1
3DD.003BC5A8B8,NBD-2014-085-TUM.json,CHW - Chiwaukum Creek,7/12/2014 11:21:25 PM,7/12/2014 11:26:38 PM,DOWNSTREAM ARRAY,UPSTREAM ARRAY,7/5/2014,7,Bull Trout,R,Resident,W,Wild Fish or Natural Production,TUMFBY - TUM - Release into the Forebay within 0.5 km upstream of Dam,LADDER,Adult Passage Ladder,NA,1
3DD.003BC5A8B9,NBD-2015-065-TUM.xml,CHW - Chiwaukum Creek,6/27/2015 10:57:24 PM,6/27/2015 10:58:43 PM,DOWNSTREAM ARRAY,UPSTREAM ARRAY,6/12/2015,7,Bull Trout,R,Resident,W,Wild Fish or Natural Production,TUMFBY - TUM - Release into the Forebay within 0.5 km upstream of Dam,LADDER,Adult Passage Ladder,NA,1
3DD.003BC5A8BB,NBD-2014-085-TUM.json,CHW - Chiwaukum Creek,7/12/2014 10:58:59 PM,7/12/2014 11:01:02 PM,DOWNSTREAM ARRAY,UPSTREAM ARRAY,7/6/2014,7,Bull Trout,R,Resident,W,Wild Fish or Natural Production,TUMFBY - TUM - Release into the Forebay within 0.5 km upstream of Dam,LADDER,Adult Passage Ladder,NA,1
3DD.003BC5A8BC,NBD-2014-085-TUM.json,CHW - Chiwaukum Creek,7/14/2014 12:51:33 AM,6/17/2015 4:23:56 AM,DOWNSTREAM ARRAY,UPSTREAM ARRAY,7/5/2014,7,Bull Trout,R,Resident,W,Wild Fish or Natural Production,TUMFBY - TUM - Release into the Forebay within 0.5 km upstream of Dam,LADDER,Adult Passage Ladder,NA,1
3DD.003BC5A8BC,NBD-2014-085-TUM.json,TUF - Tumwater Dam Adult Fishway,6/14/2015 7:30:33 AM,6/14/2015 7:39:10 AM,WEIR 14,WEIR 17,7/5/2014,7,Bull Trout,R,Resident,W,Wild Fish or Natural Production,TUMFBY - TUM - Release into the Forebay within 0.5 km upstream of Dam,LADDER,Adult Passage Ladder,NA,1
3DD.003BC5A8BE,NBD-2014-085-TUM.json,CHL - Lower Chiwawa River,9/30/2014 1:30:02 AM,9/22/2015 2:31:53 AM,UPPER IN-STREAM ARRAY,LOWER IN-STREAM ARRAY,7/6/2014,7,Bull Trout,R,Resident,W,Wild Fish or Natural Production,TUMFBY - TUM - Release into the Forebay within 0.5 km upstream of Dam,LADDER,Adult Passage Ladder,NA,1
3DD.003BC5A8BE,NBD-2014-085-TUM.json,CHU - Upper Chiwawa River,6/21/2015 10:18:41 PM,9/21/2015 11:20:06 PM,LOWER IN-STREAM ARRAY,LOWER IN-STREAM ARRAY,7/6/2014,7,Bull Trout,R,Resident,W,Wild Fish or Natural Production,TUMFBY - TUM - Release into the Forebay within 0.5 km upstream of Dam,LADDER,Adult Passage Ladder,NA,1
3DD.003BC5A8BE,NBD-2014-085-TUM.json,LWE - Lower Wenatchee River,10/21/2014 12:18:03 PM,10/3/2015 6:03:53 AM,DOWNSTREAM ANTENNA ARRAY,DOWNSTREAM ANTENNA ARRAY,7/6/2014,7,Bull Trout,R,Resident,W,Wild Fish or Natural Production,TUMFBY - TUM - Release into the Forebay within 0.5 km upstream of Dam,LADDER,Adult Passage Ladder,NA,1
3DD.003BC5A8BE,NBD-2014-085-TUM.json,RRF - Rocky Reach Fishway,11/5/2014 7:14:45 AM,11/5/2014 7:19:10 AM,Lower Weir,Trap,7/6/2014,7,Bull Trout,R,Resident,W,Wild Fish or Natural Production,TUMFBY - TUM - Release into the Forebay within 0.5 km upstream of Dam,LADDER,Adult Passage Ladder,NA,1
3DD.003BC5A8BE,NBD-2014-085-TUM.json,TUF - Tumwater Dam Adult Fishway,6/9/2015 2:41:11 PM,6/12/2015 10:14:06 AM,WEIR 14,WEIR 17,7/6/2014,7,Bull Trout,R,Resident,W,Wild Fish or Natural Production,TUMFBY - TUM - Release into the Forebay within 0.5 km upstream of Dam,LADDER,Adult Passage Ladder,NA,1
3DD.003BC5A8C0,NBD-2015-065-TUM.xml,NAL - Lower Nason Creek,6/19/2015 12:59:33 AM,6/29/2015 2:15:39 AM,UPPER IN-STREAM ARRAY,UPPER IN-STREAM ARRAY,6/9/2015,7,Bull Trout,R,Resident,W,Wild Fish or Natural Production,TUMFBY - TUM - Release into the Forebay within 0.5 km upstream of Dam,LADDER,Adult Passage Ladder,NA,1
3DD.003BC5A8C0,NBD-2015-065-TUM.xml,NAU - Upper Nason Creek,7/1/2015 2:24:58 AM,7/1/2015 2:25:13 AM,LOWER IN-STREAM ARRAY,UPPER IN-STREAM ARRAY,6/9/2015,7,Bull Trout,R,Resident,W,Wild Fish or Natural Production,TUMFBY - TUM - Release into the Forebay within 0.5 km upstream of Dam,LADDER,Adult Passage Ladder,NA,1
3DD.003BC5A8C1,NBD-2015-065-TUM.xml,CHW - Chiwaukum Creek,6/25/2015 2:08:46 AM,6/25/2015 2:09:34 AM,DOWNSTREAM ARRAY,UPSTREAM ARRAY,6/17/2015,7,Bull Trout,R,Resident,W,Wild Fish or Natural Production,TUMFBY - TUM - Release into the Forebay within 0.5 km upstream of Dam,LADDER,Adult Passage Ladder,NA,1
3DD.003BC5A8C2,NBD-2014-085-TUM.json,CHW - Chiwaukum Creek,7/13/2014 5:05:43 AM,7/13/2014 5:05:43 AM,UPSTREAM ARRAY,UPSTREAM ARRAY,6/29/2014,7,Bull Trout,R,Resident,W,Wild Fish or Natural Production,TUMFBY - TUM - Release into the Forebay within 0.5 km upstream of Dam,LADDER,Adult Passage Ladder,NA,1
3DD.003BC5A8C5,NBD-2014-085-TUM.json,CHW - Chiwaukum Creek,7/15/2014 5:43:11 PM,6/26/2015 2:57:33 AM,DOWNSTREAM ARRAY,UPSTREAM ARRAY,7/3/2014,7,Bull Trout,R,Resident,W,Wild Fish or Natural Production,TUMFBY - TUM - Release into the Forebay within 0.5 km upstream of Dam,LADDER,Adult Passage Ladder,NA,1
3DD.003BC5A8C5,NBD-2014-085-TUM.json,TUF - Tumwater Dam Adult Fishway,6/7/2015 2:49:12 PM,6/18/2015 2:27:16 PM,WEIR 14,WEIR 17,7/3/2014,7,Bull Trout,R,Resident,W,Wild Fish or Natural Production,TUMFBY - TUM - Release into the Forebay within 0.5 km upstream of Dam,LADDER,Adult Passage Ladder,NA,1
3DD.003BC5A8C6,NBD-2015-065-TUM.xml,CHL - Lower Chiwawa River,6/28/2015 10:18:49 PM,6/28/2015 10:18:49 PM,UPPER IN-STREAM ARRAY,UPPER IN-STREAM ARRAY,6/16/2015,7,Bull Trout,R,Resident,W,Wild Fish or Natural Production,TUMFBY - TUM - Release into the Forebay within 0.5 km upstream of Dam,LADDER,Adult Passage Ladder,NA,1
3DD.003BC5A8C6,NBD-2015-065-TUM.xml,CHU - Upper Chiwawa River,7/2/2015 4:23:16 AM,9/11/2015 11:21:12 PM,LOWER IN-STREAM ARRAY,LOWER IN-STREAM ARRAY,6/16/2015,7,Bull Trout,R,Resident,W,Wild Fish or Natural Production,TUMFBY - TUM - Release into the Forebay within 0.5 km upstream of Dam,LADDER,Adult Passage Ladder,NA,1
3DD.003BC5A8C6,NBD-2015-065-TUM.xml,TUF - Tumwater Dam Adult Fishway,6/25/2015 11:46:54 AM,6/25/2015 2:34:55 PM,WEIR 14,WEIR 17,6/16/2015,7,Bull Trout,R,Resident,W,Wild Fish or Natural Production,TUMFBY - TUM - Release into the Forebay within 0.5 km upstream of Dam,LADDER,Adult Passage Ladder,NA,1
3DD.003BC5A8C8,NBD-2014-085-TUM.json,CHL - Lower Chiwawa River,9/22/2014 8:29:21 PM,7/27/2018 10:34:18 PM,UPPER IN-STREAM ARRAY,UPPER IN-STREAM ARRAY,7/1/2014,7,Bull Trout,R,Resident,W,Wild Fish or Natural Production,TUMFBY - TUM - Release into the Forebay within 0.5 km upstream of Dam,LADDER,Adult Passage Ladder,NA,1
3DD.003BC5A8C8,NBD-2014-085-TUM.json,CHU - Upper Chiwawa River,7/17/2014 11:51:19 AM,9/21/2017 8:57:20 PM,LOWER IN-STREAM ARRAY,LOWER IN-STREAM ARRAY,7/1/2014,7,Bull Trout,R,Resident,W,Wild Fish or Natural Production,TUMFBY - TUM - Release into the Forebay within 0.5 km upstream of Dam,LADDER,Adult Passage Ladder,NA,1
3DD.003BC5A8C8,NBD-2014-085-TUM.json,CHW - Chiwaukum Creek,7/3/2015 4:18:20 AM,7/8/2015 9:05:56 PM,DOWNSTREAM ARRAY,DOWNSTREAM ARRAY,7/1/2014,7,Bull Trout,R,Resident,W,Wild Fish or Natural Production,TUMFBY - TUM - Release into the Forebay within 0.5 km upstream of Dam,LADDER,Adult Passage Ladder,NA,1
3DD.003BC5A8C8,NBD-2014-085-TUM.json,LWE - Lower Wenatchee River,10/27/2016 12:36:20 PM,3/15/2018 4:00:25 AM,UPSTREAM ANTENNA ARRAY,UPSTREAM ANTENNA ARRAY,7/1/2014,7,Bull Trout,R,Resident,W,Wild Fish or Natural Production,TUMFBY - TUM - Release into the Forebay within 0.5 km upstream of Dam,LADDER,Adult Passage Ladder,NA,1
3DD.003BC5A8C8,NBD-2014-085-TUM.json,TUF - Tumwater Dam Adult Fishway,6/9/2015 11:43:06 AM,7/22/2018 6:35:18 AM,WEIR 14,WEIR 17,7/1/2014,7,Bull Trout,R,Resident,W,Wild Fish or Natural Production,TUMFBY - TUM - Release into the Forebay within 0.5 km upstream of Dam,LADDER,Adult Passage Ladder,NA,1
3DD.003BC5A8C9,NBD-2014-085-TUM.json,CHW - Chiwaukum Creek,7/12/2014 4:13:23 AM,7/12/2014 4:13:30 AM,UPSTREAM ARRAY,UPSTREAM ARRAY,7/2/2014,7,Bull Trout,R,Resident,W,Wild Fish or Natural Production,TUMFBY - TUM - Release into the Forebay within 0.5 km upstream of Dam,LADDER,Adult Passage Ladder,NA,1
3DD.003BC5A8CF,NBD-2015-065-TUM.xml,CHL - Lower Chiwawa River,7/9/2015 10:11:10 PM,9/19/2015 1:36:35 AM,LOWER IN-STREAM ARRAY,LOWER IN-STREAM ARRAY,6/16/2015,7,Bull Trout,R,Resident,W,Wild Fish or Natural Production,TUMFBY - TUM - Release into the Forebay within 0.5 km upstream of Dam,LADDER,Adult Passage Ladder,NA,1
3DD.003BC5A8CF,NBD-2015-065-TUM.xml,CHU - Upper Chiwawa River,7/12/2015 12:12:39 AM,7/12/2015 12:13:16 AM,LOWER IN-STREAM ARRAY,UPPER IN-STREAM ARRAY,6/16/2015,7,Bull Trout,R,Resident,W,Wild Fish or Natural Production,TUMFBY - TUM - Release into the Forebay within 0.5 km upstream of Dam,LADDER,Adult Passage Ladder,NA,1
3DD.003BC5A8CF,NBD-2015-065-TUM.xml,TUF - Tumwater Dam Adult Fishway,6/26/2015 10:23:49 AM,6/26/2015 10:41:36 AM,WEIR 14,WEIR 17,6/16/2015,7,Bull Trout,R,Resident,W,Wild Fish or Natural Production,TUMFBY - TUM - Release into the Forebay within 0.5 km upstream of Dam,LADDER,Adult Passage Ladder,NA,1
3DD.003BC5A8D0,NBD-2015-065-TUM.xml,CHW - Chiwaukum Creek,6/29/2015 3:51:36 PM,8/26/2016 11:59:21 PM,DOWNSTREAM ARRAY,UPSTREAM ARRAY,6/25/2015,7,Bull Trout,R,Resident,W,Wild Fish or Natural Production,TUMFBY - TUM - Release into the Forebay within 0.5 km upstream of Dam,LADDER,Adult Passage Ladder,NA,1
3DD.003BC5A8D0,NBD-2015-065-TUM.xml,TUF - Tumwater Dam Adult Fishway,9/14/2015 3:59:17 AM,6/19/2016 4:04:35 PM,WEIR 17,WEIR 17,6/25/2015,7,Bull Trout,R,Resident,W,Wild Fish or Natural Production,TUMFBY - TUM - Release into the Forebay within 0.5 km upstream of Dam,LADDER,Adult Passage Ladder,NA,1
3DD.003BC5A8D2,NBD-2014-220-TUM.json,TUF - Tumwater Dam Adult Fishway,5/31/2015 4:00:36 PM,6/25/2015 1:57:04 PM,WEIR 14,WEIR 14,9/6/2014,7,Bull Trout,R,Resident,W,Wild Fish or Natural Production,TUMFBY - TUM - Release into the Forebay within 0.5 km upstream of Dam,LADDER,Adult Passage Ladder,NA,1
3DD.003BC5A8D4,NBD-2014-085-TUM.json,CHW - Chiwaukum Creek,7/9/2014 4:09:00 AM,7/9/2014 4:09:00 AM,UPSTREAM ARRAY,UPSTREAM ARRAY,6/30/2014,7,Bull Trout,R,Resident,W,Wild Fish or Natural Production,TUMFBY - TUM - Release into the Forebay within 0.5 km upstream of Dam,LADDER,Adult Passage Ladder,NA,1
3DD.003BC5A8D6,NBD-2014-085-TUM.json,CHW - Chiwaukum Creek,7/10/2014 11:28:19 PM,7/10/2014 11:28:19 PM,DOWNSTREAM ARRAY,DOWNSTREAM ARRAY,6/29/2014,7,Bull Trout,R,Resident,W,Wild Fish or Natural Production,TUMFBY - TUM - Release into the Forebay within 0.5 km upstream of Dam,LADDER,Adult Passage Ladder,NA,1
3DD.003BC5A8D8,NBD-2014-085-TUM.json,CHW - Chiwaukum Creek,7/13/2014 3:04:35 AM,7/13/2014 3:04:52 AM,DOWNSTREAM ARRAY,UPSTREAM ARRAY,6/30/2014,7,Bull Trout,R,Resident,W,Wild Fish or Natural Production,TUMFBY - TUM - Release into the Forebay within 0.5 km upstream of Dam,LADDER,Adult Passage Ladder,NA,1
3DD.003BC5A8D9,NBD-2014-085-TUM.json,CHW - Chiwaukum Creek,9/28/2014 9:39:35 PM,8/4/2015 11:55:20 PM,UPSTREAM ARRAY,UPSTREAM ARRAY,7/6/2014,7,Bull Trout,R,Resident,W,Wild Fish or Natural Production,TUMFBY - TUM - Release into the Forebay within 0.5 km upstream of Dam,LADDER,Adult Passage Ladder,NA,1
3DD.003BC5A8D9,NBD-2014-085-TUM.json,TUF - Tumwater Dam Adult Fishway,6/27/2015 7:54:12 AM,7/29/2015 7:45:42 PM,WEIR 14,WEIR 17,7/6/2014,7,Bull Trout,R,Resident,W,Wild Fish or Natural Production,TUMFBY - TUM - Release into the Forebay within 0.5 km upstream of Dam,LADDER,Adult Passage Ladder,NA,1
3DD.003BC5A8DA,NBD-2014-085-TUM.json,CHW - Chiwaukum Creek,7/14/2014 1:56:39 AM,7/14/2014 1:56:39 AM,DOWNSTREAM ARRAY,DOWNSTREAM ARRAY,7/2/2014,7,Bull Trout,R,Resident,W,Wild Fish or Natural Production,TUMFBY - TUM - Release into the Forebay within 0.5 km upstream of Dam,LADDER,Adult Passage Ladder,NA,1
3DD.003BC5A8DB,NBD-2015-065-TUM.xml,CHL - Lower Chiwawa River,6/26/2015 2:02:11 AM,7/6/2016 11:27:08 PM,UPPER IN-STREAM ARRAY,LOWER IN-STREAM ARRAY,6/18/2015,7,Bull Trout,R,Resident,W,Wild Fish or Natural Production,TUMFBY - TUM - Release into the Forebay within 0.5 km upstream of Dam,LADDER,Adult Passage Ladder,NA,1
3DD.003BC5A8DB,NBD-2015-065-TUM.xml,CHU - Upper Chiwawa River,7/1/2015 12:24:11 AM,7/1/2015 12:24:11 AM,UPPER IN-STREAM ARRAY,UPPER IN-STREAM ARRAY,6/18/2015,7,Bull Trout,R,Resident,W,Wild Fish or Natural Production,TUMFBY - TUM - Release into the Forebay within 0.5 km upstream of Dam,LADDER,Adult Passage Ladder,NA,1
3DD.003BC5A8DB,NBD-2015-065-TUM.xml,ICL - Lower Icicle Instream Array,10/12/2015 11:56:14 PM,11/17/2015 12:13:52 PM,Upstream Array,Downstream Array,6/18/2015,7,Bull Trout,R,Resident,W,Wild Fish or Natural Production,TUMFBY - TUM - Release into the Forebay within 0.5 km upstream of Dam,LADDER,Adult Passage Ladder,NA,1
3DD.003BC5A8DB,NBD-2015-065-TUM.xml,TUF - Tumwater Dam Adult Fishway,6/20/2016 6:43:28 AM,6/22/2016 3:48:50 PM,WEIR 14,WEIR 17,6/18/2015,7,Bull Trout,R,Resident,W,Wild Fish or Natural Production,TUMFBY - TUM - Release into the Forebay within 0.5 km upstream of Dam,LADDER,Adult Passage Ladder,NA,1
3DD.003BC5A8DC,NBD-2015-065-TUM.xml,CHW - Chiwaukum Creek,6/17/2015 11:04:45 PM,6/17/2015 11:06:05 PM,DOWNSTREAM ARRAY,UPSTREAM ARRAY,5/28/2015,7,Bull Trout,R,Resident,W,Wild Fish or Natural Production,TUMFBY - TUM - Release into the Forebay within 0.5 km upstream of Dam,LADDER,Adult Passage Ladder,NA,1
3DD.003BC5A8DD,NBD-2015-065-TUM.xml,CHW - Chiwaukum Creek,6/26/2015 4:04:38 AM,6/26/2015 4:04:50 AM,DOWNSTREAM ARRAY,UPSTREAM ARRAY,6/17/2015,7,Bull Trout,R,Resident,W,Wild Fish or Natural Production,TUMFBY - TUM - Release into the Forebay within 0.5 km upstream of Dam,LADDER,Adult Passage Ladder,NA,1
3DD.003BC5A8E0,NBD-2015-065-TUM.xml,CHW - Chiwaukum Creek,6/27/2015 12:39:48 AM,8/18/2016 11:59:54 PM,DOWNSTREAM ARRAY,UPSTREAM ARRAY,6/13/2015,7,Bull Trout,R,Resident,W,Wild Fish or Natural Production,TUMFBY - TUM - Release into the Forebay within 0.5 km upstream of Dam,LADDER,Adult Passage Ladder,NA,1
3DD.003BC5A8E1,NBD-2014-085-TUM.json,CHW - Chiwaukum Creek,7/12/2014 12:00:47 AM,7/12/2014 12:02:34 AM,DOWNSTREAM ARRAY,UPSTREAM ARRAY,6/21/2014,7,Bull Trout,R,Resident,W,Wild Fish or Natural Production,TUMFBY - TUM - Release into the Forebay within 0.5 km upstream of Dam,LADDER,Adult Passage Ladder,NA,1
3DD.003BC5A8E2,NBD-2014-085-TUM.json,NAL - Lower Nason Creek,7/13/2014 1:19:39 AM,7/13/2014 1:19:39 AM,UPPER IN-STREAM ARRAY,UPPER IN-STREAM ARRAY,7/2/2014,7,Bull Trout,R,Resident,W,Wild Fish or Natural Production,TUMFBY - TUM - Release into the Forebay within 0.5 km upstream of Dam,LADDER,Adult Passage Ladder,NA,1
3DD.003BC5A8E2,NBD-2014-085-TUM.json,UWE - Upper Wenatchee River,7/12/2014 2:51:57 AM,7/12/2014 2:51:57 AM,IN-STREAM ARRAY,IN-STREAM ARRAY,7/2/2014,7,Bull Trout,R,Resident,W,Wild Fish or Natural Production,TUMFBY - TUM - Release into the Forebay within 0.5 km upstream of Dam,LADDER,Adult Passage Ladder,NA,1
3DD.003BC5A8E3,NBD-2015-065-TUM.xml,CHL - Lower Chiwawa River,7/2/2015 10:57:09 PM,7/3/2015 4:10:51 AM,UPPER IN-STREAM ARRAY,LOWER IN-STREAM ARRAY,6/25/2015,7,Bull Trout,R,Resident,W,Wild Fish or Natural Production,TUMFBY - TUM - Release into the Forebay within 0.5 km upstream of Dam,LADDER,Adult Passage Ladder,NA,1
3DD.003BC5A8E3,NBD-2015-065-TUM.xml,UWE - Upper Wenatchee River,5/31/2016 12:01:02 AM,10/31/2020 3:45:25 AM,IN-STREAM ARRAY,IN-STREAM ARRAY,6/25/2015,7,Bull Trout,R,Resident,W,Wild Fish or Natural Production,TUMFBY - TUM - Release into the Forebay within 0.5 km upstream of Dam,LADDER,Adult Passage Ladder,NA,1
3DD.003BC5A8E3,NBD-2015-065-TUM.xml,"WTL - White River, Wenatchee Basin",7/8/2015 9:19:05 PM,9/27/2017 7:12:31 PM,LOWER IN-STREAM ARRAY,LOWER IN-STREAM ARRAY,6/25/2015,7,Bull Trout,R,Resident,W,Wild Fish or Natural Production,TUMFBY - TUM - Release into the Forebay within 0.5 km upstream of Dam,LADDER,Adult Passage Ladder,NA,1
3DD.003BC5A8E4,NBD-2015-065-TUM.xml,CHW - Chiwaukum Creek,6/28/2015 12:18:50 AM,6/28/2015 12:19:27 AM,DOWNSTREAM ARRAY,UPSTREAM ARRAY,6/15/2015,7,Bull Trout,R,Resident,W,Wild Fish or Natural Production,TUMFBY - TUM - Release into the Forebay within 0.5 km upstream of Dam,LADDER,Adult Passage Ladder,NA,1
3DD.003BC5A8E5,NBD-2014-085-TUM.json,CHW - Chiwaukum Creek,7/11/2014 2:30:43 AM,6/15/2015 4:27:19 AM,DOWNSTREAM ARRAY,UPSTREAM ARRAY,6/28/2014,7,Bull Trout,R,Resident,W,Wild Fish or Natural Production,TUMFBY - TUM - Release into the Forebay within 0.5 km upstream of Dam,LADDER,Adult Passage Ladder,NA,1
3DD.003BC5A8E5,NBD-2014-085-TUM.json,TUF - Tumwater Dam Adult Fishway,5/24/2015 6:41:35 PM,6/9/2015 7:58:08 AM,WEIR 14,WEIR 17,6/28/2014,7,Bull Trout,R,Resident,W,Wild Fish or Natural Production,TUMFBY - TUM - Release into the Forebay within 0.5 km upstream of Dam,LADDER,Adult Passage Ladder,NA,1
3DD.003BC5A8E7,NBD-2014-085-TUM.json,NAL - Lower Nason Creek,7/9/2014 10:30:10 PM,7/9/2014 10:30:10 PM,UPPER IN-STREAM ARRAY,UPPER IN-STREAM ARRAY,6/28/2014,7,Bull Trout,R,Resident,W,Wild Fish or Natural Production,TUMFBY - TUM - Release into the Forebay within 0.5 km upstream of Dam,LADDER,Adult Passage Ladder,NA,1
3DD.003BC5A8E7,NBD-2014-085-TUM.json,NAU - Upper Nason Creek,7/13/2014 9:39:12 PM,7/13/2014 9:39:36 PM,LOWER IN-STREAM ARRAY,UPPER IN-STREAM ARRAY,6/28/2014,7,Bull Trout,R,Resident,W,Wild Fish or Natural Production,TUMFBY - TUM - Release into the Forebay within 0.5 km upstream of Dam,LADDER,Adult Passage Ladder,NA,1
3DD.003BC5A8E9,NBD-2014-085-TUM.json,CHW - Chiwaukum Creek,7/16/2014 1:52:06 AM,6/17/2015 12:15:33 AM,DOWNSTREAM ARRAY,UPSTREAM ARRAY,6/29/2014,7,Bull Trout,R,Resident,W,Wild Fish or Natural Production,TUMFBY - TUM - Release into the Forebay within 0.5 km upstream of Dam,LADDER,Adult Passage Ladder,NA,1
3DD.003BC5A8E9,NBD-2014-085-TUM.json,TUF - Tumwater Dam Adult Fishway,5/28/2015 6:43:16 PM,5/28/2015 6:52:20 PM,WEIR 14,WEIR 17,6/29/2014,7,Bull Trout,R,Resident,W,Wild Fish or Natural Production,TUMFBY - TUM - Release into the Forebay within 0.5 km upstream of Dam,LADDER,Adult Passage Ladder,NA,1
3DD.003BC5A8EB,NBD-2014-085-TUM.json,NAL - Lower Nason Creek,7/11/2014 4:07:02 AM,7/11/2014 4:07:02 AM,UPPER IN-STREAM ARRAY,UPPER IN-STREAM ARRAY,7/1/2014,7,Bull Trout,R,Resident,W,Wild Fish or Natural Production,TUMFBY - TUM - Release into the Forebay within 0.5 km upstream of Dam,LADDER,Adult Passage Ladder,NA,1
3DD.003BC5A8EB,NBD-2014-085-TUM.json,UWE - Upper Wenatchee River,7/10/2014 9:32:53 PM,7/10/2014 9:32:53 PM,IN-STREAM ARRAY,IN-STREAM ARRAY,7/1/2014,7,Bull Trout,R,Resident,W,Wild Fish or Natural Production,TUMFBY - TUM - Release into the Forebay within 0.5 km upstream of Dam,LADDER,Adult Passage Ladder,NA,1
3DD.003BC5A8EC,NBD-2014-085-TUM.json,TUF - Tumwater Dam Adult Fishway,7/12/2014 3:07:38 PM,7/12/2014 3:17:51 PM,WEIR 14,WEIR 17,7/6/2014,7,Bull Trout,R,Resident,W,Wild Fish or Natural Production,TUMFBY - TUM - Release into the Forebay within 0.5 km upstream of Dam,LADDER,Adult Passage Ladder,NA,1
3DD.003BC5A8ED,NBD-2015-065-TUM.xml,ICL - Lower Icicle Instream Array,6/20/2015 9:33:20 PM,6/22/2015 9:41:27 PM,Downstream Array,Upstream Array,6/13/2015,7,Bull Trout,R,Resident,W,Wild Fish or Natural Production,TUMFBY - TUM - Release into the Forebay within 0.5 km upstream of Dam,LADDER,Adult Passage Ladder,NA,1
3DD.003BC5A8ED,NBD-2015-065-TUM.xml,LWE - Lower Wenatchee River,6/23/2015 3:17:58 PM,6/23/2015 3:19:14 PM,UPSTREAM ANTENNA ARRAY,DOWNSTREAM ANTENNA ARRAY,6/13/2015,7,Bull Trout,R,Resident,W,Wild Fish or Natural Production,TUMFBY - TUM - Release into the Forebay within 0.5 km upstream of Dam,LADDER,Adult Passage Ladder,NA,1
3DD.003BC5A8EF,NBD-2015-065-TUM.xml,CHW - Chiwaukum Creek,6/26/2015 1:23:02 AM,6/26/2015 1:24:29 AM,DOWNSTREAM ARRAY,UPSTREAM ARRAY,6/15/2015,7,Bull Trout,R,Resident,W,Wild Fish or Natural Production,TUMFBY - TUM - Release into the Forebay within 0.5 km upstream of Dam,LADDER,Adult Passage Ladder,NA,1
3DD.003BC5A8F0,NBD-2014-085-TUM.json,CHW - Chiwaukum Creek,7/7/2014 5:16:03 PM,7/7/2014 5:17:07 PM,DOWNSTREAM ARRAY,UPSTREAM ARRAY,6/21/2014,7,Bull Trout,R,Resident,W,Wild Fish or Natural Production,TUMFBY - TUM - Release into the Forebay within 0.5 km upstream of Dam,LADDER,Adult Passage Ladder,NA,1
3DD.003BC5A8F1,NBD-2014-085-TUM.json,CHW - Chiwaukum Creek,7/14/2014 2:15:28 AM,7/14/2014 2:15:41 AM,DOWNSTREAM ARRAY,UPSTREAM ARRAY,6/22/2014,7,Bull Trout,R,Resident,W,Wild Fish or Natural Production,TUMFBY - TUM - Release into the Forebay within 0.5 km upstream of Dam,LADDER,Adult Passage Ladder,NA,1
3DD.003BC5A8F2,NBD-2014-085-TUM.json,CHW - Chiwaukum Creek,7/14/2014 12:10:46 AM,7/14/2014 12:12:39 AM,DOWNSTREAM ARRAY,UPSTREAM ARRAY,7/1/2014,7,Bull Trout,R,Resident,W,Wild Fish or Natural Production,TUMFBY - TUM - Release into the Forebay within 0.5 km upstream of Dam,LADDER,Adult Passage Ladder,NA,1
3DD.003BC5A8F3,NBD-2015-065-TUM.xml,CHW - Chiwaukum Creek,6/22/2015 5:14:05 AM,6/19/2016 10:18:47 PM,UPSTREAM ARRAY,UPSTREAM ARRAY,6/10/2015,7,Bull Trout,R,Resident,W,Wild Fish or Natural Production,TUMFBY - TUM - Release into the Forebay within 0.5 km upstream of Dam,LADDER,Adult Passage Ladder,NA,1
3DD.003BC5A8F3,NBD-2015-065-TUM.xml,TUF - Tumwater Dam Adult Fishway,6/1/2016 4:59:52 PM,6/4/2016 1:55:27 PM,WEIR 14,WEIR 17,6/10/2015,7,Bull Trout,R,Resident,W,Wild Fish or Natural Production,TUMFBY - TUM - Release into the Forebay within 0.5 km upstream of Dam,LADDER,Adult Passage Ladder,NA,1
3DD.003BC5A8F4,NBD-2015-065-TUM.xml,CHW - Chiwaukum Creek,6/25/2015 10:59:17 PM,6/25/2015 10:59:33 PM,DOWNSTREAM ARRAY,UPSTREAM ARRAY,6/24/2015,7,Bull Trout,R,Resident,W,Wild Fish or Natural Production,TUMFBY - TUM - Release into the Forebay within 0.5 km upstream of Dam,LADDER,Adult Passage Ladder,NA,1
3DD.003BC5A8F5,NBD-2015-065-TUM.xml,CHL - Lower Chiwawa River,8/17/2015 8:20:50 PM,8/18/2015 8:07:47 PM,LOWER IN-STREAM ARRAY,LOWER IN-STREAM ARRAY,6/23/2015,7,Bull Trout,R,Resident,W,Wild Fish or Natural Production,TUMFBY - TUM - Release into the Forebay within 0.5 km upstream of Dam,LADDER,Adult Passage Ladder,NA,1
3DD.003BC5A8F5,NBD-2015-065-TUM.xml,CHW - Chiwaukum Creek,7/2/2015 10:55:57 PM,7/9/2015 9:22:15 PM,DOWNSTREAM ARRAY,DOWNSTREAM ARRAY,6/23/2015,7,Bull Trout,R,Resident,W,Wild Fish or Natural Production,TUMFBY - TUM - Release into the Forebay within 0.5 km upstream of Dam,LADDER,Adult Passage Ladder,NA,1
3DD.003BC5A8F5,NBD-2015-065-TUM.xml,UWE - Upper Wenatchee River,8/22/2015 9:28:02 PM,8/22/2015 9:28:02 PM,IN-STREAM ARRAY,IN-STREAM ARRAY,6/23/2015,7,Bull Trout,R,Resident,W,Wild Fish or Natural Production,TUMFBY - TUM - Release into the Forebay within 0.5 km upstream of Dam,LADDER,Adult Passage Ladder,NA,1
3DD.003BC5AAD7,CGS14210.LBZ,TWR - Lwr Twisp Rvr near MSRF Ponds,10/1/2014 11:38:19 PM,10/1/2014 11:38:19 PM,LOWER IN-STREAM ARRAY,LOWER IN-STREAM ARRAY,7/29/2014,7,Bull Trout,R,Resident,W,Wild Fish or Natural Production,TWISPR - Twisp River,HOOK,Hook and Line,185,1
3DD.003BC5AB0A,CGS14209.LBZ,TWR - Lwr Twisp Rvr near MSRF Ponds,9/19/2014 10:32:05 PM,9/19/2014 10:32:09 PM,UPPER IN-STREAM ARRAY,LOWER IN-STREAM ARRAY,7/28/2014,7,Bull Trout,R,Resident,W,Wild Fish or Natural Production,TWISPR - Twisp River,HOOK,Hook and Line,209,1
3DD.003BD03396,CGS-2024-129-WEL.xml,"WEA - Wells Dam, DCPUD Adult Ladders",5/28/2024 4:49:41 PM,5/28/2024 4:50:36 PM,Left Ladder Pool 67,Left Ladder Pool 68,5/28/2024,7,Bull Trout,R,Resident,W,Wild Fish or Natural Production,WELLD1 - WEL - Release into the East Adult Fish Ladder,LADDER,Adult Passage Ladder,530,1
3DD.003BD033A3,CGS-2024-129-WEL.xml,LMR - Lower Methow River at Pateros,6/13/2024 1:25:02 PM,6/13/2024 1:25:02 PM,Upstream Array,Upstream Array,6/12/2024,7,Bull Trout,R,Resident,W,Wild Fish or Natural Production,WELH - Wells Hatchery,LADDER,Adult Passage Ladder,470,1
3DD.003BD033A3,CGS-2024-129-WEL.xml,"WEA - Wells Dam, DCPUD Adult Ladders",6/12/2024 1:42:56 PM,6/12/2024 1:43:12 PM,Right Ladder Pool 67,Right Ladder Pool 68,6/12/2024,7,Bull Trout,R,Resident,W,Wild Fish or Natural Production,WELH - Wells Hatchery,LADDER,Adult Passage Ladder,470,1
3DD.003BD033A3,CGS-2024-129-WEL.xml,WEH - Wells Dam Hatchery,6/12/2024 10:05:02 AM,6/12/2024 10:05:02 AM,Adult Fish Handling Facility Exit to Truck,Adult Fish Handling Facility Exit to Truck,6/12/2024,7,Bull Trout,R,Resident,W,Wild Fish or Natural Production,WELH - Wells Hatchery,LADDER,Adult Passage Ladder,470,1
3DD.003BD033AD,CGS-2024-129-WEL.xml,LMR - Lower Methow River at Pateros,6/7/2024 7:51:22 PM,6/7/2024 7:51:22 PM,Downstream Array,Downstream Array,6/5/2024,7,Bull Trout,R,Resident,W,Wild Fish or Natural Production,WELLD1 - WEL - Release into the East Adult Fish Ladder,LADDER,Adult Passage Ladder,500,1
3DD.003BD033AD,CGS-2024-129-WEL.xml,"WEA - Wells Dam, DCPUD Adult Ladders",6/5/2024 4:19:59 PM,6/5/2024 4:21:47 PM,Left Ladder Pool 67,Left Ladder Pool 68,6/5/2024,7,Bull Trout,R,Resident,W,Wild Fish or Natural Production,WELLD1 - WEL - Release into the East Adult Fish Ladder,LADDER,Adult Passage Ladder,500,1
3DD.003BD033B8,CGS-2024-129-WEL.xml,LMR - Lower Methow River at Pateros,6/17/2024 9:03:58 PM,6/17/2024 9:03:58 PM,Upstream Array,Upstream Array,6/7/2024,7,Bull Trout,R,Resident,W,Wild Fish or Natural Production,WELLD2 - WEL - Release into the West Adult Fish Ladder,LADDER,Adult Passage Ladder,560,1
3DD.003BD033B8,CGS-2024-129-WEL.xml,MRC - Methow River at Carlton,6/24/2024 9:11:31 PM,6/24/2024 9:11:31 PM,Single Array,Single Array,6/7/2024,7,Bull Trout,R,Resident,W,Wild Fish or Natural Production,WELLD2 - WEL - Release into the West Adult Fish Ladder,LADDER,Adult Passage Ladder,560,1
3DD.003BD033B8,CGS-2024-129-WEL.xml,"WEA - Wells Dam, DCPUD Adult Ladders",6/8/2024 4:27:51 PM,6/8/2024 4:28:06 PM,Right Ladder Pool 67,Right Ladder Pool 68,6/7/2024,7,Bull Trout,R,Resident,W,Wild Fish or Natural Production,WELLD2 - WEL - Release into the West Adult Fish Ladder,LADDER,Adult Passage Ladder,560,1
3DD.003BD033B8,CGS-2024-129-WEL.xml,WEH - Wells Dam Hatchery,6/7/2024 10:37:28 AM,6/7/2024 10:37:28 AM,Adult Fish Handling Facility Exit to Truck,Adult Fish Handling Facility Exit to Truck,6/7/2024,7,Bull Trout,R,Resident,W,Wild Fish or Natural Production,WELLD2 - WEL - Release into the West Adult Fish Ladder,LADDER,Adult Passage Ladder,560,1
3DD.003BD033BD,CGS-2024-129-WEL.xml,CML - Chewuch River Middle Lower,6/22/2024 12:52:48 AM,6/22/2024 12:52:48 AM,Single Array,Single Array,5/27/2024,7,Bull Trout,R,Resident,W,Wild Fish or Natural Production,WELLD1 - WEL - Release into the East Adult Fish Ladder,LADDER,Adult Passage Ladder,570,1
3DD.003BD033BD,CGS-2024-129-WEL.xml,CMU - Chewuch River Middle Upper,6/22/2024 1:46:49 AM,6/22/2024 1:46:49 AM,Single Array,Single Array,5/27/2024,7,Bull Trout,R,Resident,W,Wild Fish or Natural Production,WELLD1 - WEL - Release into the East Adult Fish Ladder,LADDER,Adult Passage Ladder,570,1
3DD.003BD033BD,CGS-2024-129-WEL.xml,CRW - Chewuch River above Winthrop,6/21/2024 12:25:41 AM,6/21/2024 12:25:41 AM,DOWNSTREAM ARRAY,DOWNSTREAM ARRAY,5/27/2024,7,Bull Trout,R,Resident,W,Wild Fish or Natural Production,WELLD1 - WEL - Release into the East Adult Fish Ladder,LADDER,Adult Passage Ladder,570,1
3DD.003BD033BD,CGS-2024-129-WEL.xml,TWR - Lwr Twisp Rvr near MSRF Ponds,7/6/2024 12:54:39 AM,7/13/2024 1:14:56 AM,LOWER IN-STREAM ARRAY,UPPER IN-STREAM ARRAY,5/27/2024,7,Bull Trout,R,Resident,W,Wild Fish or Natural Production,WELLD1 - WEL - Release into the East Adult Fish Ladder,LADDER,Adult Passage Ladder,570,1
3DD.003BD033BD,CGS-2024-129-WEL.xml,"WEA - Wells Dam, DCPUD Adult Ladders",5/27/2024 2:53:57 PM,5/27/2024 2:58:33 PM,Left Ladder Pool 67,Left Ladder Pool 68,5/27/2024,7,Bull Trout,R,Resident,W,Wild Fish or Natural Production,WELLD1 - WEL - Release into the East Adult Fish Ladder,LADDER,Adult Passage Ladder,570,1
3DD.003BD033C3,CGS-2024-129-WEL.xml,MRC - Methow River at Carlton,6/19/2024 12:50:05 AM,6/19/2024 12:50:05 AM,Single Array,Single Array,5/29/2024,7,Bull Trout,R,Resident,W,Wild Fish or Natural Production,WELLD2 - WEL - Release into the West Adult Fish Ladder,LADDER,Adult Passage Ladder,540,1
3DD.003BD033C3,CGS-2024-129-WEL.xml,"WEA - Wells Dam, DCPUD Adult Ladders",5/29/2024 10:10:40 PM,5/29/2024 10:37:27 PM,Right Ladder Pool 67,Right Ladder Pool 68,5/29/2024,7,Bull Trout,R,Resident,W,Wild Fish or Natural Production,WELLD2 - WEL - Release into the West Adult Fish Ladder,LADDER,Adult Passage Ladder,540,1
3DD.003BD033C3,CGS-2024-129-WEL.xml,WEH - Wells Dam Hatchery,5/29/2024 10:01:05 AM,5/29/2024 10:01:05 AM,Adult Fish Handling Facility Exit to Truck,Adult Fish Handling Facility Exit to Truck,5/29/2024,7,Bull Trout,R,Resident,W,Wild Fish or Natural Production,WELLD2 - WEL - Release into the West Adult Fish Ladder,LADDER,Adult Passage Ladder,540,1
3DD.003BD033C3,CGS-2024-129-WEL.xml,"WFC - Wolf Creek, Methow River",6/25/2024 10:31:18 PM,6/25/2024 10:31:18 PM,SINGLE IN-STREAM ANTENNA,SINGLE IN-STREAM ANTENNA,5/29/2024,7,Bull Trout,R,Resident,W,Wild Fish or Natural Production,WELLD2 - WEL - Release into the West Adult Fish Ladder,LADDER,Adult Passage Ladder,540,1
3DD.003BD03784,CGS-2025-253-MTT.xml,MRW - Methow River at Winthrop,11/6/2025 6:38:38 AM,11/6/2025 5:43:47 PM,DOWNSTREAM ARRAY,UPSTREAM ARRAY,9/30/2025,7,Bull Trout,R,Resident,W,Wild Fish or Natural Production,METHR - Methow River,HOOK,Hook and Line,380,1
3DD.003BD03784,CGS-2025-253-MTT.xml,MSH - Methow Fish Hatchery Outfall,10/24/2025 11:00:11 PM,12/18/2025 11:39:00 PM,Trap,Trap,9/30/2025,7,Bull Trout,R,Resident,W,Wild Fish or Natural Production,METHR - Methow River,HOOK,Hook and Line,380,1
3DD.003BD037AC,CGS-2025-253-MTT.xml,LMR - Lower Methow River at Pateros,2/23/2026 8:03:23 PM,5/28/2026 1:30:17 PM,Downstream Array,Upstream Array,9/26/2025,7,Bull Trout,R,Resident,W,Wild Fish or Natural Production,METHR - Methow River,HOOK,Hook and Line,375,1
3DD.003BD037AF,CGS-2025-253-MTT.xml,CRW - Chewuch River above Winthrop,5/22/2026 1:11:22 AM,5/22/2026 1:11:52 AM,UPSTREAM ARRAY,DOWNSTREAM ARRAY,9/26/2025,7,Bull Trout,R,Resident,W,Wild Fish or Natural Production,METHR - Methow River,HOOK,Hook and Line,540,1
3DD.003BD037BC,CGS-2025-253-MTT.xml,MRC - Methow River at Carlton,11/16/2025 12:48:17 AM,11/16/2025 12:48:17 AM,Single Array,Single Array,9/29/2025,7,Bull Trout,R,Resident,W,Wild Fish or Natural Production,METHR - Methow River,HOOK,Hook and Line,390,1
3DD.003BD037D8,CGS-2025-253-MTT.xml,MRC - Methow River at Carlton,11/24/2025 11:51:58 PM,11/24/2025 11:51:58 PM,Single Array,Single Array,9/26/2025,7,Bull Trout,R,Resident,W,Wild Fish or Natural Production,METHR - Methow River,HOOK,Hook and Line,500,1
3DD.003BD03990,CGS-2025-253-MTT.xml,SCP - Spring Creek Acclimation Pond,10/23/2025 7:07:52 PM,10/23/2025 7:07:52 PM,Middle Antenna,Middle Antenna,9/24/2025,7,Bull Trout,R,Resident,W,Wild Fish or Natural Production,METHR - Methow River,HOOK,Hook and Line,325,1
3DD.003BD03992,CGS-2025-253-MTT.xml,MRC - Methow River at Carlton,12/17/2025 4:08:18 AM,12/22/2025 2:22:31 PM,Single Array,Single Array,9/24/2025,7,Bull Trout,R,Resident,W,Wild Fish or Natural Production,METHR - Methow River,HOOK,Hook and Line,385,1
3DD.003BD039A1,CGS-2025-253-MTT.xml,MSH - Methow Fish Hatchery Outfall,10/23/2025 4:27:48 AM,11/21/2025 6:06:50 AM,Trap,Trap,9/24/2025,7,Bull Trout,R,Resident,W,Wild Fish or Natural Production,METHR - Methow River,HOOK,Hook and Line,377,1
3DD.003BD039A1,CGS-2025-253-MTT.xml,SCP - Spring Creek Acclimation Pond,12/12/2025 9:07:08 PM,12/12/2025 9:07:08 PM,Downstream Antenna,Downstream Antenna,9/24/2025,7,Bull Trout,R,Resident,W,Wild Fish or Natural Production,METHR - Methow River,HOOK,Hook and Line,377,1
3DD.003BD039BE,CGS-2025-253-MTT.xml,MRC - Methow River at Carlton,11/19/2025 3:43:17 AM,11/19/2025 3:43:17 AM,Single Array,Single Array,9/10/2025,7,Bull Trout,R,Resident,W,Wild Fish or Natural Production,METHR - Methow River,HOOK,Hook and Line,360,1
3DD.003BD039D2,CGS-2025-253-MTT.xml,MRC - Methow River at Carlton,11/20/2025 12:20:55 AM,11/20/2025 12:20:55 AM,Single Array,Single Array,9/17/2025,7,Bull Trout,R,Resident,W,Wild Fish or Natural Production,METHR - Methow River,HOOK,Hook and Line,444,1
3DD.003BD39C05,CGS-2022-123-BC1.xml,MRC - Methow River at Carlton,7/13/2022 2:29:11 AM,7/13/2022 2:29:11 AM,Single Array,Single Array,6/6/2022,7,Bull Trout,R,Resident,W,Wild Fish or Natural Production,WELLD2 - WEL - Release into the West Adult Fish Ladder,LADDER,Adult Passage Ladder,490,1
3DD.003BD39C05,CGS-2022-123-BC1.xml,"WEA - Wells Dam, DCPUD Adult Ladders",6/16/2022 3:36:12 PM,6/16/2022 3:37:54 PM,Left Ladder Pool 67,Left Ladder Pool 68,6/6/2022,7,Bull Trout,R,Resident,W,Wild Fish or Natural Production,WELLD2 - WEL - Release into the West Adult Fish Ladder,LADDER,Adult Passage Ladder,490,1
3DD.003BD39C05,CGS-2022-123-BC1.xml,WEH - Wells Dam Hatchery,6/6/2022 9:17:01 AM,6/6/2022 9:17:01 AM,Adult Fish Handling Facility Exit to Truck,Adult Fish Handling Facility Exit to Truck,6/6/2022,7,Bull Trout,R,Resident,W,Wild Fish or Natural Production,WELLD2 - WEL - Release into the West Adult Fish Ladder,LADDER,Adult Passage Ladder,490,1
3DD.003BD39C08,CGS-2022-123-BC1.xml,"WEA - Wells Dam, DCPUD Adult Ladders",5/26/2022 7:47:49 AM,5/26/2022 7:48:39 AM,Right Ladder Pool 67,Right Ladder Pool 68,5/24/2022,7,Bull Trout,R,Resident,W,Wild Fish or Natural Production,WELLD2 - WEL - Release into the West Adult Fish Ladder,LADDER,Adult Passage Ladder,620,1
3DD.003BD39C08,CGS-2022-123-BC1.xml,WEH - Wells Dam Hatchery,5/24/2022 8:50:53 AM,5/24/2022 8:50:53 AM,Adult Fish Handling Facility Exit to Truck,Adult Fish Handling Facility Exit to Truck,5/24/2022,7,Bull Trout,R,Resident,W,Wild Fish or Natural Production,WELLD2 - WEL - Release into the West Adult Fish Ladder,LADDER,Adult Passage Ladder,620,1
3DD.003BD39C14,CGS-2022-123-BC1.xml,"WEA - Wells Dam, DCPUD Adult Ladders",6/7/2022 1:05:17 PM,6/7/2022 9:53:38 PM,Right Ladder Pool 67,Right Ladder Pool 68,6/6/2022,7,Bull Trout,R,Resident,W,Wild Fish or Natural Production,WELLD2 - WEL - Release into the West Adult Fish Ladder,LADDER,Adult Passage Ladder,660,1
3DD.003BD39C14,CGS-2022-123-BC1.xml,WEH - Wells Dam Hatchery,6/6/2022 10:03:03 AM,6/6/2022 10:03:03 AM,Adult Fish Handling Facility Exit to Truck,Adult Fish Handling Facility Exit to Truck,6/6/2022,7,Bull Trout,R,Resident,W,Wild Fish or Natural Production,WELLD2 - WEL - Release into the West Adult Fish Ladder,LADDER,Adult Passage Ladder,660,1
3DD.003BD8EA15,CGS16122.EL1,"WEA - Wells Dam, DCPUD Adult Ladders",5/26/2016 12:04:22 AM,5/26/2016 12:04:22 AM,Right Ladder Pool 68,Right Ladder Pool 68,5/17/2016,7,Bull Trout,R,Resident,W,Wild Fish or Natural Production,WELLD1 - WEL - Release into the East Adult Fish Ladder,LADDER,Adult Passage Ladder,520,1
3DD.003BDC73F4,CGS16122.WL1,"WEA - Wells Dam, DCPUD Adult Ladders",5/27/2016 6:04:14 AM,5/27/2016 8:18:34 AM,Left Ladder Pool 19,Left Ladder Pool 67,5/17/2016,7,Bull Trout,R,Resident,W,Wild Fish or Natural Production,WELLD2 - WEL - Release into the West Adult Fish Ladder,LADDER,Adult Passage Ladder,720,1
3DD.003BDCA18F,CGS-2016-277-LF4.xml,TWR - Lwr Twisp Rvr near MSRF Ponds,9/24/2019 3:38:31 AM,9/24/2019 3:38:35 AM,UPPER IN-STREAM ARRAY,LOWER IN-STREAM ARRAY,10/3/2016,7,Bull Trout,R,Resident,W,Wild Fish or Natural Production,TWISPR - Twisp River,SHOCK,Electro-Shock,111,1
3DD.003BDCA1E4,CGS-2016-277-LF5.xml,TWR - Lwr Twisp Rvr near MSRF Ponds,4/25/2017 9:59:50 PM,4/25/2017 9:59:50 PM,UPPER IN-STREAM ARRAY,UPPER IN-STREAM ARRAY,10/3/2016,7,Bull Trout,R,Resident,W,Wild Fish or Natural Production,TWISPR - Twisp River,SHOCK,Electro-Shock,169,1
3DD.003BDCA1E9,CGS-2016-277-LF3.xml,TWR - Lwr Twisp Rvr near MSRF Ponds,10/24/2017 9:22:43 PM,10/24/2017 9:22:43 PM,LOWER IN-STREAM ARRAY,LOWER IN-STREAM ARRAY,10/3/2016,7,Bull Trout,R,Resident,W,Wild Fish or Natural Production,TWISPR - Twisp River,SHOCK,Electro-Shock,154,1
3DD.003BDCA202,CGS-2016-278-LF3.xml,18N - 1890s Channel Methow River,5/19/2017 1:46:31 AM,7/5/2017 12:14:15 AM,Downstream Array,Middle Array,10/4/2016,7,Bull Trout,R,Resident,W,Wild Fish or Natural Production,TWISPR - Twisp River,SHOCK,Electro-Shock,167,1
3DD.003BDCA202,CGS-2016-278-LF3.xml,ENL - Lower Entiat River,9/19/2017 5:38:08 AM,9/19/2017 5:38:08 AM,UPPER IN-STREAM ARRAY,UPPER IN-STREAM ARRAY,10/4/2016,7,Bull Trout,R,Resident,W,Wild Fish or Natural Production,TWISPR - Twisp River,SHOCK,Electro-Shock,167,1
3DD.003BDCA4D2,CGS-2016-271-LF2.xml,TWR - Lwr Twisp Rvr near MSRF Ponds,3/29/2019 11:36:46 PM,7/7/2020 10:13:56 PM,UPPER IN-STREAM ARRAY,LOWER IN-STREAM ARRAY,9/27/2016,7,Bull Trout,R,Resident,W,Wild Fish or Natural Production,TWISPR - Twisp River,SHOCK,Electro-Shock,74,1
3DD.003BDCA5C3,CGS-2016-272-LF1.xml,TWR - Lwr Twisp Rvr near MSRF Ponds,3/18/2017 9:15:27 PM,3/18/2017 9:15:36 PM,UPPER IN-STREAM ARRAY,LOWER IN-STREAM ARRAY,9/28/2016,7,Bull Trout,R,Resident,W,Wild Fish or Natural Production,TWISPR - Twisp River,SHOCK,Electro-Shock,150,1
3DD.003BDCA5C8,CGS-2016-272-LF1.xml,18N - 1890s Channel Methow River,7/3/2017 1:52:45 PM,12/23/2017 4:58:31 AM,Downstream Array,Middle Array,9/28/2016,7,Bull Trout,R,Resident,W,Wild Fish or Natural Production,TWISPR - Twisp River,SHOCK,Electro-Shock,123,1
3DD.003BDCA635,CGS-2016-267-LF1.xml,TWR - Lwr Twisp Rvr near MSRF Ponds,10/2/2016 8:22:28 PM,10/2/2016 8:22:28 PM,LOWER IN-STREAM ARRAY,LOWER IN-STREAM ARRAY,9/23/2016,7,Bull Trout,R,Resident,W,Wild Fish or Natural Production,TWISPR - Twisp River,SHOCK,Electro-Shock,196,1
3DD.003BDCA8A5,CGS-2016-272-LF3.xml,MRC - Methow River at Carlton,2/2/2019 12:18:22 AM,2/2/2019 12:18:22 AM,Single Array,Single Array,9/28/2016,7,Bull Trout,R,Resident,W,Wild Fish or Natural Production,TWISPR - Twisp River,SHOCK,Electro-Shock,105,1
3DD.003BDCA8A6,CGS-2016-273-LF3.xml,18N - 1890s Channel Methow River,6/16/2018 6:02:58 AM,6/21/2018 4:15:48 AM,Middle Array,Middle Array,9/29/2016,7,Bull Trout,R,Resident,W,Wild Fish or Natural Production,TWISPR - Twisp River,SHOCK,Electro-Shock,128,1
3DD.003BDCA8A7,CGS-2016-273-LFZ.xml,TWR - Lwr Twisp Rvr near MSRF Ponds,11/23/2017 3:24:50 AM,11/23/2017 3:24:54 AM,UPPER IN-STREAM ARRAY,LOWER IN-STREAM ARRAY,9/29/2016,7,Bull Trout,R,Resident,W,Wild Fish or Natural Production,TWISPR - Twisp River,SHOCK,Electro-Shock,134,1
3DD.003BDCA8B2,CGS-2016-273-LFZ.xml,TWR - Lwr Twisp Rvr near MSRF Ponds,10/25/2017 3:48:34 AM,10/25/2017 3:48:41 AM,UPPER IN-STREAM ARRAY,LOWER IN-STREAM ARRAY,9/29/2016,7,Bull Trout,R,Resident,W,Wild Fish or Natural Production,TWISPR - Twisp River,SHOCK,Electro-Shock,149,1
3DD.003BDCA8BC,CGS-2016-273-LF3.xml,TWR - Lwr Twisp Rvr near MSRF Ponds,11/1/2017 11:01:36 PM,11/1/2017 11:01:40 PM,UPPER IN-STREAM ARRAY,LOWER IN-STREAM ARRAY,9/29/2016,7,Bull Trout,R,Resident,W,Wild Fish or Natural Production,TWISPR - Twisp River,SHOCK,Electro-Shock,124,1
3DD.003BDCA8BF,CGS-2016-273-LF3.xml,TWR - Lwr Twisp Rvr near MSRF Ponds,2/2/2018 5:00:47 AM,2/2/2018 5:00:54 AM,UPPER IN-STREAM ARRAY,LOWER IN-STREAM ARRAY,9/29/2016,7,Bull Trout,R,Resident,W,Wild Fish or Natural Production,TWISPR - Twisp River,SHOCK,Electro-Shock,185,1
3DD.003BDCA8C1,CGS-2016-273-LFZ.xml,TWR - Lwr Twisp Rvr near MSRF Ponds,10/14/2017 7:58:14 PM,10/14/2017 7:58:14 PM,UPPER IN-STREAM ARRAY,UPPER IN-STREAM ARRAY,9/29/2016,7,Bull Trout,R,Resident,W,Wild Fish or Natural Production,TWISPR - Twisp River,SHOCK,Electro-Shock,133,1
3DD.003BDCA8CE,CGS-2016-273-LF3.xml,TWR - Lwr Twisp Rvr near MSRF Ponds,11/5/2016 5:52:30 PM,11/5/2016 5:52:30 PM,LOWER IN-STREAM ARRAY,LOWER IN-STREAM ARRAY,9/29/2016,7,Bull Trout,R,Resident,W,Wild Fish or Natural Production,TWISPR - Twisp River,SHOCK,Electro-Shock,208,1
3DD.003BDCA8D8,CGS-2016-273-LFZ.xml,LMR - Lower Methow River at Pateros,10/11/2017 10:17:54 PM,10/11/2017 10:18:16 PM,Upstream Array,Downstream Array,9/29/2016,7,Bull Trout,R,Resident,W,Wild Fish or Natural Production,TWISPR - Twisp River,SHOCK,Electro-Shock,200,1
3DD.003BDCA8D8,CGS-2016-273-LFZ.xml,MRC - Methow River at Carlton,7/3/2018 1:09:49 AM,7/3/2018 1:09:49 AM,Single Array,Single Array,9/29/2016,7,Bull Trout,R,Resident,W,Wild Fish or Natural Production,TWISPR - Twisp River,SHOCK,Electro-Shock,200,1
3DD.003BDCA8D8,CGS-2016-273-LFZ.xml,TWR - Lwr Twisp Rvr near MSRF Ponds,7/8/2018 12:49:01 AM,7/8/2018 12:52:22 AM,LOWER IN-STREAM ARRAY,UPPER IN-STREAM ARRAY,9/29/2016,7,Bull Trout,R,Resident,W,Wild Fish or Natural Production,TWISPR - Twisp River,SHOCK,Electro-Shock,200,1
3DD.003BDCA8EB,CGS-2016-273-LFZ.xml,TWR - Lwr Twisp Rvr near MSRF Ponds,10/2/2017 7:06:49 PM,10/2/2017 7:06:52 PM,UPPER IN-STREAM ARRAY,LOWER IN-STREAM ARRAY,9/29/2016,7,Bull Trout,R,Resident,W,Wild Fish or Natural Production,TWISPR - Twisp River,SHOCK,Electro-Shock,146,1
3DD.003BDCA9C8,CGS-2016-272-LF5.xml,MRC - Methow River at Carlton,2/9/2018 2:24:03 AM,2/9/2018 2:24:03 AM,Single Array,Single Array,9/28/2016,7,Bull Trout,R,Resident,W,Wild Fish or Natural Production,TWISPR - Twisp River,SHOCK,Electro-Shock,116,1
3DD.003BDCA9C8,CGS-2016-272-LF5.xml,TWR - Lwr Twisp Rvr near MSRF Ponds,12/8/2017 11:18:14 PM,12/8/2017 11:18:30 PM,UPPER IN-STREAM ARRAY,LOWER IN-STREAM ARRAY,9/28/2016,7,Bull Trout,R,Resident,W,Wild Fish or Natural Production,TWISPR - Twisp River,SHOCK,Electro-Shock,116,1
3DD.003BDCAA11,CGS-2016-272-LF5.xml,TWR - Lwr Twisp Rvr near MSRF Ponds,6/19/2019 9:57:55 PM,6/26/2021 11:55:24 AM,LOWER IN-STREAM ARRAY,UPPER IN-STREAM ARRAY,9/28/2016,7,Bull Trout,R,Resident,W,Wild Fish or Natural Production,TWISPR - Twisp River,SHOCK,Electro-Shock,138,1
3DD.003BDCAA83,CGS-2017-186-LBZ.xml,MSH - Methow Fish Hatchery Outfall,10/18/2018 4:53:08 AM,10/18/2018 4:53:08 AM,Trap,Trap,9/7/2017,7,Bull Trout,R,Resident,W,Wild Fish or Natural Production,TWISPR - Twisp River,HOOK,Hook and Line,174,1
3DD.003BDCAE21,CGS-2017-255-LFZ.xml,TWR - Lwr Twisp Rvr near MSRF Ponds,9/22/2019 10:47:01 PM,9/22/2019 10:47:06 PM,UPPER IN-STREAM ARRAY,LOWER IN-STREAM ARRAY,9/13/2017,7,Bull Trout,R,Resident,W,Wild Fish or Natural Production,TWISPR - Twisp River,SHOCK,Electro-Shock,110,1
3DD.003BDCAE2E,CGS-2017-255-LFZ.xml,TWR - Lwr Twisp Rvr near MSRF Ponds,9/13/2017 5:04:18 AM,9/27/2017 12:19:32 AM,LOWER IN-STREAM ARRAY,LOWER IN-STREAM ARRAY,9/12/2017,7,Bull Trout,R,Resident,W,Wild Fish or Natural Production,TWISPR - Twisp River,SHOCK,Electro-Shock,179,1
3DD.003BDCBC3E,CGS-2016-272-LF4.xml,MRC - Methow River at Carlton,7/16/2017 4:17:17 AM,8/20/2017 8:09:43 PM,Single Array,Single Array,9/28/2016,7,Bull Trout,R,Resident,W,Wild Fish or Natural Production,TWISPR - Twisp River,SHOCK,Electro-Shock,166,1
3DD.003BDCBC3F,CGS-2016-272-LF4.xml,"BVC - Beaver Creek, Methow River",9/23/2017 7:42:28 PM,9/23/2017 7:42:33 PM,Upstream Antenna,Downstream Antenna,9/28/2016,7,Bull Trout,R,Resident,W,Wild Fish or Natural Production,TWISPR - Twisp River,SHOCK,Electro-Shock,119,1
3DD.003BDCBC4A,CGS-2016-272-LF4.xml,MRC - Methow River at Carlton,1/25/2018 5:24:39 AM,4/14/2018 6:59:57 PM,Single Array,Single Array,9/28/2016,7,Bull Trout,R,Resident,W,Wild Fish or Natural Production,TWISPR - Twisp River,SHOCK,Electro-Shock,213,1
3DD.003BDCBC4A,CGS-2016-272-LF4.xml,TWR - Lwr Twisp Rvr near MSRF Ponds,4/22/2017 9:52:03 PM,6/20/2024 7:48:19 PM,UPPER IN-STREAM ARRAY,UPPER IN-STREAM ARRAY,9/28/2016,7,Bull Trout,R,Resident,W,Wild Fish or Natural Production,TWISPR - Twisp River,SHOCK,Electro-Shock,213,1
3DD.003BDCBC7A,CGS-2016-272-LF4.xml,TWR - Lwr Twisp Rvr near MSRF Ponds,10/21/2017 11:53:38 PM,10/21/2017 11:53:42 PM,UPPER IN-STREAM ARRAY,LOWER IN-STREAM ARRAY,9/28/2016,7,Bull Trout,R,Resident,W,Wild Fish or Natural Production,TWISPR - Twisp River,SHOCK,Electro-Shock,130,1
3DD.003BDD5F6D,NBD-2018-178-001.xml,UWE - Upper Wenatchee River,9/26/2018 7:05:07 AM,9/26/2018 7:05:07 AM,IN-STREAM ARRAY,IN-STREAM ARRAY,6/29/2018,7,Bull Trout,R,Resident,W,Wild Fish or Natural Production,CHIWAR - Chiwawa River,WTRAP,Weir Trap,480,1
3DD.003BDD5F6E,NBD-2018-178-001.xml,CHU - Upper Chiwawa River,6/29/2018 11:32:24 PM,9/24/2018 4:06:37 AM,LOWER IN-STREAM ARRAY,LOWER IN-STREAM ARRAY,6/29/2018,7,Bull Trout,R,Resident,W,Wild Fish or Natural Production,CHIWAR - Chiwawa River,WTRAP,Weir Trap,640,1
3DD.003BDD5F6E,NBD-2018-178-001.xml,UWE - Upper Wenatchee River,9/26/2018 1:56:04 AM,9/26/2018 1:56:05 AM,IN-STREAM ARRAY,IN-STREAM ARRAY,6/29/2018,7,Bull Trout,R,Resident,W,Wild Fish or Natural Production,CHIWAR - Chiwawa River,WTRAP,Weir Trap,640,1
3DD.003BDD5F6F,NBD-2018-178-001.xml,CHL - Lower Chiwawa River,7/18/2019 12:32:26 AM,7/23/2020 9:47:05 PM,UPPER IN-STREAM ARRAY,LOWER IN-STREAM ARRAY,7/1/2018,7,Bull Trout,R,Resident,W,Wild Fish or Natural Production,CHIWAR - Chiwawa River,WTRAP,Weir Trap,470,1
3DD.003BDD5F6F,NBD-2018-178-001.xml,CHU - Upper Chiwawa River,10/1/2018 1:25:56 AM,9/22/2019 7:02:30 PM,UPPER IN-STREAM ARRAY,LOWER IN-STREAM ARRAY,7/1/2018,7,Bull Trout,R,Resident,W,Wild Fish or Natural Production,CHIWAR - Chiwawa River,WTRAP,Weir Trap,470,1
3DD.003BDD5F6F,NBD-2018-178-001.xml,UWE - Upper Wenatchee River,10/2/2018 4:40:10 AM,9/23/2019 1:10:13 AM,IN-STREAM ARRAY,IN-STREAM ARRAY,7/1/2018,7,Bull Trout,R,Resident,W,Wild Fish or Natural Production,CHIWAR - Chiwawa River,WTRAP,Weir Trap,470,1
3DD.003BDD5F72,NBD-2018-178-001.xml,CHL - Lower Chiwawa River,10/7/2019 5:32:15 AM,9/29/2020 7:06:01 PM,UPPER IN-STREAM ARRAY,UPPER IN-STREAM ARRAY,6/29/2018,7,Bull Trout,R,Resident,W,Wild Fish or Natural Production,CHIWAR - Chiwawa River,WTRAP,Weir Trap,470,1
3DD.003BDD5F72,NBD-2018-178-001.xml,CHU - Upper Chiwawa River,10/7/2019 1:24:30 AM,10/7/2019 1:24:40 AM,UPPER IN-STREAM ARRAY,LOWER IN-STREAM ARRAY,6/29/2018,7,Bull Trout,R,Resident,W,Wild Fish or Natural Production,CHIWAR - Chiwawa River,WTRAP,Weir Trap,470,1
3DD.003BDD5F72,NBD-2018-178-001.xml,UWE - Upper Wenatchee River,9/27/2018 10:54:07 PM,9/29/2020 11:29:55 PM,IN-STREAM ARRAY,IN-STREAM ARRAY,6/29/2018,7,Bull Trout,R,Resident,W,Wild Fish or Natural Production,CHIWAR - Chiwawa River,WTRAP,Weir Trap,470,1
3DD.003BDD5F73,NBD-2018-178-001.xml,CHL - Lower Chiwawa River,9/21/2019 8:56:13 PM,9/19/2020 10:58:50 PM,UPPER IN-STREAM ARRAY,LOWER IN-STREAM ARRAY,6/27/2018,7,Bull Trout,R,Resident,W,Wild Fish or Natural Production,CHIWAR - Chiwawa River,WTRAP,Weir Trap,570,1
3DD.003BDD5F73,NBD-2018-178-001.xml,CHU - Upper Chiwawa River,6/28/2018 4:18:11 AM,9/22/2021 4:38:28 AM,LOWER IN-STREAM ARRAY,LOWER IN-STREAM ARRAY,6/27/2018,7,Bull Trout,R,Resident,W,Wild Fish or Natural Production,CHIWAR - Chiwawa River,WTRAP,Weir Trap,570,1
3DD.003BDD5F73,NBD-2018-178-001.xml,NAL - Lower Nason Creek,11/3/2018 7:56:01 PM,11/12/2021 3:30:17 AM,LOWER IN-STREAM ARRAY,LOWER IN-STREAM ARRAY,6/27/2018,7,Bull Trout,R,Resident,W,Wild Fish or Natural Production,CHIWAR - Chiwawa River,WTRAP,Weir Trap,570,1
3DD.003BDD5F73,NBD-2018-178-001.xml,UWE - Upper Wenatchee River,9/21/2019 10:53:35 PM,9/23/2021 12:30:02 AM,IN-STREAM ARRAY,IN-STREAM ARRAY,6/27/2018,7,Bull Trout,R,Resident,W,Wild Fish or Natural Production,CHIWAR - Chiwawa River,WTRAP,Weir Trap,570,1
3DD.003BDD5F75,NBD-2018-178-001.xml,CHL - Lower Chiwawa River,9/19/2018 9:41:05 PM,9/22/2019 7:43:21 PM,UPPER IN-STREAM ARRAY,LOWER IN-STREAM ARRAY,6/29/2018,7,Bull Trout,R,Resident,W,Wild Fish or Natural Production,CHIWAR - Chiwawa River,WTRAP,Weir Trap,520,1
3DD.003BDD5F75,NBD-2018-178-001.xml,CHU - Upper Chiwawa River,6/30/2018 3:35:27 AM,9/22/2019 12:28:32 AM,UPPER IN-STREAM ARRAY,LOWER IN-STREAM ARRAY,6/29/2018,7,Bull Trout,R,Resident,W,Wild Fish or Natural Production,CHIWAR - Chiwawa River,WTRAP,Weir Trap,520,1
3DD.003BDD5F75,NBD-2018-178-001.xml,UWE - Upper Wenatchee River,9/20/2018 3:15:56 AM,9/22/2019 9:53:39 PM,IN-STREAM ARRAY,IN-STREAM ARRAY,6/29/2018,7,Bull Trout,R,Resident,W,Wild Fish or Natural Production,CHIWAR - Chiwawa River,WTRAP,Weir Trap,520,1
3DD.003BDD5F75,NBD-2018-178-001.xml,"WTL - White River, Wenatchee Basin",9/29/2019 6:23:44 PM,9/30/2019 7:02:42 PM,LOWER IN-STREAM ARRAY,LOWER IN-STREAM ARRAY,6/29/2018,7,Bull Trout,R,Resident,W,Wild Fish or Natural Production,CHIWAR - Chiwawa River,WTRAP,Weir Trap,520,1
3DD.003BDD5F76,NBD-2018-178-001.xml,CHL - Lower Chiwawa River,9/28/2018 9:35:45 PM,9/21/2023 8:55:33 PM,UPPER IN-STREAM ARRAY,LOWER IN-STREAM ARRAY,6/27/2018,7,Bull Trout,R,Resident,W,Wild Fish or Natural Production,CHIWAR - Chiwawa River,WTRAP,Weir Trap,540,1
3DD.003BDD5F76,NBD-2018-178-001.xml,CHU - Upper Chiwawa River,7/1/2018 7:23:54 AM,9/20/2021 9:32:38 PM,LOWER IN-STREAM ARRAY,LOWER IN-STREAM ARRAY,6/27/2018,7,Bull Trout,R,Resident,W,Wild Fish or Natural Production,CHIWAR - Chiwawa River,WTRAP,Weir Trap,540,1
3DD.003BDD5F76,NBD-2018-178-001.xml,UWE - Upper Wenatchee River,6/10/2019 2:05:33 AM,9/23/2022 12:55:28 AM,IN-STREAM ARRAY,IN-STREAM ARRAY,6/27/2018,7,Bull Trout,R,Resident,W,Wild Fish or Natural Production,CHIWAR - Chiwawa River,WTRAP,Weir Trap,540,1
3DD.003BDD5F77,NBD18180.AAZ,UWE - Upper Wenatchee River,7/3/2018 4:39:15 AM,7/3/2018 4:39:15 AM,IN-STREAM ARRAY,IN-STREAM ARRAY,6/29/2018,7,Bull Trout,R,Resident,W,Wild Fish or Natural Production,"CHIWAT - Chiwawa River Trap, 0.5 km below CHIP acclimation pond",SCREWT,Screw Trap,165,1
3DD.003BDD5F78,NBD-2018-178-001.xml,CHL - Lower Chiwawa River,6/10/2019 2:00:08 AM,9/23/2020 6:45:29 PM,LOWER IN-STREAM ARRAY,LOWER IN-STREAM ARRAY,6/29/2018,7,Bull Trout,R,Resident,W,Wild Fish or Natural Production,CHIWAR - Chiwawa River,WTRAP,Weir Trap,520,1
3DD.003BDD5F78,NBD-2018-178-001.xml,CHU - Upper Chiwawa River,9/28/2018 2:54:33 AM,9/22/2020 4:41:51 AM,LOWER IN-STREAM ARRAY,LOWER IN-STREAM ARRAY,6/29/2018,7,Bull Trout,R,Resident,W,Wild Fish or Natural Production,CHIWAR - Chiwawa River,WTRAP,Weir Trap,520,1
3DD.003BDD5F78,NBD-2018-178-001.xml,UWE - Upper Wenatchee River,9/29/2018 10:00:19 PM,9/25/2019 12:26:58 AM,IN-STREAM ARRAY,IN-STREAM ARRAY,6/29/2018,7,Bull Trout,R,Resident,W,Wild Fish or Natural Production,CHIWAR - Chiwawa River,WTRAP,Weir Trap,520,1
3DD.003BDD5F7A,NBD-2018-178-001.xml,UWE - Upper Wenatchee River,12/23/2018 5:54:58 AM,12/23/2018 5:55:02 AM,IN-STREAM ARRAY,IN-STREAM ARRAY,7/1/2018,7,Bull Trout,R,Resident,W,Wild Fish or Natural Production,CHIWAR - Chiwawa River,WTRAP,Weir Trap,530,1
3DD.003BDD5F7E,NBD-2018-178-001.xml,CHU - Upper Chiwawa River,10/3/2018 12:07:52 AM,6/21/2019 12:45:48 AM,LOWER IN-STREAM ARRAY,LOWER IN-STREAM ARRAY,6/29/2018,7,Bull Trout,R,Resident,W,Wild Fish or Natural Production,CHIWAR - Chiwawa River,WTRAP,Weir Trap,470,1
3DD.003BDD5F7E,NBD-2018-178-001.xml,UWE - Upper Wenatchee River,12/2/2018 4:35:15 AM,12/2/2018 4:35:18 AM,IN-STREAM ARRAY,IN-STREAM ARRAY,6/29/2018,7,Bull Trout,R,Resident,W,Wild Fish or Natural Production,CHIWAR - Chiwawa River,WTRAP,Weir Trap,470,1
3DD.003BDD5F80,NBD-2018-178-001.xml,"WTL - White River, Wenatchee Basin",9/21/2018 3:47:56 PM,9/21/2018 3:47:56 PM,LOWER IN-STREAM ARRAY,LOWER IN-STREAM ARRAY,6/29/2018,7,Bull Trout,R,Resident,W,Wild Fish or Natural Production,CHIWAR - Chiwawa River,WTRAP,Weir Trap,570,1
3DD.003BDD5F81,NBD-2018-178-001.xml,CHU - Upper Chiwawa River,7/1/2018 4:06:18 PM,9/30/2018 9:37:15 PM,UPPER IN-STREAM ARRAY,LOWER IN-STREAM ARRAY,7/1/2018,7,Bull Trout,R,Resident,W,Wild Fish or Natural Production,CHIWAR - Chiwawa River,WTRAP,Weir Trap,540,1
3DD.003BDD5F81,NBD-2018-178-001.xml,UWE - Upper Wenatchee River,10/2/2018 12:34:12 AM,10/2/2018 12:34:12 AM,IN-STREAM ARRAY,IN-STREAM ARRAY,7/1/2018,7,Bull Trout,R,Resident,W,Wild Fish or Natural Production,CHIWAR - Chiwawa River,WTRAP,Weir Trap,540,1
3DD.003BDD5F83,NBD-2018-178-001.xml,CHU - Upper Chiwawa River,9/26/2018 2:34:40 AM,9/26/2018 2:34:40 AM,LOWER IN-STREAM ARRAY,LOWER IN-STREAM ARRAY,7/1/2018,7,Bull Trout,R,Resident,W,Wild Fish or Natural Production,CHIWAR - Chiwawa River,WTRAP,Weir Trap,460,1
3DD.003BDD5F83,NBD-2018-178-001.xml,UWE - Upper Wenatchee River,9/27/2018 2:00:31 AM,9/27/2018 2:00:31 AM,IN-STREAM ARRAY,IN-STREAM ARRAY,7/1/2018,7,Bull Trout,R,Resident,W,Wild Fish or Natural Production,CHIWAR - Chiwawa River,WTRAP,Weir Trap,460,1
3DD.003BDD5F86,NBD18166.AAZ,CHW - Chiwaukum Creek,7/6/2018 4:45:14 AM,8/5/2018 6:13:21 AM,UPSTREAM ARRAY,DOWNSTREAM ARRAY,6/15/2018,7,Bull Trout,R,Resident,W,Wild Fish or Natural Production,"CHIWAT - Chiwawa River Trap, 0.5 km below CHIP acclimation pond",SCREWT,Screw Trap,150,1
3DD.003BDD5F87,NBD-2018-178-001.xml,CHL - Lower Chiwawa River,10/8/2020 2:40:09 AM,10/8/2020 2:40:09 AM,LOWER IN-STREAM ARRAY,LOWER IN-STREAM ARRAY,7/1/2018,7,Bull Trout,R,Resident,W,Wild Fish or Natural Production,CHIWAR - Chiwawa River,WTRAP,Weir Trap,470,1
3DD.003BDD5F87,NBD-2018-178-001.xml,CHU - Upper Chiwawa River,8/13/2020 9:11:42 PM,10/7/2020 9:28:09 PM,LOWER IN-STREAM ARRAY,LOWER IN-STREAM ARRAY,7/1/2018,7,Bull Trout,R,Resident,W,Wild Fish or Natural Production,CHIWAR - Chiwawa River,WTRAP,Weir Trap,470,1
3DD.003BDD5F87,NBD-2018-178-001.xml,UWE - Upper Wenatchee River,10/6/2018 1:28:12 AM,8/10/2020 11:51:28 PM,IN-STREAM ARRAY,IN-STREAM ARRAY,7/1/2018,7,Bull Trout,R,Resident,W,Wild Fish or Natural Production,CHIWAR - Chiwawa River,WTRAP,Weir Trap,470,1
3DD.003BDD5F89,NBD-2018-178-001.xml,CHU - Upper Chiwawa River,6/29/2018 2:12:26 PM,6/29/2018 2:12:26 PM,LOWER IN-STREAM ARRAY,LOWER IN-STREAM ARRAY,6/29/2018,7,Bull Trout,R,Resident,W,Wild Fish or Natural Production,CHIWAR - Chiwawa River,WTRAP,Weir Trap,450,1
3DD.003BDD5F89,NBD-2018-178-001.xml,UWE - Upper Wenatchee River,9/20/2018 10:16:18 PM,9/20/2018 10:16:18 PM,IN-STREAM ARRAY,IN-STREAM ARRAY,6/29/2018,7,Bull Trout,R,Resident,W,Wild Fish or Natural Production,CHIWAR - Chiwawa River,WTRAP,Weir Trap,450,1
3DD.003BDD5F8C,NBD-2018-178-001.xml,CHL - Lower Chiwawa River,9/25/2018 8:25:39 PM,9/25/2018 8:25:39 PM,UPPER IN-STREAM ARRAY,UPPER IN-STREAM ARRAY,6/29/2018,7,Bull Trout,R,Resident,W,Wild Fish or Natural Production,CHIWAR - Chiwawa River,WTRAP,Weir Trap,510,1
3DD.003BDD5F8C,NBD-2018-178-001.xml,CHU - Upper Chiwawa River,6/29/2018 8:53:26 PM,6/29/2018 8:53:50 PM,LOWER IN-STREAM ARRAY,UPPER IN-STREAM ARRAY,6/29/2018,7,Bull Trout,R,Resident,W,Wild Fish or Natural Production,CHIWAR - Chiwawa River,WTRAP,Weir Trap,510,1
3DD.003BDD5F8C,NBD-2018-178-001.xml,UWE - Upper Wenatchee River,9/26/2018 8:11:20 AM,9/26/2018 8:11:21 AM,IN-STREAM ARRAY,IN-STREAM ARRAY,6/29/2018,7,Bull Trout,R,Resident,W,Wild Fish or Natural Production,CHIWAR - Chiwawa River,WTRAP,Weir Trap,510,1
3DD.003BDD5F8C,NBD-2018-178-001.xml,"WTL - White River, Wenatchee Basin",10/17/2018 2:20:52 AM,2/27/2020 3:03:43 AM,UPPER IN-STREAM ARRAY,UPPER IN-STREAM ARRAY,6/29/2018,7,Bull Trout,R,Resident,W,Wild Fish or Natural Production,CHIWAR - Chiwawa River,WTRAP,Weir Trap,510,1
3DD.003BDD5F8D,NBD-2018-178-001.xml,CHL - Lower Chiwawa River,10/2/2021 1:47:06 PM,10/2/2021 1:47:17 PM,UPPER IN-STREAM ARRAY,LOWER IN-STREAM ARRAY,6/29/2018,7,Bull Trout,R,Resident,W,Wild Fish or Natural Production,CHIWAR - Chiwawa River,WTRAP,Weir Trap,500,1
3DD.003BDD5F8D,NBD-2018-178-001.xml,CHU - Upper Chiwawa River,9/29/2018 8:48:09 PM,10/2/2021 12:13:40 AM,LOWER IN-STREAM ARRAY,LOWER IN-STREAM ARRAY,6/29/2018,7,Bull Trout,R,Resident,W,Wild Fish or Natural Production,CHIWAR - Chiwawa River,WTRAP,Weir Trap,500,1
3DD.003BDD5F8D,NBD-2018-178-001.xml,UWE - Upper Wenatchee River,10/2/2018 5:43:01 AM,9/26/2020 5:17:24 AM,IN-STREAM ARRAY,IN-STREAM ARRAY,6/29/2018,7,Bull Trout,R,Resident,W,Wild Fish or Natural Production,CHIWAR - Chiwawa River,WTRAP,Weir Trap,500,1
3DD.003BDD5F8E,NBD-2018-167-AAZ.xml,NAL - Lower Nason Creek,11/29/2018 12:33:48 AM,11/29/2018 12:33:48 AM,UPPER IN-STREAM ARRAY,UPPER IN-STREAM ARRAY,6/18/2018,7,Bull Trout,R,Resident,W,Wild Fish or Natural Production,"CHIWAT - Chiwawa River Trap, 0.5 km below CHIP acclimation pond",SCREWT,Screw Trap,152,1
3DD.003BDD5F8E,NBD-2018-167-AAZ.xml,NAU - Upper Nason Creek,7/24/2018 11:29:50 PM,8/4/2018 2:53:11 AM,LOWER IN-STREAM ARRAY,LOWER IN-STREAM ARRAY,6/18/2018,7,Bull Trout,R,Resident,W,Wild Fish or Natural Production,"CHIWAT - Chiwawa River Trap, 0.5 km below CHIP acclimation pond",SCREWT,Screw Trap,152,1
3DD.003BDD5F92,NBD-2018-178-001.xml,CHL - Lower Chiwawa River,9/23/2020 4:59:38 AM,9/23/2020 4:59:38 AM,UPPER IN-STREAM ARRAY,UPPER IN-STREAM ARRAY,6/27/2018,7,Bull Trout,R,Resident,W,Wild Fish or Natural Production,CHIWAR - Chiwawa River,WTRAP,Weir Trap,600,1
3DD.003BDD5F92,NBD-2018-178-001.xml,CHU - Upper Chiwawa River,9/22/2018 4:00:58 AM,9/20/2021 1:41:05 AM,UPPER IN-STREAM ARRAY,LOWER IN-STREAM ARRAY,6/27/2018,7,Bull Trout,R,Resident,W,Wild Fish or Natural Production,CHIWAR - Chiwawa River,WTRAP,Weir Trap,600,1
3DD.003BDD5F92,NBD-2018-178-001.xml,LWN - Little Wenatchee River,10/27/2018 1:48:49 AM,11/2/2018 7:19:17 PM,LOWER IN-STREAM ARRAY,LOWER IN-STREAM ARRAY,6/27/2018,7,Bull Trout,R,Resident,W,Wild Fish or Natural Production,CHIWAR - Chiwawa River,WTRAP,Weir Trap,600,1
3DD.003BDD5F92,NBD-2018-178-001.xml,UWE - Upper Wenatchee River,9/24/2018 12:03:29 AM,9/23/2020 8:18:14 PM,IN-STREAM ARRAY,IN-STREAM ARRAY,6/27/2018,7,Bull Trout,R,Resident,W,Wild Fish or Natural Production,CHIWAR - Chiwawa River,WTRAP,Weir Trap,600,1
3DD.003BDD5F96,NBD-2018-178-001.xml,CHL - Lower Chiwawa River,7/20/2019 10:57:39 PM,7/20/2019 10:57:39 PM,UPPER IN-STREAM ARRAY,UPPER IN-STREAM ARRAY,6/27/2018,7,Bull Trout,R,Resident,W,Wild Fish or Natural Production,CHIWAR - Chiwawa River,WTRAP,Weir Trap,510,1
3DD.003BDD5F96,NBD-2018-178-001.xml,CHU - Upper Chiwawa River,7/23/2019 2:48:13 AM,7/23/2019 2:48:15 AM,LOWER IN-STREAM ARRAY,LOWER IN-STREAM ARRAY,6/27/2018,7,Bull Trout,R,Resident,W,Wild Fish or Natural Production,CHIWAR - Chiwawa River,WTRAP,Weir Trap,510,1
3DD.003BDD5F96,NBD-2018-178-001.xml,UWE - Upper Wenatchee River,7/13/2018 3:07:02 AM,7/13/2018 3:07:02 AM,IN-STREAM ARRAY,IN-STREAM ARRAY,6/27/2018,7,Bull Trout,R,Resident,W,Wild Fish or Natural Production,CHIWAR - Chiwawa River,WTRAP,Weir Trap,510,1
3DD.003BDD5F99,NBD-2018-178-001.xml,CHU - Upper Chiwawa River,7/6/2018 7:39:06 AM,9/27/2018 10:33:37 PM,LOWER IN-STREAM ARRAY,LOWER IN-STREAM ARRAY,6/29/2018,7,Bull Trout,R,Resident,W,Wild Fish or Natural Production,CHIWAR - Chiwawa River,WTRAP,Weir Trap,460,1
3DD.003BDD5F9A,NBD18171.AAZ,CHW - Chiwaukum Creek,9/1/2018 11:15:55 PM,9/1/2018 11:16:03 PM,UPSTREAM ARRAY,DOWNSTREAM ARRAY,6/20/2018,7,Bull Trout,R,Resident,W,Wild Fish or Natural Production,"CHIWAT - Chiwawa River Trap, 0.5 km below CHIP acclimation pond",SCREWT,Screw Trap,157,1
3DD.003BDD5F9A,NBD18171.AAZ,ICM - Middle Icicle Instream Array,9/9/2018 8:53:35 AM,9/17/2018 8:16:12 PM,Downstream Array,Downstream Array,6/20/2018,7,Bull Trout,R,Resident,W,Wild Fish or Natural Production,"CHIWAT - Chiwawa River Trap, 0.5 km below CHIP acclimation pond",SCREWT,Screw Trap,157,1
3DD.003BDD5F9C,NBD-2018-178-001.xml,CHL - Lower Chiwawa River,9/22/2019 6:39:45 PM,9/22/2019 6:39:45 PM,LOWER IN-STREAM ARRAY,LOWER IN-STREAM ARRAY,6/27/2018,7,Bull Trout,R,Resident,W,Wild Fish or Natural Production,CHIWAR - Chiwawa River,WTRAP,Weir Trap,550,1
3DD.003BDD5F9C,NBD-2018-178-001.xml,CHU - Upper Chiwawa River,6/27/2018 8:40:22 PM,9/21/2019 11:53:01 PM,UPPER IN-STREAM ARRAY,UPPER IN-STREAM ARRAY,6/27/2018,7,Bull Trout,R,Resident,W,Wild Fish or Natural Production,CHIWAR - Chiwawa River,WTRAP,Weir Trap,550,1
3DD.003BDD5F9C,NBD-2018-178-001.xml,UWE - Upper Wenatchee River,9/20/2018 2:22:21 AM,9/22/2019 8:58:08 PM,IN-STREAM ARRAY,IN-STREAM ARRAY,6/27/2018,7,Bull Trout,R,Resident,W,Wild Fish or Natural Production,CHIWAR - Chiwawa River,WTRAP,Weir Trap,550,1
3DD.003BDD5F9D,NBD-2018-178-001.xml,CHL - Lower Chiwawa River,9/30/2019 6:55:07 PM,6/20/2021 3:27:37 PM,UPPER IN-STREAM ARRAY,UPPER IN-STREAM ARRAY,6/27/2018,7,Bull Trout,R,Resident,W,Wild Fish or Natural Production,CHIWAR - Chiwawa River,WTRAP,Weir Trap,540,1
3DD.003BDD5F9D,NBD-2018-178-001.xml,CHU - Upper Chiwawa River,6/7/2019 1:08:37 AM,9/27/2021 7:01:04 PM,LOWER IN-STREAM ARRAY,LOWER IN-STREAM ARRAY,6/27/2018,7,Bull Trout,R,Resident,W,Wild Fish or Natural Production,CHIWAR - Chiwawa River,WTRAP,Weir Trap,540,1
3DD.003BDD5F9D,NBD-2018-178-001.xml,UWE - Upper Wenatchee River,12/5/2018 12:13:51 AM,2/20/2022 6:27:53 AM,IN-STREAM ARRAY,IN-STREAM ARRAY,6/27/2018,7,Bull Trout,R,Resident,W,Wild Fish or Natural Production,CHIWAR - Chiwawa River,WTRAP,Weir Trap,540,1
3DD.003BDD5F9E,NBD-2018-178-001.xml,UWE - Upper Wenatchee River,9/30/2018 2:04:11 AM,2/8/2019 6:53:40 AM,IN-STREAM ARRAY,IN-STREAM ARRAY,6/27/2018,7,Bull Trout,R,Resident,W,Wild Fish or Natural Production,CHIWAR - Chiwawa River,WTRAP,Weir Trap,540,1
3DD.003BDD5FA0,NBD-2018-178-001.xml,CHL - Lower Chiwawa River,9/24/2018 3:34:43 AM,9/24/2023 8:19:30 PM,UPPER IN-STREAM ARRAY,LOWER IN-STREAM ARRAY,7/1/2018,7,Bull Trout,R,Resident,W,Wild Fish or Natural Production,CHIWAR - Chiwawa River,WTRAP,Weir Trap,580,1
3DD.003BDD5FA0,NBD-2018-178-001.xml,CHU - Upper Chiwawa River,9/23/2018 10:44:17 PM,9/24/2023 12:27:00 AM,LOWER IN-STREAM ARRAY,LOWER IN-STREAM ARRAY,7/1/2018,7,Bull Trout,R,Resident,W,Wild Fish or Natural Production,CHIWAR - Chiwawa River,WTRAP,Weir Trap,580,1
3DD.003BDD5FA0,NBD-2018-178-001.xml,NAL - Lower Nason Creek,10/26/2018 8:38:04 PM,10/20/2023 5:53:32 AM,LOWER IN-STREAM ARRAY,LOWER IN-STREAM ARRAY,7/1/2018,7,Bull Trout,R,Resident,W,Wild Fish or Natural Production,CHIWAR - Chiwawa River,WTRAP,Weir Trap,580,1
3DD.003BDD5FA0,NBD-2018-178-001.xml,UWE - Upper Wenatchee River,9/25/2018 6:09:57 AM,9/26/2022 7:23:19 PM,IN-STREAM ARRAY,IN-STREAM ARRAY,7/1/2018,7,Bull Trout,R,Resident,W,Wild Fish or Natural Production,CHIWAR - Chiwawa River,WTRAP,Weir Trap,580,1
3DD.003BDD5FA1,NBD-2018-178-001.xml,CHL - Lower Chiwawa River,6/14/2019 3:54:08 AM,10/6/2019 8:23:33 PM,UPPER IN-STREAM ARRAY,UPPER IN-STREAM ARRAY,6/29/2018,7,Bull Trout,R,Resident,W,Wild Fish or Natural Production,CHIWAR - Chiwawa River,WTRAP,Weir Trap,570,1
3DD.003BDD5FA1,NBD-2018-178-001.xml,CHU - Upper Chiwawa River,10/3/2018 1:01:05 AM,10/5/2019 8:35:01 PM,LOWER IN-STREAM ARRAY,LOWER IN-STREAM ARRAY,6/29/2018,7,Bull Trout,R,Resident,W,Wild Fish or Natural Production,CHIWAR - Chiwawa River,WTRAP,Weir Trap,570,1
3DD.003BDD5FA1,NBD-2018-178-001.xml,UWE - Upper Wenatchee River,10/4/2018 7:50:06 PM,11/1/2019 11:29:27 AM,IN-STREAM ARRAY,IN-STREAM ARRAY,6/29/2018,7,Bull Trout,R,Resident,W,Wild Fish or Natural Production,CHIWAR - Chiwawa River,WTRAP,Weir Trap,570,1
3DD.003BDD5FA2,NBD-2018-178-001.xml,CHL - Lower Chiwawa River,9/23/2019 8:04:55 PM,9/24/2022 8:15:28 PM,LOWER IN-STREAM ARRAY,LOWER IN-STREAM ARRAY,6/27/2018,7,Bull Trout,R,Resident,W,Wild Fish or Natural Production,CHIWAR - Chiwawa River,WTRAP,Weir Trap,550,1
3DD.003BDD5FA2,NBD-2018-178-001.xml,CHU - Upper Chiwawa River,6/14/2019 12:59:02 PM,9/25/2021 6:41:20 PM,LOWER IN-STREAM ARRAY,LOWER IN-STREAM ARRAY,6/27/2018,7,Bull Trout,R,Resident,W,Wild Fish or Natural Production,CHIWAR - Chiwawa River,WTRAP,Weir Trap,550,1
3DD.003BDD5FA2,NBD-2018-178-001.xml,UWE - Upper Wenatchee River,9/25/2018 1:35:16 AM,3/30/2023 10:47:04 PM,IN-STREAM ARRAY,IN-STREAM ARRAY,6/27/2018,7,Bull Trout,R,Resident,W,Wild Fish or Natural Production,CHIWAR - Chiwawa River,WTRAP,Weir Trap,550,1
3DD.003BDD5FA3,NBD-2018-178-001.xml,CHU - Upper Chiwawa River,7/2/2018 5:03:49 AM,10/15/2018 5:07:46 AM,LOWER IN-STREAM ARRAY,LOWER IN-STREAM ARRAY,7/1/2018,7,Bull Trout,R,Resident,W,Wild Fish or Natural Production,CHIWAR - Chiwawa River,WTRAP,Weir Trap,500,1
3DD.003BDD5FA3,NBD-2018-178-001.xml,UWE - Upper Wenatchee River,10/16/2018 2:40:20 AM,10/16/2018 2:40:20 AM,IN-STREAM ARRAY,IN-STREAM ARRAY,7/1/2018,7,Bull Trout,R,Resident,W,Wild Fish or Natural Production,CHIWAR - Chiwawa River,WTRAP,Weir Trap,500,1
3DD.003BDD5FA4,NBD-2018-178-001.xml,CHU - Upper Chiwawa River,6/29/2018 8:54:06 PM,6/29/2018 8:54:58 PM,LOWER IN-STREAM ARRAY,UPPER IN-STREAM ARRAY,6/29/2018,7,Bull Trout,R,Resident,W,Wild Fish or Natural Production,CHIWAR - Chiwawa River,WTRAP,Weir Trap,470,1
3DD.003BDD5FA4,NBD-2018-178-001.xml,UWE - Upper Wenatchee River,11/6/2018 4:08:08 AM,11/6/2018 4:08:09 AM,IN-STREAM ARRAY,IN-STREAM ARRAY,6/29/2018,7,Bull Trout,R,Resident,W,Wild Fish or Natural Production,CHIWAR - Chiwawa River,WTRAP,Weir Trap,470,1
3DD.003BDD5FA5,NBD-2018-178-001.xml,CHL - Lower Chiwawa River,7/25/2019 9:09:31 PM,7/15/2020 10:17:23 PM,UPPER IN-STREAM ARRAY,LOWER IN-STREAM ARRAY,7/1/2018,7,Bull Trout,R,Resident,W,Wild Fish or Natural Production,CHIWAR - Chiwawa River,WTRAP,Weir Trap,470,1
3DD.003BDD5FA5,NBD-2018-178-001.xml,CHU - Upper Chiwawa River,7/2/2018 3:40:28 AM,9/24/2020 12:59:18 AM,UPPER IN-STREAM ARRAY,LOWER IN-STREAM ARRAY,7/1/2018,7,Bull Trout,R,Resident,W,Wild Fish or Natural Production,CHIWAR - Chiwawa River,WTRAP,Weir Trap,470,1
3DD.003BDD5FA5,NBD-2018-178-001.xml,UWE - Upper Wenatchee River,9/24/2018 12:48:59 AM,9/28/2019 12:40:44 AM,IN-STREAM ARRAY,IN-STREAM ARRAY,7/1/2018,7,Bull Trout,R,Resident,W,Wild Fish or Natural Production,CHIWAR - Chiwawa River,WTRAP,Weir Trap,470,1
3DD.003BDD5FA7,NBD-2018-178-001.xml,CHL - Lower Chiwawa River,9/20/2018 4:21:56 AM,9/25/2019 2:15:43 AM,UPPER IN-STREAM ARRAY,LOWER IN-STREAM ARRAY,6/29/2018,7,Bull Trout,R,Resident,W,Wild Fish or Natural Production,CHIWAR - Chiwawa River,WTRAP,Weir Trap,520,1
3DD.003BDD5FA7,NBD-2018-178-001.xml,CHU - Upper Chiwawa River,6/29/2018 8:50:13 PM,6/29/2018 8:51:09 PM,LOWER IN-STREAM ARRAY,UPPER IN-STREAM ARRAY,6/29/2018,7,Bull Trout,R,Resident,W,Wild Fish or Natural Production,CHIWAR - Chiwawa River,WTRAP,Weir Trap,520,1
3DD.003BDD5FA7,NBD-2018-178-001.xml,UWE - Upper Wenatchee River,12/27/2018 10:06:49 PM,12/27/2018 10:06:49 PM,IN-STREAM ARRAY,IN-STREAM ARRAY,6/29/2018,7,Bull Trout,R,Resident,W,Wild Fish or Natural Production,CHIWAR - Chiwawa River,WTRAP,Weir Trap,520,1
3DD.003BDD5FA8,NBD-2018-178-001.xml,CHL - Lower Chiwawa River,9/26/2019 12:27:59 AM,9/19/2020 4:45:42 AM,LOWER IN-STREAM ARRAY,LOWER IN-STREAM ARRAY,7/1/2018,7,Bull Trout,R,Resident,W,Wild Fish or Natural Production,CHIWAR - Chiwawa River,WTRAP,Weir Trap,540,1
3DD.003BDD5FA8,NBD-2018-178-001.xml,CHU - Upper Chiwawa River,9/23/2018 7:58:30 PM,9/19/2020 1:50:54 AM,LOWER IN-STREAM ARRAY,LOWER IN-STREAM ARRAY,7/1/2018,7,Bull Trout,R,Resident,W,Wild Fish or Natural Production,CHIWAR - Chiwawa River,WTRAP,Weir Trap,540,1
3DD.003BDD5FA8,NBD-2018-178-001.xml,UWE - Upper Wenatchee River,9/24/2018 4:43:59 AM,9/26/2019 8:45:00 PM,IN-STREAM ARRAY,IN-STREAM ARRAY,7/1/2018,7,Bull Trout,R,Resident,W,Wild Fish or Natural Production,CHIWAR - Chiwawa River,WTRAP,Weir Trap,540,1
3DD.003BDD5FA9,NBD-2018-178-001.xml,CHL - Lower Chiwawa River,10/9/2018 6:21:52 PM,10/9/2018 6:21:52 PM,UPPER IN-STREAM ARRAY,UPPER IN-STREAM ARRAY,7/1/2018,7,Bull Trout,R,Resident,W,Wild Fish or Natural Production,CHIWAR - Chiwawa River,WTRAP,Weir Trap,510,1
3DD.003BDD5FA9,NBD-2018-178-001.xml,CHU - Upper Chiwawa River,7/1/2018 8:58:08 PM,10/7/2018 8:00:44 PM,LOWER IN-STREAM ARRAY,LOWER IN-STREAM ARRAY,7/1/2018,7,Bull Trout,R,Resident,W,Wild Fish or Natural Production,CHIWAR - Chiwawa River,WTRAP,Weir Trap,510,1
3DD.003BDD5FAA,NBD-2018-178-001.xml,CHU - Upper Chiwawa River,10/1/2018 8:45:57 PM,10/1/2018 8:46:05 PM,UPPER IN-STREAM ARRAY,LOWER IN-STREAM ARRAY,6/29/2018,7,Bull Trout,R,Resident,W,Wild Fish or Natural Production,CHIWAR - Chiwawa River,WTRAP,Weir Trap,570,1
3DD.003BDD5FAA,NBD-2018-178-001.xml,UWE - Upper Wenatchee River,10/15/2018 12:20:37 AM,10/25/2018 7:53:35 PM,IN-STREAM ARRAY,IN-STREAM ARRAY,6/29/2018,7,Bull Trout,R,Resident,W,Wild Fish or Natural Production,CHIWAR - Chiwawa River,WTRAP,Weir Trap,570,1
3DD.003BDD5FAB,NBD-2018-178-001.xml,UWE - Upper Wenatchee River,9/23/2018 5:32:08 AM,9/23/2018 5:32:09 AM,IN-STREAM ARRAY,IN-STREAM ARRAY,7/1/2018,7,Bull Trout,R,Resident,W,Wild Fish or Natural Production,CHIWAR - Chiwawa River,WTRAP,Weir Trap,470,1
3DD.003BDD5FAC,NBD18307.AAZ,UWE - Upper Wenatchee River,11/4/2018 9:38:36 AM,11/4/2018 9:38:37 AM,IN-STREAM ARRAY,IN-STREAM ARRAY,11/3/2018,7,Bull Trout,R,Resident,W,Wild Fish or Natural Production,"CHIWAT - Chiwawa River Trap, 0.5 km below CHIP acclimation pond",SCREWT,Screw Trap,239,1
3DD.003BDD5FAD,NBD-2018-178-001.xml,CHU - Upper Chiwawa River,7/27/2018 9:59:21 PM,6/25/2019 10:03:40 PM,UPPER IN-STREAM ARRAY,UPPER IN-STREAM ARRAY,6/27/2018,7,Bull Trout,R,Resident,W,Wild Fish or Natural Production,CHIWAR - Chiwawa River,WTRAP,Weir Trap,390,1
3DD.003BDD5FAD,NBD-2018-178-001.xml,UWE - Upper Wenatchee River,9/27/2019 11:53:42 PM,9/27/2019 11:53:42 PM,IN-STREAM ARRAY,IN-STREAM ARRAY,6/27/2018,7,Bull Trout,R,Resident,W,Wild Fish or Natural Production,CHIWAR - Chiwawa River,WTRAP,Weir Trap,390,1
3DD.003BDD5FAE,NBD18307.AAZ,LWN - Little Wenatchee River,7/11/2019 10:23:35 PM,7/12/2019 8:02:35 PM,UPPER IN-STREAM ARRAY,UPPER IN-STREAM ARRAY,11/3/2018,7,Bull Trout,R,Resident,W,Wild Fish or Natural Production,"CHIWAT - Chiwawa River Trap, 0.5 km below CHIP acclimation pond",SCREWT,Screw Trap,236,1
3DD.003BDD5FAF,NBD-2018-178-001.xml,CHL - Lower Chiwawa River,9/21/2018 7:28:09 PM,9/21/2018 7:28:09 PM,UPPER IN-STREAM ARRAY,UPPER IN-STREAM ARRAY,6/27/2018,7,Bull Trout,R,Resident,W,Wild Fish or Natural Production,CHIWAR - Chiwawa River,WTRAP,Weir Trap,590,1
3DD.003BDD5FAF,NBD-2018-178-001.xml,UWE - Upper Wenatchee River,9/22/2018 1:15:28 AM,9/22/2018 1:15:29 AM,IN-STREAM ARRAY,IN-STREAM ARRAY,6/27/2018,7,Bull Trout,R,Resident,W,Wild Fish or Natural Production,CHIWAR - Chiwawa River,WTRAP,Weir Trap,590,1
3DD.003BDD5FB5,NBD-2018-167-AAZ.xml,CHL - Lower Chiwawa River,6/16/2018 5:43:30 PM,6/16/2018 5:59:25 PM,UPPER IN-STREAM ARRAY,UPPER IN-STREAM ARRAY,6/16/2018,7,Bull Trout,R,Resident,W,Wild Fish or Natural Production,"CHIWAT - Chiwawa River Trap, 0.5 km below CHIP acclimation pond",SCREWT,Screw Trap,169,1
3DD.003BDD5FB8,NBD-2018-178-001.xml,CHL - Lower Chiwawa River,10/5/2019 7:26:58 PM,9/26/2020 7:30:51 PM,LOWER IN-STREAM ARRAY,UPPER IN-STREAM ARRAY,6/27/2018,7,Bull Trout,R,Resident,W,Wild Fish or Natural Production,CHIWAR - Chiwawa River,WTRAP,Weir Trap,470,1
3DD.003BDD5FB8,NBD-2018-178-001.xml,CHU - Upper Chiwawa River,10/3/2018 10:01:36 PM,10/5/2019 12:03:15 AM,LOWER IN-STREAM ARRAY,LOWER IN-STREAM ARRAY,6/27/2018,7,Bull Trout,R,Resident,W,Wild Fish or Natural Production,CHIWAR - Chiwawa River,WTRAP,Weir Trap,470,1
3DD.003BDD5FB8,NBD-2018-178-001.xml,UWE - Upper Wenatchee River,10/13/2018 1:17:59 AM,10/6/2020 12:08:23 AM,IN-STREAM ARRAY,IN-STREAM ARRAY,6/27/2018,7,Bull Trout,R,Resident,W,Wild Fish or Natural Production,CHIWAR - Chiwawa River,WTRAP,Weir Trap,470,1
3DD.003BDD5FBA,NBD-2018-178-001.xml,CHU - Upper Chiwawa River,7/4/2018 12:50:36 PM,9/26/2018 10:53:47 PM,LOWER IN-STREAM ARRAY,LOWER IN-STREAM ARRAY,7/1/2018,7,Bull Trout,R,Resident,W,Wild Fish or Natural Production,CHIWAR - Chiwawa River,WTRAP,Weir Trap,510,1
3DD.003BDD5FBA,NBD-2018-178-001.xml,UWE - Upper Wenatchee River,9/27/2018 11:21:21 PM,9/27/2018 11:21:21 PM,IN-STREAM ARRAY,IN-STREAM ARRAY,7/1/2018,7,Bull Trout,R,Resident,W,Wild Fish or Natural Production,CHIWAR - Chiwawa River,WTRAP,Weir Trap,510,1
3DD.003BDD5FBC,NBD18160.AAZ,LWE - Lower Wenatchee River,7/30/2018 10:12:41 AM,7/30/2018 10:12:41 AM,UPSTREAM ANTENNA ARRAY,UPSTREAM ANTENNA ARRAY,6/9/2018,7,Bull Trout,R,Resident,W,Wild Fish or Natural Production,"CHIWAT - Chiwawa River Trap, 0.5 km below CHIP acclimation pond",SCREWT,Screw Trap,163,1
3DD.003BDD5FBE,NBD-2018-178-001.xml,CHL - Lower Chiwawa River,9/29/2018 11:27:30 PM,9/29/2018 11:27:30 PM,UPPER IN-STREAM ARRAY,UPPER IN-STREAM ARRAY,6/29/2018,7,Bull Trout,R,Resident,W,Wild Fish or Natural Production,CHIWAR - Chiwawa River,WTRAP,Weir Trap,540,1
3DD.003BDD5FBE,NBD-2018-178-001.xml,CHU - Upper Chiwawa River,9/29/2018 3:17:51 AM,9/29/2018 3:17:51 AM,LOWER IN-STREAM ARRAY,LOWER IN-STREAM ARRAY,6/29/2018,7,Bull Trout,R,Resident,W,Wild Fish or Natural Production,CHIWAR - Chiwawa River,WTRAP,Weir Trap,540,1
3DD.003BDD5FBF,NBD-2018-178-001.xml,CHL - Lower Chiwawa River,7/14/2019 10:17:29 PM,7/14/2019 10:17:31 PM,LOWER IN-STREAM ARRAY,LOWER IN-STREAM ARRAY,6/27/2018,7,Bull Trout,R,Resident,W,Wild Fish or Natural Production,CHIWAR - Chiwawa River,WTRAP,Weir Trap,530,1
3DD.003BDD5FBF,NBD-2018-178-001.xml,CHU - Upper Chiwawa River,9/28/2018 11:10:29 PM,7/22/2019 9:58:45 PM,LOWER IN-STREAM ARRAY,LOWER IN-STREAM ARRAY,6/27/2018,7,Bull Trout,R,Resident,W,Wild Fish or Natural Production,CHIWAR - Chiwawa River,WTRAP,Weir Trap,530,1
3DD.003BDD5FBF,NBD-2018-178-001.xml,UWE - Upper Wenatchee River,9/30/2018 12:30:07 AM,3/19/2019 8:10:58 PM,IN-STREAM ARRAY,IN-STREAM ARRAY,6/27/2018,7,Bull Trout,R,Resident,W,Wild Fish or Natural Production,CHIWAR - Chiwawa River,WTRAP,Weir Trap,530,1
3DD.003BDD5FC0,NBD-2018-178-001.xml,CHU - Upper Chiwawa River,7/4/2018 10:11:06 PM,7/4/2018 10:11:06 PM,LOWER IN-STREAM ARRAY,LOWER IN-STREAM ARRAY,7/1/2018,7,Bull Trout,R,Resident,W,Wild Fish or Natural Production,CHIWAR - Chiwawa River,WTRAP,Weir Trap,570,1
3DD.003BDD5FC0,NBD-2018-178-001.xml,UWE - Upper Wenatchee River,9/20/2018 5:34:50 AM,9/20/2018 5:34:50 AM,IN-STREAM ARRAY,IN-STREAM ARRAY,7/1/2018,7,Bull Trout,R,Resident,W,Wild Fish or Natural Production,CHIWAR - Chiwawa River,WTRAP,Weir Trap,570,1
3DD.003BDD5FC2,NBD-2018-178-001.xml,CHL - Lower Chiwawa River,6/14/2019 9:36:55 PM,6/14/2019 9:36:55 PM,UPPER IN-STREAM ARRAY,UPPER IN-STREAM ARRAY,7/1/2018,7,Bull Trout,R,Resident,W,Wild Fish or Natural Production,CHIWAR - Chiwawa River,WTRAP,Weir Trap,560,1
3DD.003BDD5FC2,NBD-2018-178-001.xml,CHU - Upper Chiwawa River,10/1/2018 2:04:13 AM,7/4/2020 11:13:36 PM,LOWER IN-STREAM ARRAY,UPPER IN-STREAM ARRAY,7/1/2018,7,Bull Trout,R,Resident,W,Wild Fish or Natural Production,CHIWAR - Chiwawa River,WTRAP,Weir Trap,560,1
3DD.003BDD5FC2,NBD-2018-178-001.xml,UWE - Upper Wenatchee River,10/2/2018 1:09:09 AM,10/1/2019 11:42:50 PM,IN-STREAM ARRAY,IN-STREAM ARRAY,7/1/2018,7,Bull Trout,R,Resident,W,Wild Fish or Natural Production,CHIWAR - Chiwawa River,WTRAP,Weir Trap,560,1
3DD.003BDD5FC3,NBD-2018-178-001.xml,CHL - Lower Chiwawa River,7/8/2019 3:16:25 AM,9/27/2019 9:54:49 PM,LOWER IN-STREAM ARRAY,LOWER IN-STREAM ARRAY,6/27/2018,7,Bull Trout,R,Resident,W,Wild Fish or Natural Production,CHIWAR - Chiwawa River,WTRAP,Weir Trap,450,1
3DD.003BDD5FC3,NBD-2018-178-001.xml,CHU - Upper Chiwawa River,6/28/2018 5:24:53 AM,9/27/2019 5:09:58 AM,LOWER IN-STREAM ARRAY,LOWER IN-STREAM ARRAY,6/27/2018,7,Bull Trout,R,Resident,W,Wild Fish or Natural Production,CHIWAR - Chiwawa River,WTRAP,Weir Trap,450,1
3DD.003BDD5FC3,NBD-2018-178-001.xml,UWE - Upper Wenatchee River,9/21/2018 7:41:11 AM,9/21/2018 7:41:12 AM,IN-STREAM ARRAY,IN-STREAM ARRAY,6/27/2018,7,Bull Trout,R,Resident,W,Wild Fish or Natural Production,CHIWAR - Chiwawa River,WTRAP,Weir Trap,450,1
3DD.003BDD5FC6,NBD-2018-178-001.xml,CHU - Upper Chiwawa River,6/30/2018 11:21:53 AM,6/30/2018 11:21:53 AM,LOWER IN-STREAM ARRAY,LOWER IN-STREAM ARRAY,6/29/2018,7,Bull Trout,R,Resident,W,Wild Fish or Natural Production,CHIWAR - Chiwawa River,WTRAP,Weir Trap,500,1
3DD.003BDD5FC9,NBD-2018-178-001.xml,CHL - Lower Chiwawa River,8/29/2021 11:24:29 PM,10/12/2021 6:16:49 PM,LOWER IN-STREAM ARRAY,UPPER IN-STREAM ARRAY,6/29/2018,7,Bull Trout,R,Resident,W,Wild Fish or Natural Production,CHIWAR - Chiwawa River,WTRAP,Weir Trap,560,1
3DD.003BDD5FC9,NBD-2018-178-001.xml,CHU - Upper Chiwawa River,8/12/2018 3:07:19 AM,10/11/2021 11:16:23 PM,UPPER IN-STREAM ARRAY,LOWER IN-STREAM ARRAY,6/29/2018,7,Bull Trout,R,Resident,W,Wild Fish or Natural Production,CHIWAR - Chiwawa River,WTRAP,Weir Trap,560,1
3DD.003BDD5FCA,NBD18108.AAZ,CHW - Chiwaukum Creek,8/8/2018 5:00:30 AM,8/8/2018 5:02:51 AM,DOWNSTREAM ARRAY,UPSTREAM ARRAY,4/18/2018,7,Bull Trout,R,Resident,W,Wild Fish or Natural Production,"CHIWAT - Chiwawa River Trap, 0.5 km below CHIP acclimation pond",SCREWT,Screw Trap,130,1
3DD.003BDD5FCB,NBD18307.AAZ,CHL - Lower Chiwawa River,11/5/2018 9:16:22 PM,11/5/2018 9:16:22 PM,UPPER IN-STREAM ARRAY,UPPER IN-STREAM ARRAY,11/3/2018,7,Bull Trout,R,Resident,W,Wild Fish or Natural Production,"CHIWAT - Chiwawa River Trap, 0.5 km below CHIP acclimation pond",SCREWT,Screw Trap,193,1
3DD.003BDD5FCB,NBD18307.AAZ,UWE - Upper Wenatchee River,11/8/2018 8:16:43 PM,11/8/2018 8:16:46 PM,IN-STREAM ARRAY,IN-STREAM ARRAY,11/3/2018,7,Bull Trout,R,Resident,W,Wild Fish or Natural Production,"CHIWAT - Chiwawa River Trap, 0.5 km below CHIP acclimation pond",SCREWT,Screw Trap,193,1
3DD.003BDD5FCB,NBD18307.AAZ,"WTL - White River, Wenatchee Basin",3/18/2019 12:45:46 AM,3/18/2019 12:45:46 AM,UPPER IN-STREAM ARRAY,UPPER IN-STREAM ARRAY,11/3/2018,7,Bull Trout,R,Resident,W,Wild Fish or Natural Production,"CHIWAT - Chiwawa River Trap, 0.5 km below CHIP acclimation pond",SCREWT,Screw Trap,193,1
3DD.003BDD5FCD,NBD18175.AAZ,CHW - Chiwaukum Creek,11/1/2018 4:53:12 PM,11/1/2018 4:53:12 PM,DOWNSTREAM ARRAY,DOWNSTREAM ARRAY,6/24/2018,7,Bull Trout,R,Resident,W,Wild Fish or Natural Production,"CHIWAT - Chiwawa River Trap, 0.5 km below CHIP acclimation pond",SCREWT,Screw Trap,134,1
3DD.003BDD5FCE,NBD-2018-178-001.xml,CHU - Upper Chiwawa River,6/27/2018 2:41:40 PM,6/27/2018 2:41:40 PM,LOWER IN-STREAM ARRAY,LOWER IN-STREAM ARRAY,6/27/2018,7,Bull Trout,R,Resident,W,Wild Fish or Natural Production,CHIWAR - Chiwawa River,WTRAP,Weir Trap,560,1
3DD.003BDD5FD0,NBD-2018-178-001.xml,CHL - Lower Chiwawa River,9/23/2018 4:46:14 AM,6/25/2019 3:04:45 AM,UPPER IN-STREAM ARRAY,UPPER IN-STREAM ARRAY,7/1/2018,7,Bull Trout,R,Resident,W,Wild Fish or Natural Production,CHIWAR - Chiwawa River,WTRAP,Weir Trap,480,1
3DD.003BDD5FD0,NBD-2018-178-001.xml,CHU - Upper Chiwawa River,7/1/2018 2:36:05 PM,6/28/2019 10:36:07 PM,LOWER IN-STREAM ARRAY,LOWER IN-STREAM ARRAY,7/1/2018,7,Bull Trout,R,Resident,W,Wild Fish or Natural Production,CHIWAR - Chiwawa River,WTRAP,Weir Trap,480,1
3DD.003BDD5FD8,NBD16304.AAZ,UWE - Upper Wenatchee River,11/3/2016 10:52:34 AM,11/3/2016 10:52:51 AM,IN-STREAM ARRAY,IN-STREAM ARRAY,10/30/2016,7,Bull Trout,R,Resident,W,Wild Fish or Natural Production,"CHIWAT - Chiwawa River Trap, 0.5 km below CHIP acclimation pond",SCREWT,Screw Trap,164,1
3DD.003BDD5FE0,NBD16316.AAZ,UWE - Upper Wenatchee River,11/12/2016 5:08:09 PM,11/12/2016 5:08:22 PM,IN-STREAM ARRAY,IN-STREAM ARRAY,11/11/2016,7,Bull Trout,R,Resident,W,Wild Fish or Natural Production,"CHIWAT - Chiwawa River Trap, 0.5 km below CHIP acclimation pond",SCREWT,Screw Trap,196,1
3DD.003BDD5FE3,NBD16325.AAZ,CHL - Lower Chiwawa River,6/3/2021 9:38:35 AM,6/3/2021 9:38:35 AM,UPPER IN-STREAM ARRAY,UPPER IN-STREAM ARRAY,11/20/2016,7,Bull Trout,R,Resident,W,Wild Fish or Natural Production,"CHIWAT - Chiwawa River Trap, 0.5 km below CHIP acclimation pond",SCREWT,Screw Trap,192,1
3DD.003BDD5FEE,NBD16300.AAZ,CHL - Lower Chiwawa River,9/26/2019 1:14:05 AM,9/26/2019 1:14:05 AM,UPPER IN-STREAM ARRAY,UPPER IN-STREAM ARRAY,10/26/2016,7,Bull Trout,R,Resident,W,Wild Fish or Natural Production,"CHIWAT - Chiwawa River Trap, 0.5 km below CHIP acclimation pond",SCREWT,Screw Trap,237,1
3DD.003BDD5FEE,NBD16300.AAZ,CHU - Upper Chiwawa River,9/25/2019 9:09:18 PM,9/25/2019 9:09:18 PM,UPPER IN-STREAM ARRAY,UPPER IN-STREAM ARRAY,10/26/2016,7,Bull Trout,R,Resident,W,Wild Fish or Natural Production,"CHIWAT - Chiwawa River Trap, 0.5 km below CHIP acclimation pond",SCREWT,Screw Trap,237,1
3DD.003BDD5FEE,NBD16300.AAZ,UWE - Upper Wenatchee River,10/30/2016 7:32:33 AM,9/26/2019 4:24:09 AM,IN-STREAM ARRAY,IN-STREAM ARRAY,10/26/2016,7,Bull Trout,R,Resident,W,Wild Fish or Natural Production,"CHIWAT - Chiwawa River Trap, 0.5 km below CHIP acclimation pond",SCREWT,Screw Trap,237,1
3DD.003BDD5FEE,NBD16300.AAZ,"WTL - White River, Wenatchee Basin",9/27/2017 2:37:36 AM,9/27/2017 2:37:48 AM,UPPER IN-STREAM ARRAY,LOWER IN-STREAM ARRAY,10/26/2016,7,Bull Trout,R,Resident,W,Wild Fish or Natural Production,"CHIWAT - Chiwawa River Trap, 0.5 km below CHIP acclimation pond",SCREWT,Screw Trap,237,1
3DD.003BDD5FF8,NBD17236.AAZ,CHU - Upper Chiwawa River,7/25/2018 12:48:52 AM,7/25/2018 12:48:52 AM,LOWER IN-STREAM ARRAY,LOWER IN-STREAM ARRAY,8/24/2017,7,Bull Trout,R,Resident,W,Wild Fish or Natural Production,"CHIWAT - Chiwawa River Trap, 0.5 km below CHIP acclimation pond",SCREWT,Screw Trap,294,1
3DD.003BDD5FF8,NBD17236.AAZ,UWE - Upper Wenatchee River,8/24/2017 10:13:04 PM,8/24/2017 10:13:04 PM,IN-STREAM ARRAY,IN-STREAM ARRAY,8/24/2017,7,Bull Trout,R,Resident,W,Wild Fish or Natural Production,"CHIWAT - Chiwawa River Trap, 0.5 km below CHIP acclimation pond",SCREWT,Screw Trap,294,1
3DD.003BDD5FF8,NBD17236.AAZ,"WTL - White River, Wenatchee Basin",9/3/2017 2:20:54 AM,10/1/2018 7:55:28 PM,UPPER IN-STREAM ARRAY,LOWER IN-STREAM ARRAY,8/24/2017,7,Bull Trout,R,Resident,W,Wild Fish or Natural Production,"CHIWAT - Chiwawa River Trap, 0.5 km below CHIP acclimation pond",SCREWT,Screw Trap,294,1
3DD.003BDD6003,NBD16303.AAZ,CHL - Lower Chiwawa River,7/3/2020 12:46:30 AM,7/14/2023 9:11:52 PM,LOWER IN-STREAM ARRAY,UPPER IN-STREAM ARRAY,10/29/2016,7,Bull Trout,R,Resident,W,Wild Fish or Natural Production,"CHIWAT - Chiwawa River Trap, 0.5 km below CHIP acclimation pond",SCREWT,Screw Trap,191,1
3DD.003BDD6003,NBD16303.AAZ,CHU - Upper Chiwawa River,7/16/2020 2:41:52 AM,9/29/2023 2:23:04 AM,UPPER IN-STREAM ARRAY,LOWER IN-STREAM ARRAY,10/29/2016,7,Bull Trout,R,Resident,W,Wild Fish or Natural Production,"CHIWAT - Chiwawa River Trap, 0.5 km below CHIP acclimation pond",SCREWT,Screw Trap,191,1
3DD.003BDD6003,NBD16303.AAZ,LWN - Little Wenatchee River,7/17/2017 1:58:10 AM,6/26/2018 9:56:46 PM,UPPER IN-STREAM ARRAY,UPPER IN-STREAM ARRAY,10/29/2016,7,Bull Trout,R,Resident,W,Wild Fish or Natural Production,"CHIWAT - Chiwawa River Trap, 0.5 km below CHIP acclimation pond",SCREWT,Screw Trap,191,1
3DD.003BDD6003,NBD16303.AAZ,UWE - Upper Wenatchee River,10/31/2016 8:13:32 PM,9/23/2021 2:13:07 AM,IN-STREAM ARRAY,IN-STREAM ARRAY,10/29/2016,7,Bull Trout,R,Resident,W,Wild Fish or Natural Production,"CHIWAT - Chiwawa River Trap, 0.5 km below CHIP acclimation pond",SCREWT,Screw Trap,191,1
3DD.003BDD600C,NBD16300.AAZ,CHL - Lower Chiwawa River,8/7/2017 10:08:58 PM,8/7/2017 10:08:58 PM,UPPER IN-STREAM ARRAY,UPPER IN-STREAM ARRAY,10/26/2016,7,Bull Trout,R,Resident,W,Wild Fish or Natural Production,"CHIWAT - Chiwawa River Trap, 0.5 km below CHIP acclimation pond",SCREWT,Screw Trap,470,1
3DD.003BDD600C,NBD16300.AAZ,CHU - Upper Chiwawa River,7/4/2017 3:15:46 AM,8/7/2017 3:40:08 AM,UPPER IN-STREAM ARRAY,LOWER IN-STREAM ARRAY,10/26/2016,7,Bull Trout,R,Resident,W,Wild Fish or Natural Production,"CHIWAT - Chiwawa River Trap, 0.5 km below CHIP acclimation pond",SCREWT,Screw Trap,470,1
3DD.003BDD600C,NBD16300.AAZ,CHW - Chiwaukum Creek,8/8/2017 9:41:53 PM,9/29/2017 9:25:04 PM,DOWNSTREAM ARRAY,DOWNSTREAM ARRAY,10/26/2016,7,Bull Trout,R,Resident,W,Wild Fish or Natural Production,"CHIWAT - Chiwawa River Trap, 0.5 km below CHIP acclimation pond",SCREWT,Screw Trap,470,1
3DD.003BDD600C,NBD16300.AAZ,UWE - Upper Wenatchee River,10/28/2016 6:50:28 PM,10/5/2017 5:56:08 AM,IN-STREAM ARRAY,IN-STREAM ARRAY,10/26/2016,7,Bull Trout,R,Resident,W,Wild Fish or Natural Production,"CHIWAT - Chiwawa River Trap, 0.5 km below CHIP acclimation pond",SCREWT,Screw Trap,470,1
3DD.003BDD600C,NBD16300.AAZ,"WTL - White River, Wenatchee Basin",11/23/2016 12:44:58 PM,11/23/2016 12:45:26 PM,LOWER IN-STREAM ARRAY,UPPER IN-STREAM ARRAY,10/26/2016,7,Bull Trout,R,Resident,W,Wild Fish or Natural Production,"CHIWAT - Chiwawa River Trap, 0.5 km below CHIP acclimation pond",SCREWT,Screw Trap,470,1
3DD.003BDD6016,NBD16314.AAZ,CHL - Lower Chiwawa River,9/30/2023 12:56:11 AM,9/27/2024 1:02:42 AM,UPPER IN-STREAM ARRAY,LOWER IN-STREAM ARRAY,11/9/2016,7,Bull Trout,R,Resident,W,Wild Fish or Natural Production,"CHIWAT - Chiwawa River Trap, 0.5 km below CHIP acclimation pond",SCREWT,Screw Trap,246,1
3DD.003BDD6016,NBD16314.AAZ,CHU - Upper Chiwawa River,9/28/2021 9:51:29 PM,9/26/2024 8:51:49 PM,LOWER IN-STREAM ARRAY,LOWER IN-STREAM ARRAY,11/9/2016,7,Bull Trout,R,Resident,W,Wild Fish or Natural Production,"CHIWAT - Chiwawa River Trap, 0.5 km below CHIP acclimation pond",SCREWT,Screw Trap,246,1
3DD.003BDD6016,NBD16314.AAZ,UWE - Upper Wenatchee River,9/29/2021 6:41:43 PM,6/22/2023 8:58:01 PM,IN-STREAM ARRAY,IN-STREAM ARRAY,11/9/2016,7,Bull Trout,R,Resident,W,Wild Fish or Natural Production,"CHIWAT - Chiwawa River Trap, 0.5 km below CHIP acclimation pond",SCREWT,Screw Trap,246,1
3DD.003BDD6023,NBD16302.AAZ,RRF - Rocky Reach Fishway,11/10/2016 1:01:06 PM,11/10/2016 1:06:58 PM,Lower Weir,Trap,10/28/2016,7,Bull Trout,R,Resident,W,Wild Fish or Natural Production,"CHIWAT - Chiwawa River Trap, 0.5 km below CHIP acclimation pond",SCREWT,Screw Trap,238,1
3DD.003BDD6026,NBD16302.AAZ,UWE - Upper Wenatchee River,10/30/2016 7:24:42 PM,10/30/2016 7:24:42 PM,IN-STREAM ARRAY,IN-STREAM ARRAY,10/28/2016,7,Bull Trout,R,Resident,W,Wild Fish or Natural Production,"CHIWAT - Chiwawa River Trap, 0.5 km below CHIP acclimation pond",SCREWT,Screw Trap,222,1
3DD.003BDD6028,NBD16300.AAZ,"WTL - White River, Wenatchee Basin",9/29/2020 4:58:26 AM,9/29/2020 4:58:26 AM,UPPER IN-STREAM ARRAY,UPPER IN-STREAM ARRAY,10/26/2016,7,Bull Trout,R,Resident,W,Wild Fish or Natural Production,"CHIWAT - Chiwawa River Trap, 0.5 km below CHIP acclimation pond",SCREWT,Screw Trap,237,1
3DD.003BDD602B,NBD16313.AAZ,CHL - Lower Chiwawa River,11/8/2016 5:55:33 PM,11/8/2016 5:55:33 PM,LOWER IN-STREAM ARRAY,LOWER IN-STREAM ARRAY,11/8/2016,7,Bull Trout,R,Resident,W,Wild Fish or Natural Production,"CHIWAT - Chiwawa River Trap, 0.5 km below CHIP acclimation pond",SCREWT,Screw Trap,215,1
3DD.003BDD602D,NBD16317.AAZ,CHL - Lower Chiwawa River,6/18/2020 3:21:00 AM,10/4/2023 6:46:27 PM,UPPER IN-STREAM ARRAY,LOWER IN-STREAM ARRAY,11/12/2016,7,Bull Trout,R,Resident,W,Wild Fish or Natural Production,"CHIWAT - Chiwawa River Trap, 0.5 km below CHIP acclimation pond",SCREWT,Screw Trap,211,1
3DD.003BDD602D,NBD16317.AAZ,LWN - Little Wenatchee River,8/8/2017 11:36:37 AM,7/26/2022 12:06:47 AM,UPPER IN-STREAM ARRAY,LOWER IN-STREAM ARRAY,11/12/2016,7,Bull Trout,R,Resident,W,Wild Fish or Natural Production,"CHIWAT - Chiwawa River Trap, 0.5 km below CHIP acclimation pond",SCREWT,Screw Trap,211,1
3DD.003BDD602D,NBD16317.AAZ,UWE - Upper Wenatchee River,9/30/2020 3:48:58 AM,6/30/2021 5:12:02 AM,IN-STREAM ARRAY,IN-STREAM ARRAY,11/12/2016,7,Bull Trout,R,Resident,W,Wild Fish or Natural Production,"CHIWAT - Chiwawa River Trap, 0.5 km below CHIP acclimation pond",SCREWT,Screw Trap,211,1
3DD.003BDD602D,NBD16317.AAZ,"WTL - White River, Wenatchee Basin",8/31/2022 11:26:51 PM,10/1/2022 8:48:11 PM,LOWER IN-STREAM ARRAY,LOWER IN-STREAM ARRAY,11/12/2016,7,Bull Trout,R,Resident,W,Wild Fish or Natural Production,"CHIWAT - Chiwawa River Trap, 0.5 km below CHIP acclimation pond",SCREWT,Screw Trap,211,1
3DD.003BDD6031,NBD16302.AAZ,LWN - Little Wenatchee River,3/26/2025 8:37:04 AM,3/26/2025 9:32:48 AM,UPPER IN-STREAM ARRAY,LOWER IN-STREAM ARRAY,10/28/2016,7,Bull Trout,R,Resident,W,Wild Fish or Natural Production,"CHIWAT - Chiwawa River Trap, 0.5 km below CHIP acclimation pond",SCREWT,Screw Trap,191,1
3DD.003BDD6031,NBD16302.AAZ,UWE - Upper Wenatchee River,10/29/2016 5:23:37 PM,10/29/2016 5:23:37 PM,IN-STREAM ARRAY,IN-STREAM ARRAY,10/28/2016,7,Bull Trout,R,Resident,W,Wild Fish or Natural Production,"CHIWAT - Chiwawa River Trap, 0.5 km below CHIP acclimation pond",SCREWT,Screw Trap,191,1
3DD.003BDD6039,NBD-2021-142-001.json,CHW - Chiwaukum Creek,7/6/2021 10:43:11 PM,7/6/2021 10:44:14 PM,DOWNSTREAM ARRAY,UPSTREAM ARRAY,6/23/2021,7,Bull Trout,R,Resident,W,Wild Fish or Natural Production,TUMFBY - TUM - Release into the Forebay within 0.5 km upstream of Dam,LADDER,Adult Passage Ladder,470,1
3DD.003BDD6099,NBD15312.AAZ,CHL - Lower Chiwawa River,11/8/2015 6:09:24 PM,11/8/2015 6:09:24 PM,LOWER IN-STREAM ARRAY,LOWER IN-STREAM ARRAY,11/8/2015,7,Bull Trout,R,Resident,W,Wild Fish or Natural Production,"CHIWAT - Chiwawa River Trap, 0.5 km below CHIP acclimation pond",SCREWT,Screw Trap,250,1
3DD.003BDD6099,NBD15312.AAZ,UWE - Upper Wenatchee River,11/9/2015 7:30:37 PM,11/9/2015 7:30:37 PM,IN-STREAM ARRAY,IN-STREAM ARRAY,11/8/2015,7,Bull Trout,R,Resident,W,Wild Fish or Natural Production,"CHIWAT - Chiwawa River Trap, 0.5 km below CHIP acclimation pond",SCREWT,Screw Trap,250,1
3DD.003BDD60A0,NBD15324.AAZ,NAL - Lower Nason Creek,2/2/2020 4:07:32 AM,2/2/2020 4:10:11 AM,UPPER IN-STREAM ARRAY,LOWER IN-STREAM ARRAY,11/20/2015,7,Bull Trout,R,Resident,W,Wild Fish or Natural Production,"CHIWAT - Chiwawa River Trap, 0.5 km below CHIP acclimation pond",SCREWT,Screw Trap,182,1
3DD.003BDD60A2,NBD16289.AAZ,UWE - Upper Wenatchee River,10/17/2016 1:08:28 PM,10/17/2016 1:08:28 PM,IN-STREAM ARRAY,IN-STREAM ARRAY,10/15/2016,7,Bull Trout,R,Resident,W,Wild Fish or Natural Production,"CHIWAT - Chiwawa River Trap, 0.5 km below CHIP acclimation pond",SCREWT,Screw Trap,272,1
3DD.003BDD60A4,NBD16286.AAZ,CHL - Lower Chiwawa River,10/12/2016 6:27:23 PM,6/10/2019 12:13:59 AM,LOWER IN-STREAM ARRAY,UPPER IN-STREAM ARRAY,10/12/2016,7,Bull Trout,R,Resident,W,Wild Fish or Natural Production,"CHIWAT - Chiwawa River Trap, 0.5 km below CHIP acclimation pond",SCREWT,Screw Trap,242,1
3DD.003BDD60A4,NBD16286.AAZ,CHU - Upper Chiwawa River,9/16/2017 4:02:07 AM,9/16/2017 4:02:17 AM,UPPER IN-STREAM ARRAY,LOWER IN-STREAM ARRAY,10/12/2016,7,Bull Trout,R,Resident,W,Wild Fish or Natural Production,"CHIWAT - Chiwawa River Trap, 0.5 km below CHIP acclimation pond",SCREWT,Screw Trap,242,1
3DD.003BDD60A4,NBD16286.AAZ,UWE - Upper Wenatchee River,10/16/2016 12:26:35 AM,9/25/2018 9:34:30 PM,IN-STREAM ARRAY,IN-STREAM ARRAY,10/12/2016,7,Bull Trout,R,Resident,W,Wild Fish or Natural Production,"CHIWAT - Chiwawa River Trap, 0.5 km below CHIP acclimation pond",SCREWT,Screw Trap,242,1
3DD.003BDD60A5,NBD16286.AAZ,CHL - Lower Chiwawa River,3/11/2017 6:16:32 AM,10/2/2017 7:50:36 PM,LOWER IN-STREAM ARRAY,UPPER IN-STREAM ARRAY,10/12/2016,7,Bull Trout,R,Resident,W,Wild Fish or Natural Production,"CHIWAT - Chiwawa River Trap, 0.5 km below CHIP acclimation pond",SCREWT,Screw Trap,580,1
3DD.003BDD60A5,NBD16286.AAZ,CHU - Upper Chiwawa River,10/1/2017 8:01:51 PM,10/1/2017 8:02:07 PM,UPPER IN-STREAM ARRAY,LOWER IN-STREAM ARRAY,10/12/2016,7,Bull Trout,R,Resident,W,Wild Fish or Natural Production,"CHIWAT - Chiwawa River Trap, 0.5 km below CHIP acclimation pond",SCREWT,Screw Trap,580,1
3DD.003BDD60A5,NBD16286.AAZ,UWE - Upper Wenatchee River,10/3/2017 1:11:09 AM,10/3/2017 1:11:09 AM,IN-STREAM ARRAY,IN-STREAM ARRAY,10/12/2016,7,Bull Trout,R,Resident,W,Wild Fish or Natural Production,"CHIWAT - Chiwawa River Trap, 0.5 km below CHIP acclimation pond",SCREWT,Screw Trap,580,1
3DD.003BDD60A6,NBD15293.AFZ,CHL - Lower Chiwawa River,7/8/2020 3:50:21 AM,9/28/2023 12:13:40 AM,LOWER IN-STREAM ARRAY,LOWER IN-STREAM ARRAY,10/20/2015,7,Bull Trout,R,Resident,W,Wild Fish or Natural Production,CHIWAR - Chiwawa River,SHOCK,Electro-Shock,110,1
3DD.003BDD60A6,NBD15293.AFZ,CHU - Upper Chiwawa River,10/8/2016 11:57:17 PM,9/27/2023 8:19:57 PM,LOWER IN-STREAM ARRAY,LOWER IN-STREAM ARRAY,10/20/2015,7,Bull Trout,R,Resident,W,Wild Fish or Natural Production,CHIWAR - Chiwawa River,SHOCK,Electro-Shock,110,1
3DD.003BDD60A6,NBD15293.AFZ,UWE - Upper Wenatchee River,10/12/2016 6:01:46 PM,9/28/2023 5:23:55 AM,IN-STREAM ARRAY,IN-STREAM ARRAY,10/20/2015,7,Bull Trout,R,Resident,W,Wild Fish or Natural Production,CHIWAR - Chiwawa River,SHOCK,Electro-Shock,110,1
3DD.003BDD60A7,NBD16297.AAZ,UWE - Upper Wenatchee River,10/29/2016 10:07:20 AM,10/29/2016 10:07:20 AM,IN-STREAM ARRAY,IN-STREAM ARRAY,10/23/2016,7,Bull Trout,R,Resident,W,Wild Fish or Natural Production,"CHIWAT - Chiwawa River Trap, 0.5 km below CHIP acclimation pond",SCREWT,Screw Trap,267,1
3DD.003BDD60A8,NBD15311.AAZ,CHL - Lower Chiwawa River,9/23/2018 3:47:36 AM,9/19/2020 1:29:01 AM,UPPER IN-STREAM ARRAY,LOWER IN-STREAM ARRAY,11/7/2015,7,Bull Trout,R,Resident,W,Wild Fish or Natural Production,"CHIWAT - Chiwawa River Trap, 0.5 km below CHIP acclimation pond",SCREWT,Screw Trap,207,1
3DD.003BDD60A8,NBD15311.AAZ,CHU - Upper Chiwawa River,9/23/2018 1:04:08 AM,9/27/2021 7:48:42 PM,LOWER IN-STREAM ARRAY,LOWER IN-STREAM ARRAY,11/7/2015,7,Bull Trout,R,Resident,W,Wild Fish or Natural Production,"CHIWAT - Chiwawa River Trap, 0.5 km below CHIP acclimation pond",SCREWT,Screw Trap,207,1
3DD.003BDD60A8,NBD15311.AAZ,UWE - Upper Wenatchee River,11/8/2015 6:29:42 AM,9/28/2021 1:27:33 AM,IN-STREAM ARRAY,IN-STREAM ARRAY,11/7/2015,7,Bull Trout,R,Resident,W,Wild Fish or Natural Production,"CHIWAT - Chiwawa River Trap, 0.5 km below CHIP acclimation pond",SCREWT,Screw Trap,207,1
3DD.003BDD60A9,NBD15327.AAZ,UWE - Upper Wenatchee River,12/1/2015 6:52:11 PM,12/1/2015 6:52:11 PM,IN-STREAM ARRAY,IN-STREAM ARRAY,11/23/2015,7,Bull Trout,R,Resident,W,Wild Fish or Natural Production,"CHIWAT - Chiwawa River Trap, 0.5 km below CHIP acclimation pond",SCREWT,Screw Trap,168,1
3DD.003BDD60AC,NBD15312.AAZ,UWE - Upper Wenatchee River,11/9/2015 7:33:52 PM,11/9/2015 7:33:52 PM,IN-STREAM ARRAY,IN-STREAM ARRAY,11/8/2015,7,Bull Trout,R,Resident,W,Wild Fish or Natural Production,"CHIWAT - Chiwawa River Trap, 0.5 km below CHIP acclimation pond",SCREWT,Screw Trap,195,1
3DD.003BDD60AD,NBD16285.AAZ,CHL - Lower Chiwawa River,10/11/2016 3:53:52 PM,7/5/2019 12:26:58 AM,LOWER IN-STREAM ARRAY,UPPER IN-STREAM ARRAY,10/11/2016,7,Bull Trout,R,Resident,W,Wild Fish or Natural Production,"CHIWAT - Chiwawa River Trap, 0.5 km below CHIP acclimation pond",SCREWT,Screw Trap,251,1
3DD.003BDD60AD,NBD16285.AAZ,CHU - Upper Chiwawa River,7/7/2019 11:49:48 PM,9/23/2019 11:13:06 PM,LOWER IN-STREAM ARRAY,LOWER IN-STREAM ARRAY,10/11/2016,7,Bull Trout,R,Resident,W,Wild Fish or Natural Production,"CHIWAT - Chiwawa River Trap, 0.5 km below CHIP acclimation pond",SCREWT,Screw Trap,251,1
3DD.003BDD60AD,NBD16285.AAZ,UWE - Upper Wenatchee River,10/12/2016 3:00:19 AM,9/24/2019 5:04:57 AM,IN-STREAM ARRAY,IN-STREAM ARRAY,10/11/2016,7,Bull Trout,R,Resident,W,Wild Fish or Natural Production,"CHIWAT - Chiwawa River Trap, 0.5 km below CHIP acclimation pond",SCREWT,Screw Trap,251,1
3DD.003BDD60AD,NBD16285.AAZ,"WTL - White River, Wenatchee Basin",6/29/2019 2:08:55 AM,6/29/2019 2:09:12 AM,LOWER IN-STREAM ARRAY,UPPER IN-STREAM ARRAY,10/11/2016,7,Bull Trout,R,Resident,W,Wild Fish or Natural Production,"CHIWAT - Chiwawa River Trap, 0.5 km below CHIP acclimation pond",SCREWT,Screw Trap,251,1
3DD.003BDD60AE,NBD16290.AAZ,CHL - Lower Chiwawa River,10/16/2016 2:00:07 PM,10/16/2016 2:00:07 PM,LOWER IN-STREAM ARRAY,LOWER IN-STREAM ARRAY,10/16/2016,7,Bull Trout,R,Resident,W,Wild Fish or Natural Production,"CHIWAT - Chiwawa River Trap, 0.5 km below CHIP acclimation pond",SCREWT,Screw Trap,199,1
3DD.003BDD60AE,NBD16290.AAZ,UWE - Upper Wenatchee River,10/18/2016 5:49:20 PM,10/18/2016 5:49:20 PM,IN-STREAM ARRAY,IN-STREAM ARRAY,10/16/2016,7,Bull Trout,R,Resident,W,Wild Fish or Natural Production,"CHIWAT - Chiwawa River Trap, 0.5 km below CHIP acclimation pond",SCREWT,Screw Trap,199,1
3DD.003BDD60B1,NBD15320.AAZ,TUF - Tumwater Dam Adult Fishway,7/28/2016 2:57:04 PM,7/28/2016 3:05:21 PM,WEIR 14,WEIR 17,11/16/2015,7,Bull Trout,R,Resident,W,Wild Fish or Natural Production,"CHIWAT - Chiwawa River Trap, 0.5 km below CHIP acclimation pond",SCREWT,Screw Trap,150,1
3DD.003BDD60B4,NBD16284.AAZ,CHL - Lower Chiwawa River,10/10/2016 1:34:15 PM,10/11/2016 9:45:40 PM,LOWER IN-STREAM ARRAY,LOWER IN-STREAM ARRAY,10/10/2016,7,Bull Trout,R,Resident,W,Wild Fish or Natural Production,"CHIWAT - Chiwawa River Trap, 0.5 km below CHIP acclimation pond",SCREWT,Screw Trap,231,1
3DD.003BDD60B4,NBD16284.AAZ,UWE - Upper Wenatchee River,10/12/2016 3:19:33 AM,10/12/2016 3:19:33 AM,IN-STREAM ARRAY,IN-STREAM ARRAY,10/10/2016,7,Bull Trout,R,Resident,W,Wild Fish or Natural Production,"CHIWAT - Chiwawa River Trap, 0.5 km below CHIP acclimation pond",SCREWT,Screw Trap,231,1
3DD.003BDD60B7,NBD16285.AAZ,UWE - Upper Wenatchee River,10/14/2016 6:38:35 AM,10/14/2016 6:38:35 AM,IN-STREAM ARRAY,IN-STREAM ARRAY,10/11/2016,7,Bull Trout,R,Resident,W,Wild Fish or Natural Production,"CHIWAT - Chiwawa River Trap, 0.5 km below CHIP acclimation pond",SCREWT,Screw Trap,196,1
3DD.003BDD60B8,NBD15294.ABZ,CHU - Upper Chiwawa River,10/10/2016 11:46:23 PM,10/10/2016 11:46:23 PM,LOWER IN-STREAM ARRAY,LOWER IN-STREAM ARRAY,10/21/2015,7,Bull Trout,R,Resident,W,Wild Fish or Natural Production,CHIWAR - Chiwawa River,SHOCK,Electro-Shock,120,1
3DD.003BDD60B8,NBD15294.ABZ,UWE - Upper Wenatchee River,10/12/2016 6:39:42 AM,10/12/2016 6:39:42 AM,IN-STREAM ARRAY,IN-STREAM ARRAY,10/21/2015,7,Bull Trout,R,Resident,W,Wild Fish or Natural Production,CHIWAR - Chiwawa River,SHOCK,Electro-Shock,120,1
3DD.003BDD60BB,NBD15312.AAZ,LWN - Little Wenatchee River,5/12/2016 3:55:47 AM,5/12/2016 3:55:47 AM,LOWER IN-STREAM ARRAY,LOWER IN-STREAM ARRAY,11/8/2015,7,Bull Trout,R,Resident,W,Wild Fish or Natural Production,"CHIWAT - Chiwawa River Trap, 0.5 km below CHIP acclimation pond",SCREWT,Screw Trap,225,1
3DD.003BDD60BB,NBD15312.AAZ,"WTL - White River, Wenatchee Basin",5/3/2016 2:21:06 AM,5/3/2016 2:21:07 AM,UPPER IN-STREAM ARRAY,UPPER IN-STREAM ARRAY,11/8/2015,7,Bull Trout,R,Resident,W,Wild Fish or Natural Production,"CHIWAT - Chiwawa River Trap, 0.5 km below CHIP acclimation pond",SCREWT,Screw Trap,225,1
3DD.003BDD60BC,NBD16285.AAZ,CHL - Lower Chiwawa River,10/11/2016 1:52:59 PM,10/14/2016 6:42:32 PM,LOWER IN-STREAM ARRAY,UPPER IN-STREAM ARRAY,10/11/2016,7,Bull Trout,R,Resident,W,Wild Fish or Natural Production,"CHIWAT - Chiwawa River Trap, 0.5 km below CHIP acclimation pond",SCREWT,Screw Trap,199,1
3DD.003BDD60BC,NBD16285.AAZ,UWE - Upper Wenatchee River,10/22/2016 4:39:11 AM,10/22/2016 4:46:47 AM,IN-STREAM ARRAY,IN-STREAM ARRAY,10/11/2016,7,Bull Trout,R,Resident,W,Wild Fish or Natural Production,"CHIWAT - Chiwawa River Trap, 0.5 km below CHIP acclimation pond",SCREWT,Screw Trap,199,1
3DD.003BDD60C6,NBD16285.AAZ,UWE - Upper Wenatchee River,10/12/2016 6:33:39 AM,10/12/2016 6:33:39 AM,IN-STREAM ARRAY,IN-STREAM ARRAY,10/11/2016,7,Bull Trout,R,Resident,W,Wild Fish or Natural Production,"CHIWAT - Chiwawa River Trap, 0.5 km below CHIP acclimation pond",SCREWT,Screw Trap,191,1
3DD.003BDD60CD,NBD15324.AAZ,CHL - Lower Chiwawa River,11/20/2015 7:31:04 PM,11/20/2015 7:31:04 PM,LOWER IN-STREAM ARRAY,LOWER IN-STREAM ARRAY,11/20/2015,7,Bull Trout,R,Resident,W,Wild Fish or Natural Production,"CHIWAT - Chiwawa River Trap, 0.5 km below CHIP acclimation pond",SCREWT,Screw Trap,180,1
3DD.003BDD60CE,NBD16285.AAZ,CHL - Lower Chiwawa River,10/11/2016 6:42:17 PM,10/14/2016 5:33:55 AM,UPPER IN-STREAM ARRAY,UPPER IN-STREAM ARRAY,10/11/2016,7,Bull Trout,R,Resident,W,Wild Fish or Natural Production,"CHIWAT - Chiwawa River Trap, 0.5 km below CHIP acclimation pond",SCREWT,Screw Trap,201,1
3DD.003BDD60CE,NBD16285.AAZ,UWE - Upper Wenatchee River,10/14/2016 11:53:19 PM,10/14/2016 11:53:19 PM,IN-STREAM ARRAY,IN-STREAM ARRAY,10/11/2016,7,Bull Trout,R,Resident,W,Wild Fish or Natural Production,"CHIWAT - Chiwawa River Trap, 0.5 km below CHIP acclimation pond",SCREWT,Screw Trap,201,1
3DD.003BDD60D1,NBD15312.AAZ,UWE - Upper Wenatchee River,11/9/2015 7:36:00 AM,11/9/2015 7:36:00 AM,IN-STREAM ARRAY,IN-STREAM ARRAY,11/8/2015,7,Bull Trout,R,Resident,W,Wild Fish or Natural Production,"CHIWAT - Chiwawa River Trap, 0.5 km below CHIP acclimation pond",SCREWT,Screw Trap,247,1
3DD.003BDD60D2,NBD15303.AFZ,CHL - Lower Chiwawa River,10/24/2016 9:25:50 PM,10/24/2016 9:25:50 PM,UPPER IN-STREAM ARRAY,UPPER IN-STREAM ARRAY,10/30/2015,7,Bull Trout,R,Resident,W,Wild Fish or Natural Production,CHIWAR - Chiwawa River,SHOCK,Electro-Shock,116,1
3DD.003BDD60D2,NBD15303.AFZ,CHU - Upper Chiwawa River,10/24/2016 12:07:27 AM,10/24/2016 12:07:27 AM,LOWER IN-STREAM ARRAY,LOWER IN-STREAM ARRAY,10/30/2015,7,Bull Trout,R,Resident,W,Wild Fish or Natural Production,CHIWAR - Chiwawa River,SHOCK,Electro-Shock,116,1
3DD.003BDD60D2,NBD15303.AFZ,UWE - Upper Wenatchee River,10/25/2016 5:46:12 PM,10/25/2016 5:46:12 PM,IN-STREAM ARRAY,IN-STREAM ARRAY,10/30/2015,7,Bull Trout,R,Resident,W,Wild Fish or Natural Production,CHIWAR - Chiwawa River,SHOCK,Electro-Shock,116,1
3DD.003BDD60D7,NBD15324.AAZ,"WTL - White River, Wenatchee Basin",3/22/2016 1:06:38 AM,3/22/2016 1:07:34 AM,LOWER IN-STREAM ARRAY,LOWER IN-STREAM ARRAY,11/20/2015,7,Bull Trout,R,Resident,W,Wild Fish or Natural Production,"CHIWAT - Chiwawa River Trap, 0.5 km below CHIP acclimation pond",SCREWT,Screw Trap,205,1
3DD.003BDD60DB,NBD15320.AAZ,UWE - Upper Wenatchee River,11/26/2015 7:34:12 AM,11/26/2015 7:34:12 AM,IN-STREAM ARRAY,IN-STREAM ARRAY,11/16/2015,7,Bull Trout,R,Resident,W,Wild Fish or Natural Production,"CHIWAT - Chiwawa River Trap, 0.5 km below CHIP acclimation pond",SCREWT,Screw Trap,167,1
3DD.003BDD60DC,NBD15273.BF1,NAL - Lower Nason Creek,10/10/2015 8:23:36 PM,10/10/2015 8:23:47 PM,UPPER IN-STREAM ARRAY,LOWER IN-STREAM ARRAY,9/30/2015,7,Bull Trout,R,Resident,W,Wild Fish or Natural Production,NASONC - Nason Creek (tributary to Wenatchee River),SHOCK,Electro-Shock,213,1
3DD.003BDD60DC,NBD15273.BF1,NAU - Upper Nason Creek,9/30/2015 7:04:02 PM,9/30/2015 7:05:04 PM,LOWER IN-STREAM ARRAY,UPPER IN-STREAM ARRAY,9/30/2015,7,Bull Trout,R,Resident,W,Wild Fish or Natural Production,NASONC - Nason Creek (tributary to Wenatchee River),SHOCK,Electro-Shock,213,1
3DD.003BDD60E2,NBD16289.AAZ,CHL - Lower Chiwawa River,9/20/2018 10:03:04 PM,9/14/2019 3:26:35 AM,UPPER IN-STREAM ARRAY,UPPER IN-STREAM ARRAY,10/15/2016,7,Bull Trout,R,Resident,W,Wild Fish or Natural Production,"CHIWAT - Chiwawa River Trap, 0.5 km below CHIP acclimation pond",SCREWT,Screw Trap,490,1
3DD.003BDD60E2,NBD16289.AAZ,CHU - Upper Chiwawa River,9/13/2019 9:43:24 PM,9/13/2019 9:43:24 PM,LOWER IN-STREAM ARRAY,LOWER IN-STREAM ARRAY,10/15/2016,7,Bull Trout,R,Resident,W,Wild Fish or Natural Production,"CHIWAT - Chiwawa River Trap, 0.5 km below CHIP acclimation pond",SCREWT,Screw Trap,490,1
3DD.003BDD60E2,NBD16289.AAZ,UWE - Upper Wenatchee River,9/14/2019 7:14:30 PM,9/14/2019 7:14:31 PM,IN-STREAM ARRAY,IN-STREAM ARRAY,10/15/2016,7,Bull Trout,R,Resident,W,Wild Fish or Natural Production,"CHIWAT - Chiwawa River Trap, 0.5 km below CHIP acclimation pond",SCREWT,Screw Trap,490,1
3DD.003BDD60E2,NBD16289.AAZ,"WTL - White River, Wenatchee Basin",9/9/2017 3:08:53 AM,9/24/2019 4:05:50 AM,LOWER IN-STREAM ARRAY,LOWER IN-STREAM ARRAY,10/15/2016,7,Bull Trout,R,Resident,W,Wild Fish or Natural Production,"CHIWAT - Chiwawa River Trap, 0.5 km below CHIP acclimation pond",SCREWT,Screw Trap,490,1
3DD.003BDD60E3,NBD16287.AAZ,CHL - Lower Chiwawa River,7/7/2020 12:06:53 AM,7/7/2020 12:06:53 AM,UPPER IN-STREAM ARRAY,UPPER IN-STREAM ARRAY,10/13/2016,7,Bull Trout,R,Resident,W,Wild Fish or Natural Production,"CHIWAT - Chiwawa River Trap, 0.5 km below CHIP acclimation pond",SCREWT,Screw Trap,210,1
3DD.003BDD60E3,NBD16287.AAZ,UWE - Upper Wenatchee River,10/14/2016 4:42:09 PM,9/26/2020 7:00:18 PM,IN-STREAM ARRAY,IN-STREAM ARRAY,10/13/2016,7,Bull Trout,R,Resident,W,Wild Fish or Natural Production,"CHIWAT - Chiwawa River Trap, 0.5 km below CHIP acclimation pond",SCREWT,Screw Trap,210,1
3DD.003BDD60E8,NBD16286.AAZ,CHL - Lower Chiwawa River,10/12/2016 7:13:36 PM,10/22/2016 3:33:23 PM,UPPER IN-STREAM ARRAY,LOWER IN-STREAM ARRAY,10/12/2016,7,Bull Trout,R,Resident,W,Wild Fish or Natural Production,"CHIWAT - Chiwawa River Trap, 0.5 km below CHIP acclimation pond",SCREWT,Screw Trap,201,1
3DD.003BDD60E9,NBD15313.AAZ,UWE - Upper Wenatchee River,11/10/2015 3:31:06 PM,11/10/2015 3:31:06 PM,IN-STREAM ARRAY,IN-STREAM ARRAY,11/9/2015,7,Bull Trout,R,Resident,W,Wild Fish or Natural Production,"CHIWAT - Chiwawa River Trap, 0.5 km below CHIP acclimation pond",SCREWT,Screw Trap,198,1
3DD.003BDD60EC,NBD15293.AFZ,UWE - Upper Wenatchee River,6/6/2016 5:03:31 PM,6/6/2016 5:03:31 PM,IN-STREAM ARRAY,IN-STREAM ARRAY,10/20/2015,7,Bull Trout,R,Resident,W,Wild Fish or Natural Production,CHIWAR - Chiwawa River,SHOCK,Electro-Shock,121,1
3DD.003BDD60ED,NBD16288.AAZ,UWE - Upper Wenatchee River,10/22/2016 8:18:55 AM,10/22/2016 8:18:55 AM,IN-STREAM ARRAY,IN-STREAM ARRAY,10/14/2016,7,Bull Trout,R,Resident,W,Wild Fish or Natural Production,"CHIWAT - Chiwawa River Trap, 0.5 km below CHIP acclimation pond",SCREWT,Screw Trap,95,1
3DD.003BDD60F0,NBD16289.AAZ,UWE - Upper Wenatchee River,10/16/2016 9:34:06 AM,7/10/2019 10:29:26 PM,IN-STREAM ARRAY,IN-STREAM ARRAY,10/15/2016,7,Bull Trout,R,Resident,W,Wild Fish or Natural Production,"CHIWAT - Chiwawa River Trap, 0.5 km below CHIP acclimation pond",SCREWT,Screw Trap,225,1
3DD.003BDD60F0,NBD16289.AAZ,"WTL - White River, Wenatchee Basin",9/5/2017 12:29:49 PM,9/26/2017 8:45:09 PM,UPPER IN-STREAM ARRAY,LOWER IN-STREAM ARRAY,10/15/2016,7,Bull Trout,R,Resident,W,Wild Fish or Natural Production,"CHIWAT - Chiwawa River Trap, 0.5 km below CHIP acclimation pond",SCREWT,Screw Trap,225,1
3DD.003BDD60F1,NBD16286.AAZ,UWE - Upper Wenatchee River,10/14/2016 12:20:33 PM,10/14/2016 12:20:33 PM,IN-STREAM ARRAY,IN-STREAM ARRAY,10/12/2016,7,Bull Trout,R,Resident,W,Wild Fish or Natural Production,"CHIWAT - Chiwawa River Trap, 0.5 km below CHIP acclimation pond",SCREWT,Screw Trap,235,1
3DD.003BDD60F3,NBD16286.AAZ,CHL - Lower Chiwawa River,10/12/2016 6:27:16 PM,10/12/2016 6:27:16 PM,LOWER IN-STREAM ARRAY,LOWER IN-STREAM ARRAY,10/12/2016,7,Bull Trout,R,Resident,W,Wild Fish or Natural Production,"CHIWAT - Chiwawa River Trap, 0.5 km below CHIP acclimation pond",SCREWT,Screw Trap,266,1
3DD.003BDD60F7,NBD16285.AAZ,UWE - Upper Wenatchee River,10/12/2016 6:36:25 AM,10/12/2016 6:36:25 AM,IN-STREAM ARRAY,IN-STREAM ARRAY,10/11/2016,7,Bull Trout,R,Resident,W,Wild Fish or Natural Production,"CHIWAT - Chiwawa River Trap, 0.5 km below CHIP acclimation pond",SCREWT,Screw Trap,209,1
3DD.003BDD60F8,NBD16285.AAZ,UWE - Upper Wenatchee River,10/12/2016 6:34:16 PM,10/12/2016 6:34:16 PM,IN-STREAM ARRAY,IN-STREAM ARRAY,10/11/2016,7,Bull Trout,R,Resident,W,Wild Fish or Natural Production,"CHIWAT - Chiwawa River Trap, 0.5 km below CHIP acclimation pond",SCREWT,Screw Trap,191,1
3DD.003BDD60FA,NBD15300.AFZ,CHL - Lower Chiwawa River,9/24/2016 6:38:06 AM,8/4/2019 9:07:30 PM,LOWER IN-STREAM ARRAY,LOWER IN-STREAM ARRAY,10/27/2015,7,Bull Trout,R,Resident,W,Wild Fish or Natural Production,CHIWAR - Chiwawa River,SHOCK,Electro-Shock,122,1
3DD.003BDD60FA,NBD15300.AFZ,CHU - Upper Chiwawa River,9/22/2016 9:41:28 PM,8/3/2019 11:43:43 PM,LOWER IN-STREAM ARRAY,LOWER IN-STREAM ARRAY,10/27/2015,7,Bull Trout,R,Resident,W,Wild Fish or Natural Production,CHIWAR - Chiwawa River,SHOCK,Electro-Shock,122,1
3DD.003BDD60FA,NBD15300.AFZ,UWE - Upper Wenatchee River,9/24/2016 11:55:47 PM,3/15/2020 10:16:47 PM,IN-STREAM ARRAY,IN-STREAM ARRAY,10/27/2015,7,Bull Trout,R,Resident,W,Wild Fish or Natural Production,CHIWAR - Chiwawa River,SHOCK,Electro-Shock,122,1
3DD.003BDDB7BA,NBD17264.AAZ,UWE - Upper Wenatchee River,9/22/2017 12:08:28 AM,9/22/2017 12:08:28 AM,IN-STREAM ARRAY,IN-STREAM ARRAY,9/21/2017,7,Bull Trout,R,Resident,W,Wild Fish or Natural Production,"CHIWAT - Chiwawa River Trap, 0.5 km below CHIP acclimation pond",SCREWT,Screw Trap,203,1
3DD.003BDDB7BB,NBD17262.AAZ,UWE - Upper Wenatchee River,9/20/2017 1:38:42 AM,9/20/2017 1:38:42 AM,IN-STREAM ARRAY,IN-STREAM ARRAY,9/19/2017,7,Bull Trout,R,Resident,W,Wild Fish or Natural Production,"CHIWAT - Chiwawa River Trap, 0.5 km below CHIP acclimation pond",SCREWT,Screw Trap,234,1
3DD.003BDDB7BE,NBD17259.AAZ,UWE - Upper Wenatchee River,9/17/2017 1:53:48 AM,9/17/2017 1:53:48 AM,IN-STREAM ARRAY,IN-STREAM ARRAY,9/16/2017,7,Bull Trout,R,Resident,W,Wild Fish or Natural Production,"CHIWAT - Chiwawa River Trap, 0.5 km below CHIP acclimation pond",SCREWT,Screw Trap,208,1
3DD.003BDDB7C0,NBD17258.AAZ,UWE - Upper Wenatchee River,9/15/2017 11:20:34 PM,9/15/2017 11:20:34 PM,IN-STREAM ARRAY,IN-STREAM ARRAY,9/15/2017,7,Bull Trout,R,Resident,W,Wild Fish or Natural Production,"CHIWAT - Chiwawa River Trap, 0.5 km below CHIP acclimation pond",SCREWT,Screw Trap,230,1
3DD.003BDDB7C3,NBD17258.AAZ,UWE - Upper Wenatchee River,9/16/2017 8:07:33 PM,10/16/2019 7:05:37 PM,IN-STREAM ARRAY,IN-STREAM ARRAY,9/15/2017,7,Bull Trout,R,Resident,W,Wild Fish or Natural Production,"CHIWAT - Chiwawa River Trap, 0.5 km below CHIP acclimation pond",SCREWT,Screw Trap,302,1
3DD.003BDDB7C5,NBD17258.AAZ,CHL - Lower Chiwawa River,9/15/2017 6:57:41 PM,9/18/2022 11:38:26 PM,LOWER IN-STREAM ARRAY,UPPER IN-STREAM ARRAY,9/15/2017,7,Bull Trout,R,Resident,W,Wild Fish or Natural Production,"CHIWAT - Chiwawa River Trap, 0.5 km below CHIP acclimation pond",SCREWT,Screw Trap,511,1
3DD.003BDDB7C5,NBD17258.AAZ,CHU - Upper Chiwawa River,9/17/2019 10:17:05 PM,6/15/2023 4:26:01 AM,LOWER IN-STREAM ARRAY,LOWER IN-STREAM ARRAY,9/15/2017,7,Bull Trout,R,Resident,W,Wild Fish or Natural Production,"CHIWAT - Chiwawa River Trap, 0.5 km below CHIP acclimation pond",SCREWT,Screw Trap,511,1
3DD.003BDDB7C5,NBD17258.AAZ,UWE - Upper Wenatchee River,9/16/2017 12:42:31 AM,9/19/2022 9:39:10 PM,IN-STREAM ARRAY,IN-STREAM ARRAY,9/15/2017,7,Bull Trout,R,Resident,W,Wild Fish or Natural Production,"CHIWAT - Chiwawa River Trap, 0.5 km below CHIP acclimation pond",SCREWT,Screw Trap,511,1
3DD.003BDDB7C5,NBD17258.AAZ,"WTL - White River, Wenatchee Basin",9/20/2017 12:08:37 AM,10/26/2019 7:30:28 AM,LOWER IN-STREAM ARRAY,UPPER IN-STREAM ARRAY,9/15/2017,7,Bull Trout,R,Resident,W,Wild Fish or Natural Production,"CHIWAT - Chiwawa River Trap, 0.5 km below CHIP acclimation pond",SCREWT,Screw Trap,511,1
3DD.003BDDB7C7,NBD17257.AAZ,CHL - Lower Chiwawa River,9/14/2017 12:39:47 PM,9/14/2017 7:24:56 PM,UPPER IN-STREAM ARRAY,LOWER IN-STREAM ARRAY,9/14/2017,7,Bull Trout,R,Resident,W,Wild Fish or Natural Production,"CHIWAT - Chiwawa River Trap, 0.5 km below CHIP acclimation pond",SCREWT,Screw Trap,310,1
3DD.003BDDB7CD,NBD17263.AAZ,CHL - Lower Chiwawa River,9/29/2018 3:30:15 AM,9/26/2023 1:36:09 AM,UPPER IN-STREAM ARRAY,LOWER IN-STREAM ARRAY,9/20/2017,7,Bull Trout,R,Resident,W,Wild Fish or Natural Production,"CHIWAT - Chiwawa River Trap, 0.5 km below CHIP acclimation pond",SCREWT,Screw Trap,413,1
3DD.003BDDB7CD,NBD17263.AAZ,CHU - Upper Chiwawa River,9/28/2018 10:51:08 PM,9/25/2023 10:21:46 PM,LOWER IN-STREAM ARRAY,LOWER IN-STREAM ARRAY,9/20/2017,7,Bull Trout,R,Resident,W,Wild Fish or Natural Production,"CHIWAT - Chiwawa River Trap, 0.5 km below CHIP acclimation pond",SCREWT,Screw Trap,413,1
3DD.003BDDB7CD,NBD17263.AAZ,UWE - Upper Wenatchee River,9/22/2017 12:51:59 AM,9/26/2023 6:54:39 PM,IN-STREAM ARRAY,IN-STREAM ARRAY,9/20/2017,7,Bull Trout,R,Resident,W,Wild Fish or Natural Production,"CHIWAT - Chiwawa River Trap, 0.5 km below CHIP acclimation pond",SCREWT,Screw Trap,413,1
3DD.003BDDB7D1,NBD17259.AAZ,CHU - Upper Chiwawa River,6/17/2020 10:26:24 PM,10/8/2020 6:15:06 PM,UPPER IN-STREAM ARRAY,LOWER IN-STREAM ARRAY,9/16/2017,7,Bull Trout,R,Resident,W,Wild Fish or Natural Production,"CHIWAT - Chiwawa River Trap, 0.5 km below CHIP acclimation pond",SCREWT,Screw Trap,225,1
3DD.003BDDB7D1,NBD17259.AAZ,UWE - Upper Wenatchee River,9/16/2017 9:43:53 PM,5/20/2021 3:12:54 AM,IN-STREAM ARRAY,IN-STREAM ARRAY,9/16/2017,7,Bull Trout,R,Resident,W,Wild Fish or Natural Production,"CHIWAT - Chiwawa River Trap, 0.5 km below CHIP acclimation pond",SCREWT,Screw Trap,225,1
3DD.003BDDB7D3,NBD17264.AAZ,CHL - Lower Chiwawa River,9/29/2020 10:25:52 PM,10/1/2025 2:42:07 AM,UPPER IN-STREAM ARRAY,LOWER IN-STREAM ARRAY,9/21/2017,7,Bull Trout,R,Resident,W,Wild Fish or Natural Production,"CHIWAT - Chiwawa River Trap, 0.5 km below CHIP acclimation pond",SCREWT,Screw Trap,414,1
3DD.003BDDB7D3,NBD17264.AAZ,CHU - Upper Chiwawa River,9/30/2018 11:29:32 PM,9/29/2025 1:25:36 AM,LOWER IN-STREAM ARRAY,LOWER IN-STREAM ARRAY,9/21/2017,7,Bull Trout,R,Resident,W,Wild Fish or Natural Production,"CHIWAT - Chiwawa River Trap, 0.5 km below CHIP acclimation pond",SCREWT,Screw Trap,414,1
3DD.003BDDB7D3,NBD17264.AAZ,CWT - Chiwawa River Weir Trap Array,9/29/2025 8:34:06 PM,10/1/2025 2:22:38 AM,Single Pass,Single Pass,9/21/2017,7,Bull Trout,R,Resident,W,Wild Fish or Natural Production,"CHIWAT - Chiwawa River Trap, 0.5 km below CHIP acclimation pond",SCREWT,Screw Trap,414,1
3DD.003BDDB7D3,NBD17264.AAZ,UWE - Upper Wenatchee River,9/21/2017 11:24:23 PM,3/21/2023 5:13:37 AM,IN-STREAM ARRAY,IN-STREAM ARRAY,9/21/2017,7,Bull Trout,R,Resident,W,Wild Fish or Natural Production,"CHIWAT - Chiwawa River Trap, 0.5 km below CHIP acclimation pond",SCREWT,Screw Trap,414,1
3DD.003BDDB7D5,NBD17261.AAZ,CHU - Upper Chiwawa River,6/26/2019 10:06:10 PM,9/24/2019 3:08:45 AM,LOWER IN-STREAM ARRAY,LOWER IN-STREAM ARRAY,9/18/2017,7,Bull Trout,R,Resident,W,Wild Fish or Natural Production,"CHIWAT - Chiwawa River Trap, 0.5 km below CHIP acclimation pond",SCREWT,Screw Trap,344,1
3DD.003BDDB7D5,NBD17261.AAZ,UWE - Upper Wenatchee River,9/18/2017 10:37:52 PM,9/24/2019 11:28:03 PM,IN-STREAM ARRAY,IN-STREAM ARRAY,9/18/2017,7,Bull Trout,R,Resident,W,Wild Fish or Natural Production,"CHIWAT - Chiwawa River Trap, 0.5 km below CHIP acclimation pond",SCREWT,Screw Trap,344,1
3DD.003BDDB7D6,NBD17264.AAZ,CHL - Lower Chiwawa River,9/18/2019 9:37:17 PM,9/18/2019 9:37:52 PM,UPPER IN-STREAM ARRAY,LOWER IN-STREAM ARRAY,9/21/2017,7,Bull Trout,R,Resident,W,Wild Fish or Natural Production,"CHIWAT - Chiwawa River Trap, 0.5 km below CHIP acclimation pond",SCREWT,Screw Trap,474,1
3DD.003BDDB7D6,NBD17264.AAZ,UWE - Upper Wenatchee River,9/21/2017 9:57:23 PM,1/22/2019 6:49:34 PM,IN-STREAM ARRAY,IN-STREAM ARRAY,9/21/2017,7,Bull Trout,R,Resident,W,Wild Fish or Natural Production,"CHIWAT - Chiwawa River Trap, 0.5 km below CHIP acclimation pond",SCREWT,Screw Trap,474,1
3DD.003BDDB7D9,NBD17260.AAZ,UWE - Upper Wenatchee River,9/17/2017 9:53:20 PM,9/17/2017 9:53:20 PM,IN-STREAM ARRAY,IN-STREAM ARRAY,9/17/2017,7,Bull Trout,R,Resident,W,Wild Fish or Natural Production,"CHIWAT - Chiwawa River Trap, 0.5 km below CHIP acclimation pond",SCREWT,Screw Trap,263,1
3DD.003BDDB7DA,NBD17264.AAZ,UWE - Upper Wenatchee River,9/21/2017 9:58:28 PM,9/21/2017 9:58:28 PM,IN-STREAM ARRAY,IN-STREAM ARRAY,9/21/2017,7,Bull Trout,R,Resident,W,Wild Fish or Natural Production,"CHIWAT - Chiwawa River Trap, 0.5 km below CHIP acclimation pond",SCREWT,Screw Trap,540,1
3DD.003BDDB7DE,NBD17259.AAZ,UWE - Upper Wenatchee River,9/17/2017 9:09:18 PM,9/17/2017 9:09:18 PM,IN-STREAM ARRAY,IN-STREAM ARRAY,9/16/2017,7,Bull Trout,R,Resident,W,Wild Fish or Natural Production,"CHIWAT - Chiwawa River Trap, 0.5 km below CHIP acclimation pond",SCREWT,Screw Trap,188,1
3DD.003BDDB7E5,NBD17256.AAZ,CHL - Lower Chiwawa River,9/13/2017 12:11:13 PM,11/2/2017 11:03:56 PM,LOWER IN-STREAM ARRAY,LOWER IN-STREAM ARRAY,9/13/2017,7,Bull Trout,R,Resident,W,Wild Fish or Natural Production,"CHIWAT - Chiwawa River Trap, 0.5 km below CHIP acclimation pond",SCREWT,Screw Trap,261,1
3DD.003BDDB7E5,NBD17256.AAZ,NAL - Lower Nason Creek,7/14/2018 2:05:13 AM,3/19/2020 9:24:47 PM,LOWER IN-STREAM ARRAY,UPPER IN-STREAM ARRAY,9/13/2017,7,Bull Trout,R,Resident,W,Wild Fish or Natural Production,"CHIWAT - Chiwawa River Trap, 0.5 km below CHIP acclimation pond",SCREWT,Screw Trap,261,1
3DD.003BDDB7E5,NBD17256.AAZ,UWE - Upper Wenatchee River,11/3/2017 5:30:50 PM,11/3/2017 5:30:50 PM,IN-STREAM ARRAY,IN-STREAM ARRAY,9/13/2017,7,Bull Trout,R,Resident,W,Wild Fish or Natural Production,"CHIWAT - Chiwawa River Trap, 0.5 km below CHIP acclimation pond",SCREWT,Screw Trap,261,1
3DD.003BDDB7E5,NBD17256.AAZ,"WTL - White River, Wenatchee Basin",7/19/2019 12:58:35 AM,7/19/2019 12:59:54 AM,LOWER IN-STREAM ARRAY,UPPER IN-STREAM ARRAY,9/13/2017,7,Bull Trout,R,Resident,W,Wild Fish or Natural Production,"CHIWAT - Chiwawa River Trap, 0.5 km below CHIP acclimation pond",SCREWT,Screw Trap,261,1
3DD.003BDDB7E6,NBD17248.AAZ,CHL - Lower Chiwawa River,9/5/2017 11:23:56 AM,7/18/2020 12:30:50 AM,LOWER IN-STREAM ARRAY,LOWER IN-STREAM ARRAY,9/5/2017,7,Bull Trout,R,Resident,W,Wild Fish or Natural Production,"CHIWAT - Chiwawa River Trap, 0.5 km below CHIP acclimation pond",SCREWT,Screw Trap,253,1
3DD.003BDDB7E6,NBD17248.AAZ,CHU - Upper Chiwawa River,10/4/2020 11:54:37 PM,10/4/2020 11:54:37 PM,LOWER IN-STREAM ARRAY,LOWER IN-STREAM ARRAY,9/5/2017,7,Bull Trout,R,Resident,W,Wild Fish or Natural Production,"CHIWAT - Chiwawa River Trap, 0.5 km below CHIP acclimation pond",SCREWT,Screw Trap,253,1
3DD.003BDDB7E6,NBD17248.AAZ,NAL - Lower Nason Creek,10/7/2020 6:58:36 PM,10/7/2020 7:44:47 PM,LOWER IN-STREAM ARRAY,LOWER IN-STREAM ARRAY,9/5/2017,7,Bull Trout,R,Resident,W,Wild Fish or Natural Production,"CHIWAT - Chiwawa River Trap, 0.5 km below CHIP acclimation pond",SCREWT,Screw Trap,253,1
3DD.003BDDB7E6,NBD17248.AAZ,UWE - Upper Wenatchee River,10/7/2020 1:49:44 AM,10/7/2020 1:49:44 AM,IN-STREAM ARRAY,IN-STREAM ARRAY,9/5/2017,7,Bull Trout,R,Resident,W,Wild Fish or Natural Production,"CHIWAT - Chiwawa River Trap, 0.5 km below CHIP acclimation pond",SCREWT,Screw Trap,253,1
3DD.003BDDB7E9,NBD17258.AAZ,UWE - Upper Wenatchee River,9/16/2017 6:52:51 PM,9/16/2017 6:52:51 PM,IN-STREAM ARRAY,IN-STREAM ARRAY,9/15/2017,7,Bull Trout,R,Resident,W,Wild Fish or Natural Production,"CHIWAT - Chiwawa River Trap, 0.5 km below CHIP acclimation pond",SCREWT,Screw Trap,245,1
3DD.003BDDB7EC,NBD17245.AAZ,CHL - Lower Chiwawa River,9/2/2017 12:30:11 PM,9/2/2017 9:41:21 PM,LOWER IN-STREAM ARRAY,LOWER IN-STREAM ARRAY,9/2/2017,7,Bull Trout,R,Resident,W,Wild Fish or Natural Production,"CHIWAT - Chiwawa River Trap, 0.5 km below CHIP acclimation pond",SCREWT,Screw Trap,197,1
3DD.003BDDB7EC,NBD17245.AAZ,UWE - Upper Wenatchee River,9/3/2017 2:27:05 AM,9/3/2017 2:27:05 AM,IN-STREAM ARRAY,IN-STREAM ARRAY,9/2/2017,7,Bull Trout,R,Resident,W,Wild Fish or Natural Production,"CHIWAT - Chiwawa River Trap, 0.5 km below CHIP acclimation pond",SCREWT,Screw Trap,197,1
3DD.003BDDB7EF,NBD17087.AAZ,CHL - Lower Chiwawa River,3/29/2017 11:14:02 PM,3/29/2017 11:14:02 PM,UPPER IN-STREAM ARRAY,UPPER IN-STREAM ARRAY,3/28/2017,7,Bull Trout,R,Resident,W,Wild Fish or Natural Production,"CHIWAT - Chiwawa River Trap, 0.5 km below CHIP acclimation pond",SCREWT,Screw Trap,184,1
3DD.003BDDB7F1,NBD17264.AAZ,UWE - Upper Wenatchee River,9/21/2017 11:25:44 PM,9/21/2017 11:25:44 PM,IN-STREAM ARRAY,IN-STREAM ARRAY,9/21/2017,7,Bull Trout,R,Resident,W,Wild Fish or Natural Production,"CHIWAT - Chiwawa River Trap, 0.5 km below CHIP acclimation pond",SCREWT,Screw Trap,207,1
3DD.003BDDB7F4,NBD17258.AAZ,CHL - Lower Chiwawa River,9/15/2017 12:41:36 PM,9/15/2017 7:27:30 PM,LOWER IN-STREAM ARRAY,UPPER IN-STREAM ARRAY,9/15/2017,7,Bull Trout,R,Resident,W,Wild Fish or Natural Production,"CHIWAT - Chiwawa River Trap, 0.5 km below CHIP acclimation pond",SCREWT,Screw Trap,229,1
3DD.003BDDB7F4,NBD17258.AAZ,UWE - Upper Wenatchee River,9/16/2017 12:53:03 AM,9/16/2017 12:53:03 AM,IN-STREAM ARRAY,IN-STREAM ARRAY,9/15/2017,7,Bull Trout,R,Resident,W,Wild Fish or Natural Production,"CHIWAT - Chiwawa River Trap, 0.5 km below CHIP acclimation pond",SCREWT,Screw Trap,229,1
3DD.003BDDB7F7,NBD17263.AAZ,CHL - Lower Chiwawa River,9/20/2017 6:51:05 PM,9/28/2019 7:12:52 PM,LOWER IN-STREAM ARRAY,LOWER IN-STREAM ARRAY,9/20/2017,7,Bull Trout,R,Resident,W,Wild Fish or Natural Production,"CHIWAT - Chiwawa River Trap, 0.5 km below CHIP acclimation pond",SCREWT,Screw Trap,353,1
3DD.003BDDB7F7,NBD17263.AAZ,CHU - Upper Chiwawa River,6/22/2018 3:57:55 AM,9/28/2019 12:32:45 AM,LOWER IN-STREAM ARRAY,LOWER IN-STREAM ARRAY,9/20/2017,7,Bull Trout,R,Resident,W,Wild Fish or Natural Production,"CHIWAT - Chiwawa River Trap, 0.5 km below CHIP acclimation pond",SCREWT,Screw Trap,353,1
3DD.003BDDB7F7,NBD17263.AAZ,UWE - Upper Wenatchee River,9/20/2017 9:45:29 PM,9/20/2017 9:45:29 PM,IN-STREAM ARRAY,IN-STREAM ARRAY,9/20/2017,7,Bull Trout,R,Resident,W,Wild Fish or Natural Production,"CHIWAT - Chiwawa River Trap, 0.5 km below CHIP acclimation pond",SCREWT,Screw Trap,353,1
3DD.003BDDB7FC,NBD17257.AAZ,CHL - Lower Chiwawa River,9/27/2019 11:12:25 PM,9/26/2021 1:25:54 AM,LOWER IN-STREAM ARRAY,UPPER IN-STREAM ARRAY,9/14/2017,7,Bull Trout,R,Resident,W,Wild Fish or Natural Production,"CHIWAT - Chiwawa River Trap, 0.5 km below CHIP acclimation pond",SCREWT,Screw Trap,340,1
3DD.003BDDB7FC,NBD17257.AAZ,CHU - Upper Chiwawa River,7/7/2019 11:37:15 PM,9/24/2021 9:05:58 PM,LOWER IN-STREAM ARRAY,LOWER IN-STREAM ARRAY,9/14/2017,7,Bull Trout,R,Resident,W,Wild Fish or Natural Production,"CHIWAT - Chiwawa River Trap, 0.5 km below CHIP acclimation pond",SCREWT,Screw Trap,340,1
3DD.003BDDB7FC,NBD17257.AAZ,UWE - Upper Wenatchee River,9/14/2017 10:10:45 PM,4/26/2022 1:40:02 AM,IN-STREAM ARRAY,IN-STREAM ARRAY,9/14/2017,7,Bull Trout,R,Resident,W,Wild Fish or Natural Production,"CHIWAT - Chiwawa River Trap, 0.5 km below CHIP acclimation pond",SCREWT,Screw Trap,340,1
3DD.003BDDB7FF,NBD17261.AAZ,CHL - Lower Chiwawa River,10/26/2021 5:53:41 PM,10/26/2021 5:53:41 PM,UPPER IN-STREAM ARRAY,UPPER IN-STREAM ARRAY,9/18/2017,7,Bull Trout,R,Resident,W,Wild Fish or Natural Production,"CHIWAT - Chiwawa River Trap, 0.5 km below CHIP acclimation pond",SCREWT,Screw Trap,224,1
3DD.003BDDB7FF,NBD17261.AAZ,CHU - Upper Chiwawa River,9/27/2021 10:27:11 PM,9/27/2021 10:27:11 PM,LOWER IN-STREAM ARRAY,LOWER IN-STREAM ARRAY,9/18/2017,7,Bull Trout,R,Resident,W,Wild Fish or Natural Production,"CHIWAT - Chiwawa River Trap, 0.5 km below CHIP acclimation pond",SCREWT,Screw Trap,224,1
3DD.003BDDB7FF,NBD17261.AAZ,UWE - Upper Wenatchee River,9/19/2017 12:21:20 AM,9/19/2017 12:21:20 AM,IN-STREAM ARRAY,IN-STREAM ARRAY,9/18/2017,7,Bull Trout,R,Resident,W,Wild Fish or Natural Production,"CHIWAT - Chiwawa River Trap, 0.5 km below CHIP acclimation pond",SCREWT,Screw Trap,224,1
3DD.003BDDB7FF,NBD17261.AAZ,"WTL - White River, Wenatchee Basin",9/26/2020 12:17:39 PM,9/28/2020 3:07:04 AM,UPPER IN-STREAM ARRAY,UPPER IN-STREAM ARRAY,9/18/2017,7,Bull Trout,R,Resident,W,Wild Fish or Natural Production,"CHIWAT - Chiwawa River Trap, 0.5 km below CHIP acclimation pond",SCREWT,Screw Trap,224,1
3DD.003BDDB801,NBD17246.AAZ,CHU - Upper Chiwawa River,6/15/2018 12:42:53 AM,6/15/2018 12:42:53 AM,LOWER IN-STREAM ARRAY,LOWER IN-STREAM ARRAY,9/3/2017,7,Bull Trout,R,Resident,W,Wild Fish or Natural Production,"CHIWAT - Chiwawa River Trap, 0.5 km below CHIP acclimation pond",SCREWT,Screw Trap,433,1
3DD.003BDDB801,NBD17246.AAZ,UWE - Upper Wenatchee River,9/4/2017 7:34:44 PM,9/24/2018 7:55:25 AM,IN-STREAM ARRAY,IN-STREAM ARRAY,9/3/2017,7,Bull Trout,R,Resident,W,Wild Fish or Natural Production,"CHIWAT - Chiwawa River Trap, 0.5 km below CHIP acclimation pond",SCREWT,Screw Trap,433,1
3DD.003BDDB802,NBD17263.AAZ,UWE - Upper Wenatchee River,9/21/2017 3:58:09 AM,9/21/2017 3:58:09 AM,IN-STREAM ARRAY,IN-STREAM ARRAY,9/20/2017,7,Bull Trout,R,Resident,W,Wild Fish or Natural Production,"CHIWAT - Chiwawa River Trap, 0.5 km below CHIP acclimation pond",SCREWT,Screw Trap,246,1
3DD.003BDDB803,NBD17255.AAZ,CHL - Lower Chiwawa River,9/21/2019 9:38:28 PM,9/21/2019 9:38:35 PM,UPPER IN-STREAM ARRAY,LOWER IN-STREAM ARRAY,9/12/2017,7,Bull Trout,R,Resident,W,Wild Fish or Natural Production,"CHIWAT - Chiwawa River Trap, 0.5 km below CHIP acclimation pond",SCREWT,Screw Trap,217,1
3DD.003BDDB803,NBD17255.AAZ,CHU - Upper Chiwawa River,9/21/2019 6:40:17 PM,9/21/2019 6:40:17 PM,LOWER IN-STREAM ARRAY,LOWER IN-STREAM ARRAY,9/12/2017,7,Bull Trout,R,Resident,W,Wild Fish or Natural Production,"CHIWAT - Chiwawa River Trap, 0.5 km below CHIP acclimation pond",SCREWT,Screw Trap,217,1
3DD.003BDDB803,NBD17255.AAZ,UWE - Upper Wenatchee River,9/13/2017 7:43:12 PM,9/13/2017 7:43:12 PM,IN-STREAM ARRAY,IN-STREAM ARRAY,9/12/2017,7,Bull Trout,R,Resident,W,Wild Fish or Natural Production,"CHIWAT - Chiwawa River Trap, 0.5 km below CHIP acclimation pond",SCREWT,Screw Trap,217,1
3DD.003BDDB804,NBD17256.AAZ,CHL - Lower Chiwawa River,9/13/2017 12:11:12 PM,7/9/2020 12:41:43 AM,LOWER IN-STREAM ARRAY,LOWER IN-STREAM ARRAY,9/13/2017,7,Bull Trout,R,Resident,W,Wild Fish or Natural Production,"CHIWAT - Chiwawa River Trap, 0.5 km below CHIP acclimation pond",SCREWT,Screw Trap,280,1
3DD.003BDDB804,NBD17256.AAZ,CHU - Upper Chiwawa River,10/1/2020 6:35:34 PM,10/1/2020 6:35:34 PM,LOWER IN-STREAM ARRAY,LOWER IN-STREAM ARRAY,9/13/2017,7,Bull Trout,R,Resident,W,Wild Fish or Natural Production,"CHIWAT - Chiwawa River Trap, 0.5 km below CHIP acclimation pond",SCREWT,Screw Trap,280,1
3DD.003BDDB804,NBD17256.AAZ,UWE - Upper Wenatchee River,9/15/2017 8:28:53 PM,10/2/2020 1:00:09 AM,IN-STREAM ARRAY,IN-STREAM ARRAY,9/13/2017,7,Bull Trout,R,Resident,W,Wild Fish or Natural Production,"CHIWAT - Chiwawa River Trap, 0.5 km below CHIP acclimation pond",SCREWT,Screw Trap,280,1
3DD.003BDDB807,NBD17259.AAZ,UWE - Upper Wenatchee River,9/16/2017 10:46:56 PM,9/16/2017 10:46:56 PM,IN-STREAM ARRAY,IN-STREAM ARRAY,9/16/2017,7,Bull Trout,R,Resident,W,Wild Fish or Natural Production,"CHIWAT - Chiwawa River Trap, 0.5 km below CHIP acclimation pond",SCREWT,Screw Trap,241,1
3DD.003BDDB808,NBD17086.AAZ,NAL - Lower Nason Creek,10/2/2017 1:57:28 AM,10/2/2017 1:57:34 AM,UPPER IN-STREAM ARRAY,LOWER IN-STREAM ARRAY,3/27/2017,7,Bull Trout,R,Resident,W,Wild Fish or Natural Production,"CHIWAT - Chiwawa River Trap, 0.5 km below CHIP acclimation pond",SCREWT,Screw Trap,141,1
3DD.003BDDB808,NBD17086.AAZ,NAU - Upper Nason Creek,7/20/2017 3:07:41 AM,10/1/2017 4:07:16 AM,LOWER IN-STREAM ARRAY,LOWER IN-STREAM ARRAY,3/27/2017,7,Bull Trout,R,Resident,W,Wild Fish or Natural Production,"CHIWAT - Chiwawa River Trap, 0.5 km below CHIP acclimation pond",SCREWT,Screw Trap,141,1
3DD.003BDDB811,NBD17259.AAZ,CHL - Lower Chiwawa River,9/16/2017 7:12:36 PM,5/7/2023 12:29:38 AM,LOWER IN-STREAM ARRAY,UPPER IN-STREAM ARRAY,9/16/2017,7,Bull Trout,R,Resident,W,Wild Fish or Natural Production,"CHIWAT - Chiwawa River Trap, 0.5 km below CHIP acclimation pond",SCREWT,Screw Trap,217,1
3DD.003BDDB813,NBD-2017-247-AAZ.xml,UWE - Upper Wenatchee River,9/5/2017 12:09:35 AM,9/5/2017 12:09:35 AM,IN-STREAM ARRAY,IN-STREAM ARRAY,9/4/2017,7,Bull Trout,R,Resident,W,Wild Fish or Natural Production,"CHIWAT - Chiwawa River Trap, 0.5 km below CHIP acclimation pond",SCREWT,Screw Trap,330,1
3DD.003BDDB814,NBD17263.AAZ,CHU - Upper Chiwawa River,10/2/2018 8:17:59 PM,10/2/2018 8:17:59 PM,UPPER IN-STREAM ARRAY,UPPER IN-STREAM ARRAY,9/20/2017,7,Bull Trout,R,Resident,W,Wild Fish or Natural Production,"CHIWAT - Chiwawa River Trap, 0.5 km below CHIP acclimation pond",SCREWT,Screw Trap,477,1
3DD.003BDDB818,NBD17257.AAZ,CHL - Lower Chiwawa River,9/14/2017 7:44:51 PM,9/15/2017 6:58:23 PM,LOWER IN-STREAM ARRAY,UPPER IN-STREAM ARRAY,9/14/2017,7,Bull Trout,R,Resident,W,Wild Fish or Natural Production,"CHIWAT - Chiwawa River Trap, 0.5 km below CHIP acclimation pond",SCREWT,Screw Trap,178,1
3DD.003BDDB819,NBD17258.AAZ,UWE - Upper Wenatchee River,9/16/2017 3:37:34 AM,9/16/2017 3:37:34 AM,IN-STREAM ARRAY,IN-STREAM ARRAY,9/15/2017,7,Bull Trout,R,Resident,W,Wild Fish or Natural Production,"CHIWAT - Chiwawa River Trap, 0.5 km below CHIP acclimation pond",SCREWT,Screw Trap,450,1
3DD.003BDDB81C,NBD17236.AAZ,CHL - Lower Chiwawa River,10/1/2020 1:01:09 AM,10/1/2020 1:01:09 AM,LOWER IN-STREAM ARRAY,LOWER IN-STREAM ARRAY,8/24/2017,7,Bull Trout,R,Resident,W,Wild Fish or Natural Production,"CHIWAT - Chiwawa River Trap, 0.5 km below CHIP acclimation pond",SCREWT,Screw Trap,423,1
3DD.003BDDB81C,NBD17236.AAZ,CHU - Upper Chiwawa River,10/2/2019 10:52:43 PM,10/9/2022 11:11:43 PM,UPPER IN-STREAM ARRAY,UPPER IN-STREAM ARRAY,8/24/2017,7,Bull Trout,R,Resident,W,Wild Fish or Natural Production,"CHIWAT - Chiwawa River Trap, 0.5 km below CHIP acclimation pond",SCREWT,Screw Trap,423,1
3DD.003BDDB81C,NBD17236.AAZ,UWE - Upper Wenatchee River,8/24/2017 11:01:53 PM,2/24/2023 9:43:04 PM,IN-STREAM ARRAY,IN-STREAM ARRAY,8/24/2017,7,Bull Trout,R,Resident,W,Wild Fish or Natural Production,"CHIWAT - Chiwawa River Trap, 0.5 km below CHIP acclimation pond",SCREWT,Screw Trap,423,1
3DD.003BDDB846,NBD17229.AAZ,CHL - Lower Chiwawa River,9/23/2020 8:23:47 PM,9/23/2020 8:23:47 PM,LOWER IN-STREAM ARRAY,LOWER IN-STREAM ARRAY,8/17/2017,7,Bull Trout,R,Resident,W,Wild Fish or Natural Production,"CHIWAT - Chiwawa River Trap, 0.5 km below CHIP acclimation pond",SCREWT,Screw Trap,258,1
3DD.003BDDB846,NBD17229.AAZ,CHU - Upper Chiwawa River,6/29/2020 3:26:42 AM,9/23/2020 1:43:20 AM,LOWER IN-STREAM ARRAY,LOWER IN-STREAM ARRAY,8/17/2017,7,Bull Trout,R,Resident,W,Wild Fish or Natural Production,"CHIWAT - Chiwawa River Trap, 0.5 km below CHIP acclimation pond",SCREWT,Screw Trap,258,1
3DD.003BDDB84D,NBD17136.AAZ,ICL - Lower Icicle Instream Array,7/25/2017 8:44:32 PM,7/25/2017 8:44:32 PM,Downstream Array,Downstream Array,5/17/2017,7,Bull Trout,R,Resident,W,Wild Fish or Natural Production,"CHIWAT - Chiwawa River Trap, 0.5 km below CHIP acclimation pond",SCREWT,Screw Trap,157,1
3DD.003BDDB84D,NBD17136.AAZ,ICM - Middle Icicle Instream Array,7/26/2017 3:38:55 PM,7/26/2017 3:53:04 PM,Downstream Array,Upstream Array,5/17/2017,7,Bull Trout,R,Resident,W,Wild Fish or Natural Production,"CHIWAT - Chiwawa River Trap, 0.5 km below CHIP acclimation pond",SCREWT,Screw Trap,157,1
3DD.003BDDB86B,NBD17183.AAZ,NAL - Lower Nason Creek,7/6/2017 10:30:30 PM,7/6/2017 10:30:30 PM,LOWER IN-STREAM ARRAY,LOWER IN-STREAM ARRAY,7/2/2017,7,Bull Trout,R,Resident,W,Wild Fish or Natural Production,"CHIWAT - Chiwawa River Trap, 0.5 km below CHIP acclimation pond",SCREWT,Screw Trap,158,1
3DD.003BDDB878,NBD17202.AAZ,CHW - Chiwaukum Creek,10/17/2017 8:31:29 PM,10/17/2017 8:31:29 PM,DOWNSTREAM ARRAY,DOWNSTREAM ARRAY,7/21/2017,7,Bull Trout,R,Resident,W,Wild Fish or Natural Production,"CHIWAT - Chiwawa River Trap, 0.5 km below CHIP acclimation pond",SCREWT,Screw Trap,137,1
3DD.003BDDB87D,NBD17229.AAZ,CHL - Lower Chiwawa River,9/30/2018 10:23:26 PM,4/20/2021 5:57:07 PM,UPPER IN-STREAM ARRAY,UPPER IN-STREAM ARRAY,8/17/2017,7,Bull Trout,R,Resident,W,Wild Fish or Natural Production,"CHIWAT - Chiwawa River Trap, 0.5 km below CHIP acclimation pond",SCREWT,Screw Trap,509,1
3DD.003BDDB87D,NBD17229.AAZ,CHU - Upper Chiwawa River,9/29/2018 8:13:35 PM,9/24/2019 7:24:05 PM,UPPER IN-STREAM ARRAY,LOWER IN-STREAM ARRAY,8/17/2017,7,Bull Trout,R,Resident,W,Wild Fish or Natural Production,"CHIWAT - Chiwawa River Trap, 0.5 km below CHIP acclimation pond",SCREWT,Screw Trap,509,1
3DD.003BDDB87D,NBD17229.AAZ,UWE - Upper Wenatchee River,10/2/2018 12:48:04 AM,9/25/2019 9:38:25 PM,IN-STREAM ARRAY,IN-STREAM ARRAY,8/17/2017,7,Bull Trout,R,Resident,W,Wild Fish or Natural Production,"CHIWAT - Chiwawa River Trap, 0.5 km below CHIP acclimation pond",SCREWT,Screw Trap,509,1
3DD.003BDDB87D,NBD17229.AAZ,"WTL - White River, Wenatchee Basin",9/11/2017 9:54:56 PM,10/6/2017 8:46:31 PM,LOWER IN-STREAM ARRAY,LOWER IN-STREAM ARRAY,8/17/2017,7,Bull Trout,R,Resident,W,Wild Fish or Natural Production,"CHIWAT - Chiwawa River Trap, 0.5 km below CHIP acclimation pond",SCREWT,Screw Trap,509,1
3DD.003BDDB881,NBD16279.BFZ,NAL - Lower Nason Creek,10/6/2017 4:38:24 AM,10/6/2017 4:38:24 AM,LOWER IN-STREAM ARRAY,LOWER IN-STREAM ARRAY,10/5/2016,7,Bull Trout,R,Resident,W,Wild Fish or Natural Production,NASONC - Nason Creek (tributary to Wenatchee River),SHOCK,Electro-Shock,221,1
3DD.003BDDB884,NBD16293.AFZ,CHL - Lower Chiwawa River,7/18/2022 9:07:26 PM,7/18/2022 9:07:26 PM,LOWER IN-STREAM ARRAY,LOWER IN-STREAM ARRAY,10/19/2016,7,Bull Trout,R,Resident,W,Wild Fish or Natural Production,CHIWAR - Chiwawa River,SHOCK,Electro-Shock,70,1
3DD.003BDDB886,NBD16265.BFZ,UWE - Upper Wenatchee River,10/24/2016 6:50:35 PM,10/24/2016 6:50:35 PM,IN-STREAM ARRAY,IN-STREAM ARRAY,9/21/2016,7,Bull Trout,R,Resident,W,Wild Fish or Natural Production,NASONC - Nason Creek (tributary to Wenatchee River),SHOCK,Electro-Shock,208,1
3DD.003BDDB888,NBD16265.BFZ,ICL - Lower Icicle Instream Array,7/9/2017 9:48:42 PM,7/9/2017 9:49:07 PM,Downstream Array,Upstream Array,9/21/2016,7,Bull Trout,R,Resident,W,Wild Fish or Natural Production,NASONC - Nason Creek (tributary to Wenatchee River),SHOCK,Electro-Shock,221,1
3DD.003BDDB898,NBD16285.AF1,UWE - Upper Wenatchee River,10/25/2017 7:11:08 AM,10/25/2017 7:11:08 AM,IN-STREAM ARRAY,IN-STREAM ARRAY,10/11/2016,7,Bull Trout,R,Resident,W,Wild Fish or Natural Production,CHIWAR - Chiwawa River,SHOCK,Electro-Shock,128,1
3DD.003BDDB89D,NBD16305.AFZ,CHL - Lower Chiwawa River,10/6/2021 7:45:17 PM,8/4/2022 1:11:58 AM,LOWER IN-STREAM ARRAY,UPPER IN-STREAM ARRAY,10/31/2016,7,Bull Trout,R,Resident,W,Wild Fish or Natural Production,CHIWAR - Chiwawa River,SHOCK,Electro-Shock,103,1
3DD.003BDDB89D,NBD16305.AFZ,CHU - Upper Chiwawa River,7/12/2021 8:42:08 PM,8/6/2022 4:14:01 AM,LOWER IN-STREAM ARRAY,UPPER IN-STREAM ARRAY,10/31/2016,7,Bull Trout,R,Resident,W,Wild Fish or Natural Production,CHIWAR - Chiwawa River,SHOCK,Electro-Shock,103,1
3DD.003BDDB89D,NBD16305.AFZ,UWE - Upper Wenatchee River,10/4/2022 11:08:58 PM,10/4/2022 11:08:59 PM,IN-STREAM ARRAY,IN-STREAM ARRAY,10/31/2016,7,Bull Trout,R,Resident,W,Wild Fish or Natural Production,CHIWAR - Chiwawa River,SHOCK,Electro-Shock,103,1
3DD.003BDDB8AF,NBD16278.BFZ,NAL - Lower Nason Creek,10/8/2017 3:25:26 AM,9/11/2018 9:38:36 PM,UPPER IN-STREAM ARRAY,UPPER IN-STREAM ARRAY,10/4/2016,7,Bull Trout,R,Resident,W,Wild Fish or Natural Production,NASONC - Nason Creek (tributary to Wenatchee River),SHOCK,Electro-Shock,185,1
3DD.003BDDB8AF,NBD16278.BFZ,NAU - Upper Nason Creek,10/6/2017 4:02:15 AM,7/15/2019 1:21:01 AM,UPPER IN-STREAM ARRAY,UPPER IN-STREAM ARRAY,10/4/2016,7,Bull Trout,R,Resident,W,Wild Fish or Natural Production,NASONC - Nason Creek (tributary to Wenatchee River),SHOCK,Electro-Shock,185,1
3DD.003BDDB8B3,NBD16271.BFZ,NAL - Lower Nason Creek,9/28/2016 8:28:58 PM,9/28/2016 8:29:38 PM,UPPER IN-STREAM ARRAY,UPPER IN-STREAM ARRAY,9/27/2016,7,Bull Trout,R,Resident,W,Wild Fish or Natural Production,NASONC - Nason Creek (tributary to Wenatchee River),SHOCK,Electro-Shock,232,1
3DD.003BDDB8B3,NBD16271.BFZ,UWE - Upper Wenatchee River,9/30/2016 8:02:28 PM,9/30/2016 8:02:28 PM,IN-STREAM ARRAY,IN-STREAM ARRAY,9/27/2016,7,Bull Trout,R,Resident,W,Wild Fish or Natural Production,NASONC - Nason Creek (tributary to Wenatchee River),SHOCK,Electro-Shock,232,1
3DD.003BDDB8BA,NBD16300.AFZ,CHU - Upper Chiwawa River,1/5/2018 10:51:10 PM,1/5/2018 10:51:17 PM,UPPER IN-STREAM ARRAY,LOWER IN-STREAM ARRAY,10/26/2016,7,Bull Trout,R,Resident,W,Wild Fish or Natural Production,CHIWAR - Chiwawa River,SHOCK,Electro-Shock,83,1
3DD.003BDDB8BB,NBD16300.AFZ,LWN - Little Wenatchee River,6/29/2018 11:13:42 PM,8/4/2018 6:46:39 PM,LOWER IN-STREAM ARRAY,UPPER IN-STREAM ARRAY,10/26/2016,7,Bull Trout,R,Resident,W,Wild Fish or Natural Production,CHIWAR - Chiwawa River,SHOCK,Electro-Shock,86,1
3DD.003BDDB8C0,NBD16312.AFZ,CHL - Lower Chiwawa River,8/5/2017 8:19:11 PM,8/5/2017 8:19:11 PM,UPPER IN-STREAM ARRAY,UPPER IN-STREAM ARRAY,11/7/2016,7,Bull Trout,R,Resident,W,Wild Fish or Natural Production,CHIWAR - Chiwawa River,SHOCK,Electro-Shock,111,1
3DD.003BDDB8C2,NBD16266.BFZ,BCP - Butcher Creek Acclimation Pond,5/16/2017 6:31:16 PM,5/16/2017 6:31:28 PM,POND EXIT,POND EXIT,9/22/2016,7,Bull Trout,R,Resident,W,Wild Fish or Natural Production,NASONC - Nason Creek (tributary to Wenatchee River),SHOCK,Electro-Shock,207,1
3DD.003BDDB8C5,NBD-2016-286-AFZ.xml,CHL - Lower Chiwawa River,7/1/2023 3:15:48 AM,7/1/2023 8:47:45 PM,LOWER IN-STREAM ARRAY,UPPER IN-STREAM ARRAY,10/12/2016,7,Bull Trout,R,Resident,W,Wild Fish or Natural Production,CHIWAR - Chiwawa River,SHOCK,Electro-Shock,118,1
3DD.003BDDB8C5,NBD-2016-286-AFZ.xml,CHU - Upper Chiwawa River,8/12/2021 3:04:45 AM,7/2/2023 8:42:56 PM,LOWER IN-STREAM ARRAY,LOWER IN-STREAM ARRAY,10/12/2016,7,Bull Trout,R,Resident,W,Wild Fish or Natural Production,CHIWAR - Chiwawa River,SHOCK,Electro-Shock,118,1
3DD.003BDDB8C5,NBD-2016-286-AFZ.xml,UWE - Upper Wenatchee River,10/18/2021 10:01:27 PM,10/18/2021 10:01:27 PM,IN-STREAM ARRAY,IN-STREAM ARRAY,10/12/2016,7,Bull Trout,R,Resident,W,Wild Fish or Natural Production,CHIWAR - Chiwawa River,SHOCK,Electro-Shock,118,1
3DD.003BDDB8C7,NBD16259.BFZ,NAL - Lower Nason Creek,10/12/2016 12:12:14 AM,10/12/2016 12:12:31 AM,UPPER IN-STREAM ARRAY,LOWER IN-STREAM ARRAY,9/15/2016,7,Bull Trout,R,Resident,W,Wild Fish or Natural Production,NASONC - Nason Creek (tributary to Wenatchee River),SHOCK,Electro-Shock,240,1
3DD.003BDDB8C8,NBD16300.AFZ,LWN - Little Wenatchee River,7/6/2022 11:59:31 PM,7/6/2022 11:59:46 PM,LOWER IN-STREAM ARRAY,UPPER IN-STREAM ARRAY,10/26/2016,7,Bull Trout,R,Resident,W,Wild Fish or Natural Production,CHIWAR - Chiwawa River,SHOCK,Electro-Shock,77,1
3DD.003BDDB8CB,NBD16285.AF1,CHL - Lower Chiwawa River,11/21/2017 8:59:23 PM,11/21/2017 8:59:23 PM,LOWER IN-STREAM ARRAY,LOWER IN-STREAM ARRAY,10/11/2016,7,Bull Trout,R,Resident,W,Wild Fish or Natural Production,CHIWAR - Chiwawa River,SHOCK,Electro-Shock,128,1
3DD.003BDDB8CB,NBD16285.AF1,UWE - Upper Wenatchee River,11/26/2017 5:49:13 PM,5/6/2020 3:58:25 AM,IN-STREAM ARRAY,IN-STREAM ARRAY,10/11/2016,7,Bull Trout,R,Resident,W,Wild Fish or Natural Production,CHIWAR - Chiwawa River,SHOCK,Electro-Shock,128,1
3DD.003BDDB8CD,NBD16285.AF1,CHU - Upper Chiwawa River,11/12/2017 11:39:47 PM,11/12/2017 11:39:47 PM,LOWER IN-STREAM ARRAY,LOWER IN-STREAM ARRAY,10/11/2016,7,Bull Trout,R,Resident,W,Wild Fish or Natural Production,CHIWAR - Chiwawa River,SHOCK,Electro-Shock,128,1
3DD.003BDDB8CE,NBD16284.AFZ,CHL - Lower Chiwawa River,12/16/2018 3:01:39 AM,8/3/2019 9:02:05 PM,UPPER IN-STREAM ARRAY,UPPER IN-STREAM ARRAY,10/10/2016,7,Bull Trout,R,Resident,W,Wild Fish or Natural Production,CHIWAR - Chiwawa River,SHOCK,Electro-Shock,73,1
3DD.003BDDB8CE,NBD16284.AFZ,CHU - Upper Chiwawa River,12/10/2018 6:40:12 AM,12/10/2018 6:40:12 AM,LOWER IN-STREAM ARRAY,LOWER IN-STREAM ARRAY,10/10/2016,7,Bull Trout,R,Resident,W,Wild Fish or Natural Production,CHIWAR - Chiwawa River,SHOCK,Electro-Shock,73,1
3DD.003BDDB8CE,NBD16284.AFZ,UWE - Upper Wenatchee River,8/3/2019 11:37:49 PM,8/3/2019 11:37:50 PM,IN-STREAM ARRAY,IN-STREAM ARRAY,10/10/2016,7,Bull Trout,R,Resident,W,Wild Fish or Natural Production,CHIWAR - Chiwawa River,SHOCK,Electro-Shock,73,1
3DD.003BDDB8DB,NBD16285.AFZ,CHU - Upper Chiwawa River,10/14/2017 7:54:05 PM,10/14/2017 7:54:05 PM,UPPER IN-STREAM ARRAY,UPPER IN-STREAM ARRAY,10/11/2016,7,Bull Trout,R,Resident,W,Wild Fish or Natural Production,CHIWAR - Chiwawa River,SHOCK,Electro-Shock,130,1
3DD.003BDDB8DB,NBD16285.AFZ,UWE - Upper Wenatchee River,10/17/2017 12:09:22 AM,10/17/2017 12:09:22 AM,IN-STREAM ARRAY,IN-STREAM ARRAY,10/11/2016,7,Bull Trout,R,Resident,W,Wild Fish or Natural Production,CHIWAR - Chiwawa River,SHOCK,Electro-Shock,130,1
3DD.003BDDBA10,NBD18304.AAZ,UWE - Upper Wenatchee River,10/31/2018 10:37:34 PM,10/31/2018 10:37:37 PM,IN-STREAM ARRAY,IN-STREAM ARRAY,10/31/2018,7,Bull Trout,R,Resident,W,Wild Fish or Natural Production,"CHIWAT - Chiwawa River Trap, 0.5 km below CHIP acclimation pond",SCREWT,Screw Trap,224,1
3DD.003BDDBA12,NBD18276.AAZ,UWE - Upper Wenatchee River,10/4/2018 2:58:53 AM,10/4/2018 2:58:54 AM,IN-STREAM ARRAY,IN-STREAM ARRAY,10/3/2018,7,Bull Trout,R,Resident,W,Wild Fish or Natural Production,"CHIWAT - Chiwawa River Trap, 0.5 km below CHIP acclimation pond",SCREWT,Screw Trap,176,1
3DD.003BDDBA13,NBD18299.AAZ,UWE - Upper Wenatchee River,10/26/2018 8:57:06 PM,10/26/2018 8:57:09 PM,IN-STREAM ARRAY,IN-STREAM ARRAY,10/26/2018,7,Bull Trout,R,Resident,W,Wild Fish or Natural Production,"CHIWAT - Chiwawa River Trap, 0.5 km below CHIP acclimation pond",SCREWT,Screw Trap,228,1
3DD.003BDDBA14,NBD18303.AAZ,UWE - Upper Wenatchee River,11/2/2018 8:25:19 AM,11/2/2018 8:25:27 AM,IN-STREAM ARRAY,IN-STREAM ARRAY,10/30/2018,7,Bull Trout,R,Resident,W,Wild Fish or Natural Production,"CHIWAT - Chiwawa River Trap, 0.5 km below CHIP acclimation pond",SCREWT,Screw Trap,213,1
3DD.003BDDBA15,NBD18299.AAZ,UWE - Upper Wenatchee River,10/27/2018 4:41:56 AM,10/27/2018 4:42:11 AM,IN-STREAM ARRAY,IN-STREAM ARRAY,10/26/2018,7,Bull Trout,R,Resident,W,Wild Fish or Natural Production,"CHIWAT - Chiwawa River Trap, 0.5 km below CHIP acclimation pond",SCREWT,Screw Trap,224,1
3DD.003BDDBA16,NBD18304.AAZ,UWE - Upper Wenatchee River,11/3/2018 7:03:16 AM,11/3/2018 7:03:45 AM,IN-STREAM ARRAY,IN-STREAM ARRAY,10/31/2018,7,Bull Trout,R,Resident,W,Wild Fish or Natural Production,"CHIWAT - Chiwawa River Trap, 0.5 km below CHIP acclimation pond",SCREWT,Screw Trap,187,1
3DD.003BDDBA17,NBD18300.AAZ,UWE - Upper Wenatchee River,10/29/2018 6:18:03 AM,10/29/2018 6:18:07 AM,IN-STREAM ARRAY,IN-STREAM ARRAY,10/27/2018,7,Bull Trout,R,Resident,W,Wild Fish or Natural Production,"CHIWAT - Chiwawa River Trap, 0.5 km below CHIP acclimation pond",SCREWT,Screw Trap,204,1
3DD.003BDDBA1F,NBD18304.AAZ,UWE - Upper Wenatchee River,11/1/2018 5:50:52 PM,11/1/2018 5:50:55 PM,IN-STREAM ARRAY,IN-STREAM ARRAY,10/31/2018,7,Bull Trout,R,Resident,W,Wild Fish or Natural Production,"CHIWAT - Chiwawa River Trap, 0.5 km below CHIP acclimation pond",SCREWT,Screw Trap,182,1
3DD.003BDDBA20,NBD18281.AAZ,UWE - Upper Wenatchee River,10/8/2018 8:49:29 PM,10/8/2018 8:49:30 PM,IN-STREAM ARRAY,IN-STREAM ARRAY,10/8/2018,7,Bull Trout,R,Resident,W,Wild Fish or Natural Production,"CHIWAT - Chiwawa River Trap, 0.5 km below CHIP acclimation pond",SCREWT,Screw Trap,196,1
3DD.003BDDBA22,NBD18307.AAZ,CHL - Lower Chiwawa River,11/3/2018 12:01:32 PM,11/3/2018 12:01:32 PM,UPPER IN-STREAM ARRAY,UPPER IN-STREAM ARRAY,11/3/2018,7,Bull Trout,R,Resident,W,Wild Fish or Natural Production,"CHIWAT - Chiwawa River Trap, 0.5 km below CHIP acclimation pond",SCREWT,Screw Trap,181,1
3DD.003BDDBA23,NBD18257.AAZ,CHL - Lower Chiwawa River,7/15/2020 2:27:52 AM,9/28/2020 6:48:33 PM,LOWER IN-STREAM ARRAY,UPPER IN-STREAM ARRAY,9/14/2018,7,Bull Trout,R,Resident,W,Wild Fish or Natural Production,"CHIWAT - Chiwawa River Trap, 0.5 km below CHIP acclimation pond",SCREWT,Screw Trap,274,1
3DD.003BDDBA23,NBD18257.AAZ,CHU - Upper Chiwawa River,9/28/2020 3:21:57 AM,9/28/2020 3:22:06 AM,UPPER IN-STREAM ARRAY,LOWER IN-STREAM ARRAY,9/14/2018,7,Bull Trout,R,Resident,W,Wild Fish or Natural Production,"CHIWAT - Chiwawa River Trap, 0.5 km below CHIP acclimation pond",SCREWT,Screw Trap,274,1
3DD.003BDDBA23,NBD18257.AAZ,UWE - Upper Wenatchee River,9/28/2020 10:03:14 PM,9/28/2020 10:03:15 PM,IN-STREAM ARRAY,IN-STREAM ARRAY,9/14/2018,7,Bull Trout,R,Resident,W,Wild Fish or Natural Production,"CHIWAT - Chiwawa River Trap, 0.5 km below CHIP acclimation pond",SCREWT,Screw Trap,274,1
3DD.003BDDBA25,NBD18300.AAZ,UWE - Upper Wenatchee River,10/27/2018 10:49:04 PM,10/27/2018 10:49:05 PM,IN-STREAM ARRAY,IN-STREAM ARRAY,10/27/2018,7,Bull Trout,R,Resident,W,Wild Fish or Natural Production,"CHIWAT - Chiwawa River Trap, 0.5 km below CHIP acclimation pond",SCREWT,Screw Trap,227,1
3DD.003BDDBA26,NBD18302.AAZ,UWE - Upper Wenatchee River,10/30/2018 2:02:01 AM,10/30/2018 2:02:04 AM,IN-STREAM ARRAY,IN-STREAM ARRAY,10/29/2018,7,Bull Trout,R,Resident,W,Wild Fish or Natural Production,"CHIWAT - Chiwawa River Trap, 0.5 km below CHIP acclimation pond",SCREWT,Screw Trap,217,1
3DD.003BDDBA2F,NBD18301.AAZ,UWE - Upper Wenatchee River,10/29/2018 3:46:30 AM,10/29/2018 3:46:35 AM,IN-STREAM ARRAY,IN-STREAM ARRAY,10/28/2018,7,Bull Trout,R,Resident,W,Wild Fish or Natural Production,"CHIWAT - Chiwawa River Trap, 0.5 km below CHIP acclimation pond",SCREWT,Screw Trap,198,1
3DD.003BDDBA31,NBD18281.AAZ,UWE - Upper Wenatchee River,10/8/2018 10:46:26 PM,10/8/2018 10:46:27 PM,IN-STREAM ARRAY,IN-STREAM ARRAY,10/8/2018,7,Bull Trout,R,Resident,W,Wild Fish or Natural Production,"CHIWAT - Chiwawa River Trap, 0.5 km below CHIP acclimation pond",SCREWT,Screw Trap,217,1
3DD.003BDDBA32,NBD18281.AAZ,UWE - Upper Wenatchee River,10/9/2018 2:01:17 AM,10/9/2018 2:01:17 AM,IN-STREAM ARRAY,IN-STREAM ARRAY,10/8/2018,7,Bull Trout,R,Resident,W,Wild Fish or Natural Production,"CHIWAT - Chiwawa River Trap, 0.5 km below CHIP acclimation pond",SCREWT,Screw Trap,203,1
3DD.003BDDBA33,NBD18280.AAZ,UWE - Upper Wenatchee River,10/7/2018 10:28:54 PM,10/7/2018 10:28:55 PM,IN-STREAM ARRAY,IN-STREAM ARRAY,10/7/2018,7,Bull Trout,R,Resident,W,Wild Fish or Natural Production,"CHIWAT - Chiwawa River Trap, 0.5 km below CHIP acclimation pond",SCREWT,Screw Trap,250,1
3DD.003BDDBA34,NBD18300.AAZ,UWE - Upper Wenatchee River,10/28/2018 2:54:38 AM,10/28/2018 2:54:41 AM,IN-STREAM ARRAY,IN-STREAM ARRAY,10/27/2018,7,Bull Trout,R,Resident,W,Wild Fish or Natural Production,"CHIWAT - Chiwawa River Trap, 0.5 km below CHIP acclimation pond",SCREWT,Screw Trap,217,1
3DD.003BDDBA35,NBD18303.AAZ,UWE - Upper Wenatchee River,10/31/2018 2:24:06 PM,10/31/2018 2:24:08 PM,IN-STREAM ARRAY,IN-STREAM ARRAY,10/30/2018,7,Bull Trout,R,Resident,W,Wild Fish or Natural Production,"CHIWAT - Chiwawa River Trap, 0.5 km below CHIP acclimation pond",SCREWT,Screw Trap,204,1
3DD.003BDDBA36,NBD18299.AAZ,TUF - Tumwater Dam Adult Fishway,7/26/2019 2:19:22 PM,7/26/2019 3:39:25 PM,Low Flow Ladder Entrance,WEIR 17,10/26/2018,7,Bull Trout,R,Resident,W,Wild Fish or Natural Production,"CHIWAT - Chiwawa River Trap, 0.5 km below CHIP acclimation pond",SCREWT,Screw Trap,257,1
3DD.003BDDBA3A,NBD18305.AAZ,CHL - Lower Chiwawa River,9/15/2019 2:36:06 AM,9/15/2019 2:36:10 AM,UPPER IN-STREAM ARRAY,UPPER IN-STREAM ARRAY,11/1/2018,7,Bull Trout,R,Resident,W,Wild Fish or Natural Production,"CHIWAT - Chiwawa River Trap, 0.5 km below CHIP acclimation pond",SCREWT,Screw Trap,372,1
3DD.003BDDBA3A,NBD18305.AAZ,CHU - Upper Chiwawa River,9/13/2019 10:47:51 PM,9/13/2019 10:53:23 PM,UPPER IN-STREAM ARRAY,LOWER IN-STREAM ARRAY,11/1/2018,7,Bull Trout,R,Resident,W,Wild Fish or Natural Production,"CHIWAT - Chiwawa River Trap, 0.5 km below CHIP acclimation pond",SCREWT,Screw Trap,372,1
3DD.003BDDBA3A,NBD18305.AAZ,UWE - Upper Wenatchee River,9/15/2019 5:12:05 AM,9/15/2019 5:12:05 AM,IN-STREAM ARRAY,IN-STREAM ARRAY,11/1/2018,7,Bull Trout,R,Resident,W,Wild Fish or Natural Production,"CHIWAT - Chiwawa River Trap, 0.5 km below CHIP acclimation pond",SCREWT,Screw Trap,372,1
3DD.003BDDBA3B,NBD18257.AAZ,CHU - Upper Chiwawa River,10/24/2019 2:38:25 AM,10/24/2019 2:38:25 AM,UPPER IN-STREAM ARRAY,UPPER IN-STREAM ARRAY,9/14/2018,7,Bull Trout,R,Resident,W,Wild Fish or Natural Production,"CHIWAT - Chiwawa River Trap, 0.5 km below CHIP acclimation pond",SCREWT,Screw Trap,368,1
3DD.003BDDBA3F,NBD18278.AAZ,UWE - Upper Wenatchee River,10/9/2018 11:03:03 PM,10/9/2018 11:03:03 PM,IN-STREAM ARRAY,IN-STREAM ARRAY,10/5/2018,7,Bull Trout,R,Resident,W,Wild Fish or Natural Production,"CHIWAT - Chiwawa River Trap, 0.5 km below CHIP acclimation pond",SCREWT,Screw Trap,213,1
3DD.003BDDBA40,NBD18303.AAZ,UWE - Upper Wenatchee River,10/31/2018 4:43:38 AM,10/31/2018 4:43:39 AM,IN-STREAM ARRAY,IN-STREAM ARRAY,10/30/2018,7,Bull Trout,R,Resident,W,Wild Fish or Natural Production,"CHIWAT - Chiwawa River Trap, 0.5 km below CHIP acclimation pond",SCREWT,Screw Trap,188,1
3DD.003BDDBA42,NBD18279.AAZ,UWE - Upper Wenatchee River,10/6/2018 9:26:18 PM,10/6/2018 9:26:19 PM,IN-STREAM ARRAY,IN-STREAM ARRAY,10/6/2018,7,Bull Trout,R,Resident,W,Wild Fish or Natural Production,"CHIWAT - Chiwawa River Trap, 0.5 km below CHIP acclimation pond",SCREWT,Screw Trap,463,1
3DD.003BDDBA43,NBD18272.AAZ,CHL - Lower Chiwawa River,9/29/2018 6:22:41 PM,9/29/2018 6:22:41 PM,UPPER IN-STREAM ARRAY,UPPER IN-STREAM ARRAY,9/29/2018,7,Bull Trout,R,Resident,W,Wild Fish or Natural Production,"CHIWAT - Chiwawa River Trap, 0.5 km below CHIP acclimation pond",SCREWT,Screw Trap,332,1
3DD.003BDDBA45,NBD18277.AAZ,UWE - Upper Wenatchee River,10/6/2018 5:14:03 AM,10/6/2018 5:14:04 AM,IN-STREAM ARRAY,IN-STREAM ARRAY,10/5/2018,7,Bull Trout,R,Resident,W,Wild Fish or Natural Production,"CHIWAT - Chiwawa River Trap, 0.5 km below CHIP acclimation pond",SCREWT,Screw Trap,201,1
3DD.003BDDBA46,NBD18266.AAZ,CHL - Lower Chiwawa River,9/21/2019 12:35:53 AM,9/23/2022 12:30:54 AM,LOWER IN-STREAM ARRAY,UPPER IN-STREAM ARRAY,9/23/2018,7,Bull Trout,R,Resident,W,Wild Fish or Natural Production,"CHIWAT - Chiwawa River Trap, 0.5 km below CHIP acclimation pond",SCREWT,Screw Trap,446,1
3DD.003BDDBA46,NBD18266.AAZ,CHU - Upper Chiwawa River,9/20/2019 9:55:51 PM,9/20/2021 11:48:14 PM,UPPER IN-STREAM ARRAY,LOWER IN-STREAM ARRAY,9/23/2018,7,Bull Trout,R,Resident,W,Wild Fish or Natural Production,"CHIWAT - Chiwawa River Trap, 0.5 km below CHIP acclimation pond",SCREWT,Screw Trap,446,1
3DD.003BDDBA46,NBD18266.AAZ,NAL - Lower Nason Creek,3/24/2020 1:21:20 AM,3/24/2020 7:28:23 PM,LOWER IN-STREAM ARRAY,LOWER IN-STREAM ARRAY,9/23/2018,7,Bull Trout,R,Resident,W,Wild Fish or Natural Production,"CHIWAT - Chiwawa River Trap, 0.5 km below CHIP acclimation pond",SCREWT,Screw Trap,446,1
3DD.003BDDBA46,NBD18266.AAZ,UWE - Upper Wenatchee River,9/23/2018 11:58:19 PM,9/23/2020 12:48:26 AM,IN-STREAM ARRAY,IN-STREAM ARRAY,9/23/2018,7,Bull Trout,R,Resident,W,Wild Fish or Natural Production,"CHIWAT - Chiwawa River Trap, 0.5 km below CHIP acclimation pond",SCREWT,Screw Trap,446,1
3DD.003BDDBA47,NBD18266.AAZ,LWN - Little Wenatchee River,6/7/2022 8:41:56 PM,6/7/2022 8:41:56 PM,LOWER IN-STREAM ARRAY,LOWER IN-STREAM ARRAY,9/23/2018,7,Bull Trout,R,Resident,W,Wild Fish or Natural Production,"CHIWAT - Chiwawa River Trap, 0.5 km below CHIP acclimation pond",SCREWT,Screw Trap,271,1
3DD.003BDDBA47,NBD18266.AAZ,UWE - Upper Wenatchee River,9/24/2018 7:07:28 AM,9/24/2018 7:07:29 AM,IN-STREAM ARRAY,IN-STREAM ARRAY,9/23/2018,7,Bull Trout,R,Resident,W,Wild Fish or Natural Production,"CHIWAT - Chiwawa River Trap, 0.5 km below CHIP acclimation pond",SCREWT,Screw Trap,271,1
3DD.003BDDBA48,NBD18301.AAZ,UWE - Upper Wenatchee River,10/28/2018 5:01:47 PM,10/28/2018 5:01:53 PM,IN-STREAM ARRAY,IN-STREAM ARRAY,10/28/2018,7,Bull Trout,R,Resident,W,Wild Fish or Natural Production,"CHIWAT - Chiwawa River Trap, 0.5 km below CHIP acclimation pond",SCREWT,Screw Trap,195,1
3DD.003BDDBA49,NBD18280.AAZ,CHL - Lower Chiwawa River,10/7/2018 2:21:54 PM,10/8/2018 2:28:12 AM,UPPER IN-STREAM ARRAY,UPPER IN-STREAM ARRAY,10/7/2018,7,Bull Trout,R,Resident,W,Wild Fish or Natural Production,"CHIWAT - Chiwawa River Trap, 0.5 km below CHIP acclimation pond",SCREWT,Screw Trap,221,1
3DD.003BDDBA4A,NBD18281.AAZ,UWE - Upper Wenatchee River,10/8/2018 10:40:55 PM,10/8/2018 10:40:55 PM,IN-STREAM ARRAY,IN-STREAM ARRAY,10/8/2018,7,Bull Trout,R,Resident,W,Wild Fish or Natural Production,"CHIWAT - Chiwawa River Trap, 0.5 km below CHIP acclimation pond",SCREWT,Screw Trap,196,1
3DD.003BDDBA4B,NBD18266.AAZ,CHU - Upper Chiwawa River,9/28/2021 7:34:25 PM,9/28/2021 7:34:25 PM,LOWER IN-STREAM ARRAY,LOWER IN-STREAM ARRAY,9/23/2018,7,Bull Trout,R,Resident,W,Wild Fish or Natural Production,"CHIWAT - Chiwawa River Trap, 0.5 km below CHIP acclimation pond",SCREWT,Screw Trap,245,1
3DD.003BDDBA4B,NBD18266.AAZ,UWE - Upper Wenatchee River,9/24/2018 3:49:56 AM,7/18/2022 4:57:38 AM,IN-STREAM ARRAY,IN-STREAM ARRAY,9/23/2018,7,Bull Trout,R,Resident,W,Wild Fish or Natural Production,"CHIWAT - Chiwawa River Trap, 0.5 km below CHIP acclimation pond",SCREWT,Screw Trap,245,1
3DD.003BDDBA4C,NBD18265.AAZ,UWE - Upper Wenatchee River,9/23/2018 1:24:30 AM,9/23/2018 1:24:31 AM,IN-STREAM ARRAY,IN-STREAM ARRAY,9/22/2018,7,Bull Trout,R,Resident,W,Wild Fish or Natural Production,"CHIWAT - Chiwawa River Trap, 0.5 km below CHIP acclimation pond",SCREWT,Screw Trap,542,1
3DD.003BDDBA4E,NBD18264.AAZ,UWE - Upper Wenatchee River,9/22/2018 1:05:22 AM,9/22/2018 1:05:22 AM,IN-STREAM ARRAY,IN-STREAM ARRAY,9/21/2018,7,Bull Trout,R,Resident,W,Wild Fish or Natural Production,"CHIWAT - Chiwawa River Trap, 0.5 km below CHIP acclimation pond",SCREWT,Screw Trap,523,1
3DD.003BDDBA4F,NBD18276.AAZ,CHL - Lower Chiwawa River,9/28/2021 1:03:06 AM,6/24/2023 2:00:01 AM,LOWER IN-STREAM ARRAY,LOWER IN-STREAM ARRAY,10/3/2018,7,Bull Trout,R,Resident,W,Wild Fish or Natural Production,"CHIWAT - Chiwawa River Trap, 0.5 km below CHIP acclimation pond",SCREWT,Screw Trap,272,1
3DD.003BDDBA4F,NBD18276.AAZ,CHU - Upper Chiwawa River,7/21/2021 8:45:07 PM,7/1/2023 10:35:17 PM,LOWER IN-STREAM ARRAY,UPPER IN-STREAM ARRAY,10/3/2018,7,Bull Trout,R,Resident,W,Wild Fish or Natural Production,"CHIWAT - Chiwawa River Trap, 0.5 km below CHIP acclimation pond",SCREWT,Screw Trap,272,1
3DD.003BDDBA4F,NBD18276.AAZ,UWE - Upper Wenatchee River,10/29/2018 6:07:57 AM,9/29/2021 10:15:04 PM,IN-STREAM ARRAY,IN-STREAM ARRAY,10/3/2018,7,Bull Trout,R,Resident,W,Wild Fish or Natural Production,"CHIWAT - Chiwawa River Trap, 0.5 km below CHIP acclimation pond",SCREWT,Screw Trap,272,1
3DD.003BDDBA4F,NBD18276.AAZ,"WTL - White River, Wenatchee Basin",6/2/2019 7:20:06 AM,7/28/2022 9:21:32 PM,UPPER IN-STREAM ARRAY,LOWER IN-STREAM ARRAY,10/3/2018,7,Bull Trout,R,Resident,W,Wild Fish or Natural Production,"CHIWAT - Chiwawa River Trap, 0.5 km below CHIP acclimation pond",SCREWT,Screw Trap,272,1
3DD.003BDDBA50,NBD18307.AAZ,CHL - Lower Chiwawa River,5/19/2022 3:00:09 AM,5/19/2022 3:00:09 AM,LOWER IN-STREAM ARRAY,LOWER IN-STREAM ARRAY,11/3/2018,7,Bull Trout,R,Resident,W,Wild Fish or Natural Production,"CHIWAT - Chiwawa River Trap, 0.5 km below CHIP acclimation pond",SCREWT,Screw Trap,259,1
3DD.003BDDBA50,NBD18307.AAZ,UWE - Upper Wenatchee River,2/17/2019 1:43:21 AM,10/3/2022 12:02:46 AM,IN-STREAM ARRAY,IN-STREAM ARRAY,11/3/2018,7,Bull Trout,R,Resident,W,Wild Fish or Natural Production,"CHIWAT - Chiwawa River Trap, 0.5 km below CHIP acclimation pond",SCREWT,Screw Trap,259,1
3DD.003BDDBA51,NBD18304.AAZ,CHU - Upper Chiwawa River,7/7/2019 6:48:32 PM,7/7/2019 8:18:50 PM,LOWER IN-STREAM ARRAY,LOWER IN-STREAM ARRAY,10/31/2018,7,Bull Trout,R,Resident,W,Wild Fish or Natural Production,"CHIWAT - Chiwawa River Trap, 0.5 km below CHIP acclimation pond",SCREWT,Screw Trap,327,1
3DD.003BDDBA51,NBD18304.AAZ,UWE - Upper Wenatchee River,10/31/2018 10:34:29 PM,10/31/2018 10:34:32 PM,IN-STREAM ARRAY,IN-STREAM ARRAY,10/31/2018,7,Bull Trout,R,Resident,W,Wild Fish or Natural Production,"CHIWAT - Chiwawa River Trap, 0.5 km below CHIP acclimation pond",SCREWT,Screw Trap,327,1
3DD.003BDDBA52,NBD18259.AAZ,CHL - Lower Chiwawa River,9/23/2022 7:41:12 PM,6/18/2024 8:49:06 PM,UPPER IN-STREAM ARRAY,LOWER IN-STREAM ARRAY,9/16/2018,7,Bull Trout,R,Resident,W,Wild Fish or Natural Production,"CHIWAT - Chiwawa River Trap, 0.5 km below CHIP acclimation pond",SCREWT,Screw Trap,229,1
3DD.003BDDBA52,NBD18259.AAZ,CHU - Upper Chiwawa River,8/21/2023 9:59:10 PM,8/21/2023 9:59:10 PM,LOWER IN-STREAM ARRAY,LOWER IN-STREAM ARRAY,9/16/2018,7,Bull Trout,R,Resident,W,Wild Fish or Natural Production,"CHIWAT - Chiwawa River Trap, 0.5 km below CHIP acclimation pond",SCREWT,Screw Trap,229,1
3DD.003BDDBA52,NBD18259.AAZ,UWE - Upper Wenatchee River,9/24/2022 7:43:28 PM,9/24/2022 7:43:29 PM,IN-STREAM ARRAY,IN-STREAM ARRAY,9/16/2018,7,Bull Trout,R,Resident,W,Wild Fish or Natural Production,"CHIWAT - Chiwawa River Trap, 0.5 km below CHIP acclimation pond",SCREWT,Screw Trap,229,1
3DD.003BDDBA56,NBD18276.AAZ,UWE - Upper Wenatchee River,10/4/2018 5:30:54 AM,10/4/2018 5:30:54 AM,IN-STREAM ARRAY,IN-STREAM ARRAY,10/3/2018,7,Bull Trout,R,Resident,W,Wild Fish or Natural Production,"CHIWAT - Chiwawa River Trap, 0.5 km below CHIP acclimation pond",SCREWT,Screw Trap,208,1
3DD.003BDDBA56,NBD18276.AAZ,"WTL - White River, Wenatchee Basin",3/24/2019 4:47:27 AM,6/11/2020 8:25:15 PM,LOWER IN-STREAM ARRAY,UPPER IN-STREAM ARRAY,10/3/2018,7,Bull Trout,R,Resident,W,Wild Fish or Natural Production,"CHIWAT - Chiwawa River Trap, 0.5 km below CHIP acclimation pond",SCREWT,Screw Trap,208,1
3DD.003BDDBA58,NBD18300.AAZ,UWE - Upper Wenatchee River,10/29/2018 12:45:42 AM,10/29/2018 12:45:49 AM,IN-STREAM ARRAY,IN-STREAM ARRAY,10/27/2018,7,Bull Trout,R,Resident,W,Wild Fish or Natural Production,"CHIWAT - Chiwawa River Trap, 0.5 km below CHIP acclimation pond",SCREWT,Screw Trap,195,1
3DD.003BDDBA5A,NBD18272.AAZ,CHL - Lower Chiwawa River,6/27/2019 12:50:20 AM,10/8/2019 7:45:20 PM,LOWER IN-STREAM ARRAY,UPPER IN-STREAM ARRAY,9/29/2018,7,Bull Trout,R,Resident,W,Wild Fish or Natural Production,"CHIWAT - Chiwawa River Trap, 0.5 km below CHIP acclimation pond",SCREWT,Screw Trap,467,1
3DD.003BDDBA5A,NBD18272.AAZ,CHU - Upper Chiwawa River,10/8/2019 3:26:01 AM,10/8/2019 3:26:11 AM,UPPER IN-STREAM ARRAY,LOWER IN-STREAM ARRAY,9/29/2018,7,Bull Trout,R,Resident,W,Wild Fish or Natural Production,"CHIWAT - Chiwawa River Trap, 0.5 km below CHIP acclimation pond",SCREWT,Screw Trap,467,1
3DD.003BDDBA5A,NBD18272.AAZ,UWE - Upper Wenatchee River,10/9/2019 12:09:31 AM,10/9/2019 12:09:31 AM,IN-STREAM ARRAY,IN-STREAM ARRAY,9/29/2018,7,Bull Trout,R,Resident,W,Wild Fish or Natural Production,"CHIWAT - Chiwawa River Trap, 0.5 km below CHIP acclimation pond",SCREWT,Screw Trap,467,1
3DD.003BDDBA5B,NBD18265.AAZ,CHL - Lower Chiwawa River,9/22/2018 6:43:21 PM,9/22/2019 11:56:14 PM,UPPER IN-STREAM ARRAY,LOWER IN-STREAM ARRAY,9/22/2018,7,Bull Trout,R,Resident,W,Wild Fish or Natural Production,"CHIWAT - Chiwawa River Trap, 0.5 km below CHIP acclimation pond",SCREWT,Screw Trap,440,1
3DD.003BDDBA5B,NBD18265.AAZ,CHU - Upper Chiwawa River,6/9/2019 1:24:36 AM,9/22/2019 7:50:33 PM,UPPER IN-STREAM ARRAY,UPPER IN-STREAM ARRAY,9/22/2018,7,Bull Trout,R,Resident,W,Wild Fish or Natural Production,"CHIWAT - Chiwawa River Trap, 0.5 km below CHIP acclimation pond",SCREWT,Screw Trap,440,1
3DD.003BDDBA5B,NBD18265.AAZ,UWE - Upper Wenatchee River,9/27/2018 5:23:35 AM,9/23/2019 2:09:21 AM,IN-STREAM ARRAY,IN-STREAM ARRAY,9/22/2018,7,Bull Trout,R,Resident,W,Wild Fish or Natural Production,"CHIWAT - Chiwawa River Trap, 0.5 km below CHIP acclimation pond",SCREWT,Screw Trap,440,1
3DD.003BDDBA5C,NBD18299.AAZ,NAL - Lower Nason Creek,10/31/2018 2:59:31 AM,10/31/2018 9:48:59 PM,LOWER IN-STREAM ARRAY,LOWER IN-STREAM ARRAY,10/26/2018,7,Bull Trout,R,Resident,W,Wild Fish or Natural Production,"CHIWAT - Chiwawa River Trap, 0.5 km below CHIP acclimation pond",SCREWT,Screw Trap,177,1
3DD.003BDDBA5C,NBD18299.AAZ,UWE - Upper Wenatchee River,10/27/2018 1:44:42 AM,10/27/2018 1:44:49 AM,IN-STREAM ARRAY,IN-STREAM ARRAY,10/26/2018,7,Bull Trout,R,Resident,W,Wild Fish or Natural Production,"CHIWAT - Chiwawa River Trap, 0.5 km below CHIP acclimation pond",SCREWT,Screw Trap,177,1
3DD.003BDDBA5E,NBD18302.AAZ,UWE - Upper Wenatchee River,10/30/2018 6:18:24 PM,10/30/2018 6:18:30 PM,IN-STREAM ARRAY,IN-STREAM ARRAY,10/29/2018,7,Bull Trout,R,Resident,W,Wild Fish or Natural Production,"CHIWAT - Chiwawa River Trap, 0.5 km below CHIP acclimation pond",SCREWT,Screw Trap,188,1
3DD.003BDDBA5F,NBD18288.AAZ,UWE - Upper Wenatchee River,10/16/2018 6:26:25 PM,10/16/2018 6:26:26 PM,IN-STREAM ARRAY,IN-STREAM ARRAY,10/15/2018,7,Bull Trout,R,Resident,W,Wild Fish or Natural Production,"CHIWAT - Chiwawa River Trap, 0.5 km below CHIP acclimation pond",SCREWT,Screw Trap,194,1
3DD.003BDDBA64,NBD18301.AAZ,UWE - Upper Wenatchee River,10/28/2018 11:09:47 PM,10/28/2018 11:09:53 PM,IN-STREAM ARRAY,IN-STREAM ARRAY,10/28/2018,7,Bull Trout,R,Resident,W,Wild Fish or Natural Production,"CHIWAT - Chiwawa River Trap, 0.5 km below CHIP acclimation pond",SCREWT,Screw Trap,197,1
3DD.003BDDBA66,NBD18277.AAZ,UWE - Upper Wenatchee River,10/27/2018 3:01:59 AM,10/27/2018 3:02:02 AM,IN-STREAM ARRAY,IN-STREAM ARRAY,10/5/2018,7,Bull Trout,R,Resident,W,Wild Fish or Natural Production,"CHIWAT - Chiwawa River Trap, 0.5 km below CHIP acclimation pond",SCREWT,Screw Trap,222,1
3DD.003BDDBA68,NBD18274.AAZ,CHL - Lower Chiwawa River,10/1/2018 10:34:47 AM,10/1/2018 10:34:47 AM,UPPER IN-STREAM ARRAY,UPPER IN-STREAM ARRAY,10/1/2018,7,Bull Trout,R,Resident,W,Wild Fish or Natural Production,"CHIWAT - Chiwawa River Trap, 0.5 km below CHIP acclimation pond",SCREWT,Screw Trap,270,1
3DD.003BDDBA6B,NBD18285.AAZ,CHL - Lower Chiwawa River,10/12/2018 10:22:22 AM,7/3/2021 3:47:22 AM,UPPER IN-STREAM ARRAY,UPPER IN-STREAM ARRAY,10/12/2018,7,Bull Trout,R,Resident,W,Wild Fish or Natural Production,"CHIWAT - Chiwawa River Trap, 0.5 km below CHIP acclimation pond",SCREWT,Screw Trap,240,1
3DD.003BDDBA6B,NBD18285.AAZ,UWE - Upper Wenatchee River,7/15/2019 10:00:31 PM,7/15/2019 10:00:32 PM,IN-STREAM ARRAY,IN-STREAM ARRAY,10/12/2018,7,Bull Trout,R,Resident,W,Wild Fish or Natural Production,"CHIWAT - Chiwawa River Trap, 0.5 km below CHIP acclimation pond",SCREWT,Screw Trap,240,1
3DD.003BDDBA6C,NBD18297.AAZ,UWE - Upper Wenatchee River,10/25/2018 6:08:07 PM,10/25/2018 6:08:10 PM,IN-STREAM ARRAY,IN-STREAM ARRAY,10/24/2018,7,Bull Trout,R,Resident,W,Wild Fish or Natural Production,"CHIWAT - Chiwawa River Trap, 0.5 km below CHIP acclimation pond",SCREWT,Screw Trap,185,1
3DD.003BDDBA6D,NBD18293.AAZ,UWE - Upper Wenatchee River,10/21/2018 8:46:59 PM,10/2/2022 3:30:19 AM,IN-STREAM ARRAY,IN-STREAM ARRAY,10/20/2018,7,Bull Trout,R,Resident,W,Wild Fish or Natural Production,"CHIWAT - Chiwawa River Trap, 0.5 km below CHIP acclimation pond",SCREWT,Screw Trap,245,1
3DD.003BDDBA6D,NBD18293.AAZ,"WTL - White River, Wenatchee Basin",10/8/2022 10:40:19 PM,10/8/2022 11:17:31 PM,LOWER IN-STREAM ARRAY,LOWER IN-STREAM ARRAY,10/20/2018,7,Bull Trout,R,Resident,W,Wild Fish or Natural Production,"CHIWAT - Chiwawa River Trap, 0.5 km below CHIP acclimation pond",SCREWT,Screw Trap,245,1
3DD.003BDDBA6E,NBD18271.AAZ,UWE - Upper Wenatchee River,9/30/2018 11:35:03 PM,9/30/2018 11:35:04 PM,IN-STREAM ARRAY,IN-STREAM ARRAY,9/28/2018,7,Bull Trout,R,Resident,W,Wild Fish or Natural Production,"CHIWAT - Chiwawa River Trap, 0.5 km below CHIP acclimation pond",SCREWT,Screw Trap,240,1
3DD.003BDDBA70,NBD18261.AAZ,UWE - Upper Wenatchee River,9/19/2018 1:21:34 AM,9/19/2018 1:21:35 AM,IN-STREAM ARRAY,IN-STREAM ARRAY,9/18/2018,7,Bull Trout,R,Resident,W,Wild Fish or Natural Production,"CHIWAT - Chiwawa River Trap, 0.5 km below CHIP acclimation pond",SCREWT,Screw Trap,248,1
3DD.003BDDBA71,NBD18304.AAZ,NAL - Lower Nason Creek,3/1/2019 5:28:52 AM,3/1/2019 5:30:05 AM,LOWER IN-STREAM ARRAY,UPPER IN-STREAM ARRAY,10/31/2018,7,Bull Trout,R,Resident,W,Wild Fish or Natural Production,"CHIWAT - Chiwawa River Trap, 0.5 km below CHIP acclimation pond",SCREWT,Screw Trap,192,1
3DD.003BDDBAAC,CGS-2020-182-TB1.xml,ENL - Lower Entiat River,9/4/2020 2:52:30 PM,9/4/2020 2:53:24 PM,Downstream Array,Upstream Array,7/15/2020,7,Bull Trout,R,Resident,W,Wild Fish or Natural Production,TWISPR - Twisp River,HOOK,Hook and Line,240,1
3DD.003BDDBC04,NBD17331.AAZ,CHU - Upper Chiwawa River,6/14/2020 3:16:22 AM,9/21/2020 7:57:40 PM,UPPER IN-STREAM ARRAY,LOWER IN-STREAM ARRAY,11/27/2017,7,Bull Trout,R,Resident,W,Wild Fish or Natural Production,"CHIWAT - Chiwawa River Trap, 0.5 km below CHIP acclimation pond",SCREWT,Screw Trap,208,1
3DD.003BDDBC04,NBD17331.AAZ,UWE - Upper Wenatchee River,9/22/2020 10:48:56 PM,9/22/2020 10:48:57 PM,IN-STREAM ARRAY,IN-STREAM ARRAY,11/27/2017,7,Bull Trout,R,Resident,W,Wild Fish or Natural Production,"CHIWAT - Chiwawa River Trap, 0.5 km below CHIP acclimation pond",SCREWT,Screw Trap,208,1
3DD.003BDDBC09,NBD-2017-292-AAZ.xml,CHU - Upper Chiwawa River,7/7/2019 9:55:34 PM,7/7/2019 9:55:34 PM,UPPER IN-STREAM ARRAY,UPPER IN-STREAM ARRAY,10/20/2017,7,Bull Trout,R,Resident,W,Wild Fish or Natural Production,"CHIWAT - Chiwawa River Trap, 0.5 km below CHIP acclimation pond",SCREWT,Screw Trap,240,1
3DD.003BDDBC09,NBD-2017-292-AAZ.xml,ICL - Lower Icicle Instream Array,10/12/2018 11:35:43 PM,10/12/2018 11:35:43 PM,Downstream Array,Downstream Array,10/20/2017,7,Bull Trout,R,Resident,W,Wild Fish or Natural Production,"CHIWAT - Chiwawa River Trap, 0.5 km below CHIP acclimation pond",SCREWT,Screw Trap,240,1
3DD.003BDDBC09,NBD-2017-292-AAZ.xml,TUF - Tumwater Dam Adult Fishway,6/18/2019 9:52:24 AM,6/18/2019 6:18:11 PM,High Flow Ladder Entrance,WEIR 17,10/20/2017,7,Bull Trout,R,Resident,W,Wild Fish or Natural Production,"CHIWAT - Chiwawa River Trap, 0.5 km below CHIP acclimation pond",SCREWT,Screw Trap,240,1
3DD.003BDDBC0C,NBD17290.AAZ,CHL - Lower Chiwawa River,7/11/2023 1:58:57 AM,10/16/2025 8:04:04 PM,LOWER IN-STREAM ARRAY,LOWER IN-STREAM ARRAY,10/17/2017,7,Bull Trout,R,Resident,W,Wild Fish or Natural Production,"CHIWAT - Chiwawa River Trap, 0.5 km below CHIP acclimation pond",SCREWT,Screw Trap,251,1
3DD.003BDDBC0C,NBD17290.AAZ,CHU - Upper Chiwawa River,10/8/2021 2:44:07 AM,10/15/2025 11:00:33 PM,LOWER IN-STREAM ARRAY,LOWER IN-STREAM ARRAY,10/17/2017,7,Bull Trout,R,Resident,W,Wild Fish or Natural Production,"CHIWAT - Chiwawa River Trap, 0.5 km below CHIP acclimation pond",SCREWT,Screw Trap,251,1
3DD.003BDDBC0C,NBD17290.AAZ,CWT - Chiwawa River Weir Trap Array,8/10/2025 11:57:38 PM,10/16/2025 7:38:58 PM,Single Pass,Single Pass,10/17/2017,7,Bull Trout,R,Resident,W,Wild Fish or Natural Production,"CHIWAT - Chiwawa River Trap, 0.5 km below CHIP acclimation pond",SCREWT,Screw Trap,251,1
3DD.003BDDBC0C,NBD17290.AAZ,UWE - Upper Wenatchee River,10/8/2021 10:40:30 PM,10/8/2021 10:40:30 PM,IN-STREAM ARRAY,IN-STREAM ARRAY,10/17/2017,7,Bull Trout,R,Resident,W,Wild Fish or Natural Production,"CHIWAT - Chiwawa River Trap, 0.5 km below CHIP acclimation pond",SCREWT,Screw Trap,251,1
3DD.003BDDBC0D,NBD17294.AAZ,UWE - Upper Wenatchee River,10/22/2017 7:48:39 AM,10/22/2017 7:48:50 AM,IN-STREAM ARRAY,IN-STREAM ARRAY,10/21/2017,7,Bull Trout,R,Resident,W,Wild Fish or Natural Production,"CHIWAT - Chiwawa River Trap, 0.5 km below CHIP acclimation pond",SCREWT,Screw Trap,122,1
3DD.003BDDBC0F,NBD-2017-292-AAZ.xml,UWE - Upper Wenatchee River,10/21/2017 9:28:51 PM,10/21/2017 9:28:51 PM,IN-STREAM ARRAY,IN-STREAM ARRAY,10/20/2017,7,Bull Trout,R,Resident,W,Wild Fish or Natural Production,"CHIWAT - Chiwawa River Trap, 0.5 km below CHIP acclimation pond",SCREWT,Screw Trap,228,1
3DD.003BDDBC12,NBD17294.AAZ,CHL - Lower Chiwawa River,9/23/2020 4:08:26 AM,9/23/2020 4:08:26 AM,LOWER IN-STREAM ARRAY,LOWER IN-STREAM ARRAY,10/21/2017,7,Bull Trout,R,Resident,W,Wild Fish or Natural Production,"CHIWAT - Chiwawa River Trap, 0.5 km below CHIP acclimation pond",SCREWT,Screw Trap,230,1
3DD.003BDDBC12,NBD17294.AAZ,CHU - Upper Chiwawa River,7/4/2020 12:32:55 AM,7/4/2020 12:32:55 AM,UPPER IN-STREAM ARRAY,UPPER IN-STREAM ARRAY,10/21/2017,7,Bull Trout,R,Resident,W,Wild Fish or Natural Production,"CHIWAT - Chiwawa River Trap, 0.5 km below CHIP acclimation pond",SCREWT,Screw Trap,230,1
3DD.003BDDBC12,NBD17294.AAZ,UWE - Upper Wenatchee River,10/23/2017 5:06:18 AM,6/2/2021 4:57:44 AM,IN-STREAM ARRAY,IN-STREAM ARRAY,10/21/2017,7,Bull Trout,R,Resident,W,Wild Fish or Natural Production,"CHIWAT - Chiwawa River Trap, 0.5 km below CHIP acclimation pond",SCREWT,Screw Trap,230,1
3DD.003BDDBC13,NBD17290.AAZ,UWE - Upper Wenatchee River,10/17/2017 10:27:35 PM,10/17/2017 10:27:35 PM,IN-STREAM ARRAY,IN-STREAM ARRAY,10/17/2017,7,Bull Trout,R,Resident,W,Wild Fish or Natural Production,"CHIWAT - Chiwawa River Trap, 0.5 km below CHIP acclimation pond",SCREWT,Screw Trap,220,1
3DD.003BDDBC13,NBD17290.AAZ,"WTL - White River, Wenatchee Basin",6/25/2019 8:32:26 PM,5/23/2021 8:37:19 PM,LOWER IN-STREAM ARRAY,UPPER IN-STREAM ARRAY,10/17/2017,7,Bull Trout,R,Resident,W,Wild Fish or Natural Production,"CHIWAT - Chiwawa River Trap, 0.5 km below CHIP acclimation pond",SCREWT,Screw Trap,220,1
3DD.003BDDBC17,NBD-2017-292-AAZ.xml,UWE - Upper Wenatchee River,10/24/2017 2:01:12 AM,10/24/2017 2:01:12 AM,IN-STREAM ARRAY,IN-STREAM ARRAY,10/20/2017,7,Bull Trout,R,Resident,W,Wild Fish or Natural Production,"CHIWAT - Chiwawa River Trap, 0.5 km below CHIP acclimation pond",SCREWT,Screw Trap,202,1
3DD.003BDDBC19,NBD-2017-297-AAZ.xml,CHL - Lower Chiwawa River,8/2/2018 6:46:13 AM,9/20/2024 2:37:57 AM,UPPER IN-STREAM ARRAY,LOWER IN-STREAM ARRAY,10/24/2017,7,Bull Trout,R,Resident,W,Wild Fish or Natural Production,"CHIWAT - Chiwawa River Trap, 0.5 km below CHIP acclimation pond",SCREWT,Screw Trap,201,1
3DD.003BDDBC19,NBD-2017-297-AAZ.xml,CHU - Upper Chiwawa River,8/6/2019 8:44:56 PM,9/19/2024 2:58:55 AM,LOWER IN-STREAM ARRAY,LOWER IN-STREAM ARRAY,10/24/2017,7,Bull Trout,R,Resident,W,Wild Fish or Natural Production,"CHIWAT - Chiwawa River Trap, 0.5 km below CHIP acclimation pond",SCREWT,Screw Trap,201,1
3DD.003BDDBC19,NBD-2017-297-AAZ.xml,UWE - Upper Wenatchee River,8/21/2018 3:17:28 AM,9/30/2023 12:42:35 AM,IN-STREAM ARRAY,IN-STREAM ARRAY,10/24/2017,7,Bull Trout,R,Resident,W,Wild Fish or Natural Production,"CHIWAT - Chiwawa River Trap, 0.5 km below CHIP acclimation pond",SCREWT,Screw Trap,201,1
3DD.003BDDBC1A,NBD17291.AAZ,CHU - Upper Chiwawa River,6/17/2020 12:37:00 AM,6/17/2020 12:37:00 AM,UPPER IN-STREAM ARRAY,UPPER IN-STREAM ARRAY,10/18/2017,7,Bull Trout,R,Resident,W,Wild Fish or Natural Production,"CHIWAT - Chiwawa River Trap, 0.5 km below CHIP acclimation pond",SCREWT,Screw Trap,230,1
3DD.003BDDBC1B,NBD-2017-292-AAZ.xml,UWE - Upper Wenatchee River,10/23/2017 2:18:26 PM,10/23/2017 2:18:26 PM,IN-STREAM ARRAY,IN-STREAM ARRAY,10/20/2017,7,Bull Trout,R,Resident,W,Wild Fish or Natural Production,"CHIWAT - Chiwawa River Trap, 0.5 km below CHIP acclimation pond",SCREWT,Screw Trap,211,1
3DD.003BDDBC1C,NBD17325.AAZ,CHL - Lower Chiwawa River,1/30/2018 4:14:36 AM,1/30/2018 4:14:36 AM,UPPER IN-STREAM ARRAY,UPPER IN-STREAM ARRAY,11/21/2017,7,Bull Trout,R,Resident,W,Wild Fish or Natural Production,"CHIWAT - Chiwawa River Trap, 0.5 km below CHIP acclimation pond",SCREWT,Screw Trap,208,1
3DD.003BDDBC1C,NBD17325.AAZ,UWE - Upper Wenatchee River,1/31/2018 1:42:38 AM,1/31/2018 1:42:38 AM,IN-STREAM ARRAY,IN-STREAM ARRAY,11/21/2017,7,Bull Trout,R,Resident,W,Wild Fish or Natural Production,"CHIWAT - Chiwawa River Trap, 0.5 km below CHIP acclimation pond",SCREWT,Screw Trap,208,1
3DD.003BDDBC1E,NBD-2017-292-AAZ.xml,UWE - Upper Wenatchee River,10/20/2017 2:10:38 PM,10/20/2017 2:10:38 PM,IN-STREAM ARRAY,IN-STREAM ARRAY,10/20/2017,7,Bull Trout,R,Resident,W,Wild Fish or Natural Production,"CHIWAT - Chiwawa River Trap, 0.5 km below CHIP acclimation pond",SCREWT,Screw Trap,195,1
3DD.003BDDBC24,NBD17319.AAZ,CHU - Upper Chiwawa River,7/10/2021 9:43:19 PM,9/28/2021 9:10:10 PM,LOWER IN-STREAM ARRAY,LOWER IN-STREAM ARRAY,11/15/2017,7,Bull Trout,R,Resident,W,Wild Fish or Natural Production,"CHIWAT - Chiwawa River Trap, 0.5 km below CHIP acclimation pond",SCREWT,Screw Trap,218,1
3DD.003BDDBC24,NBD17319.AAZ,UWE - Upper Wenatchee River,7/2/2021 1:58:02 PM,9/29/2021 3:09:30 AM,IN-STREAM ARRAY,IN-STREAM ARRAY,11/15/2017,7,Bull Trout,R,Resident,W,Wild Fish or Natural Production,"CHIWAT - Chiwawa River Trap, 0.5 km below CHIP acclimation pond",SCREWT,Screw Trap,218,1
3DD.003BDDBC25,NBD17294.AAZ,CHL - Lower Chiwawa River,10/1/2023 9:32:17 PM,10/1/2023 9:32:17 PM,LOWER IN-STREAM ARRAY,LOWER IN-STREAM ARRAY,10/21/2017,7,Bull Trout,R,Resident,W,Wild Fish or Natural Production,"CHIWAT - Chiwawa River Trap, 0.5 km below CHIP acclimation pond",SCREWT,Screw Trap,192,1
3DD.003BDDBC25,NBD17294.AAZ,CHU - Upper Chiwawa River,6/22/2023 10:30:37 PM,6/21/2024 1:50:39 AM,UPPER IN-STREAM ARRAY,UPPER IN-STREAM ARRAY,10/21/2017,7,Bull Trout,R,Resident,W,Wild Fish or Natural Production,"CHIWAT - Chiwawa River Trap, 0.5 km below CHIP acclimation pond",SCREWT,Screw Trap,192,1
3DD.003BDDBC2B,NBD17291.AAZ,UWE - Upper Wenatchee River,10/19/2017 3:42:45 AM,10/19/2017 3:42:45 AM,IN-STREAM ARRAY,IN-STREAM ARRAY,10/18/2017,7,Bull Trout,R,Resident,W,Wild Fish or Natural Production,"CHIWAT - Chiwawa River Trap, 0.5 km below CHIP acclimation pond",SCREWT,Screw Trap,176,1
3DD.003BDDBC2F,NBD16314.AFZ,NAL - Lower Nason Creek,6/29/2017 11:34:34 PM,7/27/2017 9:59:09 PM,LOWER IN-STREAM ARRAY,UPPER IN-STREAM ARRAY,11/9/2016,7,Bull Trout,R,Resident,W,Wild Fish or Natural Production,CHIWAR - Chiwawa River,SHOCK,Electro-Shock,109,1
3DD.003BDDBC2F,NBD16314.AFZ,UWE - Upper Wenatchee River,9/29/2022 2:16:03 AM,9/29/2022 2:16:03 AM,IN-STREAM ARRAY,IN-STREAM ARRAY,11/9/2016,7,Bull Trout,R,Resident,W,Wild Fish or Natural Production,CHIWAR - Chiwawa River,SHOCK,Electro-Shock,109,1
3DD.003BDDBC31,NBD17318.AAZ,UWE - Upper Wenatchee River,11/15/2017 1:06:40 AM,11/15/2017 1:06:40 AM,IN-STREAM ARRAY,IN-STREAM ARRAY,11/14/2017,7,Bull Trout,R,Resident,W,Wild Fish or Natural Production,"CHIWAT - Chiwawa River Trap, 0.5 km below CHIP acclimation pond",SCREWT,Screw Trap,243,1
3DD.003BDDBC31,NBD17318.AAZ,"WTL - White River, Wenatchee Basin",10/3/2019 6:32:52 PM,10/3/2019 6:32:52 PM,UPPER IN-STREAM ARRAY,UPPER IN-STREAM ARRAY,11/14/2017,7,Bull Trout,R,Resident,W,Wild Fish or Natural Production,"CHIWAT - Chiwawa River Trap, 0.5 km below CHIP acclimation pond",SCREWT,Screw Trap,243,1
3DD.003BDDBC32,NBD-2017-292-AAZ.xml,"WTL - White River, Wenatchee Basin",7/26/2019 8:50:31 PM,8/24/2019 11:17:42 PM,LOWER IN-STREAM ARRAY,LOWER IN-STREAM ARRAY,10/20/2017,7,Bull Trout,R,Resident,W,Wild Fish or Natural Production,"CHIWAT - Chiwawa River Trap, 0.5 km below CHIP acclimation pond",SCREWT,Screw Trap,215,1
3DD.003BDDBC33,NBD17300.AAZ,UWE - Upper Wenatchee River,10/28/2017 11:24:07 PM,10/28/2017 11:24:25 PM,IN-STREAM ARRAY,IN-STREAM ARRAY,10/27/2017,7,Bull Trout,R,Resident,W,Wild Fish or Natural Production,"CHIWAT - Chiwawa River Trap, 0.5 km below CHIP acclimation pond",SCREWT,Screw Trap,172,1
3DD.003BDDBC37,NBD-2017-297-AAZ.xml,UWE - Upper Wenatchee River,10/28/2017 7:13:30 AM,10/28/2017 7:13:30 AM,IN-STREAM ARRAY,IN-STREAM ARRAY,10/24/2017,7,Bull Trout,R,Resident,W,Wild Fish or Natural Production,"CHIWAT - Chiwawa River Trap, 0.5 km below CHIP acclimation pond",SCREWT,Screw Trap,168,1
3DD.003BDDBC38,NBD17290.AAZ,CHL - Lower Chiwawa River,10/4/2023 6:47:35 PM,10/3/2024 12:56:14 AM,LOWER IN-STREAM ARRAY,LOWER IN-STREAM ARRAY,10/17/2017,7,Bull Trout,R,Resident,W,Wild Fish or Natural Production,"CHIWAT - Chiwawa River Trap, 0.5 km below CHIP acclimation pond",SCREWT,Screw Trap,212,1
3DD.003BDDBC38,NBD17290.AAZ,CHU - Upper Chiwawa River,10/8/2021 4:13:07 AM,7/3/2025 11:04:57 PM,LOWER IN-STREAM ARRAY,UPPER IN-STREAM ARRAY,10/17/2017,7,Bull Trout,R,Resident,W,Wild Fish or Natural Production,"CHIWAT - Chiwawa River Trap, 0.5 km below CHIP acclimation pond",SCREWT,Screw Trap,212,1
3DD.003BDDBC38,NBD17290.AAZ,CWT - Chiwawa River Weir Trap Array,10/3/2024 1:36:45 AM,10/3/2024 1:36:46 AM,Single Pass,Single Pass,10/17/2017,7,Bull Trout,R,Resident,W,Wild Fish or Natural Production,"CHIWAT - Chiwawa River Trap, 0.5 km below CHIP acclimation pond",SCREWT,Screw Trap,212,1
3DD.003BDDBC39,NBD17290.AAZ,CHL - Lower Chiwawa River,6/25/2019 4:10:00 AM,7/10/2020 10:20:57 PM,UPPER IN-STREAM ARRAY,UPPER IN-STREAM ARRAY,10/17/2017,7,Bull Trout,R,Resident,W,Wild Fish or Natural Production,"CHIWAT - Chiwawa River Trap, 0.5 km below CHIP acclimation pond",SCREWT,Screw Trap,247,1
3DD.003BDDBC39,NBD17290.AAZ,CHU - Upper Chiwawa River,7/14/2020 2:33:39 AM,7/1/2023 12:45:18 AM,UPPER IN-STREAM ARRAY,LOWER IN-STREAM ARRAY,10/17/2017,7,Bull Trout,R,Resident,W,Wild Fish or Natural Production,"CHIWAT - Chiwawa River Trap, 0.5 km below CHIP acclimation pond",SCREWT,Screw Trap,247,1
3DD.003BDDBC39,NBD17290.AAZ,UWE - Upper Wenatchee River,10/17/2017 9:04:31 PM,11/2/2022 4:52:49 AM,IN-STREAM ARRAY,IN-STREAM ARRAY,10/17/2017,7,Bull Trout,R,Resident,W,Wild Fish or Natural Production,"CHIWAT - Chiwawa River Trap, 0.5 km below CHIP acclimation pond",SCREWT,Screw Trap,247,1
3DD.003BDDBC40,NBD-2017-292-AAZ.xml,UWE - Upper Wenatchee River,10/20/2017 9:21:13 PM,10/20/2017 9:21:13 PM,IN-STREAM ARRAY,IN-STREAM ARRAY,10/20/2017,7,Bull Trout,R,Resident,W,Wild Fish or Natural Production,"CHIWAT - Chiwawa River Trap, 0.5 km below CHIP acclimation pond",SCREWT,Screw Trap,239,1
3DD.003BDDBC43,NBD17291.AAZ,CHL - Lower Chiwawa River,8/12/2019 4:01:55 AM,8/12/2019 4:03:06 AM,LOWER IN-STREAM ARRAY,UPPER IN-STREAM ARRAY,10/18/2017,7,Bull Trout,R,Resident,W,Wild Fish or Natural Production,"CHIWAT - Chiwawa River Trap, 0.5 km below CHIP acclimation pond",SCREWT,Screw Trap,460,1
3DD.003BDDBC43,NBD17291.AAZ,CHU - Upper Chiwawa River,8/19/2018 3:34:24 AM,10/4/2018 1:44:28 AM,LOWER IN-STREAM ARRAY,LOWER IN-STREAM ARRAY,10/18/2017,7,Bull Trout,R,Resident,W,Wild Fish or Natural Production,"CHIWAT - Chiwawa River Trap, 0.5 km below CHIP acclimation pond",SCREWT,Screw Trap,460,1
3DD.003BDDBC43,NBD17291.AAZ,UWE - Upper Wenatchee River,10/18/2017 9:46:32 PM,10/4/2018 8:40:21 PM,IN-STREAM ARRAY,IN-STREAM ARRAY,10/18/2017,7,Bull Trout,R,Resident,W,Wild Fish or Natural Production,"CHIWAT - Chiwawa River Trap, 0.5 km below CHIP acclimation pond",SCREWT,Screw Trap,460,1
3DD.003BDDBC44,NBD-2017-292-AAZ.xml,CHU - Upper Chiwawa River,8/1/2020 2:31:33 AM,8/1/2020 2:32:34 AM,LOWER IN-STREAM ARRAY,UPPER IN-STREAM ARRAY,10/20/2017,7,Bull Trout,R,Resident,W,Wild Fish or Natural Production,"CHIWAT - Chiwawa River Trap, 0.5 km below CHIP acclimation pond",SCREWT,Screw Trap,203,1
3DD.003BDDBC44,NBD-2017-292-AAZ.xml,UWE - Upper Wenatchee River,10/21/2017 6:26:43 PM,10/21/2017 6:26:44 PM,IN-STREAM ARRAY,IN-STREAM ARRAY,10/20/2017,7,Bull Trout,R,Resident,W,Wild Fish or Natural Production,"CHIWAT - Chiwawa River Trap, 0.5 km below CHIP acclimation pond",SCREWT,Screw Trap,203,1
3DD.003BDDBC47,NBD17330.AAZ,CHL - Lower Chiwawa River,5/25/2021 4:25:03 PM,5/25/2021 4:25:03 PM,UPPER IN-STREAM ARRAY,UPPER IN-STREAM ARRAY,11/26/2017,7,Bull Trout,R,Resident,W,Wild Fish or Natural Production,"CHIWAT - Chiwawa River Trap, 0.5 km below CHIP acclimation pond",SCREWT,Screw Trap,180,1
3DD.003BDDBC47,NBD17330.AAZ,"WTL - White River, Wenatchee Basin",6/7/2020 6:51:17 PM,6/7/2020 8:05:50 PM,LOWER IN-STREAM ARRAY,UPPER IN-STREAM ARRAY,11/26/2017,7,Bull Trout,R,Resident,W,Wild Fish or Natural Production,"CHIWAT - Chiwawa River Trap, 0.5 km below CHIP acclimation pond",SCREWT,Screw Trap,180,1
3DD.003BDDBC49,NBD17290.AAZ,CHL - Lower Chiwawa River,9/29/2021 1:45:52 AM,10/2/2023 2:49:03 AM,LOWER IN-STREAM ARRAY,LOWER IN-STREAM ARRAY,10/17/2017,7,Bull Trout,R,Resident,W,Wild Fish or Natural Production,"CHIWAT - Chiwawa River Trap, 0.5 km below CHIP acclimation pond",SCREWT,Screw Trap,227,1
3DD.003BDDBC49,NBD17290.AAZ,CHU - Upper Chiwawa River,9/28/2021 9:10:07 PM,9/28/2021 9:10:07 PM,LOWER IN-STREAM ARRAY,LOWER IN-STREAM ARRAY,10/17/2017,7,Bull Trout,R,Resident,W,Wild Fish or Natural Production,"CHIWAT - Chiwawa River Trap, 0.5 km below CHIP acclimation pond",SCREWT,Screw Trap,227,1
3DD.003BDDBC49,NBD17290.AAZ,UWE - Upper Wenatchee River,10/17/2017 10:05:21 PM,2/17/2023 1:03:59 AM,IN-STREAM ARRAY,IN-STREAM ARRAY,10/17/2017,7,Bull Trout,R,Resident,W,Wild Fish or Natural Production,"CHIWAT - Chiwawa River Trap, 0.5 km below CHIP acclimation pond",SCREWT,Screw Trap,227,1
3DD.003BDDBC4D,NBD17298.AAZ,CHU - Upper Chiwawa River,9/23/2021 11:47:52 PM,9/23/2021 11:47:52 PM,LOWER IN-STREAM ARRAY,LOWER IN-STREAM ARRAY,10/25/2017,7,Bull Trout,R,Resident,W,Wild Fish or Natural Production,"CHIWAT - Chiwawa River Trap, 0.5 km below CHIP acclimation pond",SCREWT,Screw Trap,228,1
3DD.003BDDBC4D,NBD17298.AAZ,UWE - Upper Wenatchee River,10/26/2017 7:53:00 PM,9/24/2021 10:43:52 PM,IN-STREAM ARRAY,IN-STREAM ARRAY,10/25/2017,7,Bull Trout,R,Resident,W,Wild Fish or Natural Production,"CHIWAT - Chiwawa River Trap, 0.5 km below CHIP acclimation pond",SCREWT,Screw Trap,228,1
3DD.003BDDBC4E,NBD17294.AAZ,RRF - Rocky Reach Fishway,11/6/2017 7:05:41 AM,11/6/2017 9:20:52 AM,Lower Weir,Trap,10/21/2017,7,Bull Trout,R,Resident,W,Wild Fish or Natural Production,"CHIWAT - Chiwawa River Trap, 0.5 km below CHIP acclimation pond",SCREWT,Screw Trap,231,1
3DD.003BDDBC51,NBD-2017-297-AAZ.xml,CHL - Lower Chiwawa River,10/24/2017 2:26:03 PM,10/24/2017 2:29:57 PM,LOWER IN-STREAM ARRAY,UPPER IN-STREAM ARRAY,10/24/2017,7,Bull Trout,R,Resident,W,Wild Fish or Natural Production,"CHIWAT - Chiwawa River Trap, 0.5 km below CHIP acclimation pond",SCREWT,Screw Trap,217,1
3DD.003BDDBC57,NBD-2017-297-AAZ.xml,CHL - Lower Chiwawa River,9/27/2020 10:03:46 PM,9/27/2025 2:01:43 AM,UPPER IN-STREAM ARRAY,LOWER IN-STREAM ARRAY,10/24/2017,7,Bull Trout,R,Resident,W,Wild Fish or Natural Production,"CHIWAT - Chiwawa River Trap, 0.5 km below CHIP acclimation pond",SCREWT,Screw Trap,245,1
3DD.003BDDBC57,NBD-2017-297-AAZ.xml,CHU - Upper Chiwawa River,7/12/2021 10:17:31 PM,9/26/2025 8:23:34 PM,UPPER IN-STREAM ARRAY,LOWER IN-STREAM ARRAY,10/24/2017,7,Bull Trout,R,Resident,W,Wild Fish or Natural Production,"CHIWAT - Chiwawa River Trap, 0.5 km below CHIP acclimation pond",SCREWT,Screw Trap,245,1
3DD.003BDDBC57,NBD-2017-297-AAZ.xml,CWT - Chiwawa River Weir Trap Array,7/2/2025 9:00:47 PM,9/27/2025 1:47:45 AM,Single Pass,Single Pass,10/24/2017,7,Bull Trout,R,Resident,W,Wild Fish or Natural Production,"CHIWAT - Chiwawa River Trap, 0.5 km below CHIP acclimation pond",SCREWT,Screw Trap,245,1
3DD.003BDDBC57,NBD-2017-297-AAZ.xml,NAL - Lower Nason Creek,3/26/2025 7:42:00 PM,4/29/2026 3:22:40 AM,UPPER IN-STREAM ARRAY,LOWER IN-STREAM ARRAY,10/24/2017,7,Bull Trout,R,Resident,W,Wild Fish or Natural Production,"CHIWAT - Chiwawa River Trap, 0.5 km below CHIP acclimation pond",SCREWT,Screw Trap,245,1
3DD.003BDDBC57,NBD-2017-297-AAZ.xml,UWE - Upper Wenatchee River,10/25/2017 10:58:27 AM,9/21/2024 5:54:18 AM,IN-STREAM ARRAY,IN-STREAM ARRAY,10/24/2017,7,Bull Trout,R,Resident,W,Wild Fish or Natural Production,"CHIWAT - Chiwawa River Trap, 0.5 km below CHIP acclimation pond",SCREWT,Screw Trap,245,1
3DD.003BDDBC58,NBD17301.AAZ,UWE - Upper Wenatchee River,10/29/2017 5:58:41 PM,10/29/2017 5:58:41 PM,IN-STREAM ARRAY,IN-STREAM ARRAY,10/28/2017,7,Bull Trout,R,Resident,W,Wild Fish or Natural Production,"CHIWAT - Chiwawa River Trap, 0.5 km below CHIP acclimation pond",SCREWT,Screw Trap,189,1
3DD.003BDDBC59,NBD17300.AAZ,UWE - Upper Wenatchee River,10/28/2017 6:57:04 PM,10/28/2017 6:57:04 PM,IN-STREAM ARRAY,IN-STREAM ARRAY,10/27/2017,7,Bull Trout,R,Resident,W,Wild Fish or Natural Production,"CHIWAT - Chiwawa River Trap, 0.5 km below CHIP acclimation pond",SCREWT,Screw Trap,230,1
3DD.003BDDBC59,NBD17300.AAZ,"WTL - White River, Wenatchee Basin",8/1/2018 2:15:08 PM,7/17/2019 12:31:51 AM,LOWER IN-STREAM ARRAY,UPPER IN-STREAM ARRAY,10/27/2017,7,Bull Trout,R,Resident,W,Wild Fish or Natural Production,"CHIWAT - Chiwawa River Trap, 0.5 km below CHIP acclimation pond",SCREWT,Screw Trap,230,1
3DD.003BDDBC5B,NBD-2017-292-AAZ.xml,UWE - Upper Wenatchee River,10/20/2017 12:01:30 PM,10/20/2017 12:01:30 PM,IN-STREAM ARRAY,IN-STREAM ARRAY,10/20/2017,7,Bull Trout,R,Resident,W,Wild Fish or Natural Production,"CHIWAT - Chiwawa River Trap, 0.5 km below CHIP acclimation pond",SCREWT,Screw Trap,214,1
3DD.003BDDBC5E,NBD17298.AAZ,UWE - Upper Wenatchee River,10/26/2017 9:47:53 PM,10/26/2017 9:47:53 PM,IN-STREAM ARRAY,IN-STREAM ARRAY,10/25/2017,7,Bull Trout,R,Resident,W,Wild Fish or Natural Production,"CHIWAT - Chiwawa River Trap, 0.5 km below CHIP acclimation pond",SCREWT,Screw Trap,174,1
3DD.003BDDBC60,NBD17291.AAZ,CHL - Lower Chiwawa River,10/6/2019 1:09:48 AM,10/6/2019 1:09:50 AM,LOWER IN-STREAM ARRAY,LOWER IN-STREAM ARRAY,10/18/2017,7,Bull Trout,R,Resident,W,Wild Fish or Natural Production,"CHIWAT - Chiwawa River Trap, 0.5 km below CHIP acclimation pond",SCREWT,Screw Trap,374,1
3DD.003BDDBC60,NBD17291.AAZ,CHU - Upper Chiwawa River,10/7/2018 7:36:17 PM,10/5/2019 7:12:12 PM,LOWER IN-STREAM ARRAY,UPPER IN-STREAM ARRAY,10/18/2017,7,Bull Trout,R,Resident,W,Wild Fish or Natural Production,"CHIWAT - Chiwawa River Trap, 0.5 km below CHIP acclimation pond",SCREWT,Screw Trap,374,1
3DD.003BDDBC60,NBD17291.AAZ,UWE - Upper Wenatchee River,10/18/2017 11:00:14 PM,10/6/2019 8:17:32 PM,IN-STREAM ARRAY,IN-STREAM ARRAY,10/18/2017,7,Bull Trout,R,Resident,W,Wild Fish or Natural Production,"CHIWAT - Chiwawa River Trap, 0.5 km below CHIP acclimation pond",SCREWT,Screw Trap,374,1
3DD.003BDDBC62,NBD17300.AAZ,CHL - Lower Chiwawa River,8/21/2018 11:25:03 PM,8/21/2018 11:25:03 PM,UPPER IN-STREAM ARRAY,UPPER IN-STREAM ARRAY,10/27/2017,7,Bull Trout,R,Resident,W,Wild Fish or Natural Production,"CHIWAT - Chiwawa River Trap, 0.5 km below CHIP acclimation pond",SCREWT,Screw Trap,170,1
3DD.003BDDBC62,NBD17300.AAZ,NAL - Lower Nason Creek,7/16/2018 9:55:38 PM,7/16/2018 9:55:38 PM,LOWER IN-STREAM ARRAY,LOWER IN-STREAM ARRAY,10/27/2017,7,Bull Trout,R,Resident,W,Wild Fish or Natural Production,"CHIWAT - Chiwawa River Trap, 0.5 km below CHIP acclimation pond",SCREWT,Screw Trap,170,1
3DD.003BDDBC62,NBD17300.AAZ,UWE - Upper Wenatchee River,7/15/2018 9:58:59 PM,7/15/2018 9:58:59 PM,IN-STREAM ARRAY,IN-STREAM ARRAY,10/27/2017,7,Bull Trout,R,Resident,W,Wild Fish or Natural Production,"CHIWAT - Chiwawa River Trap, 0.5 km below CHIP acclimation pond",SCREWT,Screw Trap,170,1
3DD.003BDDBC67,NBD17309.AAZ,CHL - Lower Chiwawa River,11/5/2017 9:25:30 PM,11/5/2017 9:25:30 PM,UPPER IN-STREAM ARRAY,UPPER IN-STREAM ARRAY,11/5/2017,7,Bull Trout,R,Resident,W,Wild Fish or Natural Production,"CHIWAT - Chiwawa River Trap, 0.5 km below CHIP acclimation pond",SCREWT,Screw Trap,196,1
3DD.003BDDBC67,NBD17309.AAZ,UWE - Upper Wenatchee River,11/6/2017 8:04:54 PM,11/6/2017 8:04:54 PM,IN-STREAM ARRAY,IN-STREAM ARRAY,11/5/2017,7,Bull Trout,R,Resident,W,Wild Fish or Natural Production,"CHIWAT - Chiwawa River Trap, 0.5 km below CHIP acclimation pond",SCREWT,Screw Trap,196,1
3DD.003BDDBD14,CGS-2018-260-LF1.xml,TWR - Lwr Twisp Rvr near MSRF Ponds,12/14/2018 1:13:02 AM,12/14/2018 1:13:06 AM,UPPER IN-STREAM ARRAY,LOWER IN-STREAM ARRAY,10/4/2018,7,Bull Trout,R,Resident,W,Wild Fish or Natural Production,TWISPR - Twisp River,SHOCK,Electro-Shock,239,1
3DD.003BDDBD31,CSS-2021-264-112.xml,CHL - Lower Chiwawa River,9/21/2021 2:18:31 PM,9/21/2021 2:18:31 PM,LOWER IN-STREAM ARRAY,LOWER IN-STREAM ARRAY,9/21/2021,7,Bull Trout,R,Resident,W,Wild Fish or Natural Production,"CHIWAT - Chiwawa River Trap, 0.5 km below CHIP acclimation pond",SCREWT,Screw Trap,251,1
3DD.003BDDBD33,CSS-2021-268-112.xml,CHL - Lower Chiwawa River,9/25/2021 8:22:38 AM,9/25/2021 6:40:13 PM,UPPER IN-STREAM ARRAY,UPPER IN-STREAM ARRAY,9/25/2021,7,Bull Trout,R,Resident,W,Wild Fish or Natural Production,"CHIWAT - Chiwawa River Trap, 0.5 km below CHIP acclimation pond",SCREWT,Screw Trap,235,1
3DD.003BDDBD33,CSS-2021-268-112.xml,UWE - Upper Wenatchee River,9/25/2021 10:04:14 PM,9/25/2021 10:04:15 PM,IN-STREAM ARRAY,IN-STREAM ARRAY,9/25/2021,7,Bull Trout,R,Resident,W,Wild Fish or Natural Production,"CHIWAT - Chiwawa River Trap, 0.5 km below CHIP acclimation pond",SCREWT,Screw Trap,235,1
3DD.003BDDBD36,CSS-2021-262-112.xml,CHL - Lower Chiwawa River,9/19/2021 9:16:51 AM,9/19/2021 9:16:51 AM,LOWER IN-STREAM ARRAY,LOWER IN-STREAM ARRAY,9/19/2021,7,Bull Trout,R,Resident,W,Wild Fish or Natural Production,"CHIWAT - Chiwawa River Trap, 0.5 km below CHIP acclimation pond",SCREWT,Screw Trap,216,1
3DD.003BDDBD37,CSS-2021-270-112.xml,CHL - Lower Chiwawa River,6/23/2025 11:44:24 PM,10/3/2025 8:18:30 PM,LOWER IN-STREAM ARRAY,LOWER IN-STREAM ARRAY,9/27/2021,7,Bull Trout,R,Resident,W,Wild Fish or Natural Production,"CHIWAT - Chiwawa River Trap, 0.5 km below CHIP acclimation pond",SCREWT,Screw Trap,274,1
3DD.003BDDBD37,CSS-2021-270-112.xml,CHU - Upper Chiwawa River,7/1/2025 10:24:28 PM,10/2/2025 3:06:54 AM,LOWER IN-STREAM ARRAY,LOWER IN-STREAM ARRAY,9/27/2021,7,Bull Trout,R,Resident,W,Wild Fish or Natural Production,"CHIWAT - Chiwawa River Trap, 0.5 km below CHIP acclimation pond",SCREWT,Screw Trap,274,1
3DD.003BDDBD37,CSS-2021-270-112.xml,CWT - Chiwawa River Weir Trap Array,6/24/2025 12:23:44 AM,10/3/2025 5:02:48 AM,Single Pass,Single Pass,9/27/2021,7,Bull Trout,R,Resident,W,Wild Fish or Natural Production,"CHIWAT - Chiwawa River Trap, 0.5 km below CHIP acclimation pond",SCREWT,Screw Trap,274,1
3DD.003BDDBD37,CSS-2021-270-112.xml,UWE - Upper Wenatchee River,9/28/2021 7:07:12 PM,9/28/2021 7:07:12 PM,IN-STREAM ARRAY,IN-STREAM ARRAY,9/27/2021,7,Bull Trout,R,Resident,W,Wild Fish or Natural Production,"CHIWAT - Chiwawa River Trap, 0.5 km below CHIP acclimation pond",SCREWT,Screw Trap,274,1
3DD.003BDDBD37,CSS-2021-270-112.xml,"WTL - White River, Wenatchee Basin",7/15/2024 8:22:58 AM,7/15/2024 9:37:40 AM,LOWER IN-STREAM ARRAY,UPPER IN-STREAM ARRAY,9/27/2021,7,Bull Trout,R,Resident,W,Wild Fish or Natural Production,"CHIWAT - Chiwawa River Trap, 0.5 km below CHIP acclimation pond",SCREWT,Screw Trap,274,1
3DD.003BDDBD38,CSS-2021-261-112.xml,UWE - Upper Wenatchee River,9/19/2021 7:21:54 PM,9/19/2021 7:21:54 PM,IN-STREAM ARRAY,IN-STREAM ARRAY,9/18/2021,7,Bull Trout,R,Resident,W,Wild Fish or Natural Production,"CHIWAT - Chiwawa River Trap, 0.5 km below CHIP acclimation pond",SCREWT,Screw Trap,219,1
3DD.003BDDBD39,CSS-2021-251-112.xml,CHL - Lower Chiwawa River,9/28/2023 12:33:10 AM,9/28/2023 12:41:04 AM,LOWER IN-STREAM ARRAY,LOWER IN-STREAM ARRAY,9/8/2021,7,Bull Trout,R,Resident,W,Wild Fish or Natural Production,"CHIWAT - Chiwawa River Trap, 0.5 km below CHIP acclimation pond",SCREWT,Screw Trap,322,1
3DD.003BDDBD39,CSS-2021-251-112.xml,CHU - Upper Chiwawa River,9/27/2023 9:33:47 PM,6/30/2024 8:37:08 PM,UPPER IN-STREAM ARRAY,LOWER IN-STREAM ARRAY,9/8/2021,7,Bull Trout,R,Resident,W,Wild Fish or Natural Production,"CHIWAT - Chiwawa River Trap, 0.5 km below CHIP acclimation pond",SCREWT,Screw Trap,322,1
3DD.003BDDBD39,CSS-2021-251-112.xml,UWE - Upper Wenatchee River,2/7/2022 1:45:59 AM,9/30/2023 8:45:43 PM,IN-STREAM ARRAY,IN-STREAM ARRAY,9/8/2021,7,Bull Trout,R,Resident,W,Wild Fish or Natural Production,"CHIWAT - Chiwawa River Trap, 0.5 km below CHIP acclimation pond",SCREWT,Screw Trap,322,1
3DD.003BDDBD3B,CSS-2021-243-112.xml,CHL - Lower Chiwawa River,8/31/2021 7:37:15 PM,6/3/2025 3:24:13 AM,UPPER IN-STREAM ARRAY,LOWER IN-STREAM ARRAY,8/31/2021,7,Bull Trout,R,Resident,W,Wild Fish or Natural Production,"CHIWAT - Chiwawa River Trap, 0.5 km below CHIP acclimation pond",SCREWT,Screw Trap,205,1
3DD.003BDDBD3B,CSS-2021-243-112.xml,CHU - Upper Chiwawa River,7/18/2024 9:41:01 PM,7/18/2024 9:41:01 PM,LOWER IN-STREAM ARRAY,LOWER IN-STREAM ARRAY,8/31/2021,7,Bull Trout,R,Resident,W,Wild Fish or Natural Production,"CHIWAT - Chiwawa River Trap, 0.5 km below CHIP acclimation pond",SCREWT,Screw Trap,205,1
3DD.003BDDBD3B,CSS-2021-243-112.xml,CHW - Chiwaukum Creek,9/3/2021 11:49:03 AM,10/14/2022 8:01:47 PM,DOWNSTREAM ARRAY,DOWNSTREAM ARRAY,8/31/2021,7,Bull Trout,R,Resident,W,Wild Fish or Natural Production,"CHIWAT - Chiwawa River Trap, 0.5 km below CHIP acclimation pond",SCREWT,Screw Trap,205,1
3DD.003BDDBD3B,CSS-2021-243-112.xml,CWT - Chiwawa River Weir Trap Array,6/3/2025 8:18:28 PM,6/3/2025 8:18:28 PM,Single Pass,Single Pass,8/31/2021,7,Bull Trout,R,Resident,W,Wild Fish or Natural Production,"CHIWAT - Chiwawa River Trap, 0.5 km below CHIP acclimation pond",SCREWT,Screw Trap,205,1
3DD.003BDDBD3B,CSS-2021-243-112.xml,TUF - Tumwater Dam Adult Fishway,3/27/2022 4:31:30 PM,7/18/2022 7:28:47 PM,High Flow Ladder Entrance,WEIR 17,8/31/2021,7,Bull Trout,R,Resident,W,Wild Fish or Natural Production,"CHIWAT - Chiwawa River Trap, 0.5 km below CHIP acclimation pond",SCREWT,Screw Trap,205,1
3DD.003BDDBD3B,CSS-2021-243-112.xml,UWE - Upper Wenatchee River,10/19/2022 11:59:52 PM,10/19/2022 11:59:53 PM,IN-STREAM ARRAY,IN-STREAM ARRAY,8/31/2021,7,Bull Trout,R,Resident,W,Wild Fish or Natural Production,"CHIWAT - Chiwawa River Trap, 0.5 km below CHIP acclimation pond",SCREWT,Screw Trap,205,1
3DD.003BDDBD3D,CSS-2021-250-112.xml,CHU - Upper Chiwawa River,6/30/2023 12:48:37 AM,6/30/2023 12:48:37 AM,UPPER IN-STREAM ARRAY,UPPER IN-STREAM ARRAY,9/7/2021,7,Bull Trout,R,Resident,W,Wild Fish or Natural Production,"CHIWAT - Chiwawa River Trap, 0.5 km below CHIP acclimation pond",SCREWT,Screw Trap,233,1
3DD.003BDDBD3D,CSS-2021-250-112.xml,TUF - Tumwater Dam Adult Fishway,7/25/2022 11:27:50 AM,7/25/2022 11:58:15 AM,WEIR 3,WEIR 17,9/7/2021,7,Bull Trout,R,Resident,W,Wild Fish or Natural Production,"CHIWAT - Chiwawa River Trap, 0.5 km below CHIP acclimation pond",SCREWT,Screw Trap,233,1
3DD.003BDDBD3D,CSS-2021-250-112.xml,UWE - Upper Wenatchee River,7/29/2022 2:34:08 AM,4/10/2023 4:25:07 AM,IN-STREAM ARRAY,IN-STREAM ARRAY,9/7/2021,7,Bull Trout,R,Resident,W,Wild Fish or Natural Production,"CHIWAT - Chiwawa River Trap, 0.5 km below CHIP acclimation pond",SCREWT,Screw Trap,233,1
3DD.003BDDBD3F,CSS-2021-231-112.xml,CHL - Lower Chiwawa River,7/2/2023 3:20:09 AM,7/2/2023 3:21:48 AM,LOWER IN-STREAM ARRAY,UPPER IN-STREAM ARRAY,8/19/2021,7,Bull Trout,R,Resident,W,Wild Fish or Natural Production,"CHIWAT - Chiwawa River Trap, 0.5 km below CHIP acclimation pond",SCREWT,Screw Trap,286,1
3DD.003BDDBD3F,CSS-2021-231-112.xml,CHU - Upper Chiwawa River,7/10/2023 9:10:11 PM,7/10/2023 9:10:11 PM,LOWER IN-STREAM ARRAY,LOWER IN-STREAM ARRAY,8/19/2021,7,Bull Trout,R,Resident,W,Wild Fish or Natural Production,"CHIWAT - Chiwawa River Trap, 0.5 km below CHIP acclimation pond",SCREWT,Screw Trap,286,1
3DD.003BDDBD44,CSS-2021-248-112.xml,CHL - Lower Chiwawa River,9/5/2021 12:09:13 PM,9/26/2025 1:04:13 PM,LOWER IN-STREAM ARRAY,UPPER IN-STREAM ARRAY,9/5/2021,7,Bull Trout,R,Resident,W,Wild Fish or Natural Production,"CHIWAT - Chiwawa River Trap, 0.5 km below CHIP acclimation pond",SCREWT,Screw Trap,246,1
3DD.003BDDBD44,CSS-2021-248-112.xml,CHU - Upper Chiwawa River,9/8/2021 7:35:15 PM,9/21/2025 2:07:36 AM,LOWER IN-STREAM ARRAY,LOWER IN-STREAM ARRAY,9/5/2021,7,Bull Trout,R,Resident,W,Wild Fish or Natural Production,"CHIWAT - Chiwawa River Trap, 0.5 km below CHIP acclimation pond",SCREWT,Screw Trap,246,1
3DD.003BDDBD44,CSS-2021-248-112.xml,CWT - Chiwawa River Weir Trap Array,9/21/2025 8:25:22 PM,9/26/2025 12:57:10 PM,Single Pass,Single Pass,9/5/2021,7,Bull Trout,R,Resident,W,Wild Fish or Natural Production,"CHIWAT - Chiwawa River Trap, 0.5 km below CHIP acclimation pond",SCREWT,Screw Trap,246,1
3DD.003BDDBD44,CSS-2021-248-112.xml,UWE - Upper Wenatchee River,10/4/2021 9:21:56 AM,9/19/2024 8:51:17 PM,IN-STREAM ARRAY,IN-STREAM ARRAY,9/5/2021,7,Bull Trout,R,Resident,W,Wild Fish or Natural Production,"CHIWAT - Chiwawa River Trap, 0.5 km below CHIP acclimation pond",SCREWT,Screw Trap,246,1
3DD.003BDDBD45,CSS-2021-257-112.xml,UWE - Upper Wenatchee River,7/21/2022 8:40:26 PM,7/21/2022 8:40:27 PM,IN-STREAM ARRAY,IN-STREAM ARRAY,9/14/2021,7,Bull Trout,R,Resident,W,Wild Fish or Natural Production,"CHIWAT - Chiwawa River Trap, 0.5 km below CHIP acclimation pond",SCREWT,Screw Trap,265,1
3DD.003BDDBD46,CSS-2021-264-112.xml,CHL - Lower Chiwawa River,8/24/2023 7:56:16 PM,8/24/2023 7:56:16 PM,UPPER IN-STREAM ARRAY,UPPER IN-STREAM ARRAY,9/21/2021,7,Bull Trout,R,Resident,W,Wild Fish or Natural Production,"CHIWAT - Chiwawa River Trap, 0.5 km below CHIP acclimation pond",SCREWT,Screw Trap,210,1
3DD.003BDDBD46,CSS-2021-264-112.xml,CHU - Upper Chiwawa River,7/9/2023 10:56:30 PM,6/26/2024 3:19:31 AM,LOWER IN-STREAM ARRAY,UPPER IN-STREAM ARRAY,9/21/2021,7,Bull Trout,R,Resident,W,Wild Fish or Natural Production,"CHIWAT - Chiwawa River Trap, 0.5 km below CHIP acclimation pond",SCREWT,Screw Trap,210,1
3DD.003BDDBD47,CSS-2021-242-112.xml,CHL - Lower Chiwawa River,8/30/2021 9:26:58 AM,8/30/2021 9:26:58 AM,LOWER IN-STREAM ARRAY,LOWER IN-STREAM ARRAY,8/30/2021,7,Bull Trout,R,Resident,W,Wild Fish or Natural Production,"CHIWAT - Chiwawa River Trap, 0.5 km below CHIP acclimation pond",SCREWT,Screw Trap,245,1
3DD.003BDDBD49,CSS-2021-270-112.xml,CHL - Lower Chiwawa River,9/27/2021 8:53:15 AM,9/27/2021 8:53:15 AM,UPPER IN-STREAM ARRAY,UPPER IN-STREAM ARRAY,9/27/2021,7,Bull Trout,R,Resident,W,Wild Fish or Natural Production,"CHIWAT - Chiwawa River Trap, 0.5 km below CHIP acclimation pond",SCREWT,Screw Trap,234,1
3DD.003BDDBD4B,CSS-2021-261-112.xml,LWN - Little Wenatchee River,4/21/2026 8:51:38 PM,4/22/2026 9:58:22 AM,LOWER IN-STREAM ARRAY,LOWER IN-STREAM ARRAY,9/18/2021,7,Bull Trout,R,Resident,W,Wild Fish or Natural Production,"CHIWAT - Chiwawa River Trap, 0.5 km below CHIP acclimation pond",SCREWT,Screw Trap,225,1
3DD.003BDDBD4B,CSS-2021-261-112.xml,"WTL - White River, Wenatchee Basin",9/11/2024 8:34:43 PM,4/23/2026 3:56:15 PM,LOWER IN-STREAM ARRAY,UPPER IN-STREAM ARRAY,9/18/2021,7,Bull Trout,R,Resident,W,Wild Fish or Natural Production,"CHIWAT - Chiwawa River Trap, 0.5 km below CHIP acclimation pond",SCREWT,Screw Trap,225,1
3DD.003BDDBD4D,CSS-2021-271-112.xml,CHL - Lower Chiwawa River,9/11/2025 1:15:32 AM,9/11/2025 1:15:32 AM,UPPER IN-STREAM ARRAY,UPPER IN-STREAM ARRAY,9/28/2021,7,Bull Trout,R,Resident,W,Wild Fish or Natural Production,"CHIWAT - Chiwawa River Trap, 0.5 km below CHIP acclimation pond",SCREWT,Screw Trap,197,1
3DD.003BDDBD4D,CSS-2021-271-112.xml,CHU - Upper Chiwawa River,9/12/2025 2:13:42 AM,9/12/2025 2:14:06 AM,LOWER IN-STREAM ARRAY,UPPER IN-STREAM ARRAY,9/28/2021,7,Bull Trout,R,Resident,W,Wild Fish or Natural Production,"CHIWAT - Chiwawa River Trap, 0.5 km below CHIP acclimation pond",SCREWT,Screw Trap,197,1
3DD.003BDDBD4D,CSS-2021-271-112.xml,CWT - Chiwawa River Weir Trap Array,9/11/2025 1:37:21 AM,9/11/2025 1:37:21 AM,Single Pass,Single Pass,9/28/2021,7,Bull Trout,R,Resident,W,Wild Fish or Natural Production,"CHIWAT - Chiwawa River Trap, 0.5 km below CHIP acclimation pond",SCREWT,Screw Trap,197,1
3DD.003BDDBD4D,CSS-2021-271-112.xml,UWE - Upper Wenatchee River,9/29/2021 5:54:46 AM,9/29/2021 5:54:47 AM,IN-STREAM ARRAY,IN-STREAM ARRAY,9/28/2021,7,Bull Trout,R,Resident,W,Wild Fish or Natural Production,"CHIWAT - Chiwawa River Trap, 0.5 km below CHIP acclimation pond",SCREWT,Screw Trap,197,1
3DD.003BDDBD4D,CSS-2021-271-112.xml,"WTL - White River, Wenatchee Basin",8/7/2025 10:27:51 PM,8/23/2025 4:08:57 AM,LOWER IN-STREAM ARRAY,UPPER IN-STREAM ARRAY,9/28/2021,7,Bull Trout,R,Resident,W,Wild Fish or Natural Production,"CHIWAT - Chiwawa River Trap, 0.5 km below CHIP acclimation pond",SCREWT,Screw Trap,197,1
3DD.003BDDBD4E,CSS-2021-261-112.xml,CHL - Lower Chiwawa River,10/1/2024 1:38:27 AM,9/23/2025 2:30:07 AM,UPPER IN-STREAM ARRAY,LOWER IN-STREAM ARRAY,9/18/2021,7,Bull Trout,R,Resident,W,Wild Fish or Natural Production,"CHIWAT - Chiwawa River Trap, 0.5 km below CHIP acclimation pond",SCREWT,Screw Trap,230,1
3DD.003BDDBD4E,CSS-2021-261-112.xml,CHU - Upper Chiwawa River,7/7/2024 12:09:29 PM,9/22/2025 11:22:17 PM,LOWER IN-STREAM ARRAY,LOWER IN-STREAM ARRAY,9/18/2021,7,Bull Trout,R,Resident,W,Wild Fish or Natural Production,"CHIWAT - Chiwawa River Trap, 0.5 km below CHIP acclimation pond",SCREWT,Screw Trap,230,1
3DD.003BDDBD4E,CSS-2021-261-112.xml,CWT - Chiwawa River Weir Trap Array,6/26/2025 12:23:53 AM,9/23/2025 2:24:08 AM,Single Pass,Single Pass,9/18/2021,7,Bull Trout,R,Resident,W,Wild Fish or Natural Production,"CHIWAT - Chiwawa River Trap, 0.5 km below CHIP acclimation pond",SCREWT,Screw Trap,230,1
3DD.003BDDBD4E,CSS-2021-261-112.xml,UWE - Upper Wenatchee River,9/19/2021 12:37:50 AM,9/19/2021 12:37:50 AM,IN-STREAM ARRAY,IN-STREAM ARRAY,9/18/2021,7,Bull Trout,R,Resident,W,Wild Fish or Natural Production,"CHIWAT - Chiwawa River Trap, 0.5 km below CHIP acclimation pond",SCREWT,Screw Trap,230,1
3DD.003BDDBD4F,CSS-2021-272-112.xml,CHL - Lower Chiwawa River,9/27/2025 12:52:08 AM,9/27/2025 12:52:08 AM,LOWER IN-STREAM ARRAY,LOWER IN-STREAM ARRAY,9/29/2021,7,Bull Trout,R,Resident,W,Wild Fish or Natural Production,"CHIWAT - Chiwawa River Trap, 0.5 km below CHIP acclimation pond",SCREWT,Screw Trap,210,1
3DD.003BDDBD4F,CSS-2021-272-112.xml,CHU - Upper Chiwawa River,9/26/2025 7:26:02 PM,9/26/2025 7:26:10 PM,UPPER IN-STREAM ARRAY,LOWER IN-STREAM ARRAY,9/29/2021,7,Bull Trout,R,Resident,W,Wild Fish or Natural Production,"CHIWAT - Chiwawa River Trap, 0.5 km below CHIP acclimation pond",SCREWT,Screw Trap,210,1
3DD.003BDDBD4F,CSS-2021-272-112.xml,CWT - Chiwawa River Weir Trap Array,9/27/2025 12:33:17 AM,9/27/2025 12:33:17 AM,Single Pass,Single Pass,9/29/2021,7,Bull Trout,R,Resident,W,Wild Fish or Natural Production,"CHIWAT - Chiwawa River Trap, 0.5 km below CHIP acclimation pond",SCREWT,Screw Trap,210,1
3DD.003BDDBD4F,CSS-2021-272-112.xml,UWE - Upper Wenatchee River,9/29/2021 11:56:34 PM,9/29/2021 11:56:35 PM,IN-STREAM ARRAY,IN-STREAM ARRAY,9/29/2021,7,Bull Trout,R,Resident,W,Wild Fish or Natural Production,"CHIWAT - Chiwawa River Trap, 0.5 km below CHIP acclimation pond",SCREWT,Screw Trap,210,1
3DD.003BDDBD52,CSS-2021-231-112.xml,NAL - Lower Nason Creek,8/21/2021 1:00:15 AM,8/21/2021 2:56:07 AM,LOWER IN-STREAM ARRAY,LOWER IN-STREAM ARRAY,8/19/2021,7,Bull Trout,R,Resident,W,Wild Fish or Natural Production,"CHIWAT - Chiwawa River Trap, 0.5 km below CHIP acclimation pond",SCREWT,Screw Trap,182,1
3DD.003BDDBD55,CSS-2021-272-112.xml,NAL - Lower Nason Creek,10/3/2021 11:44:43 PM,10/6/2021 4:57:34 PM,UPPER IN-STREAM ARRAY,UPPER IN-STREAM ARRAY,9/29/2021,7,Bull Trout,R,Resident,W,Wild Fish or Natural Production,"CHIWAT - Chiwawa River Trap, 0.5 km below CHIP acclimation pond",SCREWT,Screw Trap,215,1
3DD.003BDDBD56,CSS-2021-243-112.xml,"WTL - White River, Wenatchee Basin",5/24/2025 8:09:40 PM,5/24/2025 9:11:27 PM,UPPER IN-STREAM ARRAY,LOWER IN-STREAM ARRAY,8/31/2021,7,Bull Trout,R,Resident,W,Wild Fish or Natural Production,"CHIWAT - Chiwawa River Trap, 0.5 km below CHIP acclimation pond",SCREWT,Screw Trap,258,1
3DD.003BDDBD59,CSS-2021-272-112.xml,CHL - Lower Chiwawa River,6/28/2024 1:39:30 AM,6/28/2024 1:39:30 AM,LOWER IN-STREAM ARRAY,LOWER IN-STREAM ARRAY,9/29/2021,7,Bull Trout,R,Resident,W,Wild Fish or Natural Production,"CHIWAT - Chiwawa River Trap, 0.5 km below CHIP acclimation pond",SCREWT,Screw Trap,242,1
3DD.003BDDBD59,CSS-2021-272-112.xml,UWE - Upper Wenatchee River,9/29/2021 11:25:19 PM,9/29/2021 11:25:20 PM,IN-STREAM ARRAY,IN-STREAM ARRAY,9/29/2021,7,Bull Trout,R,Resident,W,Wild Fish or Natural Production,"CHIWAT - Chiwawa River Trap, 0.5 km below CHIP acclimation pond",SCREWT,Screw Trap,242,1
3DD.003BDDBD5B,CSS-2021-267-112.xml,CWT - Chiwawa River Weir Trap Array,6/13/2025 3:02:54 AM,6/13/2025 3:02:54 AM,Single Pass,Single Pass,9/24/2021,7,Bull Trout,R,Resident,W,Wild Fish or Natural Production,"CHIWAT - Chiwawa River Trap, 0.5 km below CHIP acclimation pond",SCREWT,Screw Trap,216,1
3DD.003BDDBD5B,CSS-2021-267-112.xml,UWE - Upper Wenatchee River,9/24/2021 9:32:24 PM,9/24/2021 9:32:25 PM,IN-STREAM ARRAY,IN-STREAM ARRAY,9/24/2021,7,Bull Trout,R,Resident,W,Wild Fish or Natural Production,"CHIWAT - Chiwawa River Trap, 0.5 km below CHIP acclimation pond",SCREWT,Screw Trap,216,1
3DD.003BDDBD5D,CSS-2021-248-112.xml,CHL - Lower Chiwawa River,9/5/2021 11:49:07 AM,9/5/2021 11:49:07 AM,UPPER IN-STREAM ARRAY,UPPER IN-STREAM ARRAY,9/5/2021,7,Bull Trout,R,Resident,W,Wild Fish or Natural Production,"CHIWAT - Chiwawa River Trap, 0.5 km below CHIP acclimation pond",SCREWT,Screw Trap,191,1
3DD.003BDDBD5F,CSS-2021-240-112.xml,CHL - Lower Chiwawa River,8/28/2021 11:16:46 AM,8/28/2021 11:17:57 AM,LOWER IN-STREAM ARRAY,UPPER IN-STREAM ARRAY,8/28/2021,7,Bull Trout,R,Resident,W,Wild Fish or Natural Production,"CHIWAT - Chiwawa River Trap, 0.5 km below CHIP acclimation pond",SCREWT,Screw Trap,226,1
3DD.003BDDBD62,CSS-2021-244-112.xml,UWE - Upper Wenatchee River,9/2/2021 5:16:21 AM,9/2/2021 5:16:21 AM,IN-STREAM ARRAY,IN-STREAM ARRAY,9/1/2021,7,Bull Trout,R,Resident,W,Wild Fish or Natural Production,"CHIWAT - Chiwawa River Trap, 0.5 km below CHIP acclimation pond",SCREWT,Screw Trap,214,1
3DD.003BDDBD68,CSS-2021-252-112.xml,CHL - Lower Chiwawa River,5/28/2026 1:18:08 AM,5/28/2026 1:18:08 AM,LOWER IN-STREAM ARRAY,LOWER IN-STREAM ARRAY,9/9/2021,7,Bull Trout,R,Resident,W,Wild Fish or Natural Production,"CHIWAT - Chiwawa River Trap, 0.5 km below CHIP acclimation pond",SCREWT,Screw Trap,255,1
3DD.003BDDBD68,CSS-2021-252-112.xml,UWE - Upper Wenatchee River,9/10/2021 1:58:17 AM,9/10/2021 1:58:17 AM,IN-STREAM ARRAY,IN-STREAM ARRAY,9/9/2021,7,Bull Trout,R,Resident,W,Wild Fish or Natural Production,"CHIWAT - Chiwawa River Trap, 0.5 km below CHIP acclimation pond",SCREWT,Screw Trap,255,1
3DD.003BDDBD69,CSS-2021-261-112.xml,UWE - Upper Wenatchee River,9/19/2021 4:55:40 AM,9/19/2021 4:55:41 AM,IN-STREAM ARRAY,IN-STREAM ARRAY,9/18/2021,7,Bull Trout,R,Resident,W,Wild Fish or Natural Production,"CHIWAT - Chiwawa River Trap, 0.5 km below CHIP acclimation pond",SCREWT,Screw Trap,238,1
3DD.003BDDBD6A,CSS-2021-250-112.xml,UWE - Upper Wenatchee River,9/7/2021 9:11:35 PM,9/7/2021 9:11:36 PM,IN-STREAM ARRAY,IN-STREAM ARRAY,9/7/2021,7,Bull Trout,R,Resident,W,Wild Fish or Natural Production,"CHIWAT - Chiwawa River Trap, 0.5 km below CHIP acclimation pond",SCREWT,Screw Trap,188,1
3DD.003BDDBD6B,CSS-2021-258-112.xml,UWE - Upper Wenatchee River,9/15/2021 9:38:56 PM,9/15/2021 9:38:57 PM,IN-STREAM ARRAY,IN-STREAM ARRAY,9/15/2021,7,Bull Trout,R,Resident,W,Wild Fish or Natural Production,"CHIWAT - Chiwawa River Trap, 0.5 km below CHIP acclimation pond",SCREWT,Screw Trap,232,1
3DD.003BDDBD6C,CSS-2021-267-112.xml,CHL - Lower Chiwawa River,6/1/2024 8:38:33 PM,6/1/2024 8:41:57 PM,LOWER IN-STREAM ARRAY,UPPER IN-STREAM ARRAY,9/24/2021,7,Bull Trout,R,Resident,W,Wild Fish or Natural Production,"CHIWAT - Chiwawa River Trap, 0.5 km below CHIP acclimation pond",SCREWT,Screw Trap,185,1
3DD.003BDDBD6C,CSS-2021-267-112.xml,CHU - Upper Chiwawa River,6/9/2024 8:16:38 PM,6/9/2024 8:16:38 PM,LOWER IN-STREAM ARRAY,LOWER IN-STREAM ARRAY,9/24/2021,7,Bull Trout,R,Resident,W,Wild Fish or Natural Production,"CHIWAT - Chiwawa River Trap, 0.5 km below CHIP acclimation pond",SCREWT,Screw Trap,185,1
3DD.003BDDBD6C,CSS-2021-267-112.xml,UWE - Upper Wenatchee River,9/25/2021 3:07:23 AM,9/25/2021 3:07:24 AM,IN-STREAM ARRAY,IN-STREAM ARRAY,9/24/2021,7,Bull Trout,R,Resident,W,Wild Fish or Natural Production,"CHIWAT - Chiwawa River Trap, 0.5 km below CHIP acclimation pond",SCREWT,Screw Trap,185,1
3DD.003BDDBD6C,CSS-2021-267-112.xml,"WTL - White River, Wenatchee Basin",11/19/2021 5:09:08 AM,10/2/2023 5:12:30 AM,UPPER IN-STREAM ARRAY,LOWER IN-STREAM ARRAY,9/24/2021,7,Bull Trout,R,Resident,W,Wild Fish or Natural Production,"CHIWAT - Chiwawa River Trap, 0.5 km below CHIP acclimation pond",SCREWT,Screw Trap,185,1
3DD.003BDDBD6F,CSS-2021-266-112.xml,CHL - Lower Chiwawa River,6/29/2023 8:04:11 PM,9/29/2023 4:58:12 AM,LOWER IN-STREAM ARRAY,UPPER IN-STREAM ARRAY,9/23/2021,7,Bull Trout,R,Resident,W,Wild Fish or Natural Production,"CHIWAT - Chiwawa River Trap, 0.5 km below CHIP acclimation pond",SCREWT,Screw Trap,220,1
3DD.003BDDBD6F,CSS-2021-266-112.xml,CHU - Upper Chiwawa River,7/6/2023 1:43:29 AM,7/7/2024 8:30:13 PM,UPPER IN-STREAM ARRAY,LOWER IN-STREAM ARRAY,9/23/2021,7,Bull Trout,R,Resident,W,Wild Fish or Natural Production,"CHIWAT - Chiwawa River Trap, 0.5 km below CHIP acclimation pond",SCREWT,Screw Trap,220,1
3DD.003BDDBD6F,CSS-2021-266-112.xml,UWE - Upper Wenatchee River,1/25/2023 12:46:45 AM,1/25/2023 2:44:28 AM,IN-STREAM ARRAY,IN-STREAM ARRAY,9/23/2021,7,Bull Trout,R,Resident,W,Wild Fish or Natural Production,"CHIWAT - Chiwawa River Trap, 0.5 km below CHIP acclimation pond",SCREWT,Screw Trap,220,1
3DD.003BDDBD70,CSS-2021-258-112.xml,CHL - Lower Chiwawa River,7/14/2023 11:01:57 PM,7/14/2023 11:02:04 PM,UPPER IN-STREAM ARRAY,LOWER IN-STREAM ARRAY,9/15/2021,7,Bull Trout,R,Resident,W,Wild Fish or Natural Production,"CHIWAT - Chiwawa River Trap, 0.5 km below CHIP acclimation pond",SCREWT,Screw Trap,268,1
3DD.003BDDBD70,CSS-2021-258-112.xml,UWE - Upper Wenatchee River,9/6/2022 1:06:34 AM,7/15/2023 1:52:42 AM,IN-STREAM ARRAY,IN-STREAM ARRAY,9/15/2021,7,Bull Trout,R,Resident,W,Wild Fish or Natural Production,"CHIWAT - Chiwawa River Trap, 0.5 km below CHIP acclimation pond",SCREWT,Screw Trap,268,1
3DD.003BDDBD72,CSS-2021-256-112.xml,UWE - Upper Wenatchee River,9/19/2021 7:24:51 PM,9/19/2021 7:24:51 PM,IN-STREAM ARRAY,IN-STREAM ARRAY,9/13/2021,7,Bull Trout,R,Resident,W,Wild Fish or Natural Production,"CHIWAT - Chiwawa River Trap, 0.5 km below CHIP acclimation pond",SCREWT,Screw Trap,285,1
3DD.003BDDBD72,CSS-2021-256-112.xml,"WTL - White River, Wenatchee Basin",8/28/2024 8:06:26 PM,4/2/2026 7:15:02 PM,LOWER IN-STREAM ARRAY,LOWER IN-STREAM ARRAY,9/13/2021,7,Bull Trout,R,Resident,W,Wild Fish or Natural Production,"CHIWAT - Chiwawa River Trap, 0.5 km below CHIP acclimation pond",SCREWT,Screw Trap,285,1
3DD.003BDDBD77,CSS-2021-244-112.xml,NAL - Lower Nason Creek,9/4/2021 2:18:05 AM,9/4/2021 2:18:05 AM,UPPER IN-STREAM ARRAY,UPPER IN-STREAM ARRAY,9/1/2021,7,Bull Trout,R,Resident,W,Wild Fish or Natural Production,"CHIWAT - Chiwawa River Trap, 0.5 km below CHIP acclimation pond",SCREWT,Screw Trap,238,1
3DD.003BDDBD77,CSS-2021-244-112.xml,UWE - Upper Wenatchee River,9/3/2021 7:36:04 PM,9/3/2021 7:36:04 PM,IN-STREAM ARRAY,IN-STREAM ARRAY,9/1/2021,7,Bull Trout,R,Resident,W,Wild Fish or Natural Production,"CHIWAT - Chiwawa River Trap, 0.5 km below CHIP acclimation pond",SCREWT,Screw Trap,238,1
3DD.003BDDBD78,CSS-2021-254-112.xml,CHL - Lower Chiwawa River,9/11/2021 10:02:47 AM,6/28/2023 8:23:06 PM,UPPER IN-STREAM ARRAY,UPPER IN-STREAM ARRAY,9/11/2021,7,Bull Trout,R,Resident,W,Wild Fish or Natural Production,"CHIWAT - Chiwawa River Trap, 0.5 km below CHIP acclimation pond",SCREWT,Screw Trap,270,1
3DD.003BDDBD78,CSS-2021-254-112.xml,CHU - Upper Chiwawa River,9/15/2021 8:38:44 PM,9/3/2022 2:05:12 AM,LOWER IN-STREAM ARRAY,UPPER IN-STREAM ARRAY,9/11/2021,7,Bull Trout,R,Resident,W,Wild Fish or Natural Production,"CHIWAT - Chiwawa River Trap, 0.5 km below CHIP acclimation pond",SCREWT,Screw Trap,270,1
3DD.003BDDBD78,CSS-2021-254-112.xml,UWE - Upper Wenatchee River,9/25/2022 4:13:37 AM,9/25/2022 4:13:38 AM,IN-STREAM ARRAY,IN-STREAM ARRAY,9/11/2021,7,Bull Trout,R,Resident,W,Wild Fish or Natural Production,"CHIWAT - Chiwawa River Trap, 0.5 km below CHIP acclimation pond",SCREWT,Screw Trap,270,1
3DD.003BDDBD79,CSS-2021-265-112.xml,UWE - Upper Wenatchee River,9/22/2021 9:47:20 PM,9/22/2021 9:47:20 PM,IN-STREAM ARRAY,IN-STREAM ARRAY,9/22/2021,7,Bull Trout,R,Resident,W,Wild Fish or Natural Production,"CHIWAT - Chiwawa River Trap, 0.5 km below CHIP acclimation pond",SCREWT,Screw Trap,279,1
3DD.003BDDBD7B,CSS-2021-245-112.xml,CHL - Lower Chiwawa River,9/2/2021 8:54:54 AM,9/2/2021 9:00:37 AM,LOWER IN-STREAM ARRAY,UPPER IN-STREAM ARRAY,9/2/2021,7,Bull Trout,R,Resident,W,Wild Fish or Natural Production,"CHIWAT - Chiwawa River Trap, 0.5 km below CHIP acclimation pond",SCREWT,Screw Trap,261,1
3DD.003BDDBD7D,CSS-2021-270-112.xml,CHL - Lower Chiwawa River,9/29/2025 3:39:07 AM,9/29/2025 3:39:15 AM,UPPER IN-STREAM ARRAY,LOWER IN-STREAM ARRAY,9/27/2021,7,Bull Trout,R,Resident,W,Wild Fish or Natural Production,"CHIWAT - Chiwawa River Trap, 0.5 km below CHIP acclimation pond",SCREWT,Screw Trap,215,1
3DD.003BDDBD7D,CSS-2021-270-112.xml,CHU - Upper Chiwawa River,9/28/2025 11:54:31 PM,9/28/2025 11:54:31 PM,LOWER IN-STREAM ARRAY,LOWER IN-STREAM ARRAY,9/27/2021,7,Bull Trout,R,Resident,W,Wild Fish or Natural Production,"CHIWAT - Chiwawa River Trap, 0.5 km below CHIP acclimation pond",SCREWT,Screw Trap,215,1
3DD.003BDDBD7D,CSS-2021-270-112.xml,CWT - Chiwawa River Weir Trap Array,5/26/2025 8:07:23 PM,9/29/2025 3:26:48 AM,Single Pass,Single Pass,9/27/2021,7,Bull Trout,R,Resident,W,Wild Fish or Natural Production,"CHIWAT - Chiwawa River Trap, 0.5 km below CHIP acclimation pond",SCREWT,Screw Trap,215,1
3DD.003BDDBD7D,CSS-2021-270-112.xml,"WTL - White River, Wenatchee Basin",7/29/2024 9:36:09 PM,8/11/2024 10:20:28 PM,LOWER IN-STREAM ARRAY,LOWER IN-STREAM ARRAY,9/27/2021,7,Bull Trout,R,Resident,W,Wild Fish or Natural Production,"CHIWAT - Chiwawa River Trap, 0.5 km below CHIP acclimation pond",SCREWT,Screw Trap,215,1
3DD.003BDDBD7E,CSS-2021-271-112.xml,UWE - Upper Wenatchee River,9/28/2021 10:49:08 PM,9/28/2021 10:49:08 PM,IN-STREAM ARRAY,IN-STREAM ARRAY,9/28/2021,7,Bull Trout,R,Resident,W,Wild Fish or Natural Production,"CHIWAT - Chiwawa River Trap, 0.5 km below CHIP acclimation pond",SCREWT,Screw Trap,253,1
3DD.003BDDBD7E,CSS-2021-271-112.xml,"WTL - White River, Wenatchee Basin",8/24/2022 12:54:02 AM,8/24/2022 12:56:03 AM,LOWER IN-STREAM ARRAY,UPPER IN-STREAM ARRAY,9/28/2021,7,Bull Trout,R,Resident,W,Wild Fish or Natural Production,"CHIWAT - Chiwawa River Trap, 0.5 km below CHIP acclimation pond",SCREWT,Screw Trap,253,1
3DD.003BDDBD80,CSS-2021-258-112.xml,CHL - Lower Chiwawa River,9/12/2025 10:40:04 PM,10/12/2025 1:16:44 AM,UPPER IN-STREAM ARRAY,LOWER IN-STREAM ARRAY,9/15/2021,7,Bull Trout,R,Resident,W,Wild Fish or Natural Production,"CHIWAT - Chiwawa River Trap, 0.5 km below CHIP acclimation pond",SCREWT,Screw Trap,262,1
3DD.003BDDBD80,CSS-2021-258-112.xml,CHU - Upper Chiwawa River,9/14/2025 12:40:37 AM,10/11/2025 2:48:19 AM,LOWER IN-STREAM ARRAY,LOWER IN-STREAM ARRAY,9/15/2021,7,Bull Trout,R,Resident,W,Wild Fish or Natural Production,"CHIWAT - Chiwawa River Trap, 0.5 km below CHIP acclimation pond",SCREWT,Screw Trap,262,1
3DD.003BDDBD80,CSS-2021-258-112.xml,CWT - Chiwawa River Weir Trap Array,9/12/2025 10:57:01 PM,10/12/2025 1:06:03 AM,Single Pass,Single Pass,9/15/2021,7,Bull Trout,R,Resident,W,Wild Fish or Natural Production,"CHIWAT - Chiwawa River Trap, 0.5 km below CHIP acclimation pond",SCREWT,Screw Trap,262,1
3DD.003BDDBD80,CSS-2021-258-112.xml,UWE - Upper Wenatchee River,9/15/2021 10:28:04 PM,9/15/2021 10:28:05 PM,IN-STREAM ARRAY,IN-STREAM ARRAY,9/15/2021,7,Bull Trout,R,Resident,W,Wild Fish or Natural Production,"CHIWAT - Chiwawa River Trap, 0.5 km below CHIP acclimation pond",SCREWT,Screw Trap,262,1
3DD.003BDDBD80,CSS-2021-258-112.xml,"WTL - White River, Wenatchee Basin",8/6/2025 9:03:19 PM,9/10/2025 7:49:54 PM,LOWER IN-STREAM ARRAY,LOWER IN-STREAM ARRAY,9/15/2021,7,Bull Trout,R,Resident,W,Wild Fish or Natural Production,"CHIWAT - Chiwawa River Trap, 0.5 km below CHIP acclimation pond",SCREWT,Screw Trap,262,1
3DD.003BDDBD81,CSS-2021-264-112.xml,CHL - Lower Chiwawa River,6/19/2024 9:46:55 PM,6/19/2024 9:46:55 PM,UPPER IN-STREAM ARRAY,UPPER IN-STREAM ARRAY,9/21/2021,7,Bull Trout,R,Resident,W,Wild Fish or Natural Production,"CHIWAT - Chiwawa River Trap, 0.5 km below CHIP acclimation pond",SCREWT,Screw Trap,251,1
3DD.003BDDBD82,CSS-2021-251-112.xml,CHL - Lower Chiwawa River,9/8/2021 8:30:32 AM,9/29/2025 9:18:26 PM,LOWER IN-STREAM ARRAY,LOWER IN-STREAM ARRAY,9/8/2021,7,Bull Trout,R,Resident,W,Wild Fish or Natural Production,"CHIWAT - Chiwawa River Trap, 0.5 km below CHIP acclimation pond",SCREWT,Screw Trap,184,1
3DD.003BDDBD82,CSS-2021-251-112.xml,CHU - Upper Chiwawa River,7/23/2023 7:12:56 AM,9/29/2025 4:24:17 AM,LOWER IN-STREAM ARRAY,LOWER IN-STREAM ARRAY,9/8/2021,7,Bull Trout,R,Resident,W,Wild Fish or Natural Production,"CHIWAT - Chiwawa River Trap, 0.5 km below CHIP acclimation pond",SCREWT,Screw Trap,184,1
3DD.003BDDBD82,CSS-2021-251-112.xml,CWT - Chiwawa River Weir Trap Array,9/29/2025 9:02:57 PM,9/29/2025 9:02:57 PM,Single Pass,Single Pass,9/8/2021,7,Bull Trout,R,Resident,W,Wild Fish or Natural Production,"CHIWAT - Chiwawa River Trap, 0.5 km below CHIP acclimation pond",SCREWT,Screw Trap,184,1
3DD.003BDDBD82,CSS-2021-251-112.xml,UWE - Upper Wenatchee River,9/29/2022 5:27:15 AM,5/24/2024 9:00:03 PM,IN-STREAM ARRAY,IN-STREAM ARRAY,9/8/2021,7,Bull Trout,R,Resident,W,Wild Fish or Natural Production,"CHIWAT - Chiwawa River Trap, 0.5 km below CHIP acclimation pond",SCREWT,Screw Trap,184,1
3DD.003BDDBD83,CSS-2021-255-112.xml,CHL - Lower Chiwawa River,10/4/2025 8:38:01 PM,10/4/2025 8:38:44 PM,UPPER IN-STREAM ARRAY,LOWER IN-STREAM ARRAY,9/12/2021,7,Bull Trout,R,Resident,W,Wild Fish or Natural Production,"CHIWAT - Chiwawa River Trap, 0.5 km below CHIP acclimation pond",SCREWT,Screw Trap,238,1
3DD.003BDDBD83,CSS-2021-255-112.xml,CHU - Upper Chiwawa River,10/4/2025 3:49:58 AM,10/4/2025 3:50:07 AM,UPPER IN-STREAM ARRAY,LOWER IN-STREAM ARRAY,9/12/2021,7,Bull Trout,R,Resident,W,Wild Fish or Natural Production,"CHIWAT - Chiwawa River Trap, 0.5 km below CHIP acclimation pond",SCREWT,Screw Trap,238,1
3DD.003BDDBD83,CSS-2021-255-112.xml,CWT - Chiwawa River Weir Trap Array,6/25/2025 10:40:52 PM,10/4/2025 8:30:19 PM,Single Pass,Single Pass,9/12/2021,7,Bull Trout,R,Resident,W,Wild Fish or Natural Production,"CHIWAT - Chiwawa River Trap, 0.5 km below CHIP acclimation pond",SCREWT,Screw Trap,238,1
3DD.003BDDBD83,CSS-2021-255-112.xml,UWE - Upper Wenatchee River,9/12/2021 7:55:26 PM,9/12/2021 7:55:26 PM,IN-STREAM ARRAY,IN-STREAM ARRAY,9/12/2021,7,Bull Trout,R,Resident,W,Wild Fish or Natural Production,"CHIWAT - Chiwawa River Trap, 0.5 km below CHIP acclimation pond",SCREWT,Screw Trap,238,1
3DD.003BDDBD85,CSS-2021-237-112.xml,NAL - Lower Nason Creek,8/26/2021 8:54:31 PM,9/6/2021 9:02:15 PM,LOWER IN-STREAM ARRAY,LOWER IN-STREAM ARRAY,8/25/2021,7,Bull Trout,R,Resident,W,Wild Fish or Natural Production,"CHIWAT - Chiwawa River Trap, 0.5 km below CHIP acclimation pond",SCREWT,Screw Trap,199,1
3DD.003BDDBD86,CSS-2021-251-112.xml,CHL - Lower Chiwawa River,9/8/2021 8:48:48 AM,10/26/2021 6:07:34 PM,UPPER IN-STREAM ARRAY,LOWER IN-STREAM ARRAY,9/8/2021,7,Bull Trout,R,Resident,W,Wild Fish or Natural Production,"CHIWAT - Chiwawa River Trap, 0.5 km below CHIP acclimation pond",SCREWT,Screw Trap,247,1
3DD.003BDDBD88,CSS-2021-261-112.xml,UWE - Upper Wenatchee River,9/19/2021 3:29:28 AM,9/19/2021 3:29:29 AM,IN-STREAM ARRAY,IN-STREAM ARRAY,9/18/2021,7,Bull Trout,R,Resident,W,Wild Fish or Natural Production,"CHIWAT - Chiwawa River Trap, 0.5 km below CHIP acclimation pond",SCREWT,Screw Trap,175,1
3DD.003BDDBD89,CSS-2021-255-112.xml,CHL - Lower Chiwawa River,9/12/2021 8:23:57 AM,9/12/2021 8:26:00 AM,LOWER IN-STREAM ARRAY,UPPER IN-STREAM ARRAY,9/12/2021,7,Bull Trout,R,Resident,W,Wild Fish or Natural Production,"CHIWAT - Chiwawa River Trap, 0.5 km below CHIP acclimation pond",SCREWT,Screw Trap,213,1
3DD.003BDDBD8B,CSS-2021-232-112.xml,CHL - Lower Chiwawa River,8/20/2021 10:09:47 AM,8/20/2021 10:09:47 AM,LOWER IN-STREAM ARRAY,LOWER IN-STREAM ARRAY,8/20/2021,7,Bull Trout,R,Resident,W,Wild Fish or Natural Production,"CHIWAT - Chiwawa River Trap, 0.5 km below CHIP acclimation pond",SCREWT,Screw Trap,255,1
3DD.003BDDBD8B,CSS-2021-232-112.xml,UWE - Upper Wenatchee River,9/30/2021 2:19:53 AM,9/30/2021 2:19:54 AM,IN-STREAM ARRAY,IN-STREAM ARRAY,8/20/2021,7,Bull Trout,R,Resident,W,Wild Fish or Natural Production,"CHIWAT - Chiwawa River Trap, 0.5 km below CHIP acclimation pond",SCREWT,Screw Trap,255,1
3DD.003BDDBD8C,CSS-2021-250-112.xml,CHL - Lower Chiwawa River,9/8/2021 2:43:17 AM,9/8/2021 8:25:25 AM,LOWER IN-STREAM ARRAY,UPPER IN-STREAM ARRAY,9/7/2021,7,Bull Trout,R,Resident,W,Wild Fish or Natural Production,"CHIWAT - Chiwawa River Trap, 0.5 km below CHIP acclimation pond",SCREWT,Screw Trap,195,1
3DD.003BDDBD8C,CSS-2021-250-112.xml,ICL - Lower Icicle Instream Array,9/26/2021 3:50:03 AM,8/25/2023 2:51:12 AM,Downstream Array,Downstream Array,9/7/2021,7,Bull Trout,R,Resident,W,Wild Fish or Natural Production,"CHIWAT - Chiwawa River Trap, 0.5 km below CHIP acclimation pond",SCREWT,Screw Trap,195,1
3DD.003BDDBD8C,CSS-2021-250-112.xml,ICM - Middle Icicle Instream Array,6/30/2023 11:25:11 AM,8/24/2023 11:10:00 AM,Downstream Array,Upstream Array,9/7/2021,7,Bull Trout,R,Resident,W,Wild Fish or Natural Production,"CHIWAT - Chiwawa River Trap, 0.5 km below CHIP acclimation pond",SCREWT,Screw Trap,195,1
3DD.003BDDBD8C,CSS-2021-250-112.xml,LNF - Leavenworth NFH Adult Ladder,6/29/2023 3:36:38 AM,6/29/2023 2:09:54 PM,LOWER FISH LADDER,LOWER FISH LADDER,9/7/2021,7,Bull Trout,R,Resident,W,Wild Fish or Natural Production,"CHIWAT - Chiwawa River Trap, 0.5 km below CHIP acclimation pond",SCREWT,Screw Trap,195,1
3DD.003BDDBD8D,CSS-2021-252-112.xml,CHL - Lower Chiwawa River,9/9/2021 9:04:18 AM,9/9/2021 9:04:18 AM,UPPER IN-STREAM ARRAY,UPPER IN-STREAM ARRAY,9/9/2021,7,Bull Trout,R,Resident,W,Wild Fish or Natural Production,"CHIWAT - Chiwawa River Trap, 0.5 km below CHIP acclimation pond",SCREWT,Screw Trap,227,1
3DD.003BDDBD8D,CSS-2021-252-112.xml,UWE - Upper Wenatchee River,9/10/2021 7:17:59 PM,9/10/2021 7:18:00 PM,IN-STREAM ARRAY,IN-STREAM ARRAY,9/9/2021,7,Bull Trout,R,Resident,W,Wild Fish or Natural Production,"CHIWAT - Chiwawa River Trap, 0.5 km below CHIP acclimation pond",SCREWT,Screw Trap,227,1
3DD.003BDDBD90,CSS-2021-262-112.xml,UWE - Upper Wenatchee River,9/19/2021 10:32:29 PM,9/19/2021 10:32:30 PM,IN-STREAM ARRAY,IN-STREAM ARRAY,9/19/2021,7,Bull Trout,R,Resident,W,Wild Fish or Natural Production,"CHIWAT - Chiwawa River Trap, 0.5 km below CHIP acclimation pond",SCREWT,Screw Trap,214,1
3DD.003BDDBD92,CSS-2021-266-112.xml,CHL - Lower Chiwawa River,9/23/2021 8:58:12 AM,10/3/2024 1:45:17 AM,LOWER IN-STREAM ARRAY,LOWER IN-STREAM ARRAY,9/23/2021,7,Bull Trout,R,Resident,W,Wild Fish or Natural Production,"CHIWAT - Chiwawa River Trap, 0.5 km below CHIP acclimation pond",SCREWT,Screw Trap,254,1
3DD.003BDDBD92,CSS-2021-266-112.xml,CHU - Upper Chiwawa River,10/1/2024 11:31:38 PM,10/1/2024 11:31:47 PM,UPPER IN-STREAM ARRAY,LOWER IN-STREAM ARRAY,9/23/2021,7,Bull Trout,R,Resident,W,Wild Fish or Natural Production,"CHIWAT - Chiwawa River Trap, 0.5 km below CHIP acclimation pond",SCREWT,Screw Trap,254,1
3DD.003BDDBD92,CSS-2021-266-112.xml,CWT - Chiwawa River Weir Trap Array,10/2/2024 7:44:05 PM,10/3/2024 2:17:04 AM,Single Pass,Single Pass,9/23/2021,7,Bull Trout,R,Resident,W,Wild Fish or Natural Production,"CHIWAT - Chiwawa River Trap, 0.5 km below CHIP acclimation pond",SCREWT,Screw Trap,254,1
3DD.003BDDBD92,CSS-2021-266-112.xml,UWE - Upper Wenatchee River,9/23/2021 10:14:55 PM,9/23/2021 10:14:55 PM,IN-STREAM ARRAY,IN-STREAM ARRAY,9/23/2021,7,Bull Trout,R,Resident,W,Wild Fish or Natural Production,"CHIWAT - Chiwawa River Trap, 0.5 km below CHIP acclimation pond",SCREWT,Screw Trap,254,1
3DD.003BDDBD93,CSS-2021-271-112.xml,CHL - Lower Chiwawa River,10/4/2025 8:53:24 PM,10/4/2025 8:53:24 PM,LOWER IN-STREAM ARRAY,LOWER IN-STREAM ARRAY,9/28/2021,7,Bull Trout,R,Resident,W,Wild Fish or Natural Production,"CHIWAT - Chiwawa River Trap, 0.5 km below CHIP acclimation pond",SCREWT,Screw Trap,245,1
3DD.003BDDBD93,CSS-2021-271-112.xml,CHU - Upper Chiwawa River,7/2/2025 8:42:32 PM,10/4/2025 2:15:24 AM,UPPER IN-STREAM ARRAY,LOWER IN-STREAM ARRAY,9/28/2021,7,Bull Trout,R,Resident,W,Wild Fish or Natural Production,"CHIWAT - Chiwawa River Trap, 0.5 km below CHIP acclimation pond",SCREWT,Screw Trap,245,1
3DD.003BDDBD93,CSS-2021-271-112.xml,CWT - Chiwawa River Weir Trap Array,6/19/2025 1:30:25 AM,10/4/2025 8:31:53 PM,Single Pass,Single Pass,9/28/2021,7,Bull Trout,R,Resident,W,Wild Fish or Natural Production,"CHIWAT - Chiwawa River Trap, 0.5 km below CHIP acclimation pond",SCREWT,Screw Trap,245,1
3DD.003BDDBD93,CSS-2021-271-112.xml,LWN - Little Wenatchee River,9/11/2022 6:52:15 PM,5/15/2024 9:24:44 PM,UPPER IN-STREAM ARRAY,LOWER IN-STREAM ARRAY,9/28/2021,7,Bull Trout,R,Resident,W,Wild Fish or Natural Production,"CHIWAT - Chiwawa River Trap, 0.5 km below CHIP acclimation pond",SCREWT,Screw Trap,245,1
3DD.003BDDBD93,CSS-2021-271-112.xml,UWE - Upper Wenatchee River,9/28/2021 10:38:41 PM,9/28/2021 10:38:41 PM,IN-STREAM ARRAY,IN-STREAM ARRAY,9/28/2021,7,Bull Trout,R,Resident,W,Wild Fish or Natural Production,"CHIWAT - Chiwawa River Trap, 0.5 km below CHIP acclimation pond",SCREWT,Screw Trap,245,1
3DD.003BDDBD93,CSS-2021-271-112.xml,"WTL - White River, Wenatchee Basin",7/29/2024 8:30:15 PM,10/20/2024 9:01:08 AM,LOWER IN-STREAM ARRAY,UPPER IN-STREAM ARRAY,9/28/2021,7,Bull Trout,R,Resident,W,Wild Fish or Natural Production,"CHIWAT - Chiwawa River Trap, 0.5 km below CHIP acclimation pond",SCREWT,Screw Trap,245,1
3DD.003BDDBEC1,CSS-2024-159-HB4.xml,ENL - Lower Entiat River,6/7/2024 12:16:19 PM,6/7/2024 12:16:19 PM,Downstream Array,Downstream Array,6/7/2024,7,Bull Trout,R,Resident,W,Wild Fish or Natural Production,ENTRTP - Entiat River Rotary Screw Trap,SCREWT,Screw Trap,148,1
3DD.003BDDBEC2,CSS-2024-144-HB4.xml,ENL - Lower Entiat River,5/23/2024 9:23:22 AM,5/23/2024 9:24:29 AM,Upstream Array,Downstream Array,5/23/2024,7,Bull Trout,R,Resident,W,Wild Fish or Natural Production,ENTRTP - Entiat River Rotary Screw Trap,SCREWT,Screw Trap,156,1
3DD.003BDDBEC4,CSS-2021-120-001.xml,ENL - Lower Entiat River,4/30/2021 5:11:22 AM,4/30/2021 5:13:20 AM,Upstream Array,Downstream Array,4/30/2021,7,Bull Trout,R,Resident,W,Wild Fish or Natural Production,ENTRTP - Entiat River Rotary Screw Trap,SCREWT,Screw Trap,148,1
3DD.003BDDBEC5,CSS-2023-321-001.xml,ENL - Lower Entiat River,11/17/2023 6:21:14 PM,11/17/2023 6:21:14 PM,Downstream Array,Downstream Array,11/17/2023,7,Bull Trout,R,Resident,W,Wild Fish or Natural Production,ENTRTP - Entiat River Rotary Screw Trap,SCREWT,Screw Trap,185,1
3DD.003BDDBEC8,CSS-2021-193-001.xml,ENL - Lower Entiat River,7/12/2021 9:44:31 AM,7/12/2021 9:46:18 AM,Upstream Array,Upstream Array,7/12/2021,7,Bull Trout,R,Resident,W,Wild Fish or Natural Production,ENTRTP - Entiat River Rotary Screw Trap,SCREWT,Screw Trap,210,1
3DD.003BDDBECC,CSS-2024-147-HB4.xml,ENL - Lower Entiat River,5/26/2024 2:39:29 PM,5/26/2024 2:39:29 PM,Upstream Array,Upstream Array,5/26/2024,7,Bull Trout,R,Resident,W,Wild Fish or Natural Production,ENTRTP - Entiat River Rotary Screw Trap,SCREWT,Screw Trap,174,1
3DD.003BDDBECD,CSS-2024-149-HB4.xml,ENL - Lower Entiat River,5/28/2024 10:16:04 AM,5/28/2024 10:17:56 AM,Upstream Array,Downstream Array,5/28/2024,7,Bull Trout,R,Resident,W,Wild Fish or Natural Production,ENTRTP - Entiat River Rotary Screw Trap,SCREWT,Screw Trap,177,1
3DD.003BDDBECE,CSS-2023-177-001.xml,ENL - Lower Entiat River,6/26/2023 12:38:25 PM,6/26/2023 12:44:17 PM,Upstream Array,Downstream Array,6/26/2023,7,Bull Trout,R,Resident,W,Wild Fish or Natural Production,ENTRTP - Entiat River Rotary Screw Trap,SCREWT,Screw Trap,245,1
3DD.003BDDBECF,CSS-2025-086-HB4.xml,ENL - Lower Entiat River,3/27/2025 10:06:29 AM,3/27/2025 10:06:29 AM,Downstream Array,Downstream Array,3/27/2025,7,Bull Trout,R,Resident,W,Wild Fish or Natural Production,ENTRTP - Entiat River Rotary Screw Trap,SCREWT,Screw Trap,173,1
3DD.003BDDBED1,CSS-2024-302-HB4.xml,ENL - Lower Entiat River,10/28/2024 8:39:10 AM,10/28/2024 8:39:21 AM,Upstream Array,Downstream Array,10/28/2024,7,Bull Trout,R,Resident,W,Wild Fish or Natural Production,ENTRTP - Entiat River Rotary Screw Trap,SCREWT,Screw Trap,216,1
3DD.003BDDBED2,CSS-2023-314-001.xml,RRF - Rocky Reach Fishway,7/6/2024 6:28:05 PM,7/6/2024 6:37:38 PM,Lower Weir,Trap,11/10/2023,7,Bull Trout,R,Resident,W,Wild Fish or Natural Production,ENTRTP - Entiat River Rotary Screw Trap,SCREWT,Screw Trap,235,1
3DD.003BDDBED3,CSS-2025-112-HB4.xml,ENL - Lower Entiat River,4/22/2025 12:22:56 PM,4/22/2025 12:24:59 PM,Upstream Array,Downstream Array,4/22/2025,7,Bull Trout,R,Resident,W,Wild Fish or Natural Production,ENTRTP - Entiat River Rotary Screw Trap,SCREWT,Screw Trap,119,1
3DD.003BDDBED6,CSS-2024-150-HB4.xml,ENL - Lower Entiat River,5/29/2024 1:11:47 PM,5/29/2024 1:25:59 PM,Upstream Array,Downstream Array,5/29/2024,7,Bull Trout,R,Resident,W,Wild Fish or Natural Production,ENTRTP - Entiat River Rotary Screw Trap,SCREWT,Screw Trap,136,1
3DD.003BDDBEE1,CSS-2021-207-001.xml,ENL - Lower Entiat River,7/26/2021 9:41:24 AM,7/26/2021 9:42:43 AM,Upstream Array,Downstream Array,7/26/2021,7,Bull Trout,R,Resident,W,Wild Fish or Natural Production,ENTRTP - Entiat River Rotary Screw Trap,SCREWT,Screw Trap,187,1
3DD.003BDDBEE4,CSS-2023-153-001.xml,ENL - Lower Entiat River,6/2/2023 9:43:33 PM,6/2/2023 9:43:33 PM,Upstream Array,Upstream Array,6/2/2023,7,Bull Trout,R,Resident,W,Wild Fish or Natural Production,ENTRTP - Entiat River Rotary Screw Trap,SCREWT,Screw Trap,157,1
3DD.003BDDBEE5,CSS-2025-196-HB4.xml,ENL - Lower Entiat River,7/15/2025 9:27:28 AM,7/15/2025 9:50:14 AM,Upstream Array,Downstream Array,7/15/2025,7,Bull Trout,R,Resident,W,Wild Fish or Natural Production,ENTRTP - Entiat River Rotary Screw Trap,SCREWT,Screw Trap,178,1
3DD.003BDDBEE6,CSS-2023-203-001.xml,ENL - Lower Entiat River,7/22/2023 3:43:45 PM,7/22/2023 3:44:03 PM,Upstream Array,Downstream Array,7/22/2023,7,Bull Trout,R,Resident,W,Wild Fish or Natural Production,ENTRTP - Entiat River Rotary Screw Trap,SCREWT,Screw Trap,189,1
3DD.003BDDBEEA,CSS-2024-143-HB4.xml,ENL - Lower Entiat River,5/22/2024 9:19:18 AM,5/22/2024 9:39:25 AM,Upstream Array,Downstream Array,5/22/2024,7,Bull Trout,R,Resident,W,Wild Fish or Natural Production,ENTRTP - Entiat River Rotary Screw Trap,SCREWT,Screw Trap,139,1
3DD.003BDDBEEC,CSS-2023-151-001.xml,ENL - Lower Entiat River,5/31/2023 9:38:56 AM,5/31/2023 10:05:44 AM,Upstream Array,Downstream Array,5/31/2023,7,Bull Trout,R,Resident,W,Wild Fish or Natural Production,ENTRTP - Entiat River Rotary Screw Trap,SCREWT,Screw Trap,149,1
3DD.003BDDBEF0,CSS-2026-090-HB2.xml,EBO - East Bank Hatchery Outfall,4/5/2026 4:09:13 AM,4/11/2026 5:53:16 AM,Downstream Antenna,Upstream Antenna,3/31/2026,7,Bull Trout,R,Resident,W,Wild Fish or Natural Production,ENTUST - Entiat River upper Rotary Screw Trap,SCREWT,Screw Trap,132,1
3DD.003BDDBEF7,CSS-2022-136-001.xml,ENL - Lower Entiat River,5/16/2022 8:11:22 PM,5/16/2022 8:11:22 PM,Downstream Array,Downstream Array,5/16/2022,7,Bull Trout,R,Resident,W,Wild Fish or Natural Production,ENTRTP - Entiat River Rotary Screw Trap,SCREWT,Screw Trap,138,1
3DD.003BDDBEF9,CSS-2023-153-001.xml,ENL - Lower Entiat River,6/2/2023 2:00:04 PM,6/2/2023 2:01:44 PM,Upstream Array,Downstream Array,6/2/2023,7,Bull Trout,R,Resident,W,Wild Fish or Natural Production,ENTRTP - Entiat River Rotary Screw Trap,SCREWT,Screw Trap,159,1
3DD.003BDDBEFA,CSS-2025-196-HB4.xml,ENL - Lower Entiat River,7/15/2025 9:11:25 AM,7/15/2025 9:13:01 AM,Upstream Array,Downstream Array,7/15/2025,7,Bull Trout,R,Resident,W,Wild Fish or Natural Production,ENTRTP - Entiat River Rotary Screw Trap,SCREWT,Screw Trap,194,1
3DD.003BDDBF00,CSS-2021-102-001.xml,ENL - Lower Entiat River,4/12/2021 10:12:13 PM,4/12/2021 10:12:13 PM,Upstream Array,Upstream Array,4/12/2021,7,Bull Trout,R,Resident,W,Wild Fish or Natural Production,ENTRTP - Entiat River Rotary Screw Trap,SCREWT,Screw Trap,145,1
3DD.003BDDBF01,CSS-2024-148-HB4.xml,ENL - Lower Entiat River,5/27/2024 9:08:53 AM,5/27/2024 9:11:05 AM,Upstream Array,Downstream Array,5/27/2024,7,Bull Trout,R,Resident,W,Wild Fish or Natural Production,ENTRTP - Entiat River Rotary Screw Trap,SCREWT,Screw Trap,149,1
3DD.003BDDBF03,CSS-2025-095-HB2.xml,ENL - Lower Entiat River,4/5/2025 2:33:02 PM,4/5/2025 2:33:28 PM,Upstream Array,Downstream Array,4/5/2025,7,Bull Trout,R,Resident,W,Wild Fish or Natural Production,ENTUST - Entiat River upper Rotary Screw Trap,SCREWT,Screw Trap,133,1
3DD.003BDDBF07,CSS-2023-165-001.xml,ENL - Lower Entiat River,6/14/2023 11:41:18 AM,6/14/2023 11:42:04 AM,Upstream Array,Downstream Array,6/14/2023,7,Bull Trout,R,Resident,W,Wild Fish or Natural Production,ENTRTP - Entiat River Rotary Screw Trap,SCREWT,Screw Trap,159,1
3DD.003BDDBF07,CSS-2023-165-001.xml,WEH - Wells Dam Hatchery,6/26/2023 7:44:19 AM,7/25/2023 8:38:11 PM,Volunteer Channel,Volunteer Channel,6/14/2023,7,Bull Trout,R,Resident,W,Wild Fish or Natural Production,ENTRTP - Entiat River Rotary Screw Trap,SCREWT,Screw Trap,159,1
3DD.003BDDBF08,CSS-2023-158-001.xml,ENL - Lower Entiat River,6/7/2023 5:31:34 PM,6/7/2023 5:32:01 PM,Upstream Array,Downstream Array,6/7/2023,7,Bull Trout,R,Resident,W,Wild Fish or Natural Production,ENTRTP - Entiat River Rotary Screw Trap,SCREWT,Screw Trap,169,1
3DD.003BDDBF15,CSS-2023-163-001.xml,ENL - Lower Entiat River,6/12/2023 10:56:25 AM,6/12/2023 10:56:25 AM,Upstream Array,Upstream Array,6/12/2023,7,Bull Trout,R,Resident,W,Wild Fish or Natural Production,ENTRTP - Entiat River Rotary Screw Trap,SCREWT,Screw Trap,159,1
3DD.003BDDBF19,CSS-2024-351-HB4.xml,ENL - Lower Entiat River,12/16/2024 9:57:16 AM,12/16/2024 6:21:48 PM,Upstream Array,Downstream Array,12/16/2024,7,Bull Trout,R,Resident,W,Wild Fish or Natural Production,ENTRTP - Entiat River Rotary Screw Trap,SCREWT,Screw Trap,232,1
3DD.003BDDBF1C,CSS-2025-115-HB4.xml,ENL - Lower Entiat River,4/26/2025 1:30:52 PM,4/26/2025 1:30:52 PM,Upstream Array,Upstream Array,4/25/2025,7,Bull Trout,R,Resident,W,Wild Fish or Natural Production,ENTRTP - Entiat River Rotary Screw Trap,SCREWT,Screw Trap,138,1
3DD.003BDDBF1D,CSS-2021-117-001.xml,ENL - Lower Entiat River,4/27/2021 4:49:14 AM,4/27/2021 4:51:39 AM,Upstream Array,Downstream Array,4/27/2021,7,Bull Trout,R,Resident,W,Wild Fish or Natural Production,ENTRTP - Entiat River Rotary Screw Trap,SCREWT,Screw Trap,141,1
3DD.003BDDBF21,CSS-2022-132-001.xml,ENL - Lower Entiat River,5/12/2022 10:37:04 AM,5/12/2022 10:37:04 AM,Downstream Array,Downstream Array,5/12/2022,7,Bull Trout,R,Resident,W,Wild Fish or Natural Production,ENTRTP - Entiat River Rotary Screw Trap,SCREWT,Screw Trap,135,1
3DD.003BDDBFF5,CGS-2018-260-LF1.xml,MRC - Methow River at Carlton,10/26/2019 5:57:57 PM,10/26/2019 5:57:57 PM,Single Array,Single Array,10/15/2018,7,Bull Trout,R,Resident,W,Wild Fish or Natural Production,TWISPR - Twisp River,SHOCK,Electro-Shock,141,1
3DD.003BDDC182,CSS-2019-312-112.xml,CHL - Lower Chiwawa River,11/8/2019 6:27:50 PM,11/11/2019 10:43:48 PM,LOWER IN-STREAM ARRAY,LOWER IN-STREAM ARRAY,11/8/2019,7,Bull Trout,R,Resident,W,Wild Fish or Natural Production,"CHIWAT - Chiwawa River Trap, 0.5 km below CHIP acclimation pond",SCREWT,Screw Trap,174,1
3DD.003BDDC189,CSS-2019-322-112.xml,UWE - Upper Wenatchee River,1/24/2020 3:44:13 AM,1/24/2020 3:44:13 AM,IN-STREAM ARRAY,IN-STREAM ARRAY,11/18/2019,7,Bull Trout,R,Resident,W,Wild Fish or Natural Production,"CHIWAT - Chiwawa River Trap, 0.5 km below CHIP acclimation pond",SCREWT,Screw Trap,186,1
3DD.003BDDC18B,CSS-2020-239-112.xml,UWE - Upper Wenatchee River,8/26/2020 10:09:20 PM,8/26/2020 10:09:21 PM,IN-STREAM ARRAY,IN-STREAM ARRAY,8/26/2020,7,Bull Trout,R,Resident,W,Wild Fish or Natural Production,"CHIWAT - Chiwawa River Trap, 0.5 km below CHIP acclimation pond",SCREWT,Screw Trap,325,1
3DD.003BDDC18D,CSS-2019-314-112.xml,CHL - Lower Chiwawa River,11/10/2019 5:51:54 PM,11/11/2019 12:05:27 AM,LOWER IN-STREAM ARRAY,LOWER IN-STREAM ARRAY,11/10/2019,7,Bull Trout,R,Resident,W,Wild Fish or Natural Production,"CHIWAT - Chiwawa River Trap, 0.5 km below CHIP acclimation pond",SCREWT,Screw Trap,195,1
3DD.003BDDC190,CSS-2019-298-112.xml,TUF - Tumwater Dam Adult Fishway,7/22/2020 6:21:20 PM,7/22/2020 7:22:03 PM,High Flow Ladder Entrance,WEIR 17,10/25/2019,7,Bull Trout,R,Resident,W,Wild Fish or Natural Production,"CHIWAT - Chiwawa River Trap, 0.5 km below CHIP acclimation pond",SCREWT,Screw Trap,185,1
3DD.003BDDC190,CSS-2019-298-112.xml,UWE - Upper Wenatchee River,8/14/2020 2:26:18 AM,8/14/2020 2:26:18 AM,IN-STREAM ARRAY,IN-STREAM ARRAY,10/25/2019,7,Bull Trout,R,Resident,W,Wild Fish or Natural Production,"CHIWAT - Chiwawa River Trap, 0.5 km below CHIP acclimation pond",SCREWT,Screw Trap,185,1
3DD.003BDDC195,CSS-2020-205-112.xml,NAL - Lower Nason Creek,7/26/2020 3:25:14 AM,7/26/2020 3:26:57 AM,LOWER IN-STREAM ARRAY,UPPER IN-STREAM ARRAY,7/23/2020,7,Bull Trout,R,Resident,W,Wild Fish or Natural Production,"CHIWAT - Chiwawa River Trap, 0.5 km below CHIP acclimation pond",SCREWT,Screw Trap,149,1
3DD.003BDDC197,CSS-2019-307-112.xml,UWE - Upper Wenatchee River,11/4/2019 6:40:51 PM,11/4/2019 6:40:51 PM,IN-STREAM ARRAY,IN-STREAM ARRAY,11/3/2019,7,Bull Trout,R,Resident,W,Wild Fish or Natural Production,"CHIWAT - Chiwawa River Trap, 0.5 km below CHIP acclimation pond",SCREWT,Screw Trap,210,1
3DD.003BDDC198,CSS-2020-160-112.xml,UWE - Upper Wenatchee River,6/12/2020 8:12:38 AM,6/12/2020 8:12:38 AM,IN-STREAM ARRAY,IN-STREAM ARRAY,6/8/2020,7,Bull Trout,R,Resident,W,Wild Fish or Natural Production,"CHIWAT - Chiwawa River Trap, 0.5 km below CHIP acclimation pond",SCREWT,Screw Trap,117,1
3DD.003BDDC199,CSS-2019-298-112.xml,"WTL - White River, Wenatchee Basin",12/4/2019 8:49:08 PM,12/4/2019 8:50:07 PM,LOWER IN-STREAM ARRAY,UPPER IN-STREAM ARRAY,10/25/2019,7,Bull Trout,R,Resident,W,Wild Fish or Natural Production,"CHIWAT - Chiwawa River Trap, 0.5 km below CHIP acclimation pond",SCREWT,Screw Trap,164,1
3DD.003BDDC19C,CSS-2020-172-112.xml,NAU - Upper Nason Creek,8/21/2020 10:29:08 PM,8/21/2020 10:29:30 PM,LOWER IN-STREAM ARRAY,UPPER IN-STREAM ARRAY,6/20/2020,7,Bull Trout,R,Resident,W,Wild Fish or Natural Production,"CHIWAT - Chiwawa River Trap, 0.5 km below CHIP acclimation pond",SCREWT,Screw Trap,141,1
3DD.003BDDC19F,CSS-2020-083-112.xml,UWE - Upper Wenatchee River,3/25/2020 11:07:56 PM,3/25/2020 11:07:57 PM,IN-STREAM ARRAY,IN-STREAM ARRAY,3/23/2020,7,Bull Trout,R,Resident,W,Wild Fish or Natural Production,"CHIWAT - Chiwawa River Trap, 0.5 km below CHIP acclimation pond",SCREWT,Screw Trap,145,1
3DD.003BDDC1A6,CSS-2020-187-112.xml,UWE - Upper Wenatchee River,7/8/2020 3:50:41 AM,7/8/2020 3:50:41 AM,IN-STREAM ARRAY,IN-STREAM ARRAY,7/5/2020,7,Bull Trout,R,Resident,W,Wild Fish or Natural Production,"CHIWAT - Chiwawa River Trap, 0.5 km below CHIP acclimation pond",SCREWT,Screw Trap,170,1
3DD.003BDDC1AA,CSS-2019-313-112.xml,UWE - Upper Wenatchee River,11/10/2019 5:52:11 AM,11/10/2019 5:52:11 AM,IN-STREAM ARRAY,IN-STREAM ARRAY,11/9/2019,7,Bull Trout,R,Resident,W,Wild Fish or Natural Production,"CHIWAT - Chiwawa River Trap, 0.5 km below CHIP acclimation pond",SCREWT,Screw Trap,196,1
3DD.003BDDC1AD,CSS-2020-137-112.xml,"WTL - White River, Wenatchee Basin",7/22/2020 11:16:24 AM,10/11/2020 10:13:42 AM,UPPER IN-STREAM ARRAY,LOWER IN-STREAM ARRAY,5/17/2020,7,Bull Trout,R,Resident,W,Wild Fish or Natural Production,"CHIWAT - Chiwawa River Trap, 0.5 km below CHIP acclimation pond",SCREWT,Screw Trap,126,1
3DD.003BDDC1AE,CSS-2020-161-112.xml,LWN - Little Wenatchee River,7/7/2020 4:22:42 AM,7/7/2020 4:22:42 AM,UPPER IN-STREAM ARRAY,UPPER IN-STREAM ARRAY,6/9/2020,7,Bull Trout,R,Resident,W,Wild Fish or Natural Production,"CHIWAT - Chiwawa River Trap, 0.5 km below CHIP acclimation pond",SCREWT,Screw Trap,150,1
3DD.003BDDC1AF,CSS-2020-180-112.xml,LWN - Little Wenatchee River,10/23/2020 10:34:40 PM,10/23/2020 10:34:40 PM,LOWER IN-STREAM ARRAY,LOWER IN-STREAM ARRAY,6/28/2020,7,Bull Trout,R,Resident,W,Wild Fish or Natural Production,"CHIWAT - Chiwawa River Trap, 0.5 km below CHIP acclimation pond",SCREWT,Screw Trap,147,1
3DD.003BDDC1B0,CSS-2020-235-112.xml,CHL - Lower Chiwawa River,8/22/2020 7:34:01 PM,8/4/2021 11:57:46 PM,LOWER IN-STREAM ARRAY,UPPER IN-STREAM ARRAY,8/22/2020,7,Bull Trout,R,Resident,W,Wild Fish or Natural Production,"CHIWAT - Chiwawa River Trap, 0.5 km below CHIP acclimation pond",SCREWT,Screw Trap,318,1
3DD.003BDDC1B0,CSS-2020-235-112.xml,CHU - Upper Chiwawa River,7/24/2021 3:02:47 AM,7/24/2021 9:08:19 PM,LOWER IN-STREAM ARRAY,LOWER IN-STREAM ARRAY,8/22/2020,7,Bull Trout,R,Resident,W,Wild Fish or Natural Production,"CHIWAT - Chiwawa River Trap, 0.5 km below CHIP acclimation pond",SCREWT,Screw Trap,318,1
3DD.003BDDC1B0,CSS-2020-235-112.xml,UWE - Upper Wenatchee River,8/22/2020 10:53:06 PM,3/12/2023 1:27:26 AM,IN-STREAM ARRAY,IN-STREAM ARRAY,8/22/2020,7,Bull Trout,R,Resident,W,Wild Fish or Natural Production,"CHIWAT - Chiwawa River Trap, 0.5 km below CHIP acclimation pond",SCREWT,Screw Trap,318,1
3DD.003BDDC1B0,CSS-2020-235-112.xml,"WTL - White River, Wenatchee Basin",9/25/2022 10:54:58 PM,9/25/2022 11:05:51 PM,LOWER IN-STREAM ARRAY,LOWER IN-STREAM ARRAY,8/22/2020,7,Bull Trout,R,Resident,W,Wild Fish or Natural Production,"CHIWAT - Chiwawa River Trap, 0.5 km below CHIP acclimation pond",SCREWT,Screw Trap,318,1
3DD.003BDDC1B1,CSS-2019-318-112.xml,CHL - Lower Chiwawa River,11/15/2019 11:51:08 AM,11/18/2019 12:27:25 AM,UPPER IN-STREAM ARRAY,LOWER IN-STREAM ARRAY,11/15/2019,7,Bull Trout,R,Resident,W,Wild Fish or Natural Production,"CHIWAT - Chiwawa River Trap, 0.5 km below CHIP acclimation pond",SCREWT,Screw Trap,165,1
3DD.003BDDC1B2,CSS-2020-236-112.xml,UWE - Upper Wenatchee River,8/23/2020 11:24:42 PM,7/16/2021 12:46:19 AM,IN-STREAM ARRAY,IN-STREAM ARRAY,8/23/2020,7,Bull Trout,R,Resident,W,Wild Fish or Natural Production,"CHIWAT - Chiwawa River Trap, 0.5 km below CHIP acclimation pond",SCREWT,Screw Trap,295,1
3DD.003BDDC1B4,CSS-2020-181-112.xml,NAL - Lower Nason Creek,7/4/2020 4:20:51 AM,7/4/2020 4:20:51 AM,UPPER IN-STREAM ARRAY,UPPER IN-STREAM ARRAY,6/29/2020,7,Bull Trout,R,Resident,W,Wild Fish or Natural Production,"CHIWAT - Chiwawa River Trap, 0.5 km below CHIP acclimation pond",SCREWT,Screw Trap,150,1
3DD.003BDDC1BA,CSS-2019-318-112.xml,CHL - Lower Chiwawa River,11/17/2019 6:21:39 PM,10/10/2023 6:48:47 PM,UPPER IN-STREAM ARRAY,LOWER IN-STREAM ARRAY,11/15/2019,7,Bull Trout,R,Resident,W,Wild Fish or Natural Production,"CHIWAT - Chiwawa River Trap, 0.5 km below CHIP acclimation pond",SCREWT,Screw Trap,212,1
3DD.003BDDC1BA,CSS-2019-318-112.xml,CHU - Upper Chiwawa River,10/12/2021 8:20:44 PM,10/9/2023 8:15:26 PM,LOWER IN-STREAM ARRAY,LOWER IN-STREAM ARRAY,11/15/2019,7,Bull Trout,R,Resident,W,Wild Fish or Natural Production,"CHIWAT - Chiwawa River Trap, 0.5 km below CHIP acclimation pond",SCREWT,Screw Trap,212,1
3DD.003BDDC1BA,CSS-2019-318-112.xml,UWE - Upper Wenatchee River,11/18/2019 12:24:19 AM,10/10/2023 9:41:21 PM,IN-STREAM ARRAY,IN-STREAM ARRAY,11/15/2019,7,Bull Trout,R,Resident,W,Wild Fish or Natural Production,"CHIWAT - Chiwawa River Trap, 0.5 km below CHIP acclimation pond",SCREWT,Screw Trap,212,1
3DD.003BDDC1BC,CSS-2020-083-112.xml,UWE - Upper Wenatchee River,3/24/2020 8:27:01 PM,3/24/2020 8:27:01 PM,IN-STREAM ARRAY,IN-STREAM ARRAY,3/23/2020,7,Bull Trout,R,Resident,W,Wild Fish or Natural Production,"CHIWAT - Chiwawa River Trap, 0.5 km below CHIP acclimation pond",SCREWT,Screw Trap,158,1
3DD.003BDDC1BD,CSS-2019-300-112.xml,UWE - Upper Wenatchee River,10/28/2019 3:13:51 AM,10/28/2019 3:13:52 AM,IN-STREAM ARRAY,IN-STREAM ARRAY,10/27/2019,7,Bull Trout,R,Resident,W,Wild Fish or Natural Production,"CHIWAT - Chiwawa River Trap, 0.5 km below CHIP acclimation pond",SCREWT,Screw Trap,210,1
3DD.003BDDC1C6,CSS-2020-174-112.xml,NAL - Lower Nason Creek,6/28/2020 2:12:43 AM,6/28/2020 2:12:43 AM,UPPER IN-STREAM ARRAY,UPPER IN-STREAM ARRAY,6/22/2020,7,Bull Trout,R,Resident,W,Wild Fish or Natural Production,"CHIWAT - Chiwawa River Trap, 0.5 km below CHIP acclimation pond",SCREWT,Screw Trap,164,1
3DD.003BDDC1CC,CSS-2019-322-112.xml,CHL - Lower Chiwawa River,9/29/2024 6:41:12 PM,9/29/2024 6:41:21 PM,UPPER IN-STREAM ARRAY,LOWER IN-STREAM ARRAY,11/18/2019,7,Bull Trout,R,Resident,W,Wild Fish or Natural Production,"CHIWAT - Chiwawa River Trap, 0.5 km below CHIP acclimation pond",SCREWT,Screw Trap,189,1
3DD.003BDDC1CC,CSS-2019-322-112.xml,CHU - Upper Chiwawa River,6/20/2024 1:15:32 AM,9/28/2024 11:19:21 PM,LOWER IN-STREAM ARRAY,LOWER IN-STREAM ARRAY,11/18/2019,7,Bull Trout,R,Resident,W,Wild Fish or Natural Production,"CHIWAT - Chiwawa River Trap, 0.5 km below CHIP acclimation pond",SCREWT,Screw Trap,189,1
3DD.003BDDC1CC,CSS-2019-322-112.xml,UWE - Upper Wenatchee River,11/20/2019 2:48:17 AM,11/20/2019 2:48:17 AM,IN-STREAM ARRAY,IN-STREAM ARRAY,11/18/2019,7,Bull Trout,R,Resident,W,Wild Fish or Natural Production,"CHIWAT - Chiwawa River Trap, 0.5 km below CHIP acclimation pond",SCREWT,Screw Trap,189,1
3DD.003BDDC1D4,CSS-2020-239-112.xml,UWE - Upper Wenatchee River,8/26/2020 9:27:32 PM,8/26/2020 9:27:33 PM,IN-STREAM ARRAY,IN-STREAM ARRAY,8/26/2020,7,Bull Trout,R,Resident,W,Wild Fish or Natural Production,"CHIWAT - Chiwawa River Trap, 0.5 km below CHIP acclimation pond",SCREWT,Screw Trap,316,1
3DD.003BDDC1D6,CSS-2020-147-112.xml,NAL - Lower Nason Creek,7/19/2020 6:05:15 AM,7/19/2020 6:05:15 AM,LOWER IN-STREAM ARRAY,LOWER IN-STREAM ARRAY,5/26/2020,7,Bull Trout,R,Resident,W,Wild Fish or Natural Production,"CHIWAT - Chiwawa River Trap, 0.5 km below CHIP acclimation pond",SCREWT,Screw Trap,129,1
3DD.003BDDC1D9,CSS-2019-307-112.xml,CHL - Lower Chiwawa River,11/3/2019 8:02:48 PM,11/5/2019 9:49:58 PM,LOWER IN-STREAM ARRAY,UPPER IN-STREAM ARRAY,11/3/2019,7,Bull Trout,R,Resident,W,Wild Fish or Natural Production,"CHIWAT - Chiwawa River Trap, 0.5 km below CHIP acclimation pond",SCREWT,Screw Trap,205,1
3DD.003BDDC1D9,CSS-2019-307-112.xml,UWE - Upper Wenatchee River,11/6/2019 6:14:38 AM,9/29/2022 7:05:35 PM,IN-STREAM ARRAY,IN-STREAM ARRAY,11/3/2019,7,Bull Trout,R,Resident,W,Wild Fish or Natural Production,"CHIWAT - Chiwawa River Trap, 0.5 km below CHIP acclimation pond",SCREWT,Screw Trap,205,1
3DD.003BDDC1DB,CSS-2020-235-112.xml,CHU - Upper Chiwawa River,6/23/2023 10:24:37 PM,6/23/2023 10:24:37 PM,LOWER IN-STREAM ARRAY,LOWER IN-STREAM ARRAY,8/22/2020,7,Bull Trout,R,Resident,W,Wild Fish or Natural Production,"CHIWAT - Chiwawa River Trap, 0.5 km below CHIP acclimation pond",SCREWT,Screw Trap,454,1
3DD.003BDDC1DB,CSS-2020-235-112.xml,UWE - Upper Wenatchee River,8/22/2020 10:07:29 PM,8/22/2020 10:07:30 PM,IN-STREAM ARRAY,IN-STREAM ARRAY,8/22/2020,7,Bull Trout,R,Resident,W,Wild Fish or Natural Production,"CHIWAT - Chiwawa River Trap, 0.5 km below CHIP acclimation pond",SCREWT,Screw Trap,454,1
3DD.003BDDC1DD,CSS-2019-319-112.xml,CHL - Lower Chiwawa River,11/15/2019 1:33:49 PM,11/18/2019 5:47:20 PM,LOWER IN-STREAM ARRAY,UPPER IN-STREAM ARRAY,11/15/2019,7,Bull Trout,R,Resident,W,Wild Fish or Natural Production,"CHIWAT - Chiwawa River Trap, 0.5 km below CHIP acclimation pond",SCREWT,Screw Trap,215,1
3DD.003BDDC1DD,CSS-2019-319-112.xml,UWE - Upper Wenatchee River,11/19/2019 5:46:43 AM,11/19/2019 5:46:43 AM,IN-STREAM ARRAY,IN-STREAM ARRAY,11/15/2019,7,Bull Trout,R,Resident,W,Wild Fish or Natural Production,"CHIWAT - Chiwawa River Trap, 0.5 km below CHIP acclimation pond",SCREWT,Screw Trap,215,1
3DD.003BDDC2A8,NBD-2017-091-TUM.xml,CHW - Chiwaukum Creek,7/25/2017 11:02:46 PM,7/7/2018 11:27:35 PM,DOWNSTREAM ARRAY,UPSTREAM ARRAY,7/13/2017,7,Bull Trout,R,Resident,W,Wild Fish or Natural Production,TUMFBY - TUM - Release into the Forebay within 0.5 km upstream of Dam,LADDER,Adult Passage Ladder,NA,1
3DD.003BDDC2A8,NBD-2017-091-TUM.xml,TUF - Tumwater Dam Adult Fishway,7/4/2018 10:56:32 AM,7/4/2018 11:42:40 AM,High Flow Ladder Entrance,WEIR 17,7/13/2017,7,Bull Trout,R,Resident,W,Wild Fish or Natural Production,TUMFBY - TUM - Release into the Forebay within 0.5 km upstream of Dam,LADDER,Adult Passage Ladder,NA,1
3DD.003BDDC2AD,NBD-2017-091-TUM.xml,CHW - Chiwaukum Creek,7/19/2017 12:35:53 AM,7/9/2018 3:48:56 AM,DOWNSTREAM ARRAY,UPSTREAM ARRAY,7/12/2017,7,Bull Trout,R,Resident,W,Wild Fish or Natural Production,TUMFBY - TUM - Release into the Forebay within 0.5 km upstream of Dam,LADDER,Adult Passage Ladder,NA,1
3DD.003BDDC2AD,NBD-2017-091-TUM.xml,LWE - Lower Wenatchee River,10/26/2017 4:38:30 PM,10/26/2017 4:38:31 PM,UPSTREAM ANTENNA ARRAY,UPSTREAM ANTENNA ARRAY,7/12/2017,7,Bull Trout,R,Resident,W,Wild Fish or Natural Production,TUMFBY - TUM - Release into the Forebay within 0.5 km upstream of Dam,LADDER,Adult Passage Ladder,NA,1
3DD.003BDDC2AD,NBD-2017-091-TUM.xml,TUF - Tumwater Dam Adult Fishway,7/3/2018 2:12:24 PM,7/3/2018 3:13:53 PM,High Flow Ladder Entrance,WEIR 17,7/12/2017,7,Bull Trout,R,Resident,W,Wild Fish or Natural Production,TUMFBY - TUM - Release into the Forebay within 0.5 km upstream of Dam,LADDER,Adult Passage Ladder,NA,1
3DD.003BDDC2B8,NBD-2017-091-TUM.xml,CHL - Lower Chiwawa River,7/26/2018 2:04:41 AM,8/6/2018 8:34:37 PM,UPPER IN-STREAM ARRAY,UPPER IN-STREAM ARRAY,7/27/2017,7,Bull Trout,R,Resident,W,Wild Fish or Natural Production,TUMFBY - TUM - Release into the Forebay within 0.5 km upstream of Dam,LADDER,Adult Passage Ladder,350,1
3DD.003BDDC2B8,NBD-2017-091-TUM.xml,CHW - Chiwaukum Creek,8/12/2017 12:36:39 AM,7/3/2019 1:18:21 AM,DOWNSTREAM ARRAY,UPSTREAM ARRAY,7/27/2017,7,Bull Trout,R,Resident,W,Wild Fish or Natural Production,TUMFBY - TUM - Release into the Forebay within 0.5 km upstream of Dam,LADDER,Adult Passage Ladder,350,1
3DD.003BDDC2C3,NBD-2017-091-TUM.xml,CHW - Chiwaukum Creek,8/4/2017 3:49:15 AM,10/2/2017 12:05:46 AM,DOWNSTREAM ARRAY,UPSTREAM ARRAY,7/26/2017,7,Bull Trout,R,Resident,W,Wild Fish or Natural Production,TUMFBY - TUM - Release into the Forebay within 0.5 km upstream of Dam,LADDER,Adult Passage Ladder,500,1
3DD.003BDDC2C3,NBD-2017-091-TUM.xml,ICM - Middle Icicle Instream Array,7/15/2018 12:57:03 AM,9/4/2018 9:12:51 PM,Downstream Array,Downstream Array,7/26/2017,7,Bull Trout,R,Resident,W,Wild Fish or Natural Production,TUMFBY - TUM - Release into the Forebay within 0.5 km upstream of Dam,LADDER,Adult Passage Ladder,500,1
3DD.003BDDC2C6,NBD-2017-091-TUM.xml,CHW - Chiwaukum Creek,7/27/2017 1:06:13 AM,7/11/2018 11:37:41 PM,DOWNSTREAM ARRAY,UPSTREAM ARRAY,7/17/2017,7,Bull Trout,R,Resident,W,Wild Fish or Natural Production,TUMFBY - TUM - Release into the Forebay within 0.5 km upstream of Dam,LADDER,Adult Passage Ladder,NA,1
3DD.003BDDC2C6,NBD-2017-091-TUM.xml,LWE - Lower Wenatchee River,2/28/2018 11:39:09 PM,2/28/2018 11:39:36 PM,DOWNSTREAM ANTENNA ARRAY,UPSTREAM ANTENNA ARRAY,7/17/2017,7,Bull Trout,R,Resident,W,Wild Fish or Natural Production,TUMFBY - TUM - Release into the Forebay within 0.5 km upstream of Dam,LADDER,Adult Passage Ladder,NA,1
3DD.003BDDC2C6,NBD-2017-091-TUM.xml,TUF - Tumwater Dam Adult Fishway,7/6/2018 4:11:56 AM,7/6/2018 5:01:55 AM,High Flow Ladder Entrance,WEIR 17,7/17/2017,7,Bull Trout,R,Resident,W,Wild Fish or Natural Production,TUMFBY - TUM - Release into the Forebay within 0.5 km upstream of Dam,LADDER,Adult Passage Ladder,NA,1
3DD.003BDDC2C8,NBD-2017-091-TUM.xml,ICM - Middle Icicle Instream Array,7/18/2019 11:02:00 PM,7/18/2019 11:09:00 PM,Downstream Array,Upstream Array,7/14/2017,7,Bull Trout,R,Resident,W,Wild Fish or Natural Production,TUMFBY - TUM - Release into the Forebay within 0.5 km upstream of Dam,LADDER,Adult Passage Ladder,NA,1
3DD.003BDDC2C8,NBD-2017-091-TUM.xml,LWE - Lower Wenatchee River,9/25/2018 11:59:39 PM,9/25/2018 11:59:48 PM,UPSTREAM ANTENNA ARRAY,DOWNSTREAM ANTENNA ARRAY,7/14/2017,7,Bull Trout,R,Resident,W,Wild Fish or Natural Production,TUMFBY - TUM - Release into the Forebay within 0.5 km upstream of Dam,LADDER,Adult Passage Ladder,NA,1
3DD.003BDDC2C8,NBD-2017-091-TUM.xml,TUF - Tumwater Dam Adult Fishway,6/26/2018 5:43:41 PM,8/21/2019 11:59:02 AM,WEIR 3,WEIR 17,7/14/2017,7,Bull Trout,R,Resident,W,Wild Fish or Natural Production,TUMFBY - TUM - Release into the Forebay within 0.5 km upstream of Dam,LADDER,Adult Passage Ladder,NA,1
3DD.003BDDC2C9,NBD-2017-091-TUM.xml,CHW - Chiwaukum Creek,7/23/2017 12:52:31 AM,7/19/2018 4:29:26 AM,DOWNSTREAM ARRAY,UPSTREAM ARRAY,7/16/2017,7,Bull Trout,R,Resident,W,Wild Fish or Natural Production,TUMFBY - TUM - Release into the Forebay within 0.5 km upstream of Dam,LADDER,Adult Passage Ladder,NA,1
3DD.003BDDC2C9,NBD-2017-091-TUM.xml,LWE - Lower Wenatchee River,10/25/2017 10:38:57 AM,6/3/2018 6:17:26 PM,UPSTREAM ANTENNA ARRAY,UPSTREAM ANTENNA ARRAY,7/16/2017,7,Bull Trout,R,Resident,W,Wild Fish or Natural Production,TUMFBY - TUM - Release into the Forebay within 0.5 km upstream of Dam,LADDER,Adult Passage Ladder,NA,1
3DD.003BDDC2C9,NBD-2017-091-TUM.xml,RRF - Rocky Reach Fishway,11/13/2017 2:39:10 PM,11/13/2017 2:45:15 PM,Lower Weir,Trap,7/16/2017,7,Bull Trout,R,Resident,W,Wild Fish or Natural Production,TUMFBY - TUM - Release into the Forebay within 0.5 km upstream of Dam,LADDER,Adult Passage Ladder,NA,1
3DD.003BDDC2C9,NBD-2017-091-TUM.xml,TUF - Tumwater Dam Adult Fishway,7/1/2018 7:46:45 PM,7/15/2018 6:20:24 PM,High Flow Ladder Entrance,WEIR 17,7/16/2017,7,Bull Trout,R,Resident,W,Wild Fish or Natural Production,TUMFBY - TUM - Release into the Forebay within 0.5 km upstream of Dam,LADDER,Adult Passage Ladder,NA,1
3DD.003BDDC2CB,NBD-2017-091-TUM.xml,CHW - Chiwaukum Creek,7/5/2018 11:45:41 PM,7/5/2018 11:47:16 PM,DOWNSTREAM ARRAY,UPSTREAM ARRAY,7/20/2017,7,Bull Trout,R,Resident,W,Wild Fish or Natural Production,TUMFBY - TUM - Release into the Forebay within 0.5 km upstream of Dam,LADDER,Adult Passage Ladder,480,1
3DD.003BDDC2CB,NBD-2017-091-TUM.xml,ICL - Lower Icicle Instream Array,11/24/2017 12:17:42 PM,12/5/2017 6:01:50 PM,Downstream Array,Downstream Array,7/20/2017,7,Bull Trout,R,Resident,W,Wild Fish or Natural Production,TUMFBY - TUM - Release into the Forebay within 0.5 km upstream of Dam,LADDER,Adult Passage Ladder,480,1
3DD.003BDDC2CB,NBD-2017-091-TUM.xml,TUF - Tumwater Dam Adult Fishway,6/30/2018 6:58:17 AM,6/30/2018 7:30:50 AM,High Flow Ladder Entrance,WEIR 17,7/20/2017,7,Bull Trout,R,Resident,W,Wild Fish or Natural Production,TUMFBY - TUM - Release into the Forebay within 0.5 km upstream of Dam,LADDER,Adult Passage Ladder,480,1
3DD.003BDDC2CC,NBD-2018-079-001.json,CHL - Lower Chiwawa River,6/27/2019 8:41:59 PM,9/20/2022 8:44:32 PM,LOWER IN-STREAM ARRAY,LOWER IN-STREAM ARRAY,6/13/2018,7,Bull Trout,R,Resident,W,Wild Fish or Natural Production,TUMFBY - TUM - Release into the Forebay within 0.5 km upstream of Dam,LADDER,Adult Passage Ladder,NA,1
3DD.003BDDC2CC,NBD-2018-079-001.json,CHU - Upper Chiwawa River,7/1/2018 3:40:31 PM,9/21/2021 12:01:20 AM,LOWER IN-STREAM ARRAY,LOWER IN-STREAM ARRAY,6/13/2018,7,Bull Trout,R,Resident,W,Wild Fish or Natural Production,TUMFBY - TUM - Release into the Forebay within 0.5 km upstream of Dam,LADDER,Adult Passage Ladder,NA,1
3DD.003BDDC2CC,NBD-2018-079-001.json,ICL - Lower Icicle Instream Array,6/3/2020 10:35:21 PM,7/8/2023 7:12:22 PM,Downstream Array,Downstream Array,6/13/2018,7,Bull Trout,R,Resident,W,Wild Fish or Natural Production,TUMFBY - TUM - Release into the Forebay within 0.5 km upstream of Dam,LADDER,Adult Passage Ladder,NA,1
3DD.003BDDC2CC,NBD-2018-079-001.json,TUF - Tumwater Dam Adult Fishway,6/1/2019 4:44:34 PM,7/18/2022 11:54:12 AM,High Flow Ladder Entrance,WEIR 17,6/13/2018,7,Bull Trout,R,Resident,W,Wild Fish or Natural Production,TUMFBY - TUM - Release into the Forebay within 0.5 km upstream of Dam,LADDER,Adult Passage Ladder,NA,1
3DD.003BDDC2D1,NBD-2017-091-TUM.xml,CHW - Chiwaukum Creek,9/5/2017 2:36:13 AM,9/5/2017 2:36:43 AM,DOWNSTREAM ARRAY,UPSTREAM ARRAY,8/18/2017,7,Bull Trout,R,Resident,W,Wild Fish or Natural Production,TUMFBY - TUM - Release into the Forebay within 0.5 km upstream of Dam,LADDER,Adult Passage Ladder,NA,1
3DD.003BDDC2D2,NBD-2017-091-TUM.xml,CHW - Chiwaukum Creek,7/31/2017 2:08:12 AM,7/17/2018 12:42:07 AM,DOWNSTREAM ARRAY,UPSTREAM ARRAY,7/12/2017,7,Bull Trout,R,Resident,W,Wild Fish or Natural Production,TUMFBY - TUM - Release into the Forebay within 0.5 km upstream of Dam,LADDER,Adult Passage Ladder,NA,1
3DD.003BDDC2D2,NBD-2017-091-TUM.xml,TUF - Tumwater Dam Adult Fishway,7/1/2018 7:36:59 PM,7/8/2018 6:05:24 PM,High Flow Ladder Entrance,WEIR 17,7/12/2017,7,Bull Trout,R,Resident,W,Wild Fish or Natural Production,TUMFBY - TUM - Release into the Forebay within 0.5 km upstream of Dam,LADDER,Adult Passage Ladder,NA,1
3DD.003BDDC2D4,NBD-2017-091-TUM.xml,CHW - Chiwaukum Creek,7/22/2017 4:25:22 AM,6/24/2018 2:38:16 AM,DOWNSTREAM ARRAY,UPSTREAM ARRAY,7/13/2017,7,Bull Trout,R,Resident,W,Wild Fish or Natural Production,TUMFBY - TUM - Release into the Forebay within 0.5 km upstream of Dam,LADDER,Adult Passage Ladder,NA,1
3DD.003BDDC2D4,NBD-2017-091-TUM.xml,TUF - Tumwater Dam Adult Fishway,6/14/2018 10:54:30 AM,6/16/2018 5:48:20 PM,Low Flow Ladder Entrance,WEIR 17,7/13/2017,7,Bull Trout,R,Resident,W,Wild Fish or Natural Production,TUMFBY - TUM - Release into the Forebay within 0.5 km upstream of Dam,LADDER,Adult Passage Ladder,NA,1
3DD.003BDDC2DA,NBD-2017-091-TUM.xml,CHW - Chiwaukum Creek,7/25/2017 1:28:19 AM,7/6/2018 12:43:55 AM,DOWNSTREAM ARRAY,UPSTREAM ARRAY,7/13/2017,7,Bull Trout,R,Resident,W,Wild Fish or Natural Production,TUMFBY - TUM - Release into the Forebay within 0.5 km upstream of Dam,LADDER,Adult Passage Ladder,NA,1
3DD.003BDDC2DA,NBD-2017-091-TUM.xml,LWE - Lower Wenatchee River,5/28/2018 3:49:56 PM,5/28/2018 3:49:56 PM,UPSTREAM ANTENNA ARRAY,UPSTREAM ANTENNA ARRAY,7/13/2017,7,Bull Trout,R,Resident,W,Wild Fish or Natural Production,TUMFBY - TUM - Release into the Forebay within 0.5 km upstream of Dam,LADDER,Adult Passage Ladder,NA,1
3DD.003BDDC2DA,NBD-2017-091-TUM.xml,TUF - Tumwater Dam Adult Fishway,7/20/2017 12:33:01 PM,7/2/2018 5:16:05 PM,High Flow Ladder Entrance,WEIR 17,7/13/2017,7,Bull Trout,R,Resident,W,Wild Fish or Natural Production,TUMFBY - TUM - Release into the Forebay within 0.5 km upstream of Dam,LADDER,Adult Passage Ladder,NA,1
3DD.003BDDC2E1,NBD-2018-079-001.json,CHW - Chiwaukum Creek,6/30/2018 1:48:17 AM,6/30/2018 1:48:17 AM,UPSTREAM ARRAY,UPSTREAM ARRAY,6/14/2018,7,Bull Trout,R,Resident,W,Wild Fish or Natural Production,TUMFBY - TUM - Release into the Forebay within 0.5 km upstream of Dam,LADDER,Adult Passage Ladder,550,1
3DD.003BDDC2E4,NBD-2017-091-TUM.xml,CHW - Chiwaukum Creek,8/3/2017 2:55:52 AM,7/15/2018 2:04:00 AM,DOWNSTREAM ARRAY,UPSTREAM ARRAY,7/14/2017,7,Bull Trout,R,Resident,W,Wild Fish or Natural Production,TUMFBY - TUM - Release into the Forebay within 0.5 km upstream of Dam,LADDER,Adult Passage Ladder,NA,1
3DD.003BDDC2E4,NBD-2017-091-TUM.xml,TUF - Tumwater Dam Adult Fishway,7/6/2018 11:54:58 AM,7/6/2018 6:34:26 PM,High Flow Ladder Entrance,WEIR 17,7/14/2017,7,Bull Trout,R,Resident,W,Wild Fish or Natural Production,TUMFBY - TUM - Release into the Forebay within 0.5 km upstream of Dam,LADDER,Adult Passage Ladder,NA,1
3DD.003BDDC2E5,NBD-2017-091-TUM.xml,CHW - Chiwaukum Creek,7/23/2017 11:30:43 PM,9/15/2017 1:15:31 AM,DOWNSTREAM ARRAY,DOWNSTREAM ARRAY,7/13/2017,7,Bull Trout,R,Resident,W,Wild Fish or Natural Production,TUMFBY - TUM - Release into the Forebay within 0.5 km upstream of Dam,LADDER,Adult Passage Ladder,570,1
3DD.003BDDC2E5,NBD-2017-091-TUM.xml,ICL - Lower Icicle Instream Array,11/29/2017 11:27:31 PM,11/29/2017 11:27:31 PM,Downstream Array,Downstream Array,7/13/2017,7,Bull Trout,R,Resident,W,Wild Fish or Natural Production,TUMFBY - TUM - Release into the Forebay within 0.5 km upstream of Dam,LADDER,Adult Passage Ladder,570,1
3DD.003BDDC2E5,NBD-2017-091-TUM.xml,LWE - Lower Wenatchee River,12/13/2017 6:04:37 PM,12/13/2017 6:04:37 PM,UPSTREAM ANTENNA ARRAY,UPSTREAM ANTENNA ARRAY,7/13/2017,7,Bull Trout,R,Resident,W,Wild Fish or Natural Production,TUMFBY - TUM - Release into the Forebay within 0.5 km upstream of Dam,LADDER,Adult Passage Ladder,570,1
3DD.003BDDC2E5,NBD-2017-091-TUM.xml,NAL - Lower Nason Creek,7/13/2019 11:05:06 PM,7/13/2019 11:05:06 PM,LOWER IN-STREAM ARRAY,LOWER IN-STREAM ARRAY,7/13/2017,7,Bull Trout,R,Resident,W,Wild Fish or Natural Production,TUMFBY - TUM - Release into the Forebay within 0.5 km upstream of Dam,LADDER,Adult Passage Ladder,570,1
3DD.003BDDC2E5,NBD-2017-091-TUM.xml,NAU - Upper Nason Creek,7/17/2019 11:54:36 PM,7/17/2019 11:54:57 PM,LOWER IN-STREAM ARRAY,UPPER IN-STREAM ARRAY,7/13/2017,7,Bull Trout,R,Resident,W,Wild Fish or Natural Production,TUMFBY - TUM - Release into the Forebay within 0.5 km upstream of Dam,LADDER,Adult Passage Ladder,570,1
3DD.003BDDC2E5,NBD-2017-091-TUM.xml,TUF - Tumwater Dam Adult Fishway,7/1/2018 3:00:29 PM,7/10/2019 2:23:42 PM,High Flow Ladder Entrance,WEIR 17,7/13/2017,7,Bull Trout,R,Resident,W,Wild Fish or Natural Production,TUMFBY - TUM - Release into the Forebay within 0.5 km upstream of Dam,LADDER,Adult Passage Ladder,570,1
3DD.003BDDC2E5,NBD-2017-091-TUM.xml,UWE - Upper Wenatchee River,8/3/2018 10:40:52 PM,7/13/2019 7:15:34 AM,IN-STREAM ARRAY,IN-STREAM ARRAY,7/13/2017,7,Bull Trout,R,Resident,W,Wild Fish or Natural Production,TUMFBY - TUM - Release into the Forebay within 0.5 km upstream of Dam,LADDER,Adult Passage Ladder,570,1
3DD.003BDDC2E5,NBD-2017-091-TUM.xml,"WTL - White River, Wenatchee Basin",8/7/2018 8:19:31 PM,10/4/2018 2:05:10 AM,LOWER IN-STREAM ARRAY,UPPER IN-STREAM ARRAY,7/13/2017,7,Bull Trout,R,Resident,W,Wild Fish or Natural Production,TUMFBY - TUM - Release into the Forebay within 0.5 km upstream of Dam,LADDER,Adult Passage Ladder,570,1
3DD.003BDDC2E7,NBD-2018-079-001.json,CHW - Chiwaukum Creek,6/18/2018 3:18:39 AM,6/18/2018 3:18:39 AM,UPSTREAM ARRAY,UPSTREAM ARRAY,6/7/2018,7,Bull Trout,R,Resident,W,Wild Fish or Natural Production,TUMFBY - TUM - Release into the Forebay within 0.5 km upstream of Dam,LADDER,Adult Passage Ladder,NA,1
3DD.003BDDC2EE,NBD-2018-079-001.json,CHW - Chiwaukum Creek,7/6/2018 12:59:50 AM,6/30/2021 9:48:35 AM,DOWNSTREAM ARRAY,UPSTREAM ARRAY,6/16/2018,7,Bull Trout,R,Resident,W,Wild Fish or Natural Production,TUMFBY - TUM - Release into the Forebay within 0.5 km upstream of Dam,LADDER,Adult Passage Ladder,NA,1
3DD.003BDDC2EE,NBD-2018-079-001.json,TUF - Tumwater Dam Adult Fishway,6/13/2019 8:35:39 AM,6/23/2021 8:33:58 PM,High Flow Ladder Entrance,WEIR 17,6/16/2018,7,Bull Trout,R,Resident,W,Wild Fish or Natural Production,TUMFBY - TUM - Release into the Forebay within 0.5 km upstream of Dam,LADDER,Adult Passage Ladder,NA,1
3DD.003BDDC2F7,NBD-2018-079-001.json,CHW - Chiwaukum Creek,7/6/2018 12:22:03 AM,7/6/2018 12:23:20 AM,DOWNSTREAM ARRAY,UPSTREAM ARRAY,6/17/2018,7,Bull Trout,R,Resident,W,Wild Fish or Natural Production,TUMFBY - TUM - Release into the Forebay within 0.5 km upstream of Dam,LADDER,Adult Passage Ladder,NA,1
3DD.003BDDC2FB,NBD-2017-091-TUM.xml,CHW - Chiwaukum Creek,7/24/2017 12:08:11 AM,7/19/2018 12:07:04 AM,UPSTREAM ARRAY,UPSTREAM ARRAY,7/12/2017,7,Bull Trout,R,Resident,W,Wild Fish or Natural Production,TUMFBY - TUM - Release into the Forebay within 0.5 km upstream of Dam,LADDER,Adult Passage Ladder,NA,1
3DD.003BDDC2FB,NBD-2017-091-TUM.xml,TUF - Tumwater Dam Adult Fishway,6/25/2018 3:21:28 PM,7/14/2018 5:49:59 PM,High Flow Ladder Entrance,WEIR 17,7/12/2017,7,Bull Trout,R,Resident,W,Wild Fish or Natural Production,TUMFBY - TUM - Release into the Forebay within 0.5 km upstream of Dam,LADDER,Adult Passage Ladder,NA,1
3DD.003BDDC304,NBD-2017-091-TUM.xml,CHL - Lower Chiwawa River,8/10/2017 8:26:13 PM,8/10/2017 8:50:54 PM,UPPER IN-STREAM ARRAY,LOWER IN-STREAM ARRAY,7/14/2017,7,Bull Trout,R,Resident,W,Wild Fish or Natural Production,TUMFBY - TUM - Release into the Forebay within 0.5 km upstream of Dam,LADDER,Adult Passage Ladder,NA,1
3DD.003BDDC304,NBD-2017-091-TUM.xml,CHW - Chiwaukum Creek,8/1/2017 2:21:24 AM,8/1/2017 4:25:05 AM,DOWNSTREAM ARRAY,DOWNSTREAM ARRAY,7/14/2017,7,Bull Trout,R,Resident,W,Wild Fish or Natural Production,TUMFBY - TUM - Release into the Forebay within 0.5 km upstream of Dam,LADDER,Adult Passage Ladder,NA,1
3DD.003BDDC304,NBD-2017-091-TUM.xml,NAL - Lower Nason Creek,8/17/2017 3:46:59 AM,8/17/2017 3:47:16 AM,LOWER IN-STREAM ARRAY,UPPER IN-STREAM ARRAY,7/14/2017,7,Bull Trout,R,Resident,W,Wild Fish or Natural Production,TUMFBY - TUM - Release into the Forebay within 0.5 km upstream of Dam,LADDER,Adult Passage Ladder,NA,1
3DD.003BDDC304,NBD-2017-091-TUM.xml,NAU - Upper Nason Creek,8/19/2017 4:20:44 AM,8/19/2017 4:22:31 AM,LOWER IN-STREAM ARRAY,UPPER IN-STREAM ARRAY,7/14/2017,7,Bull Trout,R,Resident,W,Wild Fish or Natural Production,TUMFBY - TUM - Release into the Forebay within 0.5 km upstream of Dam,LADDER,Adult Passage Ladder,NA,1
3DD.003BDDC304,NBD-2017-091-TUM.xml,UWE - Upper Wenatchee River,8/16/2017 11:10:54 PM,8/16/2017 11:10:54 PM,IN-STREAM ARRAY,IN-STREAM ARRAY,7/14/2017,7,Bull Trout,R,Resident,W,Wild Fish or Natural Production,TUMFBY - TUM - Release into the Forebay within 0.5 km upstream of Dam,LADDER,Adult Passage Ladder,NA,1
3DD.003BDDC308,NBD-2017-091-TUM.xml,CHW - Chiwaukum Creek,7/22/2017 10:51:15 PM,7/13/2018 10:41:41 PM,UPSTREAM ARRAY,UPSTREAM ARRAY,7/11/2017,7,Bull Trout,R,Resident,W,Wild Fish or Natural Production,TUMFBY - TUM - Release into the Forebay within 0.5 km upstream of Dam,LADDER,Adult Passage Ladder,NA,1
3DD.003BDDC308,NBD-2017-091-TUM.xml,LWE - Lower Wenatchee River,12/31/2017 9:06:51 PM,12/31/2017 9:06:51 PM,UPSTREAM ANTENNA ARRAY,UPSTREAM ANTENNA ARRAY,7/11/2017,7,Bull Trout,R,Resident,W,Wild Fish or Natural Production,TUMFBY - TUM - Release into the Forebay within 0.5 km upstream of Dam,LADDER,Adult Passage Ladder,NA,1
3DD.003BDDC308,NBD-2017-091-TUM.xml,TUF - Tumwater Dam Adult Fishway,7/4/2018 5:21:38 PM,7/12/2018 4:39:26 AM,High Flow Ladder Entrance,WEIR 17,7/11/2017,7,Bull Trout,R,Resident,W,Wild Fish or Natural Production,TUMFBY - TUM - Release into the Forebay within 0.5 km upstream of Dam,LADDER,Adult Passage Ladder,NA,1
3DD.003BDDC30A,NBD-2018-079-001.json,CHW - Chiwaukum Creek,7/14/2018 11:23:11 PM,7/14/2018 11:23:31 PM,DOWNSTREAM ARRAY,UPSTREAM ARRAY,6/18/2018,7,Bull Trout,R,Resident,W,Wild Fish or Natural Production,TUMFBY - TUM - Release into the Forebay within 0.5 km upstream of Dam,LADDER,Adult Passage Ladder,NA,1
3DD.003BDDC30A,NBD-2018-079-001.json,TUF - Tumwater Dam Adult Fishway,6/26/2018 6:10:05 PM,7/13/2018 4:47:18 AM,High Flow Ladder Entrance,WEIR 17,6/18/2018,7,Bull Trout,R,Resident,W,Wild Fish or Natural Production,TUMFBY - TUM - Release into the Forebay within 0.5 km upstream of Dam,LADDER,Adult Passage Ladder,NA,1
3DD.003BDF04F1,NBD15271.PES,PES - Peshastin Creek,10/16/2015 2:25:33 AM,10/16/2015 2:25:38 AM,UPPER IN-STREAM ARRAY,LOWER IN-STREAM ARRAY,10/5/2015,7,Bull Trout,R,Resident,W,Wild Fish or Natural Production,PESHAR - Peshastin River,SHOCK,Electro-Shock,275,1
3DD.003BDF0889,NBD-2016-245-001.xml,PEU - Upper Peshastin Creek,10/7/2016 3:52:10 AM,10/7/2016 3:52:15 AM,Upstream Array,Downstream Array,10/3/2016,7,Bull Trout,R,Resident,W,Wild Fish or Natural Production,PESHAR - Peshastin River,SHOCK,Electro-Shock,276,1
3DD.003BDF0889,NBD-2016-245-001.xml,RIA - Rock Island Adult,7/20/2017 3:00:18 PM,7/22/2017 5:33:43 PM,LEFT LADDER BAFFLE 2,LEFT LADDER BAFFLE 2,10/3/2016,7,Bull Trout,R,Resident,W,Wild Fish or Natural Production,PESHAR - Peshastin River,SHOCK,Electro-Shock,276,1
3DD.003BDF0A6C,NBD-2016-245-001.xml,PES - Peshastin Creek,10/15/2016 3:19:25 AM,10/15/2016 3:19:25 AM,LOWER IN-STREAM ARRAY,LOWER IN-STREAM ARRAY,10/4/2016,7,Bull Trout,R,Resident,W,Wild Fish or Natural Production,PESHAR - Peshastin River,SHOCK,Electro-Shock,177,1
3DD.003BDF0A9B,NBD-2016-245-001.xml,PES - Peshastin Creek,10/6/2016 2:30:52 AM,10/6/2016 2:30:55 AM,UPPER IN-STREAM ARRAY,LOWER IN-STREAM ARRAY,10/4/2016,7,Bull Trout,R,Resident,W,Wild Fish or Natural Production,PESHAR - Peshastin River,SHOCK,Electro-Shock,194,1
3DD.003BDF0AB0,NBD-2016-245-001.xml,PES - Peshastin Creek,10/11/2016 4:59:54 AM,10/11/2016 4:59:54 AM,LOWER IN-STREAM ARRAY,LOWER IN-STREAM ARRAY,10/4/2016,7,Bull Trout,R,Resident,W,Wild Fish or Natural Production,PESHAR - Peshastin River,SHOCK,Electro-Shock,245,1
3DD.003BDF0AD1,NBD15271.PES,LWE - Lower Wenatchee River,11/4/2016 11:46:28 AM,11/22/2017 6:38:26 AM,UPSTREAM ANTENNA ARRAY,DOWNSTREAM ANTENNA ARRAY,9/30/2015,7,Bull Trout,R,Resident,W,Wild Fish or Natural Production,PESHAR - Peshastin River,SHOCK,Electro-Shock,397,1
3DD.003BDF0AD1,NBD15271.PES,PES - Peshastin Creek,10/6/2015 9:07:22 PM,6/12/2019 12:30:12 AM,UPPER IN-STREAM ARRAY,UPPER IN-STREAM ARRAY,9/30/2015,7,Bull Trout,R,Resident,W,Wild Fish or Natural Production,PESHAR - Peshastin River,SHOCK,Electro-Shock,397,1
3DD.003BDF0AD1,NBD15271.PES,PEU - Upper Peshastin Creek,6/20/2016 8:43:47 PM,6/21/2019 6:17:00 PM,Downstream Array,Downstream Array,9/30/2015,7,Bull Trout,R,Resident,W,Wild Fish or Natural Production,PESHAR - Peshastin River,SHOCK,Electro-Shock,397,1
3DD.003BDF0AD1,NBD15271.PES,RIA - Rock Island Adult,5/18/2016 1:39:17 PM,6/3/2017 11:19:35 AM,LEFT LADDER BAFFLE 2,LEFT LADDER BAFFLE 4,9/30/2015,7,Bull Trout,R,Resident,W,Wild Fish or Natural Production,PESHAR - Peshastin River,SHOCK,Electro-Shock,397,1
3DD.003BDF0B28,NBD15271.PES,PES - Peshastin Creek,10/7/2015 9:59:14 PM,10/7/2015 9:59:18 PM,UPPER IN-STREAM ARRAY,LOWER IN-STREAM ARRAY,9/30/2015,7,Bull Trout,R,Resident,W,Wild Fish or Natural Production,PESHAR - Peshastin River,SHOCK,Electro-Shock,195,1
3DD.003BDF0D38,NBD15271.PES,PEU - Upper Peshastin Creek,7/21/2016 8:29:19 PM,7/21/2016 8:30:09 PM,Downstream Array,Upstream Array,10/5/2015,7,Bull Trout,R,Resident,W,Wild Fish or Natural Production,PESHAR - Peshastin River,SHOCK,Electro-Shock,166,1
3DD.003BDF0D3C,NBD15271.PES,PES - Peshastin Creek,11/16/2015 2:51:12 AM,11/16/2015 2:51:12 AM,LOWER IN-STREAM ARRAY,LOWER IN-STREAM ARRAY,10/5/2015,7,Bull Trout,R,Resident,W,Wild Fish or Natural Production,PESHAR - Peshastin River,SHOCK,Electro-Shock,297,1
3DD.003BDF0D4C,NBD15271.PES,PES - Peshastin Creek,12/4/2015 6:05:03 AM,12/4/2015 6:06:03 AM,UPPER IN-STREAM ARRAY,UPPER IN-STREAM ARRAY,10/5/2015,7,Bull Trout,R,Resident,W,Wild Fish or Natural Production,PESHAR - Peshastin River,SHOCK,Electro-Shock,200,1
3DD.003BDF0D4C,NBD15271.PES,RIA - Rock Island Adult,4/21/2016 9:24:10 AM,4/21/2016 9:52:32 AM,LEFT LADDER BAFFLE 2,LEFT LADDER BAFFLE 4,10/5/2015,7,Bull Trout,R,Resident,W,Wild Fish or Natural Production,PESHAR - Peshastin River,SHOCK,Electro-Shock,200,1
3DD.003BDF0F31,NBD15271.PES,LWE - Lower Wenatchee River,11/5/2015 10:41:34 PM,11/5/2015 10:41:34 PM,DOWNSTREAM ANTENNA ARRAY,DOWNSTREAM ANTENNA ARRAY,10/1/2015,7,Bull Trout,R,Resident,W,Wild Fish or Natural Production,PESHAR - Peshastin River,SHOCK,Electro-Shock,183,1
3DD.003BDF0F31,NBD15271.PES,PES - Peshastin Creek,11/3/2015 7:38:38 PM,11/3/2015 7:38:43 PM,UPPER IN-STREAM ARRAY,LOWER IN-STREAM ARRAY,10/1/2015,7,Bull Trout,R,Resident,W,Wild Fish or Natural Production,PESHAR - Peshastin River,SHOCK,Electro-Shock,183,1
3DD.003BDF109A,NBD-2016-245-001.xml,PES - Peshastin Creek,10/4/2016 10:05:50 PM,10/4/2016 10:05:50 PM,LOWER IN-STREAM ARRAY,LOWER IN-STREAM ARRAY,10/3/2016,7,Bull Trout,R,Resident,W,Wild Fish or Natural Production,PESHAR - Peshastin River,SHOCK,Electro-Shock,209,1
3DD.003BDF1268,NBD-2016-245-001.xml,PES - Peshastin Creek,10/11/2016 8:07:53 PM,10/13/2016 6:55:15 AM,LOWER IN-STREAM ARRAY,LOWER IN-STREAM ARRAY,9/28/2016,7,Bull Trout,R,Resident,W,Wild Fish or Natural Production,PESHAR - Peshastin River,SHOCK,Electro-Shock,277,1
3DD.003BDF1268,NBD-2016-245-001.xml,PEU - Upper Peshastin Creek,10/8/2016 7:06:54 PM,10/8/2016 7:07:03 PM,Upstream Array,Downstream Array,9/28/2016,7,Bull Trout,R,Resident,W,Wild Fish or Natural Production,PESHAR - Peshastin River,SHOCK,Electro-Shock,277,1
3DD.003BDF144C,NBD-2016-245-001.xml,PES - Peshastin Creek,10/9/2016 2:10:19 AM,10/9/2016 2:10:19 AM,LOWER IN-STREAM ARRAY,LOWER IN-STREAM ARRAY,10/6/2016,7,Bull Trout,R,Resident,W,Wild Fish or Natural Production,PESHAR - Peshastin River,SHOCK,Electro-Shock,153,1
3DD.003BDF1743,NBD15271.PES,PES - Peshastin Creek,10/31/2015 5:19:13 AM,10/31/2015 5:19:16 AM,UPPER IN-STREAM ARRAY,LOWER IN-STREAM ARRAY,9/29/2015,7,Bull Trout,R,Resident,W,Wild Fish or Natural Production,PESHAR - Peshastin River,SHOCK,Electro-Shock,174,1
3DD.003BF7854B,NBD-2016-245-001.xml,PES - Peshastin Creek,11/8/2016 8:48:43 PM,11/8/2016 8:48:43 PM,LOWER IN-STREAM ARRAY,LOWER IN-STREAM ARRAY,11/8/2016,7,Bull Trout,R,Resident,W,Wild Fish or Natural Production,PESHAR - Peshastin River,SHOCK,Electro-Shock,157,1
3DD.003D284A31,CGS-2017-186-LBZ.xml,TWR - Lwr Twisp Rvr near MSRF Ponds,11/23/2017 5:51:02 PM,11/23/2017 5:51:02 PM,UPPER IN-STREAM ARRAY,UPPER IN-STREAM ARRAY,8/16/2017,7,Bull Trout,R,Resident,W,Wild Fish or Natural Production,TWISPR - Twisp River,HOOK,Hook and Line,199,1
3DD.003D284DB7,CGS-2017-255-LFZ.xml,LMR - Lower Methow River at Pateros,10/25/2018 7:16:56 PM,10/25/2018 7:17:18 PM,Upstream Array,Downstream Array,9/22/2017,7,Bull Trout,R,Resident,W,Wild Fish or Natural Production,TWISPR - Twisp River,SHOCK,Electro-Shock,163,1
3DD.003D284DC6,CGS-2017-255-LFZ.xml,LMR - Lower Methow River at Pateros,7/23/2019 3:00:53 AM,7/23/2019 3:00:53 AM,Upstream Array,Upstream Array,9/22/2017,7,Bull Trout,R,Resident,W,Wild Fish or Natural Production,TWISPR - Twisp River,SHOCK,Electro-Shock,122,1
3DD.003D284DC6,CGS-2017-255-LFZ.xml,TWR - Lwr Twisp Rvr near MSRF Ponds,3/26/2019 8:04:27 PM,3/26/2019 8:04:30 PM,UPPER IN-STREAM ARRAY,LOWER IN-STREAM ARRAY,9/22/2017,7,Bull Trout,R,Resident,W,Wild Fish or Natural Production,TWISPR - Twisp River,SHOCK,Electro-Shock,122,1
3DD.003D284DE1,CGS-2017-255-LFZ.xml,TWR - Lwr Twisp Rvr near MSRF Ponds,12/3/2017 2:49:33 AM,12/3/2017 2:49:35 AM,UPPER IN-STREAM ARRAY,LOWER IN-STREAM ARRAY,9/25/2017,7,Bull Trout,R,Resident,W,Wild Fish or Natural Production,TWISPR - Twisp River,SHOCK,Electro-Shock,170,1
3DD.003D284DE5,CGS-2017-255-LFZ.xml,MRC - Methow River at Carlton,7/10/2018 1:06:53 PM,7/10/2018 1:06:53 PM,Single Array,Single Array,9/22/2017,7,Bull Trout,R,Resident,W,Wild Fish or Natural Production,TWISPR - Twisp River,SHOCK,Electro-Shock,119,1
3DD.003D284DE7,CGS-2017-255-LFZ.xml,TWR - Lwr Twisp Rvr near MSRF Ponds,5/3/2019 1:41:57 AM,5/3/2019 1:41:59 AM,UPPER IN-STREAM ARRAY,LOWER IN-STREAM ARRAY,9/21/2017,7,Bull Trout,R,Resident,W,Wild Fish or Natural Production,TWISPR - Twisp River,SHOCK,Electro-Shock,102,1
3DD.003D284E03,CGS-2017-255-LFZ.xml,TWR - Lwr Twisp Rvr near MSRF Ponds,4/7/2019 8:35:55 PM,4/7/2019 8:35:55 PM,UPPER IN-STREAM ARRAY,UPPER IN-STREAM ARRAY,9/21/2017,7,Bull Trout,R,Resident,W,Wild Fish or Natural Production,TWISPR - Twisp River,SHOCK,Electro-Shock,117,1
3DD.003D284E06,CGS-2017-255-LFZ.xml,TWR - Lwr Twisp Rvr near MSRF Ponds,9/18/2019 3:39:06 AM,9/18/2019 3:39:06 AM,UPPER IN-STREAM ARRAY,UPPER IN-STREAM ARRAY,9/22/2017,7,Bull Trout,R,Resident,W,Wild Fish or Natural Production,TWISPR - Twisp River,SHOCK,Electro-Shock,120,1
3DD.003D2851C5,CGS-2017-255-LFZ.xml,TWR - Lwr Twisp Rvr near MSRF Ponds,11/12/2017 8:51:23 PM,11/12/2017 8:51:56 PM,UPPER IN-STREAM ARRAY,LOWER IN-STREAM ARRAY,10/2/2017,7,Bull Trout,R,Resident,W,Wild Fish or Natural Production,TWISPR - Twisp River,SHOCK,Electro-Shock,195,1
3DD.003D285593,CGS-2017-255-LFZ.xml,TWR - Lwr Twisp Rvr near MSRF Ponds,9/20/2017 11:38:01 PM,9/20/2017 11:38:04 PM,UPPER IN-STREAM ARRAY,LOWER IN-STREAM ARRAY,9/20/2017,7,Bull Trout,R,Resident,W,Wild Fish or Natural Production,TWISPR - Twisp River,SHOCK,Electro-Shock,233,1
3DD.003D285607,CGS-2017-255-LFZ.xml,TWR - Lwr Twisp Rvr near MSRF Ponds,10/19/2017 8:36:08 PM,10/19/2017 8:36:23 PM,UPPER IN-STREAM ARRAY,LOWER IN-STREAM ARRAY,9/18/2017,7,Bull Trout,R,Resident,W,Wild Fish or Natural Production,TWISPR - Twisp River,SHOCK,Electro-Shock,244,1
3DD.003D285799,CGS-2017-255-LFZ.xml,TWR - Lwr Twisp Rvr near MSRF Ponds,10/26/2017 12:19:54 AM,10/26/2017 12:19:58 AM,UPPER IN-STREAM ARRAY,LOWER IN-STREAM ARRAY,9/25/2017,7,Bull Trout,R,Resident,W,Wild Fish or Natural Production,TWISPR - Twisp River,SHOCK,Electro-Shock,196,1
3DD.003D2859FC,CGS-2017-255-LFZ.xml,"BVC - Beaver Creek, Methow River",4/23/2019 2:26:51 PM,7/14/2019 4:51:39 PM,Downstream Antenna,Downstream Antenna,9/13/2017,7,Bull Trout,R,Resident,W,Wild Fish or Natural Production,TWISPR - Twisp River,SHOCK,Electro-Shock,120,1
3DD.003D2859FC,CGS-2017-255-LFZ.xml,LMR - Lower Methow River at Pateros,10/8/2020 9:14:40 AM,10/8/2020 9:14:40 AM,Upstream Array,Upstream Array,9/13/2017,7,Bull Trout,R,Resident,W,Wild Fish or Natural Production,TWISPR - Twisp River,SHOCK,Electro-Shock,120,1
3DD.003D2859FC,CGS-2017-255-LFZ.xml,MRC - Methow River at Carlton,10/8/2019 4:54:36 AM,10/7/2020 8:28:44 PM,Single Array,Single Array,9/13/2017,7,Bull Trout,R,Resident,W,Wild Fish or Natural Production,TWISPR - Twisp River,SHOCK,Electro-Shock,120,1
3DD.003D2859FC,CGS-2017-255-LFZ.xml,TWR - Lwr Twisp Rvr near MSRF Ponds,7/12/2020 10:38:27 PM,10/6/2020 8:45:39 PM,LOWER IN-STREAM ARRAY,LOWER IN-STREAM ARRAY,9/13/2017,7,Bull Trout,R,Resident,W,Wild Fish or Natural Production,TWISPR - Twisp River,SHOCK,Electro-Shock,120,1
3DD.003D285A14,CGS-2017-255-LFZ.xml,18N - 1890s Channel Methow River,10/9/2018 1:12:18 PM,10/9/2018 1:12:25 PM,Downstream Array,Downstream Array,9/13/2017,7,Bull Trout,R,Resident,W,Wild Fish or Natural Production,TWISPR - Twisp River,SHOCK,Electro-Shock,117,1
3DD.003D285A14,CGS-2017-255-LFZ.xml,TWR - Lwr Twisp Rvr near MSRF Ponds,10/8/2018 9:49:03 PM,10/8/2018 9:49:03 PM,UPPER IN-STREAM ARRAY,UPPER IN-STREAM ARRAY,9/13/2017,7,Bull Trout,R,Resident,W,Wild Fish or Natural Production,TWISPR - Twisp River,SHOCK,Electro-Shock,117,1
3DD.003D285A1C,CGS-2017-255-LFZ.xml,TWR - Lwr Twisp Rvr near MSRF Ponds,4/28/2018 1:16:10 PM,4/28/2018 1:16:10 PM,LOWER IN-STREAM ARRAY,LOWER IN-STREAM ARRAY,9/13/2017,7,Bull Trout,R,Resident,W,Wild Fish or Natural Production,TWISPR - Twisp River,SHOCK,Electro-Shock,152,1
3DD.003D285A28,CGS-2017-255-LFZ.xml,18N - 1890s Channel Methow River,6/13/2018 8:09:06 PM,6/27/2018 2:28:45 AM,Downstream Array,Middle Array,9/13/2017,7,Bull Trout,R,Resident,W,Wild Fish or Natural Production,TWISPR - Twisp River,SHOCK,Electro-Shock,161,1
3DD.003D285A28,CGS-2017-255-LFZ.xml,LMR - Lower Methow River at Pateros,10/12/2018 5:31:57 PM,10/12/2018 5:32:56 PM,Upstream Array,Downstream Array,9/13/2017,7,Bull Trout,R,Resident,W,Wild Fish or Natural Production,TWISPR - Twisp River,SHOCK,Electro-Shock,161,1
3DD.003D285A28,CGS-2017-255-LFZ.xml,MRC - Methow River at Carlton,6/23/2020 8:46:20 PM,6/23/2020 8:46:20 PM,Single Array,Single Array,9/13/2017,7,Bull Trout,R,Resident,W,Wild Fish or Natural Production,TWISPR - Twisp River,SHOCK,Electro-Shock,161,1
3DD.003D285A28,CGS-2017-255-LFZ.xml,"WEA - Wells Dam, DCPUD Adult Ladders",6/7/2020 2:11:44 PM,6/7/2020 2:13:04 PM,Left Ladder Pool 67,Left Ladder Pool 68,9/13/2017,7,Bull Trout,R,Resident,W,Wild Fish or Natural Production,TWISPR - Twisp River,SHOCK,Electro-Shock,161,1
3DD.003D285B9B,CGS-2017-255-LFZ.xml,LMR - Lower Methow River at Pateros,10/21/2018 7:20:03 PM,6/22/2020 1:28:23 PM,Downstream Array,Downstream Array,10/6/2017,7,Bull Trout,R,Resident,W,Wild Fish or Natural Production,TWISPR - Twisp River,SHOCK,Electro-Shock,194,1
3DD.003D285B9B,CGS-2017-255-LFZ.xml,MRC - Methow River at Carlton,10/11/2018 11:25:01 PM,9/28/2020 8:00:39 PM,Single Array,Single Array,10/6/2017,7,Bull Trout,R,Resident,W,Wild Fish or Natural Production,TWISPR - Twisp River,SHOCK,Electro-Shock,194,1
3DD.003D285B9B,CGS-2017-255-LFZ.xml,TWR - Lwr Twisp Rvr near MSRF Ponds,7/6/2020 1:16:28 AM,9/26/2020 12:42:46 AM,LOWER IN-STREAM ARRAY,UPPER IN-STREAM ARRAY,10/6/2017,7,Bull Trout,R,Resident,W,Wild Fish or Natural Production,TWISPR - Twisp River,SHOCK,Electro-Shock,194,1
3DD.003D285B9B,CGS-2017-255-LFZ.xml,"WEA - Wells Dam, DCPUD Adult Ladders",6/21/2020 10:08:51 AM,6/21/2020 3:21:59 PM,Left Ladder Pool 19,Left Ladder Pool 68,10/6/2017,7,Bull Trout,R,Resident,W,Wild Fish or Natural Production,TWISPR - Twisp River,SHOCK,Electro-Shock,194,1
3DD.003D285BB4,CGS-2017-255-LFZ.xml,TWR - Lwr Twisp Rvr near MSRF Ponds,11/10/2017 7:35:57 PM,11/10/2017 7:35:57 PM,LOWER IN-STREAM ARRAY,LOWER IN-STREAM ARRAY,10/6/2017,7,Bull Trout,R,Resident,W,Wild Fish or Natural Production,TWISPR - Twisp River,SHOCK,Electro-Shock,183,1
3DD.003D285BB9,CGS-2017-255-LFZ.xml,TWR - Lwr Twisp Rvr near MSRF Ponds,4/3/2019 1:17:17 AM,4/3/2019 1:17:17 AM,UPPER IN-STREAM ARRAY,UPPER IN-STREAM ARRAY,10/6/2017,7,Bull Trout,R,Resident,W,Wild Fish or Natural Production,TWISPR - Twisp River,SHOCK,Electro-Shock,130,1
3DD.003D289643,CGS-2017-255-LFZ.xml,TWR - Lwr Twisp Rvr near MSRF Ponds,11/4/2017 8:20:31 PM,11/4/2017 8:20:34 PM,UPPER IN-STREAM ARRAY,LOWER IN-STREAM ARRAY,10/3/2017,7,Bull Trout,R,Resident,W,Wild Fish or Natural Production,TWISPR - Twisp River,SHOCK,Electro-Shock,270,1
3DD.003D28964E,CGS-2017-255-LFZ.xml,TWR - Lwr Twisp Rvr near MSRF Ponds,10/10/2017 9:06:30 PM,10/10/2017 9:06:34 PM,UPPER IN-STREAM ARRAY,LOWER IN-STREAM ARRAY,10/3/2017,7,Bull Trout,R,Resident,W,Wild Fish or Natural Production,TWISPR - Twisp River,SHOCK,Electro-Shock,270,1
3DD.003D289859,CGS-2017-255-LFZ.xml,"BVC - Beaver Creek, Methow River",8/2/2019 9:07:41 PM,8/2/2019 9:07:50 PM,Middle Antenna,Downstream Antenna,10/17/2017,7,Bull Trout,R,Resident,W,Wild Fish or Natural Production,TWISPR - Twisp River,SHOCK,Electro-Shock,150,1
3DD.003D289859,CGS-2017-255-LFZ.xml,"GLC - Gold Creek, Methow River",8/5/2019 11:47:54 PM,9/8/2019 11:23:33 PM,LOWER IN-STREAM ARRAY,LOWER IN-STREAM ARRAY,10/17/2017,7,Bull Trout,R,Resident,W,Wild Fish or Natural Production,TWISPR - Twisp River,SHOCK,Electro-Shock,150,1
3DD.003D289869,CGS-2017-255-LFZ.xml,TWR - Lwr Twisp Rvr near MSRF Ponds,11/24/2017 4:49:11 AM,11/24/2017 4:49:15 AM,UPPER IN-STREAM ARRAY,LOWER IN-STREAM ARRAY,10/16/2017,7,Bull Trout,R,Resident,W,Wild Fish or Natural Production,TWISPR - Twisp River,SHOCK,Electro-Shock,115,1
3DD.003D28986A,CGS-2017-255-LFZ.xml,LMR - Lower Methow River at Pateros,7/25/2019 9:01:00 PM,7/27/2019 1:30:52 AM,Upstream Array,Downstream Array,10/16/2017,7,Bull Trout,R,Resident,W,Wild Fish or Natural Production,TWISPR - Twisp River,SHOCK,Electro-Shock,177,1
3DD.003D28986A,CGS-2017-255-LFZ.xml,MRC - Methow River at Carlton,9/29/2018 4:01:45 AM,7/8/2019 8:58:07 PM,Single Array,Single Array,10/16/2017,7,Bull Trout,R,Resident,W,Wild Fish or Natural Production,TWISPR - Twisp River,SHOCK,Electro-Shock,177,1
3DD.003D28986A,CGS-2017-255-LFZ.xml,TWR - Lwr Twisp Rvr near MSRF Ponds,9/27/2018 8:04:26 PM,9/27/2018 8:04:31 PM,UPPER IN-STREAM ARRAY,LOWER IN-STREAM ARRAY,10/16/2017,7,Bull Trout,R,Resident,W,Wild Fish or Natural Production,TWISPR - Twisp River,SHOCK,Electro-Shock,177,1
3DD.003D2898A0,CGS-2017-255-LFZ.xml,TWR - Lwr Twisp Rvr near MSRF Ponds,11/4/2018 8:38:32 PM,11/4/2018 8:38:32 PM,UPPER IN-STREAM ARRAY,UPPER IN-STREAM ARRAY,10/17/2017,7,Bull Trout,R,Resident,W,Wild Fish or Natural Production,TWISPR - Twisp River,SHOCK,Electro-Shock,167,1
3DD.003D2898BD,CGS-2018-136-WL1.xml,LMR - Lower Methow River at Pateros,6/25/2018 5:28:58 AM,5/23/2019 5:28:36 PM,Downstream Array,Upstream Array,6/15/2018,7,Bull Trout,R,Resident,W,Wild Fish or Natural Production,WELLD2 - WEL - Release into the West Adult Fish Ladder,LADDER,Adult Passage Ladder,590,1
3DD.003D2898BD,CGS-2018-136-WL1.xml,MRC - Methow River at Carlton,6/29/2018 12:14:40 AM,6/29/2018 12:14:40 AM,Single Array,Single Array,6/15/2018,7,Bull Trout,R,Resident,W,Wild Fish or Natural Production,WELLD2 - WEL - Release into the West Adult Fish Ladder,LADDER,Adult Passage Ladder,590,1
3DD.003D2898BD,CGS-2018-136-WL1.xml,TWR - Lwr Twisp Rvr near MSRF Ponds,7/2/2018 2:23:55 AM,6/15/2019 3:39:11 AM,LOWER IN-STREAM ARRAY,UPPER IN-STREAM ARRAY,6/15/2018,7,Bull Trout,R,Resident,W,Wild Fish or Natural Production,WELLD2 - WEL - Release into the West Adult Fish Ladder,LADDER,Adult Passage Ladder,590,1
3DD.003D2898BD,CGS-2018-136-WL1.xml,"WEA - Wells Dam, DCPUD Adult Ladders",6/21/2018 4:21:57 AM,6/21/2018 6:59:26 AM,Left Ladder Pool 19,Left Ladder Pool 68,6/15/2018,7,Bull Trout,R,Resident,W,Wild Fish or Natural Production,WELLD2 - WEL - Release into the West Adult Fish Ladder,LADDER,Adult Passage Ladder,590,1
3DD.003D289A7B,CGS-2017-255-LFZ.xml,TWR - Lwr Twisp Rvr near MSRF Ponds,11/25/2017 11:29:16 PM,11/25/2017 11:29:16 PM,UPPER IN-STREAM ARRAY,UPPER IN-STREAM ARRAY,10/6/2017,7,Bull Trout,R,Resident,W,Wild Fish or Natural Production,TWISPR - Twisp River,SHOCK,Electro-Shock,175,1
3DD.003D289E58,CGS-2017-255-LFZ.xml,MRC - Methow River at Carlton,9/30/2019 2:31:35 AM,9/30/2019 2:31:35 AM,Single Array,Single Array,10/5/2017,7,Bull Trout,R,Resident,W,Wild Fish or Natural Production,TWISPR - Twisp River,SHOCK,Electro-Shock,91,1
3DD.003D289E5D,CGS-2017-255-LFZ.xml,"BVC - Beaver Creek, Methow River",6/2/2019 4:28:11 PM,6/5/2019 2:40:19 PM,Middle Antenna,Downstream Antenna,10/5/2017,7,Bull Trout,R,Resident,W,Wild Fish or Natural Production,TWISPR - Twisp River,SHOCK,Electro-Shock,101,1
3DD.003D289E5D,CGS-2017-255-LFZ.xml,LMR - Lower Methow River at Pateros,10/24/2019 4:22:09 AM,10/24/2019 4:22:09 AM,Upstream Array,Upstream Array,10/5/2017,7,Bull Trout,R,Resident,W,Wild Fish or Natural Production,TWISPR - Twisp River,SHOCK,Electro-Shock,101,1
3DD.003D289E5D,CGS-2017-255-LFZ.xml,"WEA - Wells Dam, DCPUD Adult Ladders",7/2/2020 4:29:32 PM,7/2/2020 4:30:00 PM,Left Ladder Pool 67,Left Ladder Pool 68,10/5/2017,7,Bull Trout,R,Resident,W,Wild Fish or Natural Production,TWISPR - Twisp River,SHOCK,Electro-Shock,101,1
3DD.003D289E6C,CGS-2017-255-LFZ.xml,18N - 1890s Channel Methow River,4/15/2018 11:38:53 PM,6/27/2018 3:23:40 AM,Downstream Array,Middle Array,10/5/2017,7,Bull Trout,R,Resident,W,Wild Fish or Natural Production,TWISPR - Twisp River,SHOCK,Electro-Shock,157,1
3DD.003D289E70,CGS-2017-255-LFZ.xml,TWR - Lwr Twisp Rvr near MSRF Ponds,4/15/2020 9:24:04 PM,4/15/2020 9:24:04 PM,LOWER IN-STREAM ARRAY,LOWER IN-STREAM ARRAY,10/5/2017,7,Bull Trout,R,Resident,W,Wild Fish or Natural Production,TWISPR - Twisp River,SHOCK,Electro-Shock,75,1
3DD.003D289E80,CGS-2017-255-LFZ.xml,MRC - Methow River at Carlton,12/20/2018 12:19:58 AM,12/20/2018 12:19:58 AM,Single Array,Single Array,10/5/2017,7,Bull Trout,R,Resident,W,Wild Fish or Natural Production,TWISPR - Twisp River,SHOCK,Electro-Shock,135,1
3DD.003D289E80,CGS-2017-255-LFZ.xml,TWR - Lwr Twisp Rvr near MSRF Ponds,10/25/2018 4:52:45 PM,10/25/2018 4:53:17 PM,UPPER IN-STREAM ARRAY,LOWER IN-STREAM ARRAY,10/5/2017,7,Bull Trout,R,Resident,W,Wild Fish or Natural Production,TWISPR - Twisp River,SHOCK,Electro-Shock,135,1
3DD.003D28A1EF,CGS-2017-255-LFZ.xml,TWR - Lwr Twisp Rvr near MSRF Ponds,2/9/2018 1:29:28 AM,2/9/2018 1:29:28 AM,LOWER IN-STREAM ARRAY,LOWER IN-STREAM ARRAY,9/28/2017,7,Bull Trout,R,Resident,W,Wild Fish or Natural Production,TWISPR - Twisp River,SHOCK,Electro-Shock,145,1
3DD.003D28A3D3,CGS-2017-255-LFZ.xml,MRC - Methow River at Carlton,8/27/2019 9:31:15 PM,8/28/2019 7:26:09 PM,Single Array,Single Array,9/26/2017,7,Bull Trout,R,Resident,W,Wild Fish or Natural Production,TWISPR - Twisp River,SHOCK,Electro-Shock,130,1
3DD.003D28A3D3,CGS-2017-255-LFZ.xml,TWR - Lwr Twisp Rvr near MSRF Ponds,2/20/2019 9:40:44 PM,2/20/2019 9:42:13 PM,UPPER IN-STREAM ARRAY,LOWER IN-STREAM ARRAY,9/26/2017,7,Bull Trout,R,Resident,W,Wild Fish or Natural Production,TWISPR - Twisp River,SHOCK,Electro-Shock,130,1
3DD.003D28A3E8,CGS-2017-255-LFZ.xml,TWR - Lwr Twisp Rvr near MSRF Ponds,10/25/2017 10:26:33 PM,10/25/2017 10:26:41 PM,UPPER IN-STREAM ARRAY,LOWER IN-STREAM ARRAY,9/28/2017,7,Bull Trout,R,Resident,W,Wild Fish or Natural Production,TWISPR - Twisp River,SHOCK,Electro-Shock,130,1
3DD.003D28A618,CGS-2018-183-LB1.xml,SCP - Spring Creek Acclimation Pond,1/16/2020 2:00:18 AM,3/31/2020 1:47:53 AM,Downstream Antenna,Downstream Antenna,7/16/2018,7,Bull Trout,R,Resident,W,Wild Fish or Natural Production,TWISPR - Twisp River,HOOK,Hook and Line,182,1
3DD.003D28A618,CGS-2018-183-LB1.xml,TWR - Lwr Twisp Rvr near MSRF Ponds,4/20/2019 10:51:33 PM,11/13/2022 8:50:47 PM,LOWER IN-STREAM ARRAY,LOWER IN-STREAM ARRAY,7/16/2018,7,Bull Trout,R,Resident,W,Wild Fish or Natural Production,TWISPR - Twisp River,HOOK,Hook and Line,182,1
3DD.003D28A65E,CGS-2017-255-LFZ.xml,MRC - Methow River at Carlton,6/24/2021 3:27:18 AM,6/24/2021 3:27:18 AM,Single Array,Single Array,10/16/2017,7,Bull Trout,R,Resident,W,Wild Fish or Natural Production,TWISPR - Twisp River,SHOCK,Electro-Shock,139,1
3DD.003D28A65E,CGS-2017-255-LFZ.xml,"WEA - Wells Dam, DCPUD Adult Ladders",6/13/2021 10:43:23 AM,6/13/2021 1:30:00 PM,Left Ladder Pool 19,Left Ladder Pool 68,10/16/2017,7,Bull Trout,R,Resident,W,Wild Fish or Natural Production,TWISPR - Twisp River,SHOCK,Electro-Shock,139,1
3DD.003D28A66E,CGS-2017-255-LFZ.xml,TWR - Lwr Twisp Rvr near MSRF Ponds,9/21/2019 8:34:31 PM,9/21/2019 8:34:38 PM,UPPER IN-STREAM ARRAY,LOWER IN-STREAM ARRAY,10/16/2017,7,Bull Trout,R,Resident,W,Wild Fish or Natural Production,TWISPR - Twisp River,SHOCK,Electro-Shock,132,1
3DD.003D28A673,CGS-2017-255-LFZ.xml,TWR - Lwr Twisp Rvr near MSRF Ponds,11/24/2017 8:44:36 AM,11/24/2017 8:44:36 AM,UPPER IN-STREAM ARRAY,UPPER IN-STREAM ARRAY,10/12/2017,7,Bull Trout,R,Resident,W,Wild Fish or Natural Production,TWISPR - Twisp River,SHOCK,Electro-Shock,148,1
3DD.003D28A675,CGS-2017-255-LFZ.xml,MRC - Methow River at Carlton,1/15/2019 3:00:14 AM,1/15/2019 3:00:14 AM,Single Array,Single Array,10/16/2017,7,Bull Trout,R,Resident,W,Wild Fish or Natural Production,TWISPR - Twisp River,SHOCK,Electro-Shock,141,1
3DD.003D28A675,CGS-2017-255-LFZ.xml,TWR - Lwr Twisp Rvr near MSRF Ponds,1/11/2019 11:36:12 PM,1/11/2019 11:36:12 PM,LOWER IN-STREAM ARRAY,LOWER IN-STREAM ARRAY,10/16/2017,7,Bull Trout,R,Resident,W,Wild Fish or Natural Production,TWISPR - Twisp River,SHOCK,Electro-Shock,141,1
3DD.003D31C9CD,CSS-2020-265-112.xml,UWE - Upper Wenatchee River,9/22/2020 10:06:23 PM,9/22/2020 10:06:23 PM,IN-STREAM ARRAY,IN-STREAM ARRAY,9/22/2020,7,Bull Trout,R,Resident,W,Wild Fish or Natural Production,"CHIWAT - Chiwawa River Trap, 0.5 km below CHIP acclimation pond",SCREWT,Screw Trap,505,1
3DD.003D31C9D0,CSS-2020-262-112.xml,UWE - Upper Wenatchee River,9/19/2020 3:39:10 AM,9/19/2020 3:39:10 AM,IN-STREAM ARRAY,IN-STREAM ARRAY,9/18/2020,7,Bull Trout,R,Resident,W,Wild Fish or Natural Production,"CHIWAT - Chiwawa River Trap, 0.5 km below CHIP acclimation pond",SCREWT,Screw Trap,250,1
3DD.003D31C9D1,CSS-2020-265-112.xml,UWE - Upper Wenatchee River,9/23/2020 7:41:29 PM,9/23/2020 7:41:30 PM,IN-STREAM ARRAY,IN-STREAM ARRAY,9/22/2020,7,Bull Trout,R,Resident,W,Wild Fish or Natural Production,"CHIWAT - Chiwawa River Trap, 0.5 km below CHIP acclimation pond",SCREWT,Screw Trap,241,1
3DD.003D31C9D8,CSS-2020-262-112.xml,CHL - Lower Chiwawa River,9/21/2021 12:21:34 AM,9/21/2021 12:21:41 AM,UPPER IN-STREAM ARRAY,LOWER IN-STREAM ARRAY,9/18/2020,7,Bull Trout,R,Resident,W,Wild Fish or Natural Production,"CHIWAT - Chiwawa River Trap, 0.5 km below CHIP acclimation pond",SCREWT,Screw Trap,585,1
3DD.003D31C9D8,CSS-2020-262-112.xml,CHU - Upper Chiwawa River,7/10/2021 3:06:39 AM,9/20/2021 9:56:50 PM,UPPER IN-STREAM ARRAY,LOWER IN-STREAM ARRAY,9/18/2020,7,Bull Trout,R,Resident,W,Wild Fish or Natural Production,"CHIWAT - Chiwawa River Trap, 0.5 km below CHIP acclimation pond",SCREWT,Screw Trap,585,1
3DD.003D31C9D8,CSS-2020-262-112.xml,UWE - Upper Wenatchee River,9/18/2020 8:06:00 PM,9/21/2021 2:28:16 AM,IN-STREAM ARRAY,IN-STREAM ARRAY,9/18/2020,7,Bull Trout,R,Resident,W,Wild Fish or Natural Production,"CHIWAT - Chiwawa River Trap, 0.5 km below CHIP acclimation pond",SCREWT,Screw Trap,585,1
3DD.003D31C9DE,CSS-2020-266-112.xml,CHL - Lower Chiwawa River,9/18/2022 9:27:57 PM,9/18/2022 9:27:58 PM,LOWER IN-STREAM ARRAY,LOWER IN-STREAM ARRAY,9/22/2020,7,Bull Trout,R,Resident,W,Wild Fish or Natural Production,"CHIWAT - Chiwawa River Trap, 0.5 km below CHIP acclimation pond",SCREWT,Screw Trap,462,1
3DD.003D31C9DE,CSS-2020-266-112.xml,UWE - Upper Wenatchee River,9/22/2020 8:49:15 PM,9/22/2020 8:49:16 PM,IN-STREAM ARRAY,IN-STREAM ARRAY,9/22/2020,7,Bull Trout,R,Resident,W,Wild Fish or Natural Production,"CHIWAT - Chiwawa River Trap, 0.5 km below CHIP acclimation pond",SCREWT,Screw Trap,462,1
3DD.003D31C9EB,CSS-2020-266-112.xml,CHL - Lower Chiwawa River,9/22/2020 6:40:46 PM,9/22/2020 7:48:35 PM,LOWER IN-STREAM ARRAY,LOWER IN-STREAM ARRAY,9/22/2020,7,Bull Trout,R,Resident,W,Wild Fish or Natural Production,"CHIWAT - Chiwawa River Trap, 0.5 km below CHIP acclimation pond",SCREWT,Screw Trap,500,1
3DD.003D31C9EC,CSS-2020-267-112.xml,CHL - Lower Chiwawa River,9/23/2020 12:09:55 PM,9/23/2020 6:20:59 PM,LOWER IN-STREAM ARRAY,UPPER IN-STREAM ARRAY,9/23/2020,7,Bull Trout,R,Resident,W,Wild Fish or Natural Production,"CHIWAT - Chiwawa River Trap, 0.5 km below CHIP acclimation pond",SCREWT,Screw Trap,267,1
3DD.003D31C9EC,CSS-2020-267-112.xml,UWE - Upper Wenatchee River,9/23/2020 10:21:44 PM,9/23/2020 10:21:44 PM,IN-STREAM ARRAY,IN-STREAM ARRAY,9/23/2020,7,Bull Trout,R,Resident,W,Wild Fish or Natural Production,"CHIWAT - Chiwawa River Trap, 0.5 km below CHIP acclimation pond",SCREWT,Screw Trap,267,1
3DD.003D31C9EE,CSS-2020-267-112.xml,UWE - Upper Wenatchee River,9/23/2020 9:35:39 PM,9/23/2020 9:35:40 PM,IN-STREAM ARRAY,IN-STREAM ARRAY,9/23/2020,7,Bull Trout,R,Resident,W,Wild Fish or Natural Production,"CHIWAT - Chiwawa River Trap, 0.5 km below CHIP acclimation pond",SCREWT,Screw Trap,562,1
3DD.003D31C9F7,CSS-2020-266-112.xml,UWE - Upper Wenatchee River,9/22/2020 8:49:48 PM,9/22/2020 8:49:48 PM,IN-STREAM ARRAY,IN-STREAM ARRAY,9/22/2020,7,Bull Trout,R,Resident,W,Wild Fish or Natural Production,"CHIWAT - Chiwawa River Trap, 0.5 km below CHIP acclimation pond",SCREWT,Screw Trap,598,1
3DD.003D31CA01,CSS-2020-268-112.xml,UWE - Upper Wenatchee River,9/24/2020 9:17:59 PM,9/24/2020 9:18:00 PM,IN-STREAM ARRAY,IN-STREAM ARRAY,9/24/2020,7,Bull Trout,R,Resident,W,Wild Fish or Natural Production,"CHIWAT - Chiwawa River Trap, 0.5 km below CHIP acclimation pond",SCREWT,Screw Trap,460,1
3DD.003D31CA07,CSS-2020-265-112.xml,UWE - Upper Wenatchee River,9/22/2020 9:50:57 PM,9/22/2020 9:50:58 PM,IN-STREAM ARRAY,IN-STREAM ARRAY,9/22/2020,7,Bull Trout,R,Resident,W,Wild Fish or Natural Production,"CHIWAT - Chiwawa River Trap, 0.5 km below CHIP acclimation pond",SCREWT,Screw Trap,510,1
3DD.003D31CA09,CSS-2020-268-112.xml,CHL - Lower Chiwawa River,9/28/2021 10:42:57 PM,9/20/2024 12:25:26 AM,LOWER IN-STREAM ARRAY,LOWER IN-STREAM ARRAY,9/24/2020,7,Bull Trout,R,Resident,W,Wild Fish or Natural Production,"CHIWAT - Chiwawa River Trap, 0.5 km below CHIP acclimation pond",SCREWT,Screw Trap,460,1
3DD.003D31CA09,CSS-2020-268-112.xml,CHU - Upper Chiwawa River,9/28/2021 7:57:30 PM,9/19/2024 8:09:14 PM,UPPER IN-STREAM ARRAY,LOWER IN-STREAM ARRAY,9/24/2020,7,Bull Trout,R,Resident,W,Wild Fish or Natural Production,"CHIWAT - Chiwawa River Trap, 0.5 km below CHIP acclimation pond",SCREWT,Screw Trap,460,1
3DD.003D31CA09,CSS-2020-268-112.xml,UWE - Upper Wenatchee River,9/24/2020 9:12:17 PM,9/20/2024 6:28:03 PM,IN-STREAM ARRAY,IN-STREAM ARRAY,9/24/2020,7,Bull Trout,R,Resident,W,Wild Fish or Natural Production,"CHIWAT - Chiwawa River Trap, 0.5 km below CHIP acclimation pond",SCREWT,Screw Trap,460,1
3DD.003D31CA15,CSS-2020-268-112.xml,UWE - Upper Wenatchee River,9/24/2020 9:23:19 PM,5/18/2021 9:08:31 AM,IN-STREAM ARRAY,IN-STREAM ARRAY,9/24/2020,7,Bull Trout,R,Resident,W,Wild Fish or Natural Production,"CHIWAT - Chiwawa River Trap, 0.5 km below CHIP acclimation pond",SCREWT,Screw Trap,520,1
3DD.003D31CA1D,CSS-2020-268-112.xml,CHU - Upper Chiwawa River,7/9/2021 10:29:44 PM,7/9/2021 10:29:44 PM,LOWER IN-STREAM ARRAY,LOWER IN-STREAM ARRAY,9/24/2020,7,Bull Trout,R,Resident,W,Wild Fish or Natural Production,"CHIWAT - Chiwawa River Trap, 0.5 km below CHIP acclimation pond",SCREWT,Screw Trap,580,1
3DD.003D31CA1D,CSS-2020-268-112.xml,UWE - Upper Wenatchee River,9/24/2020 9:11:43 PM,9/24/2020 9:11:44 PM,IN-STREAM ARRAY,IN-STREAM ARRAY,9/24/2020,7,Bull Trout,R,Resident,W,Wild Fish or Natural Production,"CHIWAT - Chiwawa River Trap, 0.5 km below CHIP acclimation pond",SCREWT,Screw Trap,580,1
3DD.003D31CA21,CSS-2020-267-112.xml,CHL - Lower Chiwawa River,9/20/2021 4:56:26 AM,9/20/2021 7:06:41 PM,LOWER IN-STREAM ARRAY,UPPER IN-STREAM ARRAY,9/23/2020,7,Bull Trout,R,Resident,W,Wild Fish or Natural Production,"CHIWAT - Chiwawa River Trap, 0.5 km below CHIP acclimation pond",SCREWT,Screw Trap,520,1
3DD.003D31CA21,CSS-2020-267-112.xml,UWE - Upper Wenatchee River,9/23/2020 10:52:50 PM,2/17/2022 8:13:41 PM,IN-STREAM ARRAY,IN-STREAM ARRAY,9/23/2020,7,Bull Trout,R,Resident,W,Wild Fish or Natural Production,"CHIWAT - Chiwawa River Trap, 0.5 km below CHIP acclimation pond",SCREWT,Screw Trap,520,1
3DD.003D31D3CD,CSS-2020-286-112.xml,CHL - Lower Chiwawa River,10/12/2020 11:37:22 AM,10/12/2020 11:37:22 AM,UPPER IN-STREAM ARRAY,UPPER IN-STREAM ARRAY,10/12/2020,7,Bull Trout,R,Resident,W,Wild Fish or Natural Production,"CHIWAT - Chiwawa River Trap, 0.5 km below CHIP acclimation pond",SCREWT,Screw Trap,260,1
3DD.003D31D3CD,CSS-2020-286-112.xml,UWE - Upper Wenatchee River,10/13/2020 8:35:11 AM,10/13/2020 12:24:56 PM,IN-STREAM ARRAY,IN-STREAM ARRAY,10/12/2020,7,Bull Trout,R,Resident,W,Wild Fish or Natural Production,"CHIWAT - Chiwawa River Trap, 0.5 km below CHIP acclimation pond",SCREWT,Screw Trap,260,1
3DD.003D31D469,CSS-2020-269-112.xml,UWE - Upper Wenatchee River,9/26/2020 8:21:43 AM,9/26/2020 8:22:02 AM,IN-STREAM ARRAY,IN-STREAM ARRAY,9/25/2020,7,Bull Trout,R,Resident,W,Wild Fish or Natural Production,"CHIWAT - Chiwawa River Trap, 0.5 km below CHIP acclimation pond",SCREWT,Screw Trap,187,1
3DD.003D31D476,CSS-2020-269-112.xml,CHL - Lower Chiwawa River,9/25/2020 4:21:31 PM,9/25/2020 8:20:07 PM,LOWER IN-STREAM ARRAY,LOWER IN-STREAM ARRAY,9/25/2020,7,Bull Trout,R,Resident,W,Wild Fish or Natural Production,"CHIWAT - Chiwawa River Trap, 0.5 km below CHIP acclimation pond",SCREWT,Screw Trap,190,1
3DD.003D31D476,CSS-2020-269-112.xml,UWE - Upper Wenatchee River,9/27/2020 2:52:05 AM,9/27/2020 2:52:06 AM,IN-STREAM ARRAY,IN-STREAM ARRAY,9/25/2020,7,Bull Trout,R,Resident,W,Wild Fish or Natural Production,"CHIWAT - Chiwawa River Trap, 0.5 km below CHIP acclimation pond",SCREWT,Screw Trap,190,1
3DD.003D31D49A,CSS-2020-269-112.xml,CHL - Lower Chiwawa River,5/17/2024 4:07:33 AM,10/1/2024 6:52:54 PM,UPPER IN-STREAM ARRAY,LOWER IN-STREAM ARRAY,9/25/2020,7,Bull Trout,R,Resident,W,Wild Fish or Natural Production,"CHIWAT - Chiwawa River Trap, 0.5 km below CHIP acclimation pond",SCREWT,Screw Trap,239,1
3DD.003D31D49A,CSS-2020-269-112.xml,CHU - Upper Chiwawa River,10/1/2024 12:19:21 AM,10/1/2024 12:19:21 AM,UPPER IN-STREAM ARRAY,UPPER IN-STREAM ARRAY,9/25/2020,7,Bull Trout,R,Resident,W,Wild Fish or Natural Production,"CHIWAT - Chiwawa River Trap, 0.5 km below CHIP acclimation pond",SCREWT,Screw Trap,239,1
3DD.003D31D49A,CSS-2020-269-112.xml,UWE - Upper Wenatchee River,9/26/2020 6:52:47 AM,9/26/2020 6:52:47 AM,IN-STREAM ARRAY,IN-STREAM ARRAY,9/25/2020,7,Bull Trout,R,Resident,W,Wild Fish or Natural Production,"CHIWAT - Chiwawa River Trap, 0.5 km below CHIP acclimation pond",SCREWT,Screw Trap,239,1
3DD.003D31D529,CSS-2020-270-112.xml,CHL - Lower Chiwawa River,10/1/2023 3:42:17 AM,10/1/2023 3:42:24 AM,UPPER IN-STREAM ARRAY,LOWER IN-STREAM ARRAY,9/26/2020,7,Bull Trout,R,Resident,W,Wild Fish or Natural Production,"CHIWAT - Chiwawa River Trap, 0.5 km below CHIP acclimation pond",SCREWT,Screw Trap,259,1
3DD.003D31D529,CSS-2020-270-112.xml,CHU - Upper Chiwawa River,9/30/2023 8:58:05 PM,7/7/2024 2:44:24 AM,UPPER IN-STREAM ARRAY,UPPER IN-STREAM ARRAY,9/26/2020,7,Bull Trout,R,Resident,W,Wild Fish or Natural Production,"CHIWAT - Chiwawa River Trap, 0.5 km below CHIP acclimation pond",SCREWT,Screw Trap,259,1
3DD.003D31D529,CSS-2020-270-112.xml,NAL - Lower Nason Creek,5/24/2023 12:43:55 AM,5/24/2023 12:43:55 AM,UPPER IN-STREAM ARRAY,UPPER IN-STREAM ARRAY,9/26/2020,7,Bull Trout,R,Resident,W,Wild Fish or Natural Production,"CHIWAT - Chiwawa River Trap, 0.5 km below CHIP acclimation pond",SCREWT,Screw Trap,259,1
3DD.003D31D529,CSS-2020-270-112.xml,UWE - Upper Wenatchee River,9/27/2020 8:54:37 AM,9/27/2020 8:54:37 AM,IN-STREAM ARRAY,IN-STREAM ARRAY,9/26/2020,7,Bull Trout,R,Resident,W,Wild Fish or Natural Production,"CHIWAT - Chiwawa River Trap, 0.5 km below CHIP acclimation pond",SCREWT,Screw Trap,259,1
3DD.003D31D77A,CSS-2022-268-112.xml,CHL - Lower Chiwawa River,9/25/2022 9:30:47 AM,9/25/2022 9:32:13 AM,LOWER IN-STREAM ARRAY,UPPER IN-STREAM ARRAY,9/25/2022,7,Bull Trout,R,Resident,W,Wild Fish or Natural Production,"CHIWAT - Chiwawa River Trap, 0.5 km below CHIP acclimation pond",SCREWT,Screw Trap,215,1
3DD.003D31D782,CSS-2022-255-112.xml,CHL - Lower Chiwawa River,10/1/2024 7:40:51 PM,9/27/2025 6:49:40 PM,LOWER IN-STREAM ARRAY,LOWER IN-STREAM ARRAY,9/12/2022,7,Bull Trout,R,Resident,W,Wild Fish or Natural Production,"CHIWAT - Chiwawa River Trap, 0.5 km below CHIP acclimation pond",SCREWT,Screw Trap,214,1
3DD.003D31D782,CSS-2022-255-112.xml,CHU - Upper Chiwawa River,10/1/2024 2:07:33 AM,9/27/2025 12:12:08 AM,UPPER IN-STREAM ARRAY,LOWER IN-STREAM ARRAY,9/12/2022,7,Bull Trout,R,Resident,W,Wild Fish or Natural Production,"CHIWAT - Chiwawa River Trap, 0.5 km below CHIP acclimation pond",SCREWT,Screw Trap,214,1
3DD.003D31D782,CSS-2022-255-112.xml,CWT - Chiwawa River Weir Trap Array,6/19/2025 11:51:27 PM,6/19/2025 11:51:27 PM,Single Pass,Single Pass,9/12/2022,7,Bull Trout,R,Resident,W,Wild Fish or Natural Production,"CHIWAT - Chiwawa River Trap, 0.5 km below CHIP acclimation pond",SCREWT,Screw Trap,214,1
3DD.003D31D783,CSS-2022-268-112.xml,CHL - Lower Chiwawa River,9/25/2022 8:32:01 AM,9/25/2022 8:32:49 AM,LOWER IN-STREAM ARRAY,UPPER IN-STREAM ARRAY,9/25/2022,7,Bull Trout,R,Resident,W,Wild Fish or Natural Production,"CHIWAT - Chiwawa River Trap, 0.5 km below CHIP acclimation pond",SCREWT,Screw Trap,256,1
3DD.003D31D785,CSS-2022-264-112.xml,"WTL - White River, Wenatchee Basin",3/7/2023 5:55:49 AM,10/12/2024 9:49:30 PM,LOWER IN-STREAM ARRAY,LOWER IN-STREAM ARRAY,9/21/2022,7,Bull Trout,R,Resident,W,Wild Fish or Natural Production,"CHIWAT - Chiwawa River Trap, 0.5 km below CHIP acclimation pond",SCREWT,Screw Trap,198,1
3DD.003D31D786,CSS-2022-264-112.xml,NAL - Lower Nason Creek,10/4/2022 1:14:43 PM,10/4/2022 1:14:43 PM,UPPER IN-STREAM ARRAY,UPPER IN-STREAM ARRAY,9/21/2022,7,Bull Trout,R,Resident,W,Wild Fish or Natural Production,"CHIWAT - Chiwawa River Trap, 0.5 km below CHIP acclimation pond",SCREWT,Screw Trap,244,1
3DD.003D31D790,CSS-2022-260-112.xml,CHL - Lower Chiwawa River,9/17/2022 11:49:37 AM,10/11/2025 10:58:48 PM,LOWER IN-STREAM ARRAY,LOWER IN-STREAM ARRAY,9/17/2022,7,Bull Trout,R,Resident,W,Wild Fish or Natural Production,"CHIWAT - Chiwawa River Trap, 0.5 km below CHIP acclimation pond",SCREWT,Screw Trap,268,1
3DD.003D31D790,CSS-2022-260-112.xml,CHU - Upper Chiwawa River,7/9/2024 12:08:32 AM,10/10/2025 1:27:55 AM,LOWER IN-STREAM ARRAY,LOWER IN-STREAM ARRAY,9/17/2022,7,Bull Trout,R,Resident,W,Wild Fish or Natural Production,"CHIWAT - Chiwawa River Trap, 0.5 km below CHIP acclimation pond",SCREWT,Screw Trap,268,1
3DD.003D31D790,CSS-2022-260-112.xml,CWT - Chiwawa River Weir Trap Array,10/10/2025 10:09:22 PM,10/11/2025 6:09:12 PM,Single Pass,Single Pass,9/17/2022,7,Bull Trout,R,Resident,W,Wild Fish or Natural Production,"CHIWAT - Chiwawa River Trap, 0.5 km below CHIP acclimation pond",SCREWT,Screw Trap,268,1
3DD.003D31D790,CSS-2022-260-112.xml,UWE - Upper Wenatchee River,11/1/2022 4:26:27 AM,7/1/2024 12:31:25 AM,IN-STREAM ARRAY,IN-STREAM ARRAY,9/17/2022,7,Bull Trout,R,Resident,W,Wild Fish or Natural Production,"CHIWAT - Chiwawa River Trap, 0.5 km below CHIP acclimation pond",SCREWT,Screw Trap,268,1
3DD.003D31D794,CSS-2022-261-112.xml,CHL - Lower Chiwawa River,7/2/2025 11:58:27 PM,7/2/2025 11:58:27 PM,LOWER IN-STREAM ARRAY,LOWER IN-STREAM ARRAY,9/18/2022,7,Bull Trout,R,Resident,W,Wild Fish or Natural Production,"CHIWAT - Chiwawa River Trap, 0.5 km below CHIP acclimation pond",SCREWT,Screw Trap,235,1
3DD.003D31D794,CSS-2022-261-112.xml,CHU - Upper Chiwawa River,7/6/2025 9:50:37 PM,7/6/2025 9:51:43 PM,LOWER IN-STREAM ARRAY,UPPER IN-STREAM ARRAY,9/18/2022,7,Bull Trout,R,Resident,W,Wild Fish or Natural Production,"CHIWAT - Chiwawa River Trap, 0.5 km below CHIP acclimation pond",SCREWT,Screw Trap,235,1
3DD.003D31D794,CSS-2022-261-112.xml,CWT - Chiwawa River Weir Trap Array,7/3/2025 12:24:21 AM,7/3/2025 12:24:21 AM,Single Pass,Single Pass,9/18/2022,7,Bull Trout,R,Resident,W,Wild Fish or Natural Production,"CHIWAT - Chiwawa River Trap, 0.5 km below CHIP acclimation pond",SCREWT,Screw Trap,235,1
3DD.003D31D794,CSS-2022-261-112.xml,UWE - Upper Wenatchee River,9/18/2022 9:47:03 PM,9/18/2022 9:47:03 PM,IN-STREAM ARRAY,IN-STREAM ARRAY,9/18/2022,7,Bull Trout,R,Resident,W,Wild Fish or Natural Production,"CHIWAT - Chiwawa River Trap, 0.5 km below CHIP acclimation pond",SCREWT,Screw Trap,235,1
3DD.003D31D794,CSS-2022-261-112.xml,"WTL - White River, Wenatchee Basin",7/14/2024 10:59:20 PM,10/10/2024 1:31:06 AM,LOWER IN-STREAM ARRAY,UPPER IN-STREAM ARRAY,9/18/2022,7,Bull Trout,R,Resident,W,Wild Fish or Natural Production,"CHIWAT - Chiwawa River Trap, 0.5 km below CHIP acclimation pond",SCREWT,Screw Trap,235,1
3DD.003D31D797,CSS-2022-263-112.xml,UWE - Upper Wenatchee River,9/20/2022 9:16:29 PM,9/20/2022 9:16:29 PM,IN-STREAM ARRAY,IN-STREAM ARRAY,9/20/2022,7,Bull Trout,R,Resident,W,Wild Fish or Natural Production,"CHIWAT - Chiwawa River Trap, 0.5 km below CHIP acclimation pond",SCREWT,Screw Trap,237,1
3DD.003D31D798,CSS-2022-269-112.xml,UWE - Upper Wenatchee River,9/26/2022 10:53:28 PM,9/26/2022 10:53:28 PM,IN-STREAM ARRAY,IN-STREAM ARRAY,9/26/2022,7,Bull Trout,R,Resident,W,Wild Fish or Natural Production,"CHIWAT - Chiwawa River Trap, 0.5 km below CHIP acclimation pond",SCREWT,Screw Trap,193,1
3DD.003D31D79A,CSS-2022-263-112.xml,UWE - Upper Wenatchee River,9/20/2022 11:04:40 PM,9/20/2022 11:04:41 PM,IN-STREAM ARRAY,IN-STREAM ARRAY,9/20/2022,7,Bull Trout,R,Resident,W,Wild Fish or Natural Production,"CHIWAT - Chiwawa River Trap, 0.5 km below CHIP acclimation pond",SCREWT,Screw Trap,205,1
3DD.003D31D79B,CSS-2022-189-112.xml,CHL - Lower Chiwawa River,7/10/2022 10:19:19 AM,7/10/2022 10:19:19 AM,UPPER IN-STREAM ARRAY,UPPER IN-STREAM ARRAY,7/8/2022,7,Bull Trout,R,Resident,W,Wild Fish or Natural Production,"CHIWAT - Chiwawa River Trap, 0.5 km below CHIP acclimation pond",SCREWT,Screw Trap,204,1
3DD.003D31D79F,CSS-2022-261-112.xml,CHL - Lower Chiwawa River,9/18/2022 6:52:57 PM,10/18/2025 12:11:45 AM,LOWER IN-STREAM ARRAY,LOWER IN-STREAM ARRAY,9/18/2022,7,Bull Trout,R,Resident,W,Wild Fish or Natural Production,"CHIWAT - Chiwawa River Trap, 0.5 km below CHIP acclimation pond",SCREWT,Screw Trap,286,1
3DD.003D31D79F,CSS-2022-261-112.xml,CHU - Upper Chiwawa River,6/28/2023 8:34:31 AM,10/15/2025 7:08:40 PM,LOWER IN-STREAM ARRAY,LOWER IN-STREAM ARRAY,9/18/2022,7,Bull Trout,R,Resident,W,Wild Fish or Natural Production,"CHIWAT - Chiwawa River Trap, 0.5 km below CHIP acclimation pond",SCREWT,Screw Trap,286,1
3DD.003D31D7A1,CSS-2022-270-112.xml,CHW - Chiwaukum Creek,10/8/2022 10:53:32 AM,10/13/2022 7:12:02 PM,DOWNSTREAM ARRAY,DOWNSTREAM ARRAY,9/27/2022,7,Bull Trout,R,Resident,W,Wild Fish or Natural Production,"CHIWAT - Chiwawa River Trap, 0.5 km below CHIP acclimation pond",SCREWT,Screw Trap,207,1
3DD.003D31D7A2,CSS-2022-261-112.xml,CHL - Lower Chiwawa River,9/18/2022 7:38:09 AM,9/18/2022 7:39:17 AM,LOWER IN-STREAM ARRAY,UPPER IN-STREAM ARRAY,9/18/2022,7,Bull Trout,R,Resident,W,Wild Fish or Natural Production,"CHIWAT - Chiwawa River Trap, 0.5 km below CHIP acclimation pond",SCREWT,Screw Trap,240,1
3DD.003D31D7A2,CSS-2022-261-112.xml,CHU - Upper Chiwawa River,7/6/2025 10:04:39 PM,7/6/2025 10:04:39 PM,UPPER IN-STREAM ARRAY,UPPER IN-STREAM ARRAY,9/18/2022,7,Bull Trout,R,Resident,W,Wild Fish or Natural Production,"CHIWAT - Chiwawa River Trap, 0.5 km below CHIP acclimation pond",SCREWT,Screw Trap,240,1
3DD.003D31D7A2,CSS-2022-261-112.xml,UWE - Upper Wenatchee River,9/19/2022 10:53:03 PM,9/19/2022 10:53:04 PM,IN-STREAM ARRAY,IN-STREAM ARRAY,9/18/2022,7,Bull Trout,R,Resident,W,Wild Fish or Natural Production,"CHIWAT - Chiwawa River Trap, 0.5 km below CHIP acclimation pond",SCREWT,Screw Trap,240,1
3DD.003D31D7AA,CSS-2022-213-112.xml,UWE - Upper Wenatchee River,8/2/2022 7:56:55 PM,8/2/2022 7:56:55 PM,IN-STREAM ARRAY,IN-STREAM ARRAY,8/1/2022,7,Bull Trout,R,Resident,W,Wild Fish or Natural Production,"CHIWAT - Chiwawa River Trap, 0.5 km below CHIP acclimation pond",SCREWT,Screw Trap,165,1
3DD.003D31D7AB,CSS-2022-268-112.xml,CHL - Lower Chiwawa River,9/25/2022 8:29:39 AM,11/5/2022 8:05:08 PM,LOWER IN-STREAM ARRAY,LOWER IN-STREAM ARRAY,9/25/2022,7,Bull Trout,R,Resident,W,Wild Fish or Natural Production,"CHIWAT - Chiwawa River Trap, 0.5 km below CHIP acclimation pond",SCREWT,Screw Trap,218,1
3DD.003D31D7AB,CSS-2022-268-112.xml,UWE - Upper Wenatchee River,11/6/2022 5:40:52 PM,11/6/2022 5:40:53 PM,IN-STREAM ARRAY,IN-STREAM ARRAY,9/25/2022,7,Bull Trout,R,Resident,W,Wild Fish or Natural Production,"CHIWAT - Chiwawa River Trap, 0.5 km below CHIP acclimation pond",SCREWT,Screw Trap,218,1
3DD.003D31D7AE,CSS-2022-255-112.xml,UWE - Upper Wenatchee River,9/12/2022 11:08:16 PM,9/12/2022 11:08:17 PM,IN-STREAM ARRAY,IN-STREAM ARRAY,9/12/2022,7,Bull Trout,R,Resident,W,Wild Fish or Natural Production,"CHIWAT - Chiwawa River Trap, 0.5 km below CHIP acclimation pond",SCREWT,Screw Trap,214,1
3DD.003D31D7AF,CSS-2022-263-112.xml,UWE - Upper Wenatchee River,9/21/2022 5:35:55 AM,9/21/2022 5:35:56 AM,IN-STREAM ARRAY,IN-STREAM ARRAY,9/20/2022,7,Bull Trout,R,Resident,W,Wild Fish or Natural Production,"CHIWAT - Chiwawa River Trap, 0.5 km below CHIP acclimation pond",SCREWT,Screw Trap,220,1
3DD.003D31D7B2,CSS-2022-168-112.xml,"WTL - White River, Wenatchee Basin",11/2/2022 1:35:30 AM,5/7/2023 12:18:54 AM,LOWER IN-STREAM ARRAY,UPPER IN-STREAM ARRAY,6/17/2022,7,Bull Trout,R,Resident,W,Wild Fish or Natural Production,"CHIWAT - Chiwawa River Trap, 0.5 km below CHIP acclimation pond",SCREWT,Screw Trap,135,1
3DD.003D31D7B6,CSS-2022-264-112.xml,UWE - Upper Wenatchee River,9/21/2022 10:23:39 PM,9/21/2022 10:23:39 PM,IN-STREAM ARRAY,IN-STREAM ARRAY,9/21/2022,7,Bull Trout,R,Resident,W,Wild Fish or Natural Production,"CHIWAT - Chiwawa River Trap, 0.5 km below CHIP acclimation pond",SCREWT,Screw Trap,257,1
3DD.003D31D7B8,CSS-2022-255-112.xml,CHL - Lower Chiwawa River,9/12/2022 11:19:20 AM,9/12/2022 11:20:07 AM,LOWER IN-STREAM ARRAY,UPPER IN-STREAM ARRAY,9/12/2022,7,Bull Trout,R,Resident,W,Wild Fish or Natural Production,"CHIWAT - Chiwawa River Trap, 0.5 km below CHIP acclimation pond",SCREWT,Screw Trap,244,1
3DD.003D31D7BA,CSS-2022-263-112.xml,UWE - Upper Wenatchee River,9/21/2022 6:55:04 PM,9/21/2022 6:55:04 PM,IN-STREAM ARRAY,IN-STREAM ARRAY,9/20/2022,7,Bull Trout,R,Resident,W,Wild Fish or Natural Production,"CHIWAT - Chiwawa River Trap, 0.5 km below CHIP acclimation pond",SCREWT,Screw Trap,244,1
3DD.003D31D7BC,CSS-2022-267-112.xml,CHL - Lower Chiwawa River,9/24/2022 9:39:03 AM,9/24/2022 9:40:07 AM,LOWER IN-STREAM ARRAY,UPPER IN-STREAM ARRAY,9/24/2022,7,Bull Trout,R,Resident,W,Wild Fish or Natural Production,"CHIWAT - Chiwawa River Trap, 0.5 km below CHIP acclimation pond",SCREWT,Screw Trap,215,1
3DD.003D31D7BD,CSS-2022-270-112.xml,UWE - Upper Wenatchee River,9/28/2022 6:58:41 PM,9/28/2022 6:58:42 PM,IN-STREAM ARRAY,IN-STREAM ARRAY,9/27/2022,7,Bull Trout,R,Resident,W,Wild Fish or Natural Production,"CHIWAT - Chiwawa River Trap, 0.5 km below CHIP acclimation pond",SCREWT,Screw Trap,227,1
3DD.003D31D7C3,CSS-2022-261-112.xml,CHL - Lower Chiwawa River,9/18/2022 7:38:13 AM,9/18/2022 7:39:17 AM,LOWER IN-STREAM ARRAY,UPPER IN-STREAM ARRAY,9/18/2022,7,Bull Trout,R,Resident,W,Wild Fish or Natural Production,"CHIWAT - Chiwawa River Trap, 0.5 km below CHIP acclimation pond",SCREWT,Screw Trap,219,1
3DD.003D31D7C3,CSS-2022-261-112.xml,UWE - Upper Wenatchee River,9/18/2022 10:37:23 PM,9/18/2022 10:37:24 PM,IN-STREAM ARRAY,IN-STREAM ARRAY,9/18/2022,7,Bull Trout,R,Resident,W,Wild Fish or Natural Production,"CHIWAT - Chiwawa River Trap, 0.5 km below CHIP acclimation pond",SCREWT,Screw Trap,219,1
3DD.003D31D7C4,CSS-2022-245-112.xml,CHL - Lower Chiwawa River,4/28/2023 2:11:20 AM,9/20/2023 10:22:51 PM,LOWER IN-STREAM ARRAY,LOWER IN-STREAM ARRAY,9/2/2022,7,Bull Trout,R,Resident,W,Wild Fish or Natural Production,"CHIWAT - Chiwawa River Trap, 0.5 km below CHIP acclimation pond",SCREWT,Screw Trap,225,1
3DD.003D31D7C4,CSS-2022-245-112.xml,CHU - Upper Chiwawa River,8/1/2023 8:50:49 PM,9/19/2023 12:00:13 AM,LOWER IN-STREAM ARRAY,UPPER IN-STREAM ARRAY,9/2/2022,7,Bull Trout,R,Resident,W,Wild Fish or Natural Production,"CHIWAT - Chiwawa River Trap, 0.5 km below CHIP acclimation pond",SCREWT,Screw Trap,225,1
3DD.003D31D7C6,CSS-2022-270-112.xml,CHL - Lower Chiwawa River,9/26/2024 9:04:41 PM,6/16/2025 9:23:41 PM,UPPER IN-STREAM ARRAY,UPPER IN-STREAM ARRAY,9/27/2022,7,Bull Trout,R,Resident,W,Wild Fish or Natural Production,"CHIWAT - Chiwawa River Trap, 0.5 km below CHIP acclimation pond",SCREWT,Screw Trap,273,1
3DD.003D31D7C6,CSS-2022-270-112.xml,CHU - Upper Chiwawa River,6/24/2024 1:49:35 AM,9/26/2024 4:15:48 AM,LOWER IN-STREAM ARRAY,LOWER IN-STREAM ARRAY,9/27/2022,7,Bull Trout,R,Resident,W,Wild Fish or Natural Production,"CHIWAT - Chiwawa River Trap, 0.5 km below CHIP acclimation pond",SCREWT,Screw Trap,273,1
3DD.003D31D7C6,CSS-2022-270-112.xml,CWT - Chiwawa River Weir Trap Array,6/16/2025 10:21:11 PM,6/16/2025 10:21:11 PM,Single Pass,Single Pass,9/27/2022,7,Bull Trout,R,Resident,W,Wild Fish or Natural Production,"CHIWAT - Chiwawa River Trap, 0.5 km below CHIP acclimation pond",SCREWT,Screw Trap,273,1
3DD.003D31D7C8,CSS-2022-263-112.xml,UWE - Upper Wenatchee River,9/21/2022 1:51:15 AM,9/21/2022 1:51:16 AM,IN-STREAM ARRAY,IN-STREAM ARRAY,9/20/2022,7,Bull Trout,R,Resident,W,Wild Fish or Natural Production,"CHIWAT - Chiwawa River Trap, 0.5 km below CHIP acclimation pond",SCREWT,Screw Trap,261,1
3DD.003D31D7C9,CSS-2022-194-112.xml,"WTL - White River, Wenatchee Basin",7/22/2022 8:08:02 PM,2/11/2023 12:26:25 AM,LOWER IN-STREAM ARRAY,UPPER IN-STREAM ARRAY,7/13/2022,7,Bull Trout,R,Resident,W,Wild Fish or Natural Production,"CHIWAT - Chiwawa River Trap, 0.5 km below CHIP acclimation pond",SCREWT,Screw Trap,159,1
3DD.003D31D7CC,CSS-2022-266-112.xml,CHL - Lower Chiwawa River,9/23/2022 10:01:58 AM,9/23/2022 10:01:58 AM,UPPER IN-STREAM ARRAY,UPPER IN-STREAM ARRAY,9/23/2022,7,Bull Trout,R,Resident,W,Wild Fish or Natural Production,"CHIWAT - Chiwawa River Trap, 0.5 km below CHIP acclimation pond",SCREWT,Screw Trap,215,1
3DD.003D31D7CC,CSS-2022-266-112.xml,UWE - Upper Wenatchee River,10/2/2022 6:24:35 AM,10/2/2022 6:26:33 AM,IN-STREAM ARRAY,IN-STREAM ARRAY,9/23/2022,7,Bull Trout,R,Resident,W,Wild Fish or Natural Production,"CHIWAT - Chiwawa River Trap, 0.5 km below CHIP acclimation pond",SCREWT,Screw Trap,215,1
3DD.003D31D7CE,CSS-2022-192-112.xml,CHL - Lower Chiwawa River,9/27/2025 3:10:09 AM,9/27/2025 3:16:30 AM,LOWER IN-STREAM ARRAY,UPPER IN-STREAM ARRAY,7/11/2022,7,Bull Trout,R,Resident,W,Wild Fish or Natural Production,"CHIWAT - Chiwawa River Trap, 0.5 km below CHIP acclimation pond",SCREWT,Screw Trap,220,1
3DD.003D31D7CE,CSS-2022-192-112.xml,CHU - Upper Chiwawa River,9/26/2025 8:31:52 PM,9/26/2025 8:32:02 PM,UPPER IN-STREAM ARRAY,LOWER IN-STREAM ARRAY,7/11/2022,7,Bull Trout,R,Resident,W,Wild Fish or Natural Production,"CHIWAT - Chiwawa River Trap, 0.5 km below CHIP acclimation pond",SCREWT,Screw Trap,220,1
3DD.003D31D7CE,CSS-2022-192-112.xml,CWT - Chiwawa River Weir Trap Array,5/23/2025 11:51:35 PM,5/23/2025 11:51:35 PM,Single Pass,Single Pass,7/11/2022,7,Bull Trout,R,Resident,W,Wild Fish or Natural Production,"CHIWAT - Chiwawa River Trap, 0.5 km below CHIP acclimation pond",SCREWT,Screw Trap,220,1
3DD.003D31D7D1,CSS-2022-266-112.xml,CHL - Lower Chiwawa River,9/23/2022 6:32:21 PM,9/23/2022 6:33:24 PM,LOWER IN-STREAM ARRAY,UPPER IN-STREAM ARRAY,9/23/2022,7,Bull Trout,R,Resident,W,Wild Fish or Natural Production,"CHIWAT - Chiwawa River Trap, 0.5 km below CHIP acclimation pond",SCREWT,Screw Trap,294,1
3DD.003D31D7D1,CSS-2022-266-112.xml,UWE - Upper Wenatchee River,9/23/2022 11:25:29 PM,9/23/2022 11:25:30 PM,IN-STREAM ARRAY,IN-STREAM ARRAY,9/23/2022,7,Bull Trout,R,Resident,W,Wild Fish or Natural Production,"CHIWAT - Chiwawa River Trap, 0.5 km below CHIP acclimation pond",SCREWT,Screw Trap,294,1
3DD.003D31D7D2,CSS-2022-266-112.xml,CHL - Lower Chiwawa River,9/23/2022 2:32:49 PM,9/24/2022 1:29:11 AM,UPPER IN-STREAM ARRAY,LOWER IN-STREAM ARRAY,9/23/2022,7,Bull Trout,R,Resident,W,Wild Fish or Natural Production,"CHIWAT - Chiwawa River Trap, 0.5 km below CHIP acclimation pond",SCREWT,Screw Trap,239,1
3DD.003D31D7D5,CSS-2022-262-112.xml,CHL - Lower Chiwawa River,9/19/2022 6:39:45 PM,6/17/2025 9:16:22 PM,LOWER IN-STREAM ARRAY,UPPER IN-STREAM ARRAY,9/19/2022,7,Bull Trout,R,Resident,W,Wild Fish or Natural Production,"CHIWAT - Chiwawa River Trap, 0.5 km below CHIP acclimation pond",SCREWT,Screw Trap,325,1
3DD.003D31D7D5,CSS-2022-262-112.xml,CHU - Upper Chiwawa River,9/25/2023 5:21:13 AM,9/7/2024 1:38:49 AM,LOWER IN-STREAM ARRAY,LOWER IN-STREAM ARRAY,9/19/2022,7,Bull Trout,R,Resident,W,Wild Fish or Natural Production,"CHIWAT - Chiwawa River Trap, 0.5 km below CHIP acclimation pond",SCREWT,Screw Trap,325,1
3DD.003D31D7D5,CSS-2022-262-112.xml,CWT - Chiwawa River Weir Trap Array,6/17/2025 10:07:09 PM,6/17/2025 10:07:09 PM,Single Pass,Single Pass,9/19/2022,7,Bull Trout,R,Resident,W,Wild Fish or Natural Production,"CHIWAT - Chiwawa River Trap, 0.5 km below CHIP acclimation pond",SCREWT,Screw Trap,325,1
3DD.003D31D7D5,CSS-2022-262-112.xml,UWE - Upper Wenatchee River,10/9/2022 2:56:44 AM,9/9/2024 8:59:20 PM,IN-STREAM ARRAY,IN-STREAM ARRAY,9/19/2022,7,Bull Trout,R,Resident,W,Wild Fish or Natural Production,"CHIWAT - Chiwawa River Trap, 0.5 km below CHIP acclimation pond",SCREWT,Screw Trap,325,1
3DD.003D31D995,CSS-2020-270-112.xml,CHL - Lower Chiwawa River,6/12/2024 3:00:13 AM,12/13/2025 5:54:07 PM,UPPER IN-STREAM ARRAY,LOWER IN-STREAM ARRAY,9/26/2020,7,Bull Trout,R,Resident,W,Wild Fish or Natural Production,"CHIWAT - Chiwawa River Trap, 0.5 km below CHIP acclimation pond",SCREWT,Screw Trap,210,1
3DD.003D31D995,CSS-2020-270-112.xml,CHU - Upper Chiwawa River,10/2/2024 10:15:48 PM,10/1/2025 7:47:51 PM,UPPER IN-STREAM ARRAY,LOWER IN-STREAM ARRAY,9/26/2020,7,Bull Trout,R,Resident,W,Wild Fish or Natural Production,"CHIWAT - Chiwawa River Trap, 0.5 km below CHIP acclimation pond",SCREWT,Screw Trap,210,1
3DD.003D31D995,CSS-2020-270-112.xml,CWT - Chiwawa River Weir Trap Array,6/4/2025 2:18:30 AM,10/2/2025 2:36:44 AM,Single Pass,Single Pass,9/26/2020,7,Bull Trout,R,Resident,W,Wild Fish or Natural Production,"CHIWAT - Chiwawa River Trap, 0.5 km below CHIP acclimation pond",SCREWT,Screw Trap,210,1
3DD.003D31D995,CSS-2020-270-112.xml,UWE - Upper Wenatchee River,9/27/2020 8:34:38 AM,10/3/2024 11:37:23 PM,IN-STREAM ARRAY,IN-STREAM ARRAY,9/26/2020,7,Bull Trout,R,Resident,W,Wild Fish or Natural Production,"CHIWAT - Chiwawa River Trap, 0.5 km below CHIP acclimation pond",SCREWT,Screw Trap,210,1
3DD.003D31DA9E,CSS-2020-302-112.xml,UWE - Upper Wenatchee River,10/30/2020 4:40:03 AM,10/30/2020 4:40:03 AM,IN-STREAM ARRAY,IN-STREAM ARRAY,10/28/2020,7,Bull Trout,R,Resident,W,Wild Fish or Natural Production,"CHIWAT - Chiwawa River Trap, 0.5 km below CHIP acclimation pond",SCREWT,Screw Trap,230,1
3DD.003D31DE7C,CSS-2020-150-212.xml,LWE - Lower Wenatchee River,5/30/2020 11:54:27 PM,5/30/2020 11:54:27 PM,UPSTREAM ANTENNA ARRAY,UPSTREAM ANTENNA ARRAY,5/29/2020,7,Bull Trout,R,Resident,W,Wild Fish or Natural Production,"WENA4T - Lower Wenatchee trap, 2.8km below Mission Creek",SCREWT,Screw Trap,132,1
3DD.003D31EB16,CSS-2020-270-112.xml,UWE - Upper Wenatchee River,9/30/2020 7:21:49 PM,9/30/2020 7:21:50 PM,IN-STREAM ARRAY,IN-STREAM ARRAY,9/26/2020,7,Bull Trout,R,Resident,W,Wild Fish or Natural Production,"CHIWAT - Chiwawa River Trap, 0.5 km below CHIP acclimation pond",SCREWT,Screw Trap,204,1
3DD.003D3201B0,CSS-2019-271-112.xml,CHL - Lower Chiwawa River,9/23/2021 9:11:08 PM,9/17/2022 3:08:03 AM,LOWER IN-STREAM ARRAY,UPPER IN-STREAM ARRAY,9/28/2019,7,Bull Trout,R,Resident,W,Wild Fish or Natural Production,"CHIWAT - Chiwawa River Trap, 0.5 km below CHIP acclimation pond",SCREWT,Screw Trap,470,1
3DD.003D3201B0,CSS-2019-271-112.xml,CHU - Upper Chiwawa River,9/23/2021 3:37:07 AM,9/23/2021 3:37:07 AM,LOWER IN-STREAM ARRAY,LOWER IN-STREAM ARRAY,9/28/2019,7,Bull Trout,R,Resident,W,Wild Fish or Natural Production,"CHIWAT - Chiwawa River Trap, 0.5 km below CHIP acclimation pond",SCREWT,Screw Trap,470,1
3DD.003D3201B0,CSS-2019-271-112.xml,UWE - Upper Wenatchee River,9/28/2019 9:24:17 PM,9/24/2021 12:46:09 AM,IN-STREAM ARRAY,IN-STREAM ARRAY,9/28/2019,7,Bull Trout,R,Resident,W,Wild Fish or Natural Production,"CHIWAT - Chiwawa River Trap, 0.5 km below CHIP acclimation pond",SCREWT,Screw Trap,470,1
3DD.003D3201BD,CSS-2019-271-112.xml,UWE - Upper Wenatchee River,9/28/2019 10:32:09 PM,9/28/2019 10:32:09 PM,IN-STREAM ARRAY,IN-STREAM ARRAY,9/28/2019,7,Bull Trout,R,Resident,W,Wild Fish or Natural Production,"CHIWAT - Chiwawa River Trap, 0.5 km below CHIP acclimation pond",SCREWT,Screw Trap,279,1
3DD.003D3201C1,CSS-2019-271-112.xml,UWE - Upper Wenatchee River,9/29/2019 6:04:47 AM,9/29/2019 6:04:48 AM,IN-STREAM ARRAY,IN-STREAM ARRAY,9/28/2019,7,Bull Trout,R,Resident,W,Wild Fish or Natural Production,"CHIWAT - Chiwawa River Trap, 0.5 km below CHIP acclimation pond",SCREWT,Screw Trap,450,1
3DD.003D32072B,CSS-2019-294-112.xml,UWE - Upper Wenatchee River,10/23/2019 8:03:56 AM,7/13/2022 12:06:04 AM,IN-STREAM ARRAY,IN-STREAM ARRAY,10/21/2019,7,Bull Trout,R,Resident,W,Wild Fish or Natural Production,"CHIWAT - Chiwawa River Trap, 0.5 km below CHIP acclimation pond",SCREWT,Screw Trap,245,1
3DD.003D32073A,CSS-2019-294-112.xml,UWE - Upper Wenatchee River,10/22/2019 4:11:04 PM,10/22/2019 4:11:04 PM,IN-STREAM ARRAY,IN-STREAM ARRAY,10/21/2019,7,Bull Trout,R,Resident,W,Wild Fish or Natural Production,"CHIWAT - Chiwawa River Trap, 0.5 km below CHIP acclimation pond",SCREWT,Screw Trap,195,1
3DD.003D32074A,CSS-2019-294-112.xml,CHL - Lower Chiwawa River,7/5/2020 8:34:48 PM,7/5/2020 8:34:48 PM,LOWER IN-STREAM ARRAY,LOWER IN-STREAM ARRAY,10/21/2019,7,Bull Trout,R,Resident,W,Wild Fish or Natural Production,"CHIWAT - Chiwawa River Trap, 0.5 km below CHIP acclimation pond",SCREWT,Screw Trap,225,1
3DD.003D32074A,CSS-2019-294-112.xml,TUF - Tumwater Dam Adult Fishway,6/19/2020 12:50:10 PM,6/26/2020 8:11:09 PM,High Flow Ladder Entrance,WEIR 17,10/21/2019,7,Bull Trout,R,Resident,W,Wild Fish or Natural Production,"CHIWAT - Chiwawa River Trap, 0.5 km below CHIP acclimation pond",SCREWT,Screw Trap,225,1
3DD.003D320A08,CSS-2019-296-112.xml,CHL - Lower Chiwawa River,7/15/2022 5:26:11 AM,7/15/2022 5:26:11 AM,UPPER IN-STREAM ARRAY,UPPER IN-STREAM ARRAY,10/23/2019,7,Bull Trout,R,Resident,W,Wild Fish or Natural Production,"CHIWAT - Chiwawa River Trap, 0.5 km below CHIP acclimation pond",SCREWT,Screw Trap,207,1
3DD.003D320A08,CSS-2019-296-112.xml,UWE - Upper Wenatchee River,10/3/2022 3:06:19 AM,10/3/2022 3:06:20 AM,IN-STREAM ARRAY,IN-STREAM ARRAY,10/23/2019,7,Bull Trout,R,Resident,W,Wild Fish or Natural Production,"CHIWAT - Chiwawa River Trap, 0.5 km below CHIP acclimation pond",SCREWT,Screw Trap,207,1
3DD.003D320A0C,CSS-2019-296-112.xml,CHL - Lower Chiwawa River,6/23/2024 2:44:12 AM,6/23/2024 2:44:52 AM,LOWER IN-STREAM ARRAY,UPPER IN-STREAM ARRAY,10/23/2019,7,Bull Trout,R,Resident,W,Wild Fish or Natural Production,"CHIWAT - Chiwawa River Trap, 0.5 km below CHIP acclimation pond",SCREWT,Screw Trap,230,1
3DD.003D320A13,CSS-2019-296-112.xml,CHL - Lower Chiwawa River,10/24/2019 1:53:57 AM,11/10/2019 2:31:31 AM,LOWER IN-STREAM ARRAY,LOWER IN-STREAM ARRAY,10/23/2019,7,Bull Trout,R,Resident,W,Wild Fish or Natural Production,"CHIWAT - Chiwawa River Trap, 0.5 km below CHIP acclimation pond",SCREWT,Screw Trap,175,1
3DD.003D320A1A,CSS-2019-296-112.xml,ICL - Lower Icicle Instream Array,11/7/2019 7:04:12 AM,11/7/2019 7:04:47 AM,Downstream Array,Upstream Array,10/23/2019,7,Bull Trout,R,Resident,W,Wild Fish or Natural Production,"CHIWAT - Chiwawa River Trap, 0.5 km below CHIP acclimation pond",SCREWT,Screw Trap,200,1
3DD.003D320A1C,CSS-2019-296-112.xml,UWE - Upper Wenatchee River,10/24/2019 2:14:09 AM,10/24/2019 2:14:09 AM,IN-STREAM ARRAY,IN-STREAM ARRAY,10/23/2019,7,Bull Trout,R,Resident,W,Wild Fish or Natural Production,"CHIWAT - Chiwawa River Trap, 0.5 km below CHIP acclimation pond",SCREWT,Screw Trap,192,1
3DD.003D320A2F,CSS-2019-296-112.xml,CHL - Lower Chiwawa River,11/4/2019 10:09:01 PM,11/4/2019 10:09:02 PM,UPPER IN-STREAM ARRAY,UPPER IN-STREAM ARRAY,10/23/2019,7,Bull Trout,R,Resident,W,Wild Fish or Natural Production,"CHIWAT - Chiwawa River Trap, 0.5 km below CHIP acclimation pond",SCREWT,Screw Trap,180,1
3DD.003D320A2F,CSS-2019-296-112.xml,UWE - Upper Wenatchee River,11/5/2019 5:58:40 AM,11/5/2019 5:58:41 AM,IN-STREAM ARRAY,IN-STREAM ARRAY,10/23/2019,7,Bull Trout,R,Resident,W,Wild Fish or Natural Production,"CHIWAT - Chiwawa River Trap, 0.5 km below CHIP acclimation pond",SCREWT,Screw Trap,180,1
3DD.003D320AE7,CSS-2019-322-112.xml,CHL - Lower Chiwawa River,11/18/2019 7:00:25 PM,10/20/2025 9:29:28 PM,LOWER IN-STREAM ARRAY,LOWER IN-STREAM ARRAY,11/18/2019,7,Bull Trout,R,Resident,W,Wild Fish or Natural Production,"CHIWAT - Chiwawa River Trap, 0.5 km below CHIP acclimation pond",SCREWT,Screw Trap,222,1
3DD.003D320AE7,CSS-2019-322-112.xml,CHU - Upper Chiwawa River,7/9/2023 9:30:17 PM,10/20/2025 3:54:25 AM,LOWER IN-STREAM ARRAY,LOWER IN-STREAM ARRAY,11/18/2019,7,Bull Trout,R,Resident,W,Wild Fish or Natural Production,"CHIWAT - Chiwawa River Trap, 0.5 km below CHIP acclimation pond",SCREWT,Screw Trap,222,1
3DD.003D320AE7,CSS-2019-322-112.xml,CWT - Chiwawa River Weir Trap Array,6/6/2025 8:29:46 PM,6/6/2025 8:29:46 PM,Single Pass,Single Pass,11/18/2019,7,Bull Trout,R,Resident,W,Wild Fish or Natural Production,"CHIWAT - Chiwawa River Trap, 0.5 km below CHIP acclimation pond",SCREWT,Screw Trap,222,1
3DD.003D320AE7,CSS-2019-322-112.xml,UWE - Upper Wenatchee River,9/17/2021 11:04:23 PM,9/23/2024 10:47:45 PM,IN-STREAM ARRAY,IN-STREAM ARRAY,11/18/2019,7,Bull Trout,R,Resident,W,Wild Fish or Natural Production,"CHIWAT - Chiwawa River Trap, 0.5 km below CHIP acclimation pond",SCREWT,Screw Trap,222,1
3DD.003D320E02,CSS-2019-297-112.xml,UWE - Upper Wenatchee River,10/25/2019 6:50:40 PM,10/25/2019 6:50:40 PM,IN-STREAM ARRAY,IN-STREAM ARRAY,10/24/2019,7,Bull Trout,R,Resident,W,Wild Fish or Natural Production,"CHIWAT - Chiwawa River Trap, 0.5 km below CHIP acclimation pond",SCREWT,Screw Trap,231,1
3DD.003D320E20,CSS-2019-297-112.xml,CHL - Lower Chiwawa River,10/25/2019 5:37:05 PM,10/25/2019 5:37:06 PM,LOWER IN-STREAM ARRAY,LOWER IN-STREAM ARRAY,10/24/2019,7,Bull Trout,R,Resident,W,Wild Fish or Natural Production,"CHIWAT - Chiwawa River Trap, 0.5 km below CHIP acclimation pond",SCREWT,Screw Trap,188,1
3DD.003D3216C1,CSS-2020-261-112.xml,CHL - Lower Chiwawa River,9/17/2020 8:48:56 AM,9/17/2020 8:49:42 AM,LOWER IN-STREAM ARRAY,UPPER IN-STREAM ARRAY,9/17/2020,7,Bull Trout,R,Resident,W,Wild Fish or Natural Production,"CHIWAT - Chiwawa River Trap, 0.5 km below CHIP acclimation pond",SCREWT,Screw Trap,250,1
3DD.003D3216C1,CSS-2020-261-112.xml,UWE - Upper Wenatchee River,9/17/2020 10:37:25 PM,9/17/2020 10:37:25 PM,IN-STREAM ARRAY,IN-STREAM ARRAY,9/17/2020,7,Bull Trout,R,Resident,W,Wild Fish or Natural Production,"CHIWAT - Chiwawa River Trap, 0.5 km below CHIP acclimation pond",SCREWT,Screw Trap,250,1
3DD.003D3216EA,CSS-2020-255-112.xml,CHL - Lower Chiwawa River,9/11/2020 7:20:02 PM,7/1/2021 8:26:35 PM,UPPER IN-STREAM ARRAY,LOWER IN-STREAM ARRAY,9/11/2020,7,Bull Trout,R,Resident,W,Wild Fish or Natural Production,"CHIWAT - Chiwawa River Trap, 0.5 km below CHIP acclimation pond",SCREWT,Screw Trap,245,1
3DD.003D3216EA,CSS-2020-255-112.xml,CHU - Upper Chiwawa River,9/20/2020 6:36:47 AM,9/24/2020 4:31:31 AM,UPPER IN-STREAM ARRAY,LOWER IN-STREAM ARRAY,9/11/2020,7,Bull Trout,R,Resident,W,Wild Fish or Natural Production,"CHIWAT - Chiwawa River Trap, 0.5 km below CHIP acclimation pond",SCREWT,Screw Trap,245,1
3DD.003D3216EA,CSS-2020-255-112.xml,UWE - Upper Wenatchee River,9/26/2020 12:17:27 AM,9/8/2021 2:18:57 AM,IN-STREAM ARRAY,IN-STREAM ARRAY,9/11/2020,7,Bull Trout,R,Resident,W,Wild Fish or Natural Production,"CHIWAT - Chiwawa River Trap, 0.5 km below CHIP acclimation pond",SCREWT,Screw Trap,245,1
3DD.003D3216ED,CSS-2020-261-112.xml,CHL - Lower Chiwawa River,9/17/2020 10:35:53 AM,10/4/2025 11:23:28 PM,UPPER IN-STREAM ARRAY,LOWER IN-STREAM ARRAY,9/17/2020,7,Bull Trout,R,Resident,W,Wild Fish or Natural Production,"CHIWAT - Chiwawa River Trap, 0.5 km below CHIP acclimation pond",SCREWT,Screw Trap,220,1
3DD.003D3216ED,CSS-2020-261-112.xml,CHU - Upper Chiwawa River,6/27/2025 11:49:50 PM,10/4/2025 7:38:48 PM,UPPER IN-STREAM ARRAY,LOWER IN-STREAM ARRAY,9/17/2020,7,Bull Trout,R,Resident,W,Wild Fish or Natural Production,"CHIWAT - Chiwawa River Trap, 0.5 km below CHIP acclimation pond",SCREWT,Screw Trap,220,1
3DD.003D3216ED,CSS-2020-261-112.xml,CWT - Chiwawa River Weir Trap Array,6/23/2025 10:51:43 PM,6/23/2025 10:51:43 PM,Single Pass,Single Pass,9/17/2020,7,Bull Trout,R,Resident,W,Wild Fish or Natural Production,"CHIWAT - Chiwawa River Trap, 0.5 km below CHIP acclimation pond",SCREWT,Screw Trap,220,1
3DD.003D3216ED,CSS-2020-261-112.xml,UWE - Upper Wenatchee River,9/19/2020 4:17:24 AM,9/19/2020 4:17:25 AM,IN-STREAM ARRAY,IN-STREAM ARRAY,9/17/2020,7,Bull Trout,R,Resident,W,Wild Fish or Natural Production,"CHIWAT - Chiwawa River Trap, 0.5 km below CHIP acclimation pond",SCREWT,Screw Trap,220,1
3DD.003D3216ED,CSS-2020-261-112.xml,"WTL - White River, Wenatchee Basin",7/31/2024 1:07:41 AM,10/10/2024 9:00:59 PM,LOWER IN-STREAM ARRAY,UPPER IN-STREAM ARRAY,9/17/2020,7,Bull Trout,R,Resident,W,Wild Fish or Natural Production,"CHIWAT - Chiwawa River Trap, 0.5 km below CHIP acclimation pond",SCREWT,Screw Trap,220,1
3DD.003D3216EE,CSS-2020-255-112.xml,UWE - Upper Wenatchee River,9/11/2020 11:57:01 PM,9/11/2020 11:57:02 PM,IN-STREAM ARRAY,IN-STREAM ARRAY,9/11/2020,7,Bull Trout,R,Resident,W,Wild Fish or Natural Production,"CHIWAT - Chiwawa River Trap, 0.5 km below CHIP acclimation pond",SCREWT,Screw Trap,152,1
3DD.003D3216F2,CSS-2020-253-112.xml,UWE - Upper Wenatchee River,9/10/2020 12:03:49 AM,9/10/2020 12:03:49 AM,IN-STREAM ARRAY,IN-STREAM ARRAY,9/9/2020,7,Bull Trout,R,Resident,W,Wild Fish or Natural Production,"CHIWAT - Chiwawa River Trap, 0.5 km below CHIP acclimation pond",SCREWT,Screw Trap,195,1
3DD.003D3216F3,CSS-2020-260-112.xml,CHL - Lower Chiwawa River,6/8/2024 1:02:26 AM,10/1/2025 10:20:20 PM,UPPER IN-STREAM ARRAY,LOWER IN-STREAM ARRAY,9/16/2020,7,Bull Trout,R,Resident,W,Wild Fish or Natural Production,"CHIWAT - Chiwawa River Trap, 0.5 km below CHIP acclimation pond",SCREWT,Screw Trap,257,1
3DD.003D3216F3,CSS-2020-260-112.xml,CHU - Upper Chiwawa River,6/15/2024 3:11:38 AM,10/1/2025 2:50:13 AM,LOWER IN-STREAM ARRAY,LOWER IN-STREAM ARRAY,9/16/2020,7,Bull Trout,R,Resident,W,Wild Fish or Natural Production,"CHIWAT - Chiwawa River Trap, 0.5 km below CHIP acclimation pond",SCREWT,Screw Trap,257,1
3DD.003D3216F3,CSS-2020-260-112.xml,CWT - Chiwawa River Weir Trap Array,10/1/2025 10:04:53 PM,10/1/2025 10:04:53 PM,Single Pass,Single Pass,9/16/2020,7,Bull Trout,R,Resident,W,Wild Fish or Natural Production,"CHIWAT - Chiwawa River Trap, 0.5 km below CHIP acclimation pond",SCREWT,Screw Trap,257,1
3DD.003D3216F3,CSS-2020-260-112.xml,UWE - Upper Wenatchee River,9/16/2020 10:06:46 PM,9/16/2020 10:06:46 PM,IN-STREAM ARRAY,IN-STREAM ARRAY,9/16/2020,7,Bull Trout,R,Resident,W,Wild Fish or Natural Production,"CHIWAT - Chiwawa River Trap, 0.5 km below CHIP acclimation pond",SCREWT,Screw Trap,257,1
3DD.003D3216F3,CSS-2020-260-112.xml,"WTL - White River, Wenatchee Basin",10/3/2025 8:39:02 PM,10/6/2025 10:27:31 PM,LOWER IN-STREAM ARRAY,LOWER IN-STREAM ARRAY,9/16/2020,7,Bull Trout,R,Resident,W,Wild Fish or Natural Production,"CHIWAT - Chiwawa River Trap, 0.5 km below CHIP acclimation pond",SCREWT,Screw Trap,257,1
3DD.003D3216F6,CSS-2020-255-112.xml,CHU - Upper Chiwawa River,6/25/2025 8:40:34 PM,6/25/2025 8:40:34 PM,UPPER IN-STREAM ARRAY,UPPER IN-STREAM ARRAY,9/11/2020,7,Bull Trout,R,Resident,W,Wild Fish or Natural Production,"CHIWAT - Chiwawa River Trap, 0.5 km below CHIP acclimation pond",SCREWT,Screw Trap,219,1
3DD.003D3216FB,CSS-2020-259-112.xml,UWE - Upper Wenatchee River,9/16/2020 12:53:33 AM,9/16/2020 12:53:33 AM,IN-STREAM ARRAY,IN-STREAM ARRAY,9/15/2020,7,Bull Trout,R,Resident,W,Wild Fish or Natural Production,"CHIWAT - Chiwawa River Trap, 0.5 km below CHIP acclimation pond",SCREWT,Screw Trap,194,1
3DD.003D32171F,CSS-2020-255-112.xml,UWE - Upper Wenatchee River,9/11/2020 11:58:26 PM,9/11/2020 11:58:26 PM,IN-STREAM ARRAY,IN-STREAM ARRAY,9/11/2020,7,Bull Trout,R,Resident,W,Wild Fish or Natural Production,"CHIWAT - Chiwawa River Trap, 0.5 km below CHIP acclimation pond",SCREWT,Screw Trap,178,1
3DD.003D32227F,CSS-2023-202-112.xml,UWE - Upper Wenatchee River,7/21/2023 11:22:28 PM,7/21/2023 11:22:28 PM,IN-STREAM ARRAY,IN-STREAM ARRAY,7/21/2023,7,Bull Trout,R,Resident,W,Wild Fish or Natural Production,"CHIWAT - Chiwawa River Trap, 0.5 km below CHIP acclimation pond",SCREWT,Screw Trap,213,1
3DD.003D32228D,CSS-2023-217-112.xml,UWE - Upper Wenatchee River,8/10/2023 12:36:41 AM,8/10/2023 12:36:41 AM,IN-STREAM ARRAY,IN-STREAM ARRAY,8/5/2023,7,Bull Trout,R,Resident,W,Wild Fish or Natural Production,"CHIWAT - Chiwawa River Trap, 0.5 km below CHIP acclimation pond",SCREWT,Screw Trap,260,1
3DD.003D32228E,CSS-2023-226-112.xml,CHL - Lower Chiwawa River,8/14/2023 12:38:06 PM,8/14/2023 12:38:06 PM,LOWER IN-STREAM ARRAY,LOWER IN-STREAM ARRAY,8/14/2023,7,Bull Trout,R,Resident,W,Wild Fish or Natural Production,"CHIWAT - Chiwawa River Trap, 0.5 km below CHIP acclimation pond",SCREWT,Screw Trap,203,1
3DD.003D3222CD,CSS-2023-227-112.xml,CHL - Lower Chiwawa River,8/15/2023 7:48:58 PM,10/16/2023 3:56:53 AM,UPPER IN-STREAM ARRAY,LOWER IN-STREAM ARRAY,8/15/2023,7,Bull Trout,R,Resident,W,Wild Fish or Natural Production,"CHIWAT - Chiwawa River Trap, 0.5 km below CHIP acclimation pond",SCREWT,Screw Trap,240,1
3DD.003D3222D0,CSS-2023-224-112.xml,CHL - Lower Chiwawa River,8/12/2023 11:11:58 AM,8/12/2023 10:06:59 PM,UPPER IN-STREAM ARRAY,LOWER IN-STREAM ARRAY,8/12/2023,7,Bull Trout,R,Resident,W,Wild Fish or Natural Production,"CHIWAT - Chiwawa River Trap, 0.5 km below CHIP acclimation pond",SCREWT,Screw Trap,256,1
3DD.003D3225E7,CSS-2020-292-112.xml,UWE - Upper Wenatchee River,10/18/2020 7:13:47 PM,10/18/2020 7:13:47 PM,IN-STREAM ARRAY,IN-STREAM ARRAY,10/18/2020,7,Bull Trout,R,Resident,W,Wild Fish or Natural Production,"CHIWAT - Chiwawa River Trap, 0.5 km below CHIP acclimation pond",SCREWT,Screw Trap,179,1
3DD.003D322848,CSS-2022-321-112.xml,CHL - Lower Chiwawa River,11/17/2022 9:05:41 PM,1/8/2023 5:38:26 PM,LOWER IN-STREAM ARRAY,LOWER IN-STREAM ARRAY,11/17/2022,7,Bull Trout,R,Resident,W,Wild Fish or Natural Production,"CHIWAT - Chiwawa River Trap, 0.5 km below CHIP acclimation pond",SCREWT,Screw Trap,200,1
3DD.003D322C77,CSS-2020-109-212.xml,LWE - Lower Wenatchee River,7/3/2020 2:00:24 PM,7/3/2020 2:01:02 PM,UPSTREAM ANTENNA ARRAY,DOWNSTREAM ANTENNA ARRAY,4/18/2020,7,Bull Trout,R,Resident,W,Wild Fish or Natural Production,"WENA4T - Lower Wenatchee trap, 2.8km below Mission Creek",SCREWT,Screw Trap,133,1
3DD.003D322D0E,CSS-2021-226-112.xml,CHL - Lower Chiwawa River,8/14/2021 7:59:14 PM,8/14/2021 7:59:14 PM,UPPER IN-STREAM ARRAY,UPPER IN-STREAM ARRAY,8/14/2021,7,Bull Trout,R,Resident,W,Wild Fish or Natural Production,"CHIWAT - Chiwawa River Trap, 0.5 km below CHIP acclimation pond",SCREWT,Screw Trap,237,1
3DD.003D322D10,CSS-2021-190-112.xml,UWE - Upper Wenatchee River,7/10/2021 12:02:12 PM,7/10/2021 12:02:12 PM,IN-STREAM ARRAY,IN-STREAM ARRAY,7/9/2021,7,Bull Trout,R,Resident,W,Wild Fish or Natural Production,"CHIWAT - Chiwawa River Trap, 0.5 km below CHIP acclimation pond",SCREWT,Screw Trap,155,1
3DD.003D322D14,CSS-2021-158-112.xml,CHL - Lower Chiwawa River,6/21/2024 11:33:52 PM,9/19/2025 9:54:11 PM,UPPER IN-STREAM ARRAY,LOWER IN-STREAM ARRAY,6/7/2021,7,Bull Trout,R,Resident,W,Wild Fish or Natural Production,"CHIWAT - Chiwawa River Trap, 0.5 km below CHIP acclimation pond",SCREWT,Screw Trap,171,1
3DD.003D322D14,CSS-2021-158-112.xml,CHU - Upper Chiwawa River,9/29/2024 2:56:37 AM,9/19/2025 6:59:51 PM,UPPER IN-STREAM ARRAY,LOWER IN-STREAM ARRAY,6/7/2021,7,Bull Trout,R,Resident,W,Wild Fish or Natural Production,"CHIWAT - Chiwawa River Trap, 0.5 km below CHIP acclimation pond",SCREWT,Screw Trap,171,1
3DD.003D322D14,CSS-2021-158-112.xml,CWT - Chiwawa River Weir Trap Array,6/15/2025 9:00:48 PM,6/15/2025 9:00:48 PM,Single Pass,Single Pass,6/7/2021,7,Bull Trout,R,Resident,W,Wild Fish or Natural Production,"CHIWAT - Chiwawa River Trap, 0.5 km below CHIP acclimation pond",SCREWT,Screw Trap,171,1
3DD.003D322D14,CSS-2021-158-112.xml,NAL - Lower Nason Creek,5/1/2025 1:47:29 AM,5/1/2025 1:49:40 AM,LOWER IN-STREAM ARRAY,UPPER IN-STREAM ARRAY,6/7/2021,7,Bull Trout,R,Resident,W,Wild Fish or Natural Production,"CHIWAT - Chiwawa River Trap, 0.5 km below CHIP acclimation pond",SCREWT,Screw Trap,171,1
3DD.003D322D14,CSS-2021-158-112.xml,UWE - Upper Wenatchee River,6/17/2021 8:56:08 PM,6/17/2021 8:56:08 PM,IN-STREAM ARRAY,IN-STREAM ARRAY,6/7/2021,7,Bull Trout,R,Resident,W,Wild Fish or Natural Production,"CHIWAT - Chiwawa River Trap, 0.5 km below CHIP acclimation pond",SCREWT,Screw Trap,171,1
3DD.003D322D15,CSS-2021-123-112.xml,ICL - Lower Icicle Instream Array,7/10/2021 11:32:59 AM,7/26/2021 10:22:35 PM,Downstream Array,Downstream Array,5/3/2021,7,Bull Trout,R,Resident,W,Wild Fish or Natural Production,"CHIWAT - Chiwawa River Trap, 0.5 km below CHIP acclimation pond",SCREWT,Screw Trap,120,1
3DD.003D322D17,CSS-2021-165-112.xml,"WTL - White River, Wenatchee Basin",8/27/2021 8:06:49 PM,8/27/2021 8:07:11 PM,LOWER IN-STREAM ARRAY,UPPER IN-STREAM ARRAY,6/14/2021,7,Bull Trout,R,Resident,W,Wild Fish or Natural Production,"CHIWAT - Chiwawa River Trap, 0.5 km below CHIP acclimation pond",SCREWT,Screw Trap,140,1
3DD.003D322D1C,CSS-2021-147-112.xml,CHL - Lower Chiwawa River,7/7/2021 1:08:54 PM,7/30/2021 1:09:09 PM,LOWER IN-STREAM ARRAY,LOWER IN-STREAM ARRAY,5/27/2021,7,Bull Trout,R,Resident,W,Wild Fish or Natural Production,"CHIWAT - Chiwawa River Trap, 0.5 km below CHIP acclimation pond",SCREWT,Screw Trap,140,1
3DD.003D322D1E,CSS-2021-129-112.xml,CHL - Lower Chiwawa River,7/24/2024 11:44:22 PM,10/3/2024 6:32:34 PM,UPPER IN-STREAM ARRAY,LOWER IN-STREAM ARRAY,5/9/2021,7,Bull Trout,R,Resident,W,Wild Fish or Natural Production,"CHIWAT - Chiwawa River Trap, 0.5 km below CHIP acclimation pond",SCREWT,Screw Trap,150,1
3DD.003D322D1E,CSS-2021-129-112.xml,CHU - Upper Chiwawa River,7/28/2024 12:35:39 AM,10/1/2024 4:31:35 AM,LOWER IN-STREAM ARRAY,LOWER IN-STREAM ARRAY,5/9/2021,7,Bull Trout,R,Resident,W,Wild Fish or Natural Production,"CHIWAT - Chiwawa River Trap, 0.5 km below CHIP acclimation pond",SCREWT,Screw Trap,150,1
3DD.003D322D22,CSS-2021-172-112.xml,UWE - Upper Wenatchee River,6/22/2021 9:12:47 PM,6/22/2021 9:12:48 PM,IN-STREAM ARRAY,IN-STREAM ARRAY,6/21/2021,7,Bull Trout,R,Resident,W,Wild Fish or Natural Production,"CHIWAT - Chiwawa River Trap, 0.5 km below CHIP acclimation pond",SCREWT,Screw Trap,153,1
3DD.003D322D27,CSS-2021-167-112.xml,CHL - Lower Chiwawa River,8/14/2024 3:40:24 AM,10/2/2025 6:22:24 PM,LOWER IN-STREAM ARRAY,LOWER IN-STREAM ARRAY,6/16/2021,7,Bull Trout,R,Resident,W,Wild Fish or Natural Production,"CHIWAT - Chiwawa River Trap, 0.5 km below CHIP acclimation pond",SCREWT,Screw Trap,160,1
3DD.003D322D27,CSS-2021-167-112.xml,CHU - Upper Chiwawa River,8/15/2024 11:02:48 PM,10/1/2025 2:35:25 AM,LOWER IN-STREAM ARRAY,LOWER IN-STREAM ARRAY,6/16/2021,7,Bull Trout,R,Resident,W,Wild Fish or Natural Production,"CHIWAT - Chiwawa River Trap, 0.5 km below CHIP acclimation pond",SCREWT,Screw Trap,160,1
3DD.003D322D27,CSS-2021-167-112.xml,CWT - Chiwawa River Weir Trap Array,10/4/2024 12:53:11 AM,6/25/2025 11:56:04 PM,Single Pass,Single Pass,6/16/2021,7,Bull Trout,R,Resident,W,Wild Fish or Natural Production,"CHIWAT - Chiwawa River Trap, 0.5 km below CHIP acclimation pond",SCREWT,Screw Trap,160,1
3DD.003D322D27,CSS-2021-167-112.xml,NAL - Lower Nason Creek,9/28/2021 10:46:54 PM,3/18/2026 1:00:35 AM,UPPER IN-STREAM ARRAY,UPPER IN-STREAM ARRAY,6/16/2021,7,Bull Trout,R,Resident,W,Wild Fish or Natural Production,"CHIWAT - Chiwawa River Trap, 0.5 km below CHIP acclimation pond",SCREWT,Screw Trap,160,1
3DD.003D322D27,CSS-2021-167-112.xml,UWE - Upper Wenatchee River,6/20/2021 4:13:50 AM,6/20/2021 4:13:50 AM,IN-STREAM ARRAY,IN-STREAM ARRAY,6/16/2021,7,Bull Trout,R,Resident,W,Wild Fish or Natural Production,"CHIWAT - Chiwawa River Trap, 0.5 km below CHIP acclimation pond",SCREWT,Screw Trap,160,1
3DD.003D322D29,CSS-2021-110-112.xml,NAL - Lower Nason Creek,7/15/2021 1:31:41 AM,7/15/2021 1:31:48 AM,UPPER IN-STREAM ARRAY,LOWER IN-STREAM ARRAY,4/20/2021,7,Bull Trout,R,Resident,W,Wild Fish or Natural Production,"CHIWAT - Chiwawa River Trap, 0.5 km below CHIP acclimation pond",SCREWT,Screw Trap,231,1
3DD.003D322D31,CSS-2021-118-112.xml,CHL - Lower Chiwawa River,10/2/2025 10:58:14 PM,10/2/2025 10:58:46 PM,UPPER IN-STREAM ARRAY,LOWER IN-STREAM ARRAY,4/28/2021,7,Bull Trout,R,Resident,W,Wild Fish or Natural Production,"CHIWAT - Chiwawa River Trap, 0.5 km below CHIP acclimation pond",SCREWT,Screw Trap,173,1
3DD.003D322D31,CSS-2021-118-112.xml,CHU - Upper Chiwawa River,10/2/2025 1:13:37 AM,10/2/2025 1:13:51 AM,UPPER IN-STREAM ARRAY,LOWER IN-STREAM ARRAY,4/28/2021,7,Bull Trout,R,Resident,W,Wild Fish or Natural Production,"CHIWAT - Chiwawa River Trap, 0.5 km below CHIP acclimation pond",SCREWT,Screw Trap,173,1
3DD.003D322D31,CSS-2021-118-112.xml,CWT - Chiwawa River Weir Trap Array,5/24/2025 11:47:40 PM,5/24/2025 11:47:40 PM,Single Pass,Single Pass,4/28/2021,7,Bull Trout,R,Resident,W,Wild Fish or Natural Production,"CHIWAT - Chiwawa River Trap, 0.5 km below CHIP acclimation pond",SCREWT,Screw Trap,173,1
3DD.003D322D33,CSS-2021-173-112.xml,CHL - Lower Chiwawa River,6/21/2024 12:24:50 AM,6/21/2024 12:25:28 AM,LOWER IN-STREAM ARRAY,UPPER IN-STREAM ARRAY,6/22/2021,7,Bull Trout,R,Resident,W,Wild Fish or Natural Production,"CHIWAT - Chiwawa River Trap, 0.5 km below CHIP acclimation pond",SCREWT,Screw Trap,160,1
3DD.003D322D33,CSS-2021-173-112.xml,NAL - Lower Nason Creek,9/3/2021 8:20:47 PM,6/11/2023 9:35:11 PM,UPPER IN-STREAM ARRAY,UPPER IN-STREAM ARRAY,6/22/2021,7,Bull Trout,R,Resident,W,Wild Fish or Natural Production,"CHIWAT - Chiwawa River Trap, 0.5 km below CHIP acclimation pond",SCREWT,Screw Trap,160,1
3DD.003D322D34,CSS-2021-149-112.xml,ICL - Lower Icicle Instream Array,8/5/2021 1:33:23 AM,8/5/2021 1:33:23 AM,Downstream Array,Downstream Array,5/29/2021,7,Bull Trout,R,Resident,W,Wild Fish or Natural Production,"CHIWAT - Chiwawa River Trap, 0.5 km below CHIP acclimation pond",SCREWT,Screw Trap,147,1
3DD.003D322D35,CSS-2021-070-112.xml,UWE - Upper Wenatchee River,3/12/2021 9:49:10 PM,3/12/2021 9:49:10 PM,IN-STREAM ARRAY,IN-STREAM ARRAY,3/11/2021,7,Bull Trout,R,Resident,W,Wild Fish or Natural Production,"CHIWAT - Chiwawa River Trap, 0.5 km below CHIP acclimation pond",SCREWT,Screw Trap,129,1
3DD.003D322D3A,CSS-2021-164-112.xml,CHL - Lower Chiwawa River,6/13/2021 1:55:18 PM,6/13/2021 1:55:18 PM,UPPER IN-STREAM ARRAY,UPPER IN-STREAM ARRAY,6/13/2021,7,Bull Trout,R,Resident,W,Wild Fish or Natural Production,"CHIWAT - Chiwawa River Trap, 0.5 km below CHIP acclimation pond",SCREWT,Screw Trap,146,1
3DD.003D322D3A,CSS-2021-164-112.xml,CHW - Chiwaukum Creek,7/9/2021 2:05:23 PM,7/9/2021 2:05:23 PM,UPSTREAM ARRAY,UPSTREAM ARRAY,6/13/2021,7,Bull Trout,R,Resident,W,Wild Fish or Natural Production,"CHIWAT - Chiwawa River Trap, 0.5 km below CHIP acclimation pond",SCREWT,Screw Trap,146,1
3DD.003D322D3A,CSS-2021-164-112.xml,UWE - Upper Wenatchee River,7/24/2021 9:16:35 PM,7/24/2021 9:16:36 PM,IN-STREAM ARRAY,IN-STREAM ARRAY,6/13/2021,7,Bull Trout,R,Resident,W,Wild Fish or Natural Production,"CHIWAT - Chiwawa River Trap, 0.5 km below CHIP acclimation pond",SCREWT,Screw Trap,146,1
3DD.003D322D3C,CSS-2021-097-112.xml,UWE - Upper Wenatchee River,7/15/2021 7:13:15 AM,7/15/2021 7:13:16 AM,IN-STREAM ARRAY,IN-STREAM ARRAY,4/7/2021,7,Bull Trout,R,Resident,W,Wild Fish or Natural Production,"CHIWAT - Chiwawa River Trap, 0.5 km below CHIP acclimation pond",SCREWT,Screw Trap,135,1
3DD.003D322D46,CSS-2021-178-112.xml,UWE - Upper Wenatchee River,6/30/2021 2:50:39 PM,6/30/2021 2:50:39 PM,IN-STREAM ARRAY,IN-STREAM ARRAY,6/27/2021,7,Bull Trout,R,Resident,W,Wild Fish or Natural Production,"CHIWAT - Chiwawa River Trap, 0.5 km below CHIP acclimation pond",SCREWT,Screw Trap,153,1
3DD.003D322D4A,CSS-2021-190-112.xml,CHL - Lower Chiwawa River,7/9/2021 2:17:06 PM,7/9/2021 2:17:06 PM,LOWER IN-STREAM ARRAY,LOWER IN-STREAM ARRAY,7/9/2021,7,Bull Trout,R,Resident,W,Wild Fish or Natural Production,"CHIWAT - Chiwawa River Trap, 0.5 km below CHIP acclimation pond",SCREWT,Screw Trap,180,1
3DD.003D322D4A,CSS-2021-190-112.xml,UWE - Upper Wenatchee River,7/10/2021 4:32:33 PM,7/10/2021 4:32:34 PM,IN-STREAM ARRAY,IN-STREAM ARRAY,7/9/2021,7,Bull Trout,R,Resident,W,Wild Fish or Natural Production,"CHIWAT - Chiwawa River Trap, 0.5 km below CHIP acclimation pond",SCREWT,Screw Trap,180,1
3DD.003D322D4B,CSS-2021-196-112.xml,UWE - Upper Wenatchee River,7/18/2021 1:11:46 PM,7/18/2021 1:11:46 PM,IN-STREAM ARRAY,IN-STREAM ARRAY,7/15/2021,7,Bull Trout,R,Resident,W,Wild Fish or Natural Production,"CHIWAT - Chiwawa River Trap, 0.5 km below CHIP acclimation pond",SCREWT,Screw Trap,177,1
3DD.003D322D4F,CSS-2021-159-112.xml,LWN - Little Wenatchee River,8/7/2021 8:24:36 PM,8/7/2021 8:24:36 PM,LOWER IN-STREAM ARRAY,LOWER IN-STREAM ARRAY,6/8/2021,7,Bull Trout,R,Resident,W,Wild Fish or Natural Production,"CHIWAT - Chiwawa River Trap, 0.5 km below CHIP acclimation pond",SCREWT,Screw Trap,134,1
3DD.003D322D4F,CSS-2021-159-112.xml,NAL - Lower Nason Creek,7/30/2021 11:59:40 PM,7/30/2021 11:59:47 PM,UPPER IN-STREAM ARRAY,LOWER IN-STREAM ARRAY,6/8/2021,7,Bull Trout,R,Resident,W,Wild Fish or Natural Production,"CHIWAT - Chiwawa River Trap, 0.5 km below CHIP acclimation pond",SCREWT,Screw Trap,134,1
3DD.003D322D51,CSS-2021-183-112.xml,NAU - Upper Nason Creek,8/3/2021 9:37:44 PM,8/3/2021 9:38:18 PM,LOWER IN-STREAM ARRAY,UPPER IN-STREAM ARRAY,7/2/2021,7,Bull Trout,R,Resident,W,Wild Fish or Natural Production,"CHIWAT - Chiwawa River Trap, 0.5 km below CHIP acclimation pond",SCREWT,Screw Trap,176,1
3DD.003D322D51,CSS-2021-183-112.xml,"WTL - White River, Wenatchee Basin",7/12/2021 7:36:37 PM,7/12/2021 7:36:37 PM,LOWER IN-STREAM ARRAY,LOWER IN-STREAM ARRAY,7/2/2021,7,Bull Trout,R,Resident,W,Wild Fish or Natural Production,"CHIWAT - Chiwawa River Trap, 0.5 km below CHIP acclimation pond",SCREWT,Screw Trap,176,1
3DD.003D322D52,CSS-2021-199-112.xml,LWN - Little Wenatchee River,7/22/2021 6:48:01 AM,7/22/2021 6:48:01 AM,LOWER IN-STREAM ARRAY,LOWER IN-STREAM ARRAY,7/18/2021,7,Bull Trout,R,Resident,W,Wild Fish or Natural Production,"CHIWAT - Chiwawa River Trap, 0.5 km below CHIP acclimation pond",SCREWT,Screw Trap,189,1
3DD.003D322D52,CSS-2021-199-112.xml,UWE - Upper Wenatchee River,7/19/2021 9:05:26 AM,7/19/2021 9:05:27 AM,IN-STREAM ARRAY,IN-STREAM ARRAY,7/18/2021,7,Bull Trout,R,Resident,W,Wild Fish or Natural Production,"CHIWAT - Chiwawa River Trap, 0.5 km below CHIP acclimation pond",SCREWT,Screw Trap,189,1
3DD.003D322D5A,CSS-2021-200-112.xml,CHL - Lower Chiwawa River,7/19/2021 4:24:02 PM,7/19/2021 4:24:02 PM,UPPER IN-STREAM ARRAY,UPPER IN-STREAM ARRAY,7/19/2021,7,Bull Trout,R,Resident,W,Wild Fish or Natural Production,"CHIWAT - Chiwawa River Trap, 0.5 km below CHIP acclimation pond",SCREWT,Screw Trap,200,1
3DD.003D322D60,CSS-2021-170-112.xml,NAL - Lower Nason Creek,8/10/2021 9:04:11 PM,8/11/2021 1:37:52 AM,UPPER IN-STREAM ARRAY,LOWER IN-STREAM ARRAY,6/19/2021,7,Bull Trout,R,Resident,W,Wild Fish or Natural Production,"CHIWAT - Chiwawa River Trap, 0.5 km below CHIP acclimation pond",SCREWT,Screw Trap,162,1
3DD.003D322D64,CSS-2021-167-112.xml,CHL - Lower Chiwawa River,6/17/2021 11:34:14 AM,6/17/2021 11:34:14 AM,UPPER IN-STREAM ARRAY,UPPER IN-STREAM ARRAY,6/16/2021,7,Bull Trout,R,Resident,W,Wild Fish or Natural Production,"CHIWAT - Chiwawa River Trap, 0.5 km below CHIP acclimation pond",SCREWT,Screw Trap,144,1
3DD.003D322D66,CSS-2021-149-112.xml,CHL - Lower Chiwawa River,10/3/2025 12:53:17 AM,10/3/2025 12:53:25 AM,UPPER IN-STREAM ARRAY,LOWER IN-STREAM ARRAY,5/29/2021,7,Bull Trout,R,Resident,W,Wild Fish or Natural Production,"CHIWAT - Chiwawa River Trap, 0.5 km below CHIP acclimation pond",SCREWT,Screw Trap,170,1
3DD.003D322D66,CSS-2021-149-112.xml,CHU - Upper Chiwawa River,7/9/2025 11:45:38 PM,10/2/2025 9:04:39 PM,LOWER IN-STREAM ARRAY,LOWER IN-STREAM ARRAY,5/29/2021,7,Bull Trout,R,Resident,W,Wild Fish or Natural Production,"CHIWAT - Chiwawa River Trap, 0.5 km below CHIP acclimation pond",SCREWT,Screw Trap,170,1
3DD.003D322D66,CSS-2021-149-112.xml,CWT - Chiwawa River Weir Trap Array,6/28/2025 11:58:58 PM,6/28/2025 11:58:58 PM,Single Pass,Single Pass,5/29/2021,7,Bull Trout,R,Resident,W,Wild Fish or Natural Production,"CHIWAT - Chiwawa River Trap, 0.5 km below CHIP acclimation pond",SCREWT,Screw Trap,170,1
3DD.003D322D69,CSS-2021-101-112.xml,CHL - Lower Chiwawa River,10/7/2025 7:05:44 PM,10/7/2025 7:05:44 PM,LOWER IN-STREAM ARRAY,LOWER IN-STREAM ARRAY,4/11/2021,7,Bull Trout,R,Resident,W,Wild Fish or Natural Production,"CHIWAT - Chiwawa River Trap, 0.5 km below CHIP acclimation pond",SCREWT,Screw Trap,134,1
3DD.003D322D69,CSS-2021-101-112.xml,CHU - Upper Chiwawa River,10/6/2025 7:23:18 PM,10/6/2025 7:23:30 PM,UPPER IN-STREAM ARRAY,LOWER IN-STREAM ARRAY,4/11/2021,7,Bull Trout,R,Resident,W,Wild Fish or Natural Production,"CHIWAT - Chiwawa River Trap, 0.5 km below CHIP acclimation pond",SCREWT,Screw Trap,134,1
3DD.003D322D69,CSS-2021-101-112.xml,NAL - Lower Nason Creek,6/23/2024 10:51:25 PM,4/15/2026 12:47:51 AM,LOWER IN-STREAM ARRAY,LOWER IN-STREAM ARRAY,4/11/2021,7,Bull Trout,R,Resident,W,Wild Fish or Natural Production,"CHIWAT - Chiwawa River Trap, 0.5 km below CHIP acclimation pond",SCREWT,Screw Trap,134,1
3DD.003D3539A2,CGS-2020-262-LB1.xml,TWR - Lwr Twisp Rvr near MSRF Ponds,10/13/2020 7:25:47 PM,10/13/2020 7:25:47 PM,UPPER IN-STREAM ARRAY,UPPER IN-STREAM ARRAY,9/23/2020,7,Bull Trout,R,Resident,W,Wild Fish or Natural Production,TWISPR - Twisp River,SHOCK,Electro-Shock,204,1
3DD.003D3539D4,CGS-2020-262-LB1.xml,LMR - Lower Methow River at Pateros,8/11/2021 11:42:08 AM,8/12/2021 8:42:41 PM,Downstream Array,Upstream Array,10/8/2020,7,Bull Trout,R,Resident,W,Wild Fish or Natural Production,TWISPR - Twisp River,SHOCK,Electro-Shock,215,1
3DD.003D3539D4,CGS-2020-262-LB1.xml,TWR - Lwr Twisp Rvr near MSRF Ponds,11/4/2020 7:45:10 PM,11/4/2020 7:45:10 PM,LOWER IN-STREAM ARRAY,LOWER IN-STREAM ARRAY,10/8/2020,7,Bull Trout,R,Resident,W,Wild Fish or Natural Production,TWISPR - Twisp River,SHOCK,Electro-Shock,215,1
3DD.003D353C2E,CGS-2020-262-LB1.xml,MRC - Methow River at Carlton,11/5/2020 6:43:03 PM,11/5/2020 6:43:03 PM,Single Array,Single Array,9/21/2020,7,Bull Trout,R,Resident,W,Wild Fish or Natural Production,TWISPR - Twisp River,SHOCK,Electro-Shock,224,1
3DD.003D353C2E,CGS-2020-262-LB1.xml,TWR - Lwr Twisp Rvr near MSRF Ponds,9/27/2020 10:56:12 PM,9/27/2020 10:56:12 PM,UPPER IN-STREAM ARRAY,UPPER IN-STREAM ARRAY,9/21/2020,7,Bull Trout,R,Resident,W,Wild Fish or Natural Production,TWISPR - Twisp River,SHOCK,Electro-Shock,224,1
3DD.003D36832A,CGS-2019-176-LB1.xml,ICL - Lower Icicle Instream Array,7/13/2021 12:06:13 AM,8/30/2021 2:38:30 AM,Downstream Array,Downstream Array,8/19/2019,7,Bull Trout,R,Resident,W,Wild Fish or Natural Production,TWISPR - Twisp River,HOOK,Hook and Line,194,1
3DD.003D36832A,CGS-2019-176-LB1.xml,ICM - Middle Icicle Instream Array,8/2/2021 11:08:42 PM,8/3/2021 6:55:57 PM,Downstream Array,Downstream Array,8/19/2019,7,Bull Trout,R,Resident,W,Wild Fish or Natural Production,TWISPR - Twisp River,HOOK,Hook and Line,194,1
3DD.003D36832A,CGS-2019-176-LB1.xml,LWE - Lower Wenatchee River,7/1/2021 6:45:46 AM,7/1/2021 6:45:46 AM,UPSTREAM ANTENNA ARRAY,UPSTREAM ANTENNA ARRAY,8/19/2019,7,Bull Trout,R,Resident,W,Wild Fish or Natural Production,TWISPR - Twisp River,HOOK,Hook and Line,194,1
3DD.003D36832A,CGS-2019-176-LB1.xml,MRC - Methow River at Carlton,10/22/2019 8:12:20 PM,10/22/2019 8:12:20 PM,Single Array,Single Array,8/19/2019,7,Bull Trout,R,Resident,W,Wild Fish or Natural Production,TWISPR - Twisp River,HOOK,Hook and Line,194,1
3DD.003D36832A,CGS-2019-176-LB1.xml,RIA - Rock Island Adult,6/29/2021 5:22:32 PM,6/29/2021 6:34:20 PM,Right Ladder Weir 32,Right Ladder Exit Channel,8/19/2019,7,Bull Trout,R,Resident,W,Wild Fish or Natural Production,TWISPR - Twisp River,HOOK,Hook and Line,194,1
3DD.003D36832A,CGS-2019-176-LB1.xml,TWR - Lwr Twisp Rvr near MSRF Ponds,10/10/2019 1:06:55 AM,10/10/2019 1:06:59 AM,UPPER IN-STREAM ARRAY,LOWER IN-STREAM ARRAY,8/19/2019,7,Bull Trout,R,Resident,W,Wild Fish or Natural Production,TWISPR - Twisp River,HOOK,Hook and Line,194,1
3DD.003D3685B3,CGS-2019-263-LF1.xml,TWR - Lwr Twisp Rvr near MSRF Ponds,10/8/2019 6:36:50 PM,10/8/2019 6:36:53 PM,UPPER IN-STREAM ARRAY,LOWER IN-STREAM ARRAY,9/23/2019,7,Bull Trout,R,Resident,W,Wild Fish or Natural Production,TWISPR - Twisp River,SHOCK,Electro-Shock,222,1
3DD.003D36860B,CGS-2019-263-LF1.xml,TWR - Lwr Twisp Rvr near MSRF Ponds,7/11/2020 3:48:54 AM,7/11/2020 3:49:20 AM,UPPER IN-STREAM ARRAY,LOWER IN-STREAM ARRAY,9/25/2019,7,Bull Trout,R,Resident,W,Wild Fish or Natural Production,TWISPR - Twisp River,SHOCK,Electro-Shock,131,1
3DD.003D3686B0,CGS-2019-263-LF1.xml,LMR - Lower Methow River at Pateros,11/4/2020 7:31:17 PM,11/4/2020 7:31:17 PM,Upstream Array,Upstream Array,10/4/2019,7,Bull Trout,R,Resident,W,Wild Fish or Natural Production,TWISPR - Twisp River,SHOCK,Electro-Shock,194,1
3DD.003D3686B0,CGS-2019-263-LF1.xml,MRC - Methow River at Carlton,7/31/2020 10:20:05 PM,9/2/2020 8:19:25 PM,Single Array,Single Array,10/4/2019,7,Bull Trout,R,Resident,W,Wild Fish or Natural Production,TWISPR - Twisp River,SHOCK,Electro-Shock,194,1
3DD.003D3686B0,CGS-2019-263-LF1.xml,TWR - Lwr Twisp Rvr near MSRF Ponds,10/23/2019 7:22:33 PM,10/25/2021 2:11:04 AM,UPPER IN-STREAM ARRAY,LOWER IN-STREAM ARRAY,10/4/2019,7,Bull Trout,R,Resident,W,Wild Fish or Natural Production,TWISPR - Twisp River,SHOCK,Electro-Shock,194,1
3DD.003D3687DD,CGS-2019-263-LF1.xml,TWR - Lwr Twisp Rvr near MSRF Ponds,5/15/2021 8:36:52 AM,5/15/2021 8:36:57 AM,UPPER IN-STREAM ARRAY,LOWER IN-STREAM ARRAY,10/18/2019,7,Bull Trout,R,Resident,W,Wild Fish or Natural Production,TWISPR - Twisp River,SHOCK,Electro-Shock,94,1
3DD.003D368820,CGS-2019-263-LF1.xml,TWR - Lwr Twisp Rvr near MSRF Ponds,7/20/2020 10:08:48 PM,7/20/2020 10:08:48 PM,UPPER IN-STREAM ARRAY,UPPER IN-STREAM ARRAY,10/17/2019,7,Bull Trout,R,Resident,W,Wild Fish or Natural Production,TWISPR - Twisp River,SHOCK,Electro-Shock,158,1
3DD.003D368909,CGS-2019-263-LF1.xml,TWR - Lwr Twisp Rvr near MSRF Ponds,7/13/2020 12:17:23 AM,7/13/2020 12:17:23 AM,LOWER IN-STREAM ARRAY,LOWER IN-STREAM ARRAY,10/10/2019,7,Bull Trout,R,Resident,W,Wild Fish or Natural Production,TWISPR - Twisp River,SHOCK,Electro-Shock,157,1
3DD.003D368948,CGS-2019-263-LF1.xml,MRC - Methow River at Carlton,9/12/2021 10:59:02 PM,9/12/2021 10:59:02 PM,Single Array,Single Array,10/10/2019,7,Bull Trout,R,Resident,W,Wild Fish or Natural Production,TWISPR - Twisp River,SHOCK,Electro-Shock,93,1
3DD.003D368948,CGS-2019-263-LF1.xml,TWR - Lwr Twisp Rvr near MSRF Ponds,8/21/2021 9:26:12 PM,8/21/2021 9:26:17 PM,UPPER IN-STREAM ARRAY,LOWER IN-STREAM ARRAY,10/10/2019,7,Bull Trout,R,Resident,W,Wild Fish or Natural Production,TWISPR - Twisp River,SHOCK,Electro-Shock,93,1
3DD.003D368AD3,CGS-2019-263-LF1.xml,MRC - Methow River at Carlton,11/5/2020 8:40:19 PM,11/5/2020 8:40:19 PM,Single Array,Single Array,10/14/2019,7,Bull Trout,R,Resident,W,Wild Fish or Natural Production,TWISPR - Twisp River,SHOCK,Electro-Shock,139,1
3DD.003D368AD3,CGS-2019-263-LF1.xml,TWR - Lwr Twisp Rvr near MSRF Ponds,10/18/2020 6:41:46 PM,10/18/2020 6:41:50 PM,UPPER IN-STREAM ARRAY,LOWER IN-STREAM ARRAY,10/14/2019,7,Bull Trout,R,Resident,W,Wild Fish or Natural Production,TWISPR - Twisp River,SHOCK,Electro-Shock,139,1
3DD.003D368ADD,CGS-2019-263-LF1.xml,MTP - Twisp Acclimation Pond,3/19/2021 9:38:08 AM,3/19/2021 9:38:08 AM,Outlet Channel,Outlet Channel,10/14/2019,7,Bull Trout,R,Resident,W,Wild Fish or Natural Production,TWISPR - Twisp River,SHOCK,Electro-Shock,130,1
3DD.003D368AE0,CGS-2019-263-LF1.xml,"GLC - Gold Creek, Methow River",8/2/2021 9:07:49 PM,8/3/2021 3:21:58 AM,LOWER IN-STREAM ARRAY,LOWER IN-STREAM ARRAY,10/14/2019,7,Bull Trout,R,Resident,W,Wild Fish or Natural Production,TWISPR - Twisp River,SHOCK,Electro-Shock,127,1
3DD.003D368AE0,CGS-2019-263-LF1.xml,MRC - Methow River at Carlton,8/1/2021 11:46:59 PM,8/1/2021 11:46:59 PM,Single Array,Single Array,10/14/2019,7,Bull Trout,R,Resident,W,Wild Fish or Natural Production,TWISPR - Twisp River,SHOCK,Electro-Shock,127,1
3DD.003D368AE0,CGS-2019-263-LF1.xml,TWR - Lwr Twisp Rvr near MSRF Ponds,6/9/2021 9:27:18 PM,6/9/2021 9:27:18 PM,LOWER IN-STREAM ARRAY,LOWER IN-STREAM ARRAY,10/14/2019,7,Bull Trout,R,Resident,W,Wild Fish or Natural Production,TWISPR - Twisp River,SHOCK,Electro-Shock,127,1
3DD.003D3AB780,CGS-2020-120-WL1.xml,TWR - Lwr Twisp Rvr near MSRF Ponds,6/28/2020 2:29:33 AM,6/28/2020 2:29:33 AM,LOWER IN-STREAM ARRAY,LOWER IN-STREAM ARRAY,6/1/2020,7,Bull Trout,R,Resident,W,Wild Fish or Natural Production,WELLD2 - WEL - Release into the West Adult Fish Ladder,LADDER,Adult Passage Ladder,690,1
3DD.003D3AB780,CGS-2020-120-WL1.xml,"WEA - Wells Dam, DCPUD Adult Ladders",6/1/2020 10:54:09 AM,6/1/2020 10:55:55 AM,Right Ladder Pool 67,Right Ladder Pool 68,6/1/2020,7,Bull Trout,R,Resident,W,Wild Fish or Natural Production,WELLD2 - WEL - Release into the West Adult Fish Ladder,LADDER,Adult Passage Ladder,690,1
3DD.003D3AB780,CGS-2020-120-WL1.xml,WEH - Wells Dam Hatchery,6/1/2020 8:35:13 AM,6/1/2020 8:35:13 AM,Adult Fish Handling Facility Exit to Truck,Adult Fish Handling Facility Exit to Truck,6/1/2020,7,Bull Trout,R,Resident,W,Wild Fish or Natural Production,WELLD2 - WEL - Release into the West Adult Fish Ladder,LADDER,Adult Passage Ladder,690,1
3DD.003D3AB92F,CGS-2020-042-HL1.xml,MRC - Methow River at Carlton,7/14/2020 12:54:31 AM,6/10/2021 2:47:02 AM,Single Array,Single Array,2/25/2020,7,Bull Trout,R,Resident,W,Wild Fish or Natural Production,METHR - Methow River,HOOK,Hook and Line,430,1
3DD.003D3AB92F,CGS-2020-042-HL1.xml,TWR - Lwr Twisp Rvr near MSRF Ponds,7/19/2020 1:27:15 AM,8/14/2020 1:08:23 AM,LOWER IN-STREAM ARRAY,LOWER IN-STREAM ARRAY,2/25/2020,7,Bull Trout,R,Resident,W,Wild Fish or Natural Production,METHR - Methow River,HOOK,Hook and Line,430,1
3DD.003D3AB95F,CGS-2020-042-HL1.xml,MRW - Methow River at Winthrop,6/26/2020 3:20:52 AM,6/26/2020 3:21:56 AM,DOWNSTREAM ARRAY,UPSTREAM ARRAY,2/12/2020,7,Bull Trout,R,Resident,W,Wild Fish or Natural Production,METHR - Methow River,HOOK,Hook and Line,550,1
3DD.003D3AB966,CGS-2020-042-HL1.xml,MRC - Methow River at Carlton,6/23/2020 11:05:08 PM,6/23/2020 11:05:08 PM,Single Array,Single Array,2/11/2020,7,Bull Trout,R,Resident,W,Wild Fish or Natural Production,METHR - Methow River,HOOK,Hook and Line,440,1
3DD.003D3AB966,CGS-2020-042-HL1.xml,TWR - Lwr Twisp Rvr near MSRF Ponds,6/27/2020 3:29:23 AM,6/27/2020 3:29:23 AM,LOWER IN-STREAM ARRAY,LOWER IN-STREAM ARRAY,2/11/2020,7,Bull Trout,R,Resident,W,Wild Fish or Natural Production,METHR - Methow River,HOOK,Hook and Line,440,1
3DD.003D518D68,CGS-2021-264-LF1.xml,"GLC - Gold Creek, Methow River",7/21/2023 1:57:12 PM,7/22/2023 9:37:43 PM,LOWER IN-STREAM ARRAY,LOWER IN-STREAM ARRAY,10/11/2021,7,Bull Trout,R,Resident,W,Wild Fish or Natural Production,TWISPR - Twisp River,SHOCK,Electro-Shock,79,1
3DD.003D518D68,CGS-2021-264-LF1.xml,TWR - Lwr Twisp Rvr near MSRF Ponds,4/12/2023 12:35:03 AM,4/12/2023 12:35:08 AM,UPPER IN-STREAM ARRAY,LOWER IN-STREAM ARRAY,10/11/2021,7,Bull Trout,R,Resident,W,Wild Fish or Natural Production,TWISPR - Twisp River,SHOCK,Electro-Shock,79,1
3DD.003D518DA4,CGS-2021-264-LF1.xml,TWR - Lwr Twisp Rvr near MSRF Ponds,11/15/2021 12:56:16 AM,11/15/2021 12:56:16 AM,LOWER IN-STREAM ARRAY,LOWER IN-STREAM ARRAY,10/7/2021,7,Bull Trout,R,Resident,W,Wild Fish or Natural Production,TWISPR - Twisp River,SHOCK,Electro-Shock,211,1
3DD.003D518DB2,CGS-2021-264-LF1.xml,TWR - Lwr Twisp Rvr near MSRF Ponds,1/16/2023 12:28:03 AM,1/16/2023 12:28:08 AM,UPPER IN-STREAM ARRAY,LOWER IN-STREAM ARRAY,10/7/2021,7,Bull Trout,R,Resident,W,Wild Fish or Natural Production,TWISPR - Twisp River,SHOCK,Electro-Shock,129,1
3DD.003D518FBD,CGS-2022-269-LF1.xml,MRC - Methow River at Carlton,9/22/2023 5:32:17 AM,9/22/2023 5:33:34 AM,Single Array,Single Array,10/3/2022,7,Bull Trout,R,Resident,W,Wild Fish or Natural Production,TWISPR - Twisp River,SHOCK,Electro-Shock,137,1
3DD.003D518FBD,CGS-2022-269-LF1.xml,TWR - Lwr Twisp Rvr near MSRF Ponds,9/5/2023 7:47:20 PM,9/5/2023 7:47:20 PM,LOWER IN-STREAM ARRAY,LOWER IN-STREAM ARRAY,10/3/2022,7,Bull Trout,R,Resident,W,Wild Fish or Natural Production,TWISPR - Twisp River,SHOCK,Electro-Shock,137,1
3DD.003D518FDE,CGS-2022-269-LF1.xml,CML - Chewuch River Middle Lower,6/17/2023 1:17:19 PM,7/12/2023 9:00:54 PM,Single Array,Single Array,10/3/2022,7,Bull Trout,R,Resident,W,Wild Fish or Natural Production,TWISPR - Twisp River,SHOCK,Electro-Shock,143,1
3DD.003D518FDE,CGS-2022-269-LF1.xml,CMU - Chewuch River Middle Upper,6/17/2023 8:41:55 PM,7/10/2023 9:31:25 PM,Single Array,Single Array,10/3/2022,7,Bull Trout,R,Resident,W,Wild Fish or Natural Production,TWISPR - Twisp River,SHOCK,Electro-Shock,143,1
3DD.003D518FE2,CGS-2022-269-LF1.xml,LMR - Lower Methow River at Pateros,11/4/2023 6:44:37 AM,11/4/2023 6:45:13 AM,Upstream Array,Downstream Array,10/3/2022,7,Bull Trout,R,Resident,W,Wild Fish or Natural Production,TWISPR - Twisp River,SHOCK,Electro-Shock,206,1
3DD.003D518FE2,CGS-2022-269-LF1.xml,MRC - Methow River at Carlton,6/6/2023 8:03:47 PM,10/24/2023 2:42:22 AM,Single Array,Single Array,10/3/2022,7,Bull Trout,R,Resident,W,Wild Fish or Natural Production,TWISPR - Twisp River,SHOCK,Electro-Shock,206,1
3DD.003D518FE2,CGS-2022-269-LF1.xml,TWR - Lwr Twisp Rvr near MSRF Ponds,1/10/2023 9:55:44 PM,1/10/2023 9:55:52 PM,UPPER IN-STREAM ARRAY,LOWER IN-STREAM ARRAY,10/3/2022,7,Bull Trout,R,Resident,W,Wild Fish or Natural Production,TWISPR - Twisp River,SHOCK,Electro-Shock,206,1
3DD.003D51924E,CGS-2021-264-LF1.xml,TWR - Lwr Twisp Rvr near MSRF Ponds,10/22/2022 2:24:44 AM,10/22/2022 2:24:49 AM,UPPER IN-STREAM ARRAY,LOWER IN-STREAM ARRAY,10/5/2021,7,Bull Trout,R,Resident,W,Wild Fish or Natural Production,TWISPR - Twisp River,SHOCK,Electro-Shock,131,1
3DD.003D5194E6,CGS-2020-262-LB1.xml,TWR - Lwr Twisp Rvr near MSRF Ponds,11/8/2020 6:37:43 PM,11/8/2020 6:37:43 PM,LOWER IN-STREAM ARRAY,LOWER IN-STREAM ARRAY,10/5/2020,7,Bull Trout,R,Resident,W,Wild Fish or Natural Production,TWISPR - Twisp River,SHOCK,Electro-Shock,216,1
3DD.003D51950D,CGS-2020-262-LB1.xml,TWR - Lwr Twisp Rvr near MSRF Ponds,12/1/2021 9:32:13 PM,12/1/2021 9:32:16 PM,UPPER IN-STREAM ARRAY,LOWER IN-STREAM ARRAY,10/6/2020,7,Bull Trout,R,Resident,W,Wild Fish or Natural Production,TWISPR - Twisp River,SHOCK,Electro-Shock,130,1
3DD.003D51953D,CGS-2022-269-LF1.xml,TWR - Lwr Twisp Rvr near MSRF Ponds,11/11/2023 5:46:43 PM,11/11/2023 5:46:47 PM,UPPER IN-STREAM ARRAY,LOWER IN-STREAM ARRAY,9/27/2022,7,Bull Trout,R,Resident,W,Wild Fish or Natural Production,TWISPR - Twisp River,SHOCK,Electro-Shock,145,1
3DD.003D519620,CGS-2021-264-LF1.xml,MRC - Methow River at Carlton,2/5/2024 10:06:25 PM,2/5/2024 10:06:25 PM,Single Array,Single Array,9/28/2021,7,Bull Trout,R,Resident,W,Wild Fish or Natural Production,TWISPR - Twisp River,SHOCK,Electro-Shock,81,1
3DD.003D519620,CGS-2021-264-LF1.xml,TWR - Lwr Twisp Rvr near MSRF Ponds,11/19/2023 10:01:31 PM,11/19/2023 10:01:35 PM,UPPER IN-STREAM ARRAY,LOWER IN-STREAM ARRAY,9/28/2021,7,Bull Trout,R,Resident,W,Wild Fish or Natural Production,TWISPR - Twisp River,SHOCK,Electro-Shock,81,1
3DD.003D51966B,CGS-2021-264-LF1.xml,MRC - Methow River at Carlton,10/21/2024 12:12:00 AM,10/21/2024 12:12:00 AM,Single Array,Single Array,10/11/2021,7,Bull Trout,R,Resident,W,Wild Fish or Natural Production,TWISPR - Twisp River,SHOCK,Electro-Shock,87,1
3DD.003D51966B,CGS-2021-264-LF1.xml,TWR - Lwr Twisp Rvr near MSRF Ponds,5/29/2024 12:36:53 AM,10/20/2024 2:48:52 AM,LOWER IN-STREAM ARRAY,LOWER IN-STREAM ARRAY,10/11/2021,7,Bull Trout,R,Resident,W,Wild Fish or Natural Production,TWISPR - Twisp River,SHOCK,Electro-Shock,87,1
3DD.003D5196AC,CGS-2021-264-LF1.xml,TWR - Lwr Twisp Rvr near MSRF Ponds,9/21/2022 8:41:35 PM,9/21/2022 8:41:39 PM,UPPER IN-STREAM ARRAY,LOWER IN-STREAM ARRAY,9/22/2021,7,Bull Trout,R,Resident,W,Wild Fish or Natural Production,TWISPR - Twisp River,SHOCK,Electro-Shock,154,1
3DD.003D5196B6,CGS-2021-264-LF1.xml,TWR - Lwr Twisp Rvr near MSRF Ponds,6/16/2022 3:17:10 PM,6/16/2022 3:17:10 PM,LOWER IN-STREAM ARRAY,LOWER IN-STREAM ARRAY,9/22/2021,7,Bull Trout,R,Resident,W,Wild Fish or Natural Production,TWISPR - Twisp River,SHOCK,Electro-Shock,173,1
3DD.003D655B20,CSS-2021-247-112.xml,CHL - Lower Chiwawa River,9/4/2021 7:19:01 PM,9/4/2021 7:19:01 PM,UPPER IN-STREAM ARRAY,UPPER IN-STREAM ARRAY,9/4/2021,7,Bull Trout,R,Resident,W,Wild Fish or Natural Production,"CHIWAT - Chiwawa River Trap, 0.5 km below CHIP acclimation pond",SCREWT,Screw Trap,260,1
3DD.003D655B33,CSS-2021-247-112.xml,CHL - Lower Chiwawa River,9/4/2021 12:58:07 PM,9/20/2024 7:15:00 PM,LOWER IN-STREAM ARRAY,LOWER IN-STREAM ARRAY,9/4/2021,7,Bull Trout,R,Resident,W,Wild Fish or Natural Production,"CHIWAT - Chiwawa River Trap, 0.5 km below CHIP acclimation pond",SCREWT,Screw Trap,262,1
3DD.003D655B33,CSS-2021-247-112.xml,CHU - Upper Chiwawa River,9/11/2021 5:50:09 AM,9/19/2024 3:45:41 AM,LOWER IN-STREAM ARRAY,LOWER IN-STREAM ARRAY,9/4/2021,7,Bull Trout,R,Resident,W,Wild Fish or Natural Production,"CHIWAT - Chiwawa River Trap, 0.5 km below CHIP acclimation pond",SCREWT,Screw Trap,262,1
3DD.003D6569CF,CSS-2021-262-112.xml,UWE - Upper Wenatchee River,9/20/2021 7:42:07 PM,9/20/2021 7:42:07 PM,IN-STREAM ARRAY,IN-STREAM ARRAY,9/19/2021,7,Bull Trout,R,Resident,W,Wild Fish or Natural Production,"CHIWAT - Chiwawa River Trap, 0.5 km below CHIP acclimation pond",SCREWT,Screw Trap,246,1
3DD.003D6572DE,CSS-2022-270-112.xml,CHL - Lower Chiwawa River,10/3/2025 6:26:28 PM,10/3/2025 6:26:28 PM,LOWER IN-STREAM ARRAY,LOWER IN-STREAM ARRAY,9/27/2022,7,Bull Trout,R,Resident,W,Wild Fish or Natural Production,"CHIWAT - Chiwawa River Trap, 0.5 km below CHIP acclimation pond",SCREWT,Screw Trap,243,1
3DD.003D6572DE,CSS-2022-270-112.xml,CHU - Upper Chiwawa River,10/2/2025 2:51:57 AM,10/2/2025 2:51:57 AM,LOWER IN-STREAM ARRAY,LOWER IN-STREAM ARRAY,9/27/2022,7,Bull Trout,R,Resident,W,Wild Fish or Natural Production,"CHIWAT - Chiwawa River Trap, 0.5 km below CHIP acclimation pond",SCREWT,Screw Trap,243,1
3DD.003D6572DE,CSS-2022-270-112.xml,CWT - Chiwawa River Weir Trap Array,10/3/2025 6:11:02 PM,10/3/2025 6:11:02 PM,Single Pass,Single Pass,9/27/2022,7,Bull Trout,R,Resident,W,Wild Fish or Natural Production,"CHIWAT - Chiwawa River Trap, 0.5 km below CHIP acclimation pond",SCREWT,Screw Trap,243,1
3DD.003D6572DE,CSS-2022-270-112.xml,UWE - Upper Wenatchee River,6/25/2024 1:57:47 AM,6/25/2024 1:57:47 AM,IN-STREAM ARRAY,IN-STREAM ARRAY,9/27/2022,7,Bull Trout,R,Resident,W,Wild Fish or Natural Production,"CHIWAT - Chiwawa River Trap, 0.5 km below CHIP acclimation pond",SCREWT,Screw Trap,243,1
3DD.003D6572DF,CSS-2022-273-112.xml,UWE - Upper Wenatchee River,9/30/2022 10:09:35 PM,9/30/2022 10:09:35 PM,IN-STREAM ARRAY,IN-STREAM ARRAY,9/30/2022,7,Bull Trout,R,Resident,W,Wild Fish or Natural Production,"CHIWAT - Chiwawa River Trap, 0.5 km below CHIP acclimation pond",SCREWT,Screw Trap,222,1
3DD.003D6572E1,CSS-2022-270-112.xml,CWT - Chiwawa River Weir Trap Array,5/29/2025 3:25:50 PM,5/29/2025 3:25:50 PM,Single Pass,Single Pass,9/27/2022,7,Bull Trout,R,Resident,W,Wild Fish or Natural Production,"CHIWAT - Chiwawa River Trap, 0.5 km below CHIP acclimation pond",SCREWT,Screw Trap,240,1
3DD.003D6572E1,CSS-2022-270-112.xml,UWE - Upper Wenatchee River,9/27/2022 10:17:38 PM,7/9/2024 2:52:21 AM,IN-STREAM ARRAY,IN-STREAM ARRAY,9/27/2022,7,Bull Trout,R,Resident,W,Wild Fish or Natural Production,"CHIWAT - Chiwawa River Trap, 0.5 km below CHIP acclimation pond",SCREWT,Screw Trap,240,1
3DD.003D6572E2,CSS-2022-283-112.xml,UWE - Upper Wenatchee River,10/11/2022 7:47:45 PM,10/11/2022 7:47:45 PM,IN-STREAM ARRAY,IN-STREAM ARRAY,10/10/2022,7,Bull Trout,R,Resident,W,Wild Fish or Natural Production,"CHIWAT - Chiwawa River Trap, 0.5 km below CHIP acclimation pond",SCREWT,Screw Trap,182,1
3DD.003D6572E3,CSS-2022-282-112.xml,UWE - Upper Wenatchee River,10/9/2022 10:29:52 PM,10/9/2022 10:29:53 PM,IN-STREAM ARRAY,IN-STREAM ARRAY,10/9/2022,7,Bull Trout,R,Resident,W,Wild Fish or Natural Production,"CHIWAT - Chiwawa River Trap, 0.5 km below CHIP acclimation pond",SCREWT,Screw Trap,201,1
3DD.003D6572E4,CSS-2022-292-112.xml,CHL - Lower Chiwawa River,10/19/2022 10:20:48 AM,10/20/2022 8:33:52 PM,LOWER IN-STREAM ARRAY,LOWER IN-STREAM ARRAY,10/19/2022,7,Bull Trout,R,Resident,W,Wild Fish or Natural Production,"CHIWAT - Chiwawa River Trap, 0.5 km below CHIP acclimation pond",SCREWT,Screw Trap,257,1
3DD.003D6572E7,CSS-2022-279-112.xml,CHL - Lower Chiwawa River,6/24/2024 7:59:57 AM,9/22/2024 1:22:36 AM,UPPER IN-STREAM ARRAY,LOWER IN-STREAM ARRAY,10/6/2022,7,Bull Trout,R,Resident,W,Wild Fish or Natural Production,"CHIWAT - Chiwawa River Trap, 0.5 km below CHIP acclimation pond",SCREWT,Screw Trap,235,1
3DD.003D6572E7,CSS-2022-279-112.xml,CHU - Upper Chiwawa River,7/13/2025 10:20:43 PM,7/31/2025 2:58:14 AM,LOWER IN-STREAM ARRAY,UPPER IN-STREAM ARRAY,10/6/2022,7,Bull Trout,R,Resident,W,Wild Fish or Natural Production,"CHIWAT - Chiwawa River Trap, 0.5 km below CHIP acclimation pond",SCREWT,Screw Trap,235,1
3DD.003D6572E7,CSS-2022-279-112.xml,CWT - Chiwawa River Weir Trap Array,8/3/2025 1:55:23 AM,8/3/2025 1:55:23 AM,Single Pass,Single Pass,10/6/2022,7,Bull Trout,R,Resident,W,Wild Fish or Natural Production,"CHIWAT - Chiwawa River Trap, 0.5 km below CHIP acclimation pond",SCREWT,Screw Trap,235,1
3DD.003D6572E8,CSS-2022-274-112.xml,UWE - Upper Wenatchee River,10/1/2022 10:44:23 PM,10/1/2022 10:44:23 PM,IN-STREAM ARRAY,IN-STREAM ARRAY,10/1/2022,7,Bull Trout,R,Resident,W,Wild Fish or Natural Production,"CHIWAT - Chiwawa River Trap, 0.5 km below CHIP acclimation pond",SCREWT,Screw Trap,220,1
3DD.003D6572EA,CSS-2022-287-112.xml,CHL - Lower Chiwawa River,10/14/2022 9:28:14 AM,2/12/2023 5:15:05 AM,LOWER IN-STREAM ARRAY,LOWER IN-STREAM ARRAY,10/14/2022,7,Bull Trout,R,Resident,W,Wild Fish or Natural Production,"CHIWAT - Chiwawa River Trap, 0.5 km below CHIP acclimation pond",SCREWT,Screw Trap,231,1
3DD.003D6572EC,CSS-2022-287-112.xml,ICL - Lower Icicle Instream Array,10/21/2022 11:57:48 PM,10/21/2022 11:58:15 PM,Downstream Array,Upstream Array,10/14/2022,7,Bull Trout,R,Resident,W,Wild Fish or Natural Production,"CHIWAT - Chiwawa River Trap, 0.5 km below CHIP acclimation pond",SCREWT,Screw Trap,200,1
3DD.003D6572EE,CSS-2022-281-112.xml,CHL - Lower Chiwawa River,10/5/2025 2:51:38 AM,10/5/2025 2:51:47 AM,UPPER IN-STREAM ARRAY,LOWER IN-STREAM ARRAY,10/8/2022,7,Bull Trout,R,Resident,W,Wild Fish or Natural Production,"CHIWAT - Chiwawa River Trap, 0.5 km below CHIP acclimation pond",SCREWT,Screw Trap,230,1
3DD.003D6572EE,CSS-2022-281-112.xml,CHU - Upper Chiwawa River,10/4/2025 7:49:41 PM,10/4/2025 7:49:51 PM,UPPER IN-STREAM ARRAY,LOWER IN-STREAM ARRAY,10/8/2022,7,Bull Trout,R,Resident,W,Wild Fish or Natural Production,"CHIWAT - Chiwawa River Trap, 0.5 km below CHIP acclimation pond",SCREWT,Screw Trap,230,1
3DD.003D6572EE,CSS-2022-281-112.xml,CWT - Chiwawa River Weir Trap Array,5/25/2025 11:50:32 PM,10/5/2025 2:36:45 AM,Single Pass,Single Pass,10/8/2022,7,Bull Trout,R,Resident,W,Wild Fish or Natural Production,"CHIWAT - Chiwawa River Trap, 0.5 km below CHIP acclimation pond",SCREWT,Screw Trap,230,1
3DD.003D6572F3,CSS-2022-290-112.xml,CHL - Lower Chiwawa River,10/17/2022 7:05:47 PM,10/17/2022 7:05:47 PM,LOWER IN-STREAM ARRAY,LOWER IN-STREAM ARRAY,10/17/2022,7,Bull Trout,R,Resident,W,Wild Fish or Natural Production,"CHIWAT - Chiwawa River Trap, 0.5 km below CHIP acclimation pond",SCREWT,Screw Trap,196,1
3DD.003D6572F3,CSS-2022-290-112.xml,UWE - Upper Wenatchee River,10/18/2022 6:52:08 PM,10/18/2022 6:52:09 PM,IN-STREAM ARRAY,IN-STREAM ARRAY,10/17/2022,7,Bull Trout,R,Resident,W,Wild Fish or Natural Production,"CHIWAT - Chiwawa River Trap, 0.5 km below CHIP acclimation pond",SCREWT,Screw Trap,196,1
3DD.003D6572F4,CSS-2022-282-112.xml,CHL - Lower Chiwawa River,10/13/2022 7:27:31 PM,10/13/2022 7:27:38 PM,UPPER IN-STREAM ARRAY,LOWER IN-STREAM ARRAY,10/9/2022,7,Bull Trout,R,Resident,W,Wild Fish or Natural Production,"CHIWAT - Chiwawa River Trap, 0.5 km below CHIP acclimation pond",SCREWT,Screw Trap,204,1
3DD.003D6572F4,CSS-2022-282-112.xml,UWE - Upper Wenatchee River,10/14/2022 3:01:29 AM,10/14/2022 3:01:29 AM,IN-STREAM ARRAY,IN-STREAM ARRAY,10/9/2022,7,Bull Trout,R,Resident,W,Wild Fish or Natural Production,"CHIWAT - Chiwawa River Trap, 0.5 km below CHIP acclimation pond",SCREWT,Screw Trap,204,1
3DD.003D6572F5,CSS-2022-283-112.xml,CHL - Lower Chiwawa River,10/12/2022 7:32:13 PM,10/12/2022 7:50:38 PM,UPPER IN-STREAM ARRAY,LOWER IN-STREAM ARRAY,10/10/2022,7,Bull Trout,R,Resident,W,Wild Fish or Natural Production,"CHIWAT - Chiwawa River Trap, 0.5 km below CHIP acclimation pond",SCREWT,Screw Trap,268,1
3DD.003D6572F5,CSS-2022-283-112.xml,UWE - Upper Wenatchee River,10/13/2022 7:13:21 PM,10/13/2022 7:13:21 PM,IN-STREAM ARRAY,IN-STREAM ARRAY,10/10/2022,7,Bull Trout,R,Resident,W,Wild Fish or Natural Production,"CHIWAT - Chiwawa River Trap, 0.5 km below CHIP acclimation pond",SCREWT,Screw Trap,268,1
3DD.003D6572F6,CSS-2022-298-112.xml,CHL - Lower Chiwawa River,10/25/2022 6:18:54 PM,10/25/2022 6:24:26 PM,LOWER IN-STREAM ARRAY,LOWER IN-STREAM ARRAY,10/25/2022,7,Bull Trout,R,Resident,W,Wild Fish or Natural Production,"CHIWAT - Chiwawa River Trap, 0.5 km below CHIP acclimation pond",SCREWT,Screw Trap,196,1
3DD.003D6572F6,CSS-2022-298-112.xml,UWE - Upper Wenatchee River,10/25/2022 10:35:52 PM,10/25/2022 10:35:52 PM,IN-STREAM ARRAY,IN-STREAM ARRAY,10/25/2022,7,Bull Trout,R,Resident,W,Wild Fish or Natural Production,"CHIWAT - Chiwawa River Trap, 0.5 km below CHIP acclimation pond",SCREWT,Screw Trap,196,1
3DD.003D6572F7,CSS-2022-291-112.xml,CHL - Lower Chiwawa River,10/18/2022 10:40:04 AM,10/18/2022 11:35:08 AM,LOWER IN-STREAM ARRAY,LOWER IN-STREAM ARRAY,10/18/2022,7,Bull Trout,R,Resident,W,Wild Fish or Natural Production,"CHIWAT - Chiwawa River Trap, 0.5 km below CHIP acclimation pond",SCREWT,Screw Trap,197,1
3DD.003D6572F8,CSS-2022-301-112.xml,UWE - Upper Wenatchee River,10/29/2022 1:10:06 AM,10/29/2022 1:10:07 AM,IN-STREAM ARRAY,IN-STREAM ARRAY,10/28/2022,7,Bull Trout,R,Resident,W,Wild Fish or Natural Production,"CHIWAT - Chiwawa River Trap, 0.5 km below CHIP acclimation pond",SCREWT,Screw Trap,192,1
3DD.003D6572F9,CSS-2022-274-112.xml,CHL - Lower Chiwawa River,4/14/2023 1:44:35 AM,4/14/2023 1:44:35 AM,UPPER IN-STREAM ARRAY,UPPER IN-STREAM ARRAY,10/1/2022,7,Bull Trout,R,Resident,W,Wild Fish or Natural Production,"CHIWAT - Chiwawa River Trap, 0.5 km below CHIP acclimation pond",SCREWT,Screw Trap,222,1
3DD.003D6572F9,CSS-2022-274-112.xml,"WTL - White River, Wenatchee Basin",7/30/2024 9:40:10 PM,10/7/2025 11:17:09 PM,LOWER IN-STREAM ARRAY,LOWER IN-STREAM ARRAY,10/1/2022,7,Bull Trout,R,Resident,W,Wild Fish or Natural Production,"CHIWAT - Chiwawa River Trap, 0.5 km below CHIP acclimation pond",SCREWT,Screw Trap,222,1
3DD.003D6572FA,CSS-2022-301-112.xml,CHL - Lower Chiwawa River,6/23/2024 3:24:18 AM,9/23/2025 10:09:55 PM,UPPER IN-STREAM ARRAY,LOWER IN-STREAM ARRAY,10/28/2022,7,Bull Trout,R,Resident,W,Wild Fish or Natural Production,"CHIWAT - Chiwawa River Trap, 0.5 km below CHIP acclimation pond",SCREWT,Screw Trap,229,1
3DD.003D6572FA,CSS-2022-301-112.xml,CHU - Upper Chiwawa River,9/14/2024 2:03:30 AM,9/23/2025 4:20:54 AM,UPPER IN-STREAM ARRAY,LOWER IN-STREAM ARRAY,10/28/2022,7,Bull Trout,R,Resident,W,Wild Fish or Natural Production,"CHIWAT - Chiwawa River Trap, 0.5 km below CHIP acclimation pond",SCREWT,Screw Trap,229,1
3DD.003D6572FA,CSS-2022-301-112.xml,LWN - Little Wenatchee River,10/22/2024 6:57:56 PM,10/31/2024 4:59:23 AM,LOWER IN-STREAM ARRAY,LOWER IN-STREAM ARRAY,10/28/2022,7,Bull Trout,R,Resident,W,Wild Fish or Natural Production,"CHIWAT - Chiwawa River Trap, 0.5 km below CHIP acclimation pond",SCREWT,Screw Trap,229,1
3DD.003D6572FA,CSS-2022-301-112.xml,UWE - Upper Wenatchee River,10/28/2022 7:44:16 PM,10/28/2022 7:44:17 PM,IN-STREAM ARRAY,IN-STREAM ARRAY,10/28/2022,7,Bull Trout,R,Resident,W,Wild Fish or Natural Production,"CHIWAT - Chiwawa River Trap, 0.5 km below CHIP acclimation pond",SCREWT,Screw Trap,229,1
3DD.003D6572FA,CSS-2022-301-112.xml,"WTL - White River, Wenatchee Basin",9/26/2024 6:54:45 PM,9/26/2024 10:15:02 PM,LOWER IN-STREAM ARRAY,LOWER IN-STREAM ARRAY,10/28/2022,7,Bull Trout,R,Resident,W,Wild Fish or Natural Production,"CHIWAT - Chiwawa River Trap, 0.5 km below CHIP acclimation pond",SCREWT,Screw Trap,229,1
3DD.003D6572FC,CSS-2022-301-112.xml,CHL - Lower Chiwawa River,9/25/2024 6:49:33 PM,9/12/2025 2:25:59 AM,UPPER IN-STREAM ARRAY,LOWER IN-STREAM ARRAY,10/28/2022,7,Bull Trout,R,Resident,W,Wild Fish or Natural Production,"CHIWAT - Chiwawa River Trap, 0.5 km below CHIP acclimation pond",SCREWT,Screw Trap,260,1
3DD.003D6572FC,CSS-2022-301-112.xml,CHU - Upper Chiwawa River,9/24/2024 2:10:48 AM,9/11/2025 1:16:42 AM,UPPER IN-STREAM ARRAY,LOWER IN-STREAM ARRAY,10/28/2022,7,Bull Trout,R,Resident,W,Wild Fish or Natural Production,"CHIWAT - Chiwawa River Trap, 0.5 km below CHIP acclimation pond",SCREWT,Screw Trap,260,1
3DD.003D6572FC,CSS-2022-301-112.xml,CWT - Chiwawa River Weir Trap Array,6/29/2025 12:24:37 AM,6/29/2025 12:24:37 AM,Single Pass,Single Pass,10/28/2022,7,Bull Trout,R,Resident,W,Wild Fish or Natural Production,"CHIWAT - Chiwawa River Trap, 0.5 km below CHIP acclimation pond",SCREWT,Screw Trap,260,1
3DD.003D6572FC,CSS-2022-301-112.xml,LWN - Little Wenatchee River,10/20/2024 10:54:20 PM,11/1/2024 9:06:30 PM,LOWER IN-STREAM ARRAY,UPPER IN-STREAM ARRAY,10/28/2022,7,Bull Trout,R,Resident,W,Wild Fish or Natural Production,"CHIWAT - Chiwawa River Trap, 0.5 km below CHIP acclimation pond",SCREWT,Screw Trap,260,1
3DD.003D6572FC,CSS-2022-301-112.xml,UWE - Upper Wenatchee River,10/28/2022 10:59:29 PM,9/25/2024 9:38:21 PM,IN-STREAM ARRAY,IN-STREAM ARRAY,10/28/2022,7,Bull Trout,R,Resident,W,Wild Fish or Natural Production,"CHIWAT - Chiwawa River Trap, 0.5 km below CHIP acclimation pond",SCREWT,Screw Trap,260,1
3DD.003D6572FC,CSS-2022-301-112.xml,"WTL - White River, Wenatchee Basin",9/28/2024 10:21:22 PM,9/29/2024 4:52:03 AM,LOWER IN-STREAM ARRAY,LOWER IN-STREAM ARRAY,10/28/2022,7,Bull Trout,R,Resident,W,Wild Fish or Natural Production,"CHIWAT - Chiwawa River Trap, 0.5 km below CHIP acclimation pond",SCREWT,Screw Trap,260,1
3DD.003D6572FD,CSS-2022-270-112.xml,UWE - Upper Wenatchee River,9/27/2022 11:37:58 PM,9/27/2022 11:37:59 PM,IN-STREAM ARRAY,IN-STREAM ARRAY,9/27/2022,7,Bull Trout,R,Resident,W,Wild Fish or Natural Production,"CHIWAT - Chiwawa River Trap, 0.5 km below CHIP acclimation pond",SCREWT,Screw Trap,212,1
3DD.003D6572FE,CSS-2022-282-112.xml,UWE - Upper Wenatchee River,10/11/2022 5:50:34 AM,10/11/2022 5:31:04 PM,IN-STREAM ARRAY,IN-STREAM ARRAY,10/9/2022,7,Bull Trout,R,Resident,W,Wild Fish or Natural Production,"CHIWAT - Chiwawa River Trap, 0.5 km below CHIP acclimation pond",SCREWT,Screw Trap,183,1
3DD.003D6572FF,CSS-2022-280-112.xml,CHL - Lower Chiwawa River,7/8/2023 9:40:54 PM,7/8/2023 9:41:38 PM,LOWER IN-STREAM ARRAY,UPPER IN-STREAM ARRAY,10/7/2022,7,Bull Trout,R,Resident,W,Wild Fish or Natural Production,"CHIWAT - Chiwawa River Trap, 0.5 km below CHIP acclimation pond",SCREWT,Screw Trap,238,1
3DD.003D657300,CSS-2022-273-112.xml,UWE - Upper Wenatchee River,9/30/2022 10:44:18 PM,9/30/2022 10:44:18 PM,IN-STREAM ARRAY,IN-STREAM ARRAY,9/30/2022,7,Bull Trout,R,Resident,W,Wild Fish or Natural Production,"CHIWAT - Chiwawa River Trap, 0.5 km below CHIP acclimation pond",SCREWT,Screw Trap,256,1
3DD.003D657303,CSS-2022-283-112.xml,CHL - Lower Chiwawa River,7/15/2025 1:07:30 AM,9/29/2025 12:10:52 AM,LOWER IN-STREAM ARRAY,LOWER IN-STREAM ARRAY,10/10/2022,7,Bull Trout,R,Resident,W,Wild Fish or Natural Production,"CHIWAT - Chiwawa River Trap, 0.5 km below CHIP acclimation pond",SCREWT,Screw Trap,256,1
3DD.003D657303,CSS-2022-283-112.xml,CHU - Upper Chiwawa River,9/28/2025 6:35:23 PM,9/28/2025 6:35:37 PM,UPPER IN-STREAM ARRAY,LOWER IN-STREAM ARRAY,10/10/2022,7,Bull Trout,R,Resident,W,Wild Fish or Natural Production,"CHIWAT - Chiwawa River Trap, 0.5 km below CHIP acclimation pond",SCREWT,Screw Trap,256,1
3DD.003D657303,CSS-2022-283-112.xml,CWT - Chiwawa River Weir Trap Array,7/15/2025 1:32:58 AM,7/15/2025 1:32:58 AM,Single Pass,Single Pass,10/10/2022,7,Bull Trout,R,Resident,W,Wild Fish or Natural Production,"CHIWAT - Chiwawa River Trap, 0.5 km below CHIP acclimation pond",SCREWT,Screw Trap,256,1
3DD.003D657304,CSS-2022-300-112.xml,CHL - Lower Chiwawa River,10/27/2022 8:57:42 PM,11/5/2022 2:27:17 AM,LOWER IN-STREAM ARRAY,UPPER IN-STREAM ARRAY,10/27/2022,7,Bull Trout,R,Resident,W,Wild Fish or Natural Production,"CHIWAT - Chiwawa River Trap, 0.5 km below CHIP acclimation pond",SCREWT,Screw Trap,197,1
3DD.003D657305,CSS-2022-300-112.xml,UWE - Upper Wenatchee River,11/1/2022 3:13:24 AM,11/1/2022 3:13:25 AM,IN-STREAM ARRAY,IN-STREAM ARRAY,10/27/2022,7,Bull Trout,R,Resident,W,Wild Fish or Natural Production,"CHIWAT - Chiwawa River Trap, 0.5 km below CHIP acclimation pond",SCREWT,Screw Trap,212,1
3DD.003D657307,CSS-2022-287-112.xml,CHL - Lower Chiwawa River,6/21/2024 10:53:53 PM,6/29/2025 9:37:09 PM,LOWER IN-STREAM ARRAY,UPPER IN-STREAM ARRAY,10/14/2022,7,Bull Trout,R,Resident,W,Wild Fish or Natural Production,"CHIWAT - Chiwawa River Trap, 0.5 km below CHIP acclimation pond",SCREWT,Screw Trap,249,1
3DD.003D657307,CSS-2022-287-112.xml,CHU - Upper Chiwawa River,7/11/2024 11:51:27 PM,9/29/2025 7:33:45 PM,LOWER IN-STREAM ARRAY,LOWER IN-STREAM ARRAY,10/14/2022,7,Bull Trout,R,Resident,W,Wild Fish or Natural Production,"CHIWAT - Chiwawa River Trap, 0.5 km below CHIP acclimation pond",SCREWT,Screw Trap,249,1
3DD.003D657307,CSS-2022-287-112.xml,CWT - Chiwawa River Weir Trap Array,6/29/2025 10:21:32 PM,6/29/2025 10:21:32 PM,Single Pass,Single Pass,10/14/2022,7,Bull Trout,R,Resident,W,Wild Fish or Natural Production,"CHIWAT - Chiwawa River Trap, 0.5 km below CHIP acclimation pond",SCREWT,Screw Trap,249,1
3DD.003D657307,CSS-2022-287-112.xml,LWN - Little Wenatchee River,5/27/2023 6:38:12 PM,6/17/2023 7:18:39 AM,UPPER IN-STREAM ARRAY,UPPER IN-STREAM ARRAY,10/14/2022,7,Bull Trout,R,Resident,W,Wild Fish or Natural Production,"CHIWAT - Chiwawa River Trap, 0.5 km below CHIP acclimation pond",SCREWT,Screw Trap,249,1
3DD.003D657309,CSS-2022-291-112.xml,CHL - Lower Chiwawa River,10/18/2022 7:03:07 PM,10/19/2022 7:00:05 PM,LOWER IN-STREAM ARRAY,LOWER IN-STREAM ARRAY,10/18/2022,7,Bull Trout,R,Resident,W,Wild Fish or Natural Production,"CHIWAT - Chiwawa River Trap, 0.5 km below CHIP acclimation pond",SCREWT,Screw Trap,266,1
3DD.003D657309,CSS-2022-291-112.xml,UWE - Upper Wenatchee River,10/20/2022 5:53:55 AM,10/20/2022 5:53:56 AM,IN-STREAM ARRAY,IN-STREAM ARRAY,10/18/2022,7,Bull Trout,R,Resident,W,Wild Fish or Natural Production,"CHIWAT - Chiwawa River Trap, 0.5 km below CHIP acclimation pond",SCREWT,Screw Trap,266,1
3DD.003D65730B,CSS-2022-272-112.xml,UWE - Upper Wenatchee River,9/29/2022 10:23:13 PM,9/29/2022 10:23:14 PM,IN-STREAM ARRAY,IN-STREAM ARRAY,9/29/2022,7,Bull Trout,R,Resident,W,Wild Fish or Natural Production,"CHIWAT - Chiwawa River Trap, 0.5 km below CHIP acclimation pond",SCREWT,Screw Trap,215,1
3DD.003D65730C,CSS-2022-299-112.xml,CHL - Lower Chiwawa River,10/26/2022 12:19:32 PM,10/29/2022 8:53:18 PM,UPPER IN-STREAM ARRAY,UPPER IN-STREAM ARRAY,10/26/2022,7,Bull Trout,R,Resident,W,Wild Fish or Natural Production,"CHIWAT - Chiwawa River Trap, 0.5 km below CHIP acclimation pond",SCREWT,Screw Trap,178,1
3DD.003D65730C,CSS-2022-299-112.xml,LWN - Little Wenatchee River,3/15/2023 9:30:52 PM,7/1/2023 1:07:20 AM,LOWER IN-STREAM ARRAY,UPPER IN-STREAM ARRAY,10/26/2022,7,Bull Trout,R,Resident,W,Wild Fish or Natural Production,"CHIWAT - Chiwawa River Trap, 0.5 km below CHIP acclimation pond",SCREWT,Screw Trap,178,1
3DD.003D65730C,CSS-2022-299-112.xml,UWE - Upper Wenatchee River,10/30/2022 3:06:39 AM,10/30/2022 3:06:40 AM,IN-STREAM ARRAY,IN-STREAM ARRAY,10/26/2022,7,Bull Trout,R,Resident,W,Wild Fish or Natural Production,"CHIWAT - Chiwawa River Trap, 0.5 km below CHIP acclimation pond",SCREWT,Screw Trap,178,1
3DD.003D65730D,CSS-2022-287-112.xml,CHL - Lower Chiwawa River,10/14/2022 6:11:39 PM,9/23/2025 7:35:23 PM,UPPER IN-STREAM ARRAY,LOWER IN-STREAM ARRAY,10/14/2022,7,Bull Trout,R,Resident,W,Wild Fish or Natural Production,"CHIWAT - Chiwawa River Trap, 0.5 km below CHIP acclimation pond",SCREWT,Screw Trap,248,1
3DD.003D65730D,CSS-2022-287-112.xml,CHU - Upper Chiwawa River,9/23/2025 1:02:04 AM,9/23/2025 1:02:12 AM,UPPER IN-STREAM ARRAY,LOWER IN-STREAM ARRAY,10/14/2022,7,Bull Trout,R,Resident,W,Wild Fish or Natural Production,"CHIWAT - Chiwawa River Trap, 0.5 km below CHIP acclimation pond",SCREWT,Screw Trap,248,1
3DD.003D65730D,CSS-2022-287-112.xml,CWT - Chiwawa River Weir Trap Array,6/19/2025 12:49:14 AM,6/19/2025 12:49:14 AM,Single Pass,Single Pass,10/14/2022,7,Bull Trout,R,Resident,W,Wild Fish or Natural Production,"CHIWAT - Chiwawa River Trap, 0.5 km below CHIP acclimation pond",SCREWT,Screw Trap,248,1
3DD.003D65730D,CSS-2022-287-112.xml,NAL - Lower Nason Creek,6/12/2024 9:15:34 PM,6/24/2024 10:06:39 PM,LOWER IN-STREAM ARRAY,UPPER IN-STREAM ARRAY,10/14/2022,7,Bull Trout,R,Resident,W,Wild Fish or Natural Production,"CHIWAT - Chiwawa River Trap, 0.5 km below CHIP acclimation pond",SCREWT,Screw Trap,248,1
3DD.003D65730D,CSS-2022-287-112.xml,UWE - Upper Wenatchee River,10/19/2022 6:35:19 PM,10/19/2022 6:35:19 PM,IN-STREAM ARRAY,IN-STREAM ARRAY,10/14/2022,7,Bull Trout,R,Resident,W,Wild Fish or Natural Production,"CHIWAT - Chiwawa River Trap, 0.5 km below CHIP acclimation pond",SCREWT,Screw Trap,248,1
3DD.003D657312,CSS-2022-275-112.xml,UWE - Upper Wenatchee River,10/3/2022 12:03:49 AM,10/3/2022 12:03:49 AM,IN-STREAM ARRAY,IN-STREAM ARRAY,10/2/2022,7,Bull Trout,R,Resident,W,Wild Fish or Natural Production,"CHIWAT - Chiwawa River Trap, 0.5 km below CHIP acclimation pond",SCREWT,Screw Trap,221,1
3DD.003D657313,CSS-2022-280-112.xml,UWE - Upper Wenatchee River,10/8/2022 3:38:16 AM,10/8/2022 3:38:17 AM,IN-STREAM ARRAY,IN-STREAM ARRAY,10/7/2022,7,Bull Trout,R,Resident,W,Wild Fish or Natural Production,"CHIWAT - Chiwawa River Trap, 0.5 km below CHIP acclimation pond",SCREWT,Screw Trap,212,1
3DD.003D657314,CSS-2022-299-112.xml,CHL - Lower Chiwawa River,10/26/2022 10:56:43 AM,10/31/2022 6:24:09 PM,LOWER IN-STREAM ARRAY,LOWER IN-STREAM ARRAY,10/26/2022,7,Bull Trout,R,Resident,W,Wild Fish or Natural Production,"CHIWAT - Chiwawa River Trap, 0.5 km below CHIP acclimation pond",SCREWT,Screw Trap,210,1
3DD.003D657314,CSS-2022-299-112.xml,UWE - Upper Wenatchee River,11/2/2022 2:52:51 AM,11/2/2022 2:52:52 AM,IN-STREAM ARRAY,IN-STREAM ARRAY,10/26/2022,7,Bull Trout,R,Resident,W,Wild Fish or Natural Production,"CHIWAT - Chiwawa River Trap, 0.5 km below CHIP acclimation pond",SCREWT,Screw Trap,210,1
3DD.003D657316,CSS-2022-287-112.xml,CHL - Lower Chiwawa River,10/14/2022 9:33:21 AM,9/15/2023 12:46:48 AM,UPPER IN-STREAM ARRAY,LOWER IN-STREAM ARRAY,10/14/2022,7,Bull Trout,R,Resident,W,Wild Fish or Natural Production,"CHIWAT - Chiwawa River Trap, 0.5 km below CHIP acclimation pond",SCREWT,Screw Trap,286,1
3DD.003D657316,CSS-2022-287-112.xml,CHU - Upper Chiwawa River,9/14/2023 8:43:21 PM,6/23/2025 10:02:54 PM,UPPER IN-STREAM ARRAY,UPPER IN-STREAM ARRAY,10/14/2022,7,Bull Trout,R,Resident,W,Wild Fish or Natural Production,"CHIWAT - Chiwawa River Trap, 0.5 km below CHIP acclimation pond",SCREWT,Screw Trap,286,1
3DD.003D657316,CSS-2022-287-112.xml,CWT - Chiwawa River Weir Trap Array,6/10/2025 10:39:18 PM,6/10/2025 10:39:18 PM,Single Pass,Single Pass,10/14/2022,7,Bull Trout,R,Resident,W,Wild Fish or Natural Production,"CHIWAT - Chiwawa River Trap, 0.5 km below CHIP acclimation pond",SCREWT,Screw Trap,286,1
3DD.003D657316,CSS-2022-287-112.xml,UWE - Upper Wenatchee River,10/25/2022 12:03:18 AM,9/15/2023 3:11:10 AM,IN-STREAM ARRAY,IN-STREAM ARRAY,10/14/2022,7,Bull Trout,R,Resident,W,Wild Fish or Natural Production,"CHIWAT - Chiwawa River Trap, 0.5 km below CHIP acclimation pond",SCREWT,Screw Trap,286,1
3DD.003D657317,CSS-2022-301-112.xml,UWE - Upper Wenatchee River,11/1/2022 4:51:13 PM,11/1/2022 4:51:13 PM,IN-STREAM ARRAY,IN-STREAM ARRAY,10/28/2022,7,Bull Trout,R,Resident,W,Wild Fish or Natural Production,"CHIWAT - Chiwawa River Trap, 0.5 km below CHIP acclimation pond",SCREWT,Screw Trap,199,1
3DD.003D657318,CSS-2022-301-112.xml,CHL - Lower Chiwawa River,10/28/2022 6:18:30 PM,10/31/2022 6:49:06 PM,LOWER IN-STREAM ARRAY,LOWER IN-STREAM ARRAY,10/28/2022,7,Bull Trout,R,Resident,W,Wild Fish or Natural Production,"CHIWAT - Chiwawa River Trap, 0.5 km below CHIP acclimation pond",SCREWT,Screw Trap,220,1
3DD.003D657318,CSS-2022-301-112.xml,UWE - Upper Wenatchee River,11/1/2022 1:37:07 AM,11/1/2022 1:37:07 AM,IN-STREAM ARRAY,IN-STREAM ARRAY,10/28/2022,7,Bull Trout,R,Resident,W,Wild Fish or Natural Production,"CHIWAT - Chiwawa River Trap, 0.5 km below CHIP acclimation pond",SCREWT,Screw Trap,220,1
3DD.003D657319,CSS-2022-291-112.xml,CHL - Lower Chiwawa River,10/18/2022 10:41:15 AM,10/18/2022 10:41:15 AM,UPPER IN-STREAM ARRAY,UPPER IN-STREAM ARRAY,10/18/2022,7,Bull Trout,R,Resident,W,Wild Fish or Natural Production,"CHIWAT - Chiwawa River Trap, 0.5 km below CHIP acclimation pond",SCREWT,Screw Trap,225,1
3DD.003D65731A,CSS-2022-290-112.xml,CHL - Lower Chiwawa River,10/17/2022 5:33:20 PM,11/1/2022 6:14:22 PM,LOWER IN-STREAM ARRAY,LOWER IN-STREAM ARRAY,10/17/2022,7,Bull Trout,R,Resident,W,Wild Fish or Natural Production,"CHIWAT - Chiwawa River Trap, 0.5 km below CHIP acclimation pond",SCREWT,Screw Trap,194,1
3DD.003D65731A,CSS-2022-290-112.xml,UWE - Upper Wenatchee River,11/2/2022 2:49:02 AM,11/2/2022 2:49:03 AM,IN-STREAM ARRAY,IN-STREAM ARRAY,10/17/2022,7,Bull Trout,R,Resident,W,Wild Fish or Natural Production,"CHIWAT - Chiwawa River Trap, 0.5 km below CHIP acclimation pond",SCREWT,Screw Trap,194,1
3DD.003D65731B,CSS-2022-287-112.xml,CHL - Lower Chiwawa River,2/10/2023 7:35:07 PM,9/26/2025 12:33:47 AM,UPPER IN-STREAM ARRAY,LOWER IN-STREAM ARRAY,10/14/2022,7,Bull Trout,R,Resident,W,Wild Fish or Natural Production,"CHIWAT - Chiwawa River Trap, 0.5 km below CHIP acclimation pond",SCREWT,Screw Trap,226,1
3DD.003D65731B,CSS-2022-287-112.xml,CHU - Upper Chiwawa River,7/19/2023 9:37:09 PM,9/25/2025 7:58:40 PM,LOWER IN-STREAM ARRAY,LOWER IN-STREAM ARRAY,10/14/2022,7,Bull Trout,R,Resident,W,Wild Fish or Natural Production,"CHIWAT - Chiwawa River Trap, 0.5 km below CHIP acclimation pond",SCREWT,Screw Trap,226,1
3DD.003D65731B,CSS-2022-287-112.xml,CWT - Chiwawa River Weir Trap Array,6/27/2025 10:09:26 PM,9/26/2025 12:20:36 AM,Single Pass,Single Pass,10/14/2022,7,Bull Trout,R,Resident,W,Wild Fish or Natural Production,"CHIWAT - Chiwawa River Trap, 0.5 km below CHIP acclimation pond",SCREWT,Screw Trap,226,1
3DD.003D65731B,CSS-2022-287-112.xml,UWE - Upper Wenatchee River,7/14/2023 2:34:00 AM,8/27/2024 9:27:32 PM,IN-STREAM ARRAY,IN-STREAM ARRAY,10/14/2022,7,Bull Trout,R,Resident,W,Wild Fish or Natural Production,"CHIWAT - Chiwawa River Trap, 0.5 km below CHIP acclimation pond",SCREWT,Screw Trap,226,1
3DD.003D65731C,CSS-2022-287-112.xml,CHL - Lower Chiwawa River,10/16/2022 7:17:29 PM,10/16/2022 7:17:29 PM,LOWER IN-STREAM ARRAY,LOWER IN-STREAM ARRAY,10/14/2022,7,Bull Trout,R,Resident,W,Wild Fish or Natural Production,"CHIWAT - Chiwawa River Trap, 0.5 km below CHIP acclimation pond",SCREWT,Screw Trap,214,1
3DD.003D65731C,CSS-2022-287-112.xml,TUF - Tumwater Dam Adult Fishway,7/5/2023 2:43:22 PM,7/5/2023 3:27:38 PM,WEIR 3,WEIR 17,10/14/2022,7,Bull Trout,R,Resident,W,Wild Fish or Natural Production,"CHIWAT - Chiwawa River Trap, 0.5 km below CHIP acclimation pond",SCREWT,Screw Trap,214,1
3DD.003D65731D,CSS-2022-280-112.xml,CHU - Upper Chiwawa River,10/11/2022 1:43:38 PM,10/11/2022 1:43:38 PM,UPPER IN-STREAM ARRAY,UPPER IN-STREAM ARRAY,10/7/2022,7,Bull Trout,R,Resident,W,Wild Fish or Natural Production,"CHIWAT - Chiwawa River Trap, 0.5 km below CHIP acclimation pond",SCREWT,Screw Trap,227,1
3DD.003D65731E,CSS-2022-287-112.xml,CHL - Lower Chiwawa River,10/14/2022 9:32:31 AM,10/14/2022 9:32:31 AM,UPPER IN-STREAM ARRAY,UPPER IN-STREAM ARRAY,10/14/2022,7,Bull Trout,R,Resident,W,Wild Fish or Natural Production,"CHIWAT - Chiwawa River Trap, 0.5 km below CHIP acclimation pond",SCREWT,Screw Trap,220,1
3DD.003D65731F,CSS-2022-290-112.xml,UWE - Upper Wenatchee River,10/20/2022 12:48:34 AM,10/20/2022 12:48:34 AM,IN-STREAM ARRAY,IN-STREAM ARRAY,10/17/2022,7,Bull Trout,R,Resident,W,Wild Fish or Natural Production,"CHIWAT - Chiwawa River Trap, 0.5 km below CHIP acclimation pond",SCREWT,Screw Trap,190,1
3DD.003D657320,CSS-2022-283-112.xml,UWE - Upper Wenatchee River,10/10/2022 10:26:50 PM,10/10/2022 10:26:50 PM,IN-STREAM ARRAY,IN-STREAM ARRAY,10/10/2022,7,Bull Trout,R,Resident,W,Wild Fish or Natural Production,"CHIWAT - Chiwawa River Trap, 0.5 km below CHIP acclimation pond",SCREWT,Screw Trap,216,1
3DD.003D657321,CSS-2022-299-112.xml,UWE - Upper Wenatchee River,10/27/2022 9:32:48 PM,10/27/2022 9:32:48 PM,IN-STREAM ARRAY,IN-STREAM ARRAY,10/26/2022,7,Bull Trout,R,Resident,W,Wild Fish or Natural Production,"CHIWAT - Chiwawa River Trap, 0.5 km below CHIP acclimation pond",SCREWT,Screw Trap,204,1
3DD.003D657322,CSS-2022-287-112.xml,CHL - Lower Chiwawa River,10/14/2022 9:35:48 AM,10/19/2022 10:59:24 PM,UPPER IN-STREAM ARRAY,LOWER IN-STREAM ARRAY,10/14/2022,7,Bull Trout,R,Resident,W,Wild Fish or Natural Production,"CHIWAT - Chiwawa River Trap, 0.5 km below CHIP acclimation pond",SCREWT,Screw Trap,239,1
3DD.003D657322,CSS-2022-287-112.xml,UWE - Upper Wenatchee River,10/22/2022 1:30:46 AM,10/22/2022 1:30:47 AM,IN-STREAM ARRAY,IN-STREAM ARRAY,10/14/2022,7,Bull Trout,R,Resident,W,Wild Fish or Natural Production,"CHIWAT - Chiwawa River Trap, 0.5 km below CHIP acclimation pond",SCREWT,Screw Trap,239,1
3DD.003D657323,CSS-2022-293-112.xml,UWE - Upper Wenatchee River,10/20/2022 10:15:03 PM,10/20/2022 10:15:04 PM,IN-STREAM ARRAY,IN-STREAM ARRAY,10/20/2022,7,Bull Trout,R,Resident,W,Wild Fish or Natural Production,"CHIWAT - Chiwawa River Trap, 0.5 km below CHIP acclimation pond",SCREWT,Screw Trap,211,1
3DD.003D657324,CSS-2022-301-112.xml,UWE - Upper Wenatchee River,10/28/2022 11:03:15 PM,10/28/2022 11:03:16 PM,IN-STREAM ARRAY,IN-STREAM ARRAY,10/28/2022,7,Bull Trout,R,Resident,W,Wild Fish or Natural Production,"CHIWAT - Chiwawa River Trap, 0.5 km below CHIP acclimation pond",SCREWT,Screw Trap,206,1
3DD.003D657325,CSS-2022-303-112.xml,UWE - Upper Wenatchee River,10/30/2022 8:21:38 PM,10/30/2022 8:21:39 PM,IN-STREAM ARRAY,IN-STREAM ARRAY,10/30/2022,7,Bull Trout,R,Resident,W,Wild Fish or Natural Production,"CHIWAT - Chiwawa River Trap, 0.5 km below CHIP acclimation pond",SCREWT,Screw Trap,230,1
3DD.003D657326,CSS-2022-287-112.xml,CHL - Lower Chiwawa River,10/14/2022 9:32:28 AM,10/14/2022 7:29:45 PM,UPPER IN-STREAM ARRAY,LOWER IN-STREAM ARRAY,10/14/2022,7,Bull Trout,R,Resident,W,Wild Fish or Natural Production,"CHIWAT - Chiwawa River Trap, 0.5 km below CHIP acclimation pond",SCREWT,Screw Trap,231,1
3DD.003D65732A,CSS-2022-299-112.xml,CHL - Lower Chiwawa River,10/26/2022 7:06:31 PM,10/26/2022 7:09:55 PM,LOWER IN-STREAM ARRAY,UPPER IN-STREAM ARRAY,10/26/2022,7,Bull Trout,R,Resident,W,Wild Fish or Natural Production,"CHIWAT - Chiwawa River Trap, 0.5 km below CHIP acclimation pond",SCREWT,Screw Trap,192,1
3DD.003D65732B,CSS-2022-273-112.xml,UWE - Upper Wenatchee River,9/30/2022 10:08:42 PM,9/30/2022 10:08:42 PM,IN-STREAM ARRAY,IN-STREAM ARRAY,9/30/2022,7,Bull Trout,R,Resident,W,Wild Fish or Natural Production,"CHIWAT - Chiwawa River Trap, 0.5 km below CHIP acclimation pond",SCREWT,Screw Trap,242,1
3DD.003D65732C,CSS-2022-287-112.xml,CHL - Lower Chiwawa River,10/14/2022 9:29:01 AM,7/29/2024 1:31:12 AM,UPPER IN-STREAM ARRAY,UPPER IN-STREAM ARRAY,10/14/2022,7,Bull Trout,R,Resident,W,Wild Fish or Natural Production,"CHIWAT - Chiwawa River Trap, 0.5 km below CHIP acclimation pond",SCREWT,Screw Trap,263,1
3DD.003D65732C,CSS-2022-287-112.xml,CHU - Upper Chiwawa River,7/31/2024 1:45:27 AM,7/31/2024 1:45:27 AM,LOWER IN-STREAM ARRAY,LOWER IN-STREAM ARRAY,10/14/2022,7,Bull Trout,R,Resident,W,Wild Fish or Natural Production,"CHIWAT - Chiwawa River Trap, 0.5 km below CHIP acclimation pond",SCREWT,Screw Trap,263,1
3DD.003D65732D,CSS-2022-272-112.xml,CHL - Lower Chiwawa River,6/4/2025 3:28:24 AM,6/4/2025 3:28:24 AM,LOWER IN-STREAM ARRAY,LOWER IN-STREAM ARRAY,9/29/2022,7,Bull Trout,R,Resident,W,Wild Fish or Natural Production,"CHIWAT - Chiwawa River Trap, 0.5 km below CHIP acclimation pond",SCREWT,Screw Trap,231,1
3DD.003D65732D,CSS-2022-272-112.xml,CHU - Upper Chiwawa River,6/18/2025 10:08:36 PM,6/18/2025 10:09:20 PM,LOWER IN-STREAM ARRAY,UPPER IN-STREAM ARRAY,9/29/2022,7,Bull Trout,R,Resident,W,Wild Fish or Natural Production,"CHIWAT - Chiwawa River Trap, 0.5 km below CHIP acclimation pond",SCREWT,Screw Trap,231,1
3DD.003D657330,CSS-2022-272-112.xml,UWE - Upper Wenatchee River,9/29/2022 10:31:31 PM,9/29/2022 10:31:31 PM,IN-STREAM ARRAY,IN-STREAM ARRAY,9/29/2022,7,Bull Trout,R,Resident,W,Wild Fish or Natural Production,"CHIWAT - Chiwawa River Trap, 0.5 km below CHIP acclimation pond",SCREWT,Screw Trap,245,1
3DD.003D657331,CSS-2022-280-112.xml,UWE - Upper Wenatchee River,10/9/2022 1:11:03 AM,10/9/2022 1:11:04 AM,IN-STREAM ARRAY,IN-STREAM ARRAY,10/7/2022,7,Bull Trout,R,Resident,W,Wild Fish or Natural Production,"CHIWAT - Chiwawa River Trap, 0.5 km below CHIP acclimation pond",SCREWT,Screw Trap,246,1
3DD.003D657333,CSS-2022-299-112.xml,CHL - Lower Chiwawa River,10/26/2022 6:29:47 PM,10/26/2022 6:29:47 PM,LOWER IN-STREAM ARRAY,LOWER IN-STREAM ARRAY,10/26/2022,7,Bull Trout,R,Resident,W,Wild Fish or Natural Production,"CHIWAT - Chiwawa River Trap, 0.5 km below CHIP acclimation pond",SCREWT,Screw Trap,211,1
3DD.003D657334,CSS-2022-283-112.xml,CHL - Lower Chiwawa River,7/14/2024 10:25:12 PM,7/14/2024 11:49:57 PM,LOWER IN-STREAM ARRAY,UPPER IN-STREAM ARRAY,10/10/2022,7,Bull Trout,R,Resident,W,Wild Fish or Natural Production,"CHIWAT - Chiwawa River Trap, 0.5 km below CHIP acclimation pond",SCREWT,Screw Trap,234,1
3DD.003D657334,CSS-2022-283-112.xml,UWE - Upper Wenatchee River,10/10/2022 9:59:54 PM,10/10/2022 9:59:55 PM,IN-STREAM ARRAY,IN-STREAM ARRAY,10/10/2022,7,Bull Trout,R,Resident,W,Wild Fish or Natural Production,"CHIWAT - Chiwawa River Trap, 0.5 km below CHIP acclimation pond",SCREWT,Screw Trap,234,1
3DD.003D657335,CSS-2022-301-112.xml,LWN - Little Wenatchee River,3/24/2023 12:17:30 AM,3/24/2023 12:17:35 AM,UPPER IN-STREAM ARRAY,LOWER IN-STREAM ARRAY,10/28/2022,7,Bull Trout,R,Resident,W,Wild Fish or Natural Production,"CHIWAT - Chiwawa River Trap, 0.5 km below CHIP acclimation pond",SCREWT,Screw Trap,202,1
3DD.003D657336,CSS-2022-300-112.xml,UWE - Upper Wenatchee River,10/28/2022 12:46:10 AM,10/28/2022 12:46:10 AM,IN-STREAM ARRAY,IN-STREAM ARRAY,10/27/2022,7,Bull Trout,R,Resident,W,Wild Fish or Natural Production,"CHIWAT - Chiwawa River Trap, 0.5 km below CHIP acclimation pond",SCREWT,Screw Trap,194,1
3DD.003D657338,CSS-2022-290-112.xml,CHL - Lower Chiwawa River,7/9/2025 2:11:43 AM,10/3/2025 10:53:01 PM,LOWER IN-STREAM ARRAY,LOWER IN-STREAM ARRAY,10/17/2022,7,Bull Trout,R,Resident,W,Wild Fish or Natural Production,"CHIWAT - Chiwawa River Trap, 0.5 km below CHIP acclimation pond",SCREWT,Screw Trap,191,1
3DD.003D657338,CSS-2022-290-112.xml,CHU - Upper Chiwawa River,10/3/2025 5:25:52 AM,10/3/2025 6:07:05 PM,LOWER IN-STREAM ARRAY,LOWER IN-STREAM ARRAY,10/17/2022,7,Bull Trout,R,Resident,W,Wild Fish or Natural Production,"CHIWAT - Chiwawa River Trap, 0.5 km below CHIP acclimation pond",SCREWT,Screw Trap,191,1
3DD.003D657338,CSS-2022-290-112.xml,CWT - Chiwawa River Weir Trap Array,7/9/2025 6:34:29 PM,7/9/2025 6:34:29 PM,Single Pass,Single Pass,10/17/2022,7,Bull Trout,R,Resident,W,Wild Fish or Natural Production,"CHIWAT - Chiwawa River Trap, 0.5 km below CHIP acclimation pond",SCREWT,Screw Trap,191,1
3DD.003D657338,CSS-2022-290-112.xml,NAL - Lower Nason Creek,10/21/2022 5:23:05 PM,6/10/2023 8:52:46 PM,LOWER IN-STREAM ARRAY,UPPER IN-STREAM ARRAY,10/17/2022,7,Bull Trout,R,Resident,W,Wild Fish or Natural Production,"CHIWAT - Chiwawa River Trap, 0.5 km below CHIP acclimation pond",SCREWT,Screw Trap,191,1
3DD.003D65733A,CSS-2022-273-112.xml,UWE - Upper Wenatchee River,10/1/2022 1:57:10 AM,10/1/2022 1:57:11 AM,IN-STREAM ARRAY,IN-STREAM ARRAY,9/30/2022,7,Bull Trout,R,Resident,W,Wild Fish or Natural Production,"CHIWAT - Chiwawa River Trap, 0.5 km below CHIP acclimation pond",SCREWT,Screw Trap,229,1
3DD.003D65733B,CSS-2022-292-112.xml,CHL - Lower Chiwawa River,10/19/2022 10:35:58 AM,10/31/2022 8:18:35 PM,UPPER IN-STREAM ARRAY,UPPER IN-STREAM ARRAY,10/19/2022,7,Bull Trout,R,Resident,W,Wild Fish or Natural Production,"CHIWAT - Chiwawa River Trap, 0.5 km below CHIP acclimation pond",SCREWT,Screw Trap,241,1
3DD.003D65733B,CSS-2022-292-112.xml,UWE - Upper Wenatchee River,11/1/2022 1:18:30 AM,11/1/2022 1:18:30 AM,IN-STREAM ARRAY,IN-STREAM ARRAY,10/19/2022,7,Bull Trout,R,Resident,W,Wild Fish or Natural Production,"CHIWAT - Chiwawa River Trap, 0.5 km below CHIP acclimation pond",SCREWT,Screw Trap,241,1
3DD.003D65733E,CSS-2022-299-112.xml,CHL - Lower Chiwawa River,10/26/2022 11:12:55 AM,10/31/2022 7:36:55 PM,LOWER IN-STREAM ARRAY,LOWER IN-STREAM ARRAY,10/26/2022,7,Bull Trout,R,Resident,W,Wild Fish or Natural Production,"CHIWAT - Chiwawa River Trap, 0.5 km below CHIP acclimation pond",SCREWT,Screw Trap,197,1
3DD.003D657340,CSS-2022-299-112.xml,UWE - Upper Wenatchee River,10/27/2022 6:50:35 PM,10/27/2022 6:50:35 PM,IN-STREAM ARRAY,IN-STREAM ARRAY,10/26/2022,7,Bull Trout,R,Resident,W,Wild Fish or Natural Production,"CHIWAT - Chiwawa River Trap, 0.5 km below CHIP acclimation pond",SCREWT,Screw Trap,232,1
3DD.003D657341,CSS-2022-291-112.xml,CHL - Lower Chiwawa River,7/15/2025 2:19:21 AM,9/24/2025 4:05:32 AM,LOWER IN-STREAM ARRAY,LOWER IN-STREAM ARRAY,10/18/2022,7,Bull Trout,R,Resident,W,Wild Fish or Natural Production,"CHIWAT - Chiwawa River Trap, 0.5 km below CHIP acclimation pond",SCREWT,Screw Trap,237,1
3DD.003D657341,CSS-2022-291-112.xml,CHU - Upper Chiwawa River,9/24/2025 12:39:44 AM,9/24/2025 12:39:44 AM,LOWER IN-STREAM ARRAY,LOWER IN-STREAM ARRAY,10/18/2022,7,Bull Trout,R,Resident,W,Wild Fish or Natural Production,"CHIWAT - Chiwawa River Trap, 0.5 km below CHIP acclimation pond",SCREWT,Screw Trap,237,1
3DD.003D657341,CSS-2022-291-112.xml,CWT - Chiwawa River Weir Trap Array,7/15/2025 2:50:01 AM,9/24/2025 3:56:42 AM,Single Pass,Single Pass,10/18/2022,7,Bull Trout,R,Resident,W,Wild Fish or Natural Production,"CHIWAT - Chiwawa River Trap, 0.5 km below CHIP acclimation pond",SCREWT,Screw Trap,237,1
3DD.003D657341,CSS-2022-291-112.xml,UWE - Upper Wenatchee River,10/20/2022 4:41:33 AM,10/20/2022 4:41:34 AM,IN-STREAM ARRAY,IN-STREAM ARRAY,10/18/2022,7,Bull Trout,R,Resident,W,Wild Fish or Natural Production,"CHIWAT - Chiwawa River Trap, 0.5 km below CHIP acclimation pond",SCREWT,Screw Trap,237,1
3DD.003D657B36,NBD-2025-169-001.xml,PES - Peshastin Creek,6/26/2025 10:50:49 PM,6/27/2025 3:10:02 AM,LOWER IN-STREAM ARRAY,LOWER IN-STREAM ARRAY,6/24/2025,7,Bull Trout,R,Resident,W,Wild Fish or Natural Production,DRYFBY - DRY - Release into the Forebay within 0.5 km upstream of Dam,LADDER,Adult Passage Ladder,470,1
3DD.003D657B36,NBD-2025-169-001.xml,RRF - Rocky Reach Fishway,7/13/2025 11:55:49 AM,7/13/2025 12:07:14 PM,Lower Weir,Trap,6/24/2025,7,Bull Trout,R,Resident,W,Wild Fish or Natural Production,DRYFBY - DRY - Release into the Forebay within 0.5 km upstream of Dam,LADDER,Adult Passage Ladder,470,1
3DD.003D657C54,CSS-2021-228-112.xml,NAL - Lower Nason Creek,8/19/2021 9:22:19 PM,8/19/2021 9:22:47 PM,LOWER IN-STREAM ARRAY,UPPER IN-STREAM ARRAY,8/16/2021,7,Bull Trout,R,Resident,W,Wild Fish or Natural Production,"CHIWAT - Chiwawa River Trap, 0.5 km below CHIP acclimation pond",SCREWT,Screw Trap,194,1
3DD.003D657DEE,CSS-2021-128-112.xml,UWE - Upper Wenatchee River,7/15/2021 9:14:20 AM,7/15/2021 9:14:21 AM,IN-STREAM ARRAY,IN-STREAM ARRAY,5/8/2021,7,Bull Trout,R,Resident,W,Wild Fish or Natural Production,"CHIWAT - Chiwawa River Trap, 0.5 km below CHIP acclimation pond",SCREWT,Screw Trap,141,1
3DD.003D670C74,CSS-2021-310-112.xml,UWE - Upper Wenatchee River,11/7/2021 11:07:54 AM,11/7/2021 11:07:55 AM,IN-STREAM ARRAY,IN-STREAM ARRAY,11/6/2021,7,Bull Trout,R,Resident,W,Wild Fish or Natural Production,"CHIWAT - Chiwawa River Trap, 0.5 km below CHIP acclimation pond",SCREWT,Screw Trap,206,1
3DD.003D670C94,CSS-2021-310-112.xml,UWE - Upper Wenatchee River,11/8/2021 7:45:13 AM,11/8/2021 7:45:14 AM,IN-STREAM ARRAY,IN-STREAM ARRAY,11/6/2021,7,Bull Trout,R,Resident,W,Wild Fish or Natural Production,"CHIWAT - Chiwawa River Trap, 0.5 km below CHIP acclimation pond",SCREWT,Screw Trap,220,1
3DD.003D671575,CSS-2021-273-112.xml,UWE - Upper Wenatchee River,10/1/2021 5:09:28 AM,10/1/2021 5:09:29 AM,IN-STREAM ARRAY,IN-STREAM ARRAY,9/30/2021,7,Bull Trout,R,Resident,W,Wild Fish or Natural Production,"CHIWAT - Chiwawa River Trap, 0.5 km below CHIP acclimation pond",SCREWT,Screw Trap,205,1
3DD.003D6715A4,CSS-2021-272-112.xml,UWE - Upper Wenatchee River,9/29/2021 10:19:11 PM,9/29/2021 10:19:11 PM,IN-STREAM ARRAY,IN-STREAM ARRAY,9/29/2021,7,Bull Trout,R,Resident,W,Wild Fish or Natural Production,"CHIWAT - Chiwawa River Trap, 0.5 km below CHIP acclimation pond",SCREWT,Screw Trap,270,1
3DD.003D6715A5,CSS-2021-272-112.xml,CHL - Lower Chiwawa River,7/6/2023 10:38:40 PM,9/26/2023 1:58:15 AM,LOWER IN-STREAM ARRAY,UPPER IN-STREAM ARRAY,9/29/2021,7,Bull Trout,R,Resident,W,Wild Fish or Natural Production,"CHIWAT - Chiwawa River Trap, 0.5 km below CHIP acclimation pond",SCREWT,Screw Trap,254,1
3DD.003D6715A5,CSS-2021-272-112.xml,UWE - Upper Wenatchee River,9/29/2021 10:12:11 PM,9/29/2021 10:12:12 PM,IN-STREAM ARRAY,IN-STREAM ARRAY,9/29/2021,7,Bull Trout,R,Resident,W,Wild Fish or Natural Production,"CHIWAT - Chiwawa River Trap, 0.5 km below CHIP acclimation pond",SCREWT,Screw Trap,254,1
3DD.003D671E68,CSS-2022-319-112.xml,UWE - Upper Wenatchee River,11/16/2022 7:00:37 AM,11/16/2022 7:00:37 AM,IN-STREAM ARRAY,IN-STREAM ARRAY,11/15/2022,7,Bull Trout,R,Resident,W,Wild Fish or Natural Production,"CHIWAT - Chiwawa River Trap, 0.5 km below CHIP acclimation pond",SCREWT,Screw Trap,193,1
3DD.003D671E79,CSS-2023-221-112.xml,NAL - Lower Nason Creek,8/14/2023 10:05:36 PM,8/14/2023 10:05:51 PM,LOWER IN-STREAM ARRAY,UPPER IN-STREAM ARRAY,8/9/2023,7,Bull Trout,R,Resident,W,Wild Fish or Natural Production,"CHIWAT - Chiwawa River Trap, 0.5 km below CHIP acclimation pond",SCREWT,Screw Trap,235,1
3DD.003D671E7E,CSS-2022-320-112.xml,UWE - Upper Wenatchee River,11/17/2022 6:27:13 AM,11/17/2022 6:27:13 AM,IN-STREAM ARRAY,IN-STREAM ARRAY,11/16/2022,7,Bull Trout,R,Resident,W,Wild Fish or Natural Production,"CHIWAT - Chiwawa River Trap, 0.5 km below CHIP acclimation pond",SCREWT,Screw Trap,164,1
3DD.003D671EB7,CSS-2022-320-112.xml,CHL - Lower Chiwawa River,5/5/2023 6:51:31 AM,5/5/2023 8:26:42 AM,UPPER IN-STREAM ARRAY,LOWER IN-STREAM ARRAY,11/16/2022,7,Bull Trout,R,Resident,W,Wild Fish or Natural Production,"CHIWAT - Chiwawa River Trap, 0.5 km below CHIP acclimation pond",SCREWT,Screw Trap,206,1
3DD.003D671EBC,CSS-2022-319-112.xml,NAL - Lower Nason Creek,2/19/2023 3:45:21 AM,6/29/2023 12:22:19 AM,UPPER IN-STREAM ARRAY,LOWER IN-STREAM ARRAY,11/15/2022,7,Bull Trout,R,Resident,W,Wild Fish or Natural Production,"CHIWAT - Chiwawa River Trap, 0.5 km below CHIP acclimation pond",SCREWT,Screw Trap,185,1
3DD.003D671EBC,CSS-2022-319-112.xml,UWE - Upper Wenatchee River,11/17/2022 5:54:56 PM,11/17/2022 5:54:56 PM,IN-STREAM ARRAY,IN-STREAM ARRAY,11/15/2022,7,Bull Trout,R,Resident,W,Wild Fish or Natural Production,"CHIWAT - Chiwawa River Trap, 0.5 km below CHIP acclimation pond",SCREWT,Screw Trap,185,1
3DD.003D672697,CSS-2021-331-112.xml,CHL - Lower Chiwawa River,10/8/2025 7:38:29 PM,10/8/2025 7:38:49 PM,UPPER IN-STREAM ARRAY,LOWER IN-STREAM ARRAY,11/27/2021,7,Bull Trout,R,Resident,W,Wild Fish or Natural Production,"CHIWAT - Chiwawa River Trap, 0.5 km below CHIP acclimation pond",SCREWT,Screw Trap,169,1
3DD.003D672697,CSS-2021-331-112.xml,CHU - Upper Chiwawa River,7/5/2025 1:46:04 AM,10/8/2025 1:16:57 AM,LOWER IN-STREAM ARRAY,LOWER IN-STREAM ARRAY,11/27/2021,7,Bull Trout,R,Resident,W,Wild Fish or Natural Production,"CHIWAT - Chiwawa River Trap, 0.5 km below CHIP acclimation pond",SCREWT,Screw Trap,169,1
3DD.003D672697,CSS-2021-331-112.xml,CWT - Chiwawa River Weir Trap Array,5/29/2025 9:02:37 PM,5/29/2025 9:02:37 PM,Single Pass,Single Pass,11/27/2021,7,Bull Trout,R,Resident,W,Wild Fish or Natural Production,"CHIWAT - Chiwawa River Trap, 0.5 km below CHIP acclimation pond",SCREWT,Screw Trap,169,1
3DD.003D6727AA,CSS-2024-213-112.xml,CHL - Lower Chiwawa River,7/31/2024 11:45:45 AM,8/8/2024 10:31:40 AM,LOWER IN-STREAM ARRAY,UPPER IN-STREAM ARRAY,7/31/2024,7,Bull Trout,R,Resident,W,Wild Fish or Natural Production,"CHIWAT - Chiwawa River Trap, 0.5 km below CHIP acclimation pond",SCREWT,Screw Trap,199,1
3DD.003D6727AA,CSS-2024-213-112.xml,NAL - Lower Nason Creek,8/7/2024 1:55:27 PM,8/7/2024 1:58:56 PM,LOWER IN-STREAM ARRAY,LOWER IN-STREAM ARRAY,7/31/2024,7,Bull Trout,R,Resident,W,Wild Fish or Natural Production,"CHIWAT - Chiwawa River Trap, 0.5 km below CHIP acclimation pond",SCREWT,Screw Trap,199,1
3DD.003D6727AA,CSS-2024-213-112.xml,UWE - Upper Wenatchee River,8/2/2024 9:42:57 AM,8/2/2024 9:42:57 AM,IN-STREAM ARRAY,IN-STREAM ARRAY,7/31/2024,7,Bull Trout,R,Resident,W,Wild Fish or Natural Production,"CHIWAT - Chiwawa River Trap, 0.5 km below CHIP acclimation pond",SCREWT,Screw Trap,199,1
3DD.003D672CEB,CSS-2021-318-112.xml,CHL - Lower Chiwawa River,10/1/2025 12:58:22 AM,10/1/2025 1:03:14 AM,UPPER IN-STREAM ARRAY,LOWER IN-STREAM ARRAY,11/14/2021,7,Bull Trout,R,Resident,W,Wild Fish or Natural Production,"CHIWAT - Chiwawa River Trap, 0.5 km below CHIP acclimation pond",SCREWT,Screw Trap,176,1
3DD.003D672CEB,CSS-2021-318-112.xml,CHU - Upper Chiwawa River,9/30/2025 8:05:15 PM,9/30/2025 8:05:23 PM,UPPER IN-STREAM ARRAY,LOWER IN-STREAM ARRAY,11/14/2021,7,Bull Trout,R,Resident,W,Wild Fish or Natural Production,"CHIWAT - Chiwawa River Trap, 0.5 km below CHIP acclimation pond",SCREWT,Screw Trap,176,1
3DD.003D672CEB,CSS-2021-318-112.xml,CWT - Chiwawa River Weir Trap Array,5/3/2025 8:44:10 PM,10/1/2025 12:07:59 AM,Single Pass,Single Pass,11/14/2021,7,Bull Trout,R,Resident,W,Wild Fish or Natural Production,"CHIWAT - Chiwawa River Trap, 0.5 km below CHIP acclimation pond",SCREWT,Screw Trap,176,1
3DD.003D672D03,CSS-2021-318-112.xml,UWE - Upper Wenatchee River,12/8/2021 12:15:23 PM,12/8/2021 12:15:24 PM,IN-STREAM ARRAY,IN-STREAM ARRAY,11/14/2021,7,Bull Trout,R,Resident,W,Wild Fish or Natural Production,"CHIWAT - Chiwawa River Trap, 0.5 km below CHIP acclimation pond",SCREWT,Screw Trap,167,1
3DD.003D672D1B,CSS-2021-318-112.xml,CHL - Lower Chiwawa River,11/14/2021 12:26:20 PM,10/10/2025 10:32:08 PM,LOWER IN-STREAM ARRAY,LOWER IN-STREAM ARRAY,11/14/2021,7,Bull Trout,R,Resident,W,Wild Fish or Natural Production,"CHIWAT - Chiwawa River Trap, 0.5 km below CHIP acclimation pond",SCREWT,Screw Trap,186,1
3DD.003D672D1B,CSS-2021-318-112.xml,CHU - Upper Chiwawa River,10/10/2025 2:50:12 AM,10/10/2025 2:50:34 AM,UPPER IN-STREAM ARRAY,LOWER IN-STREAM ARRAY,11/14/2021,7,Bull Trout,R,Resident,W,Wild Fish or Natural Production,"CHIWAT - Chiwawa River Trap, 0.5 km below CHIP acclimation pond",SCREWT,Screw Trap,186,1
3DD.003D672D1B,CSS-2021-318-112.xml,CWT - Chiwawa River Weir Trap Array,6/18/2025 9:15:06 PM,6/18/2025 9:15:06 PM,Single Pass,Single Pass,11/14/2021,7,Bull Trout,R,Resident,W,Wild Fish or Natural Production,"CHIWAT - Chiwawa River Trap, 0.5 km below CHIP acclimation pond",SCREWT,Screw Trap,186,1
3DD.003D672D1B,CSS-2021-318-112.xml,LWN - Little Wenatchee River,9/3/2022 8:56:13 AM,6/30/2023 11:42:13 PM,UPPER IN-STREAM ARRAY,LOWER IN-STREAM ARRAY,11/14/2021,7,Bull Trout,R,Resident,W,Wild Fish or Natural Production,"CHIWAT - Chiwawa River Trap, 0.5 km below CHIP acclimation pond",SCREWT,Screw Trap,186,1
3DD.003D672FB6,CSS-2020-272-112.xml,CHL - Lower Chiwawa River,7/30/2023 3:19:30 AM,7/30/2023 3:19:47 AM,LOWER IN-STREAM ARRAY,UPPER IN-STREAM ARRAY,9/29/2020,7,Bull Trout,R,Resident,W,Wild Fish or Natural Production,"CHIWAT - Chiwawa River Trap, 0.5 km below CHIP acclimation pond",SCREWT,Screw Trap,250,1
3DD.003D672FB6,CSS-2020-272-112.xml,CHU - Upper Chiwawa River,8/1/2023 1:32:27 AM,8/1/2023 1:32:27 AM,LOWER IN-STREAM ARRAY,LOWER IN-STREAM ARRAY,9/29/2020,7,Bull Trout,R,Resident,W,Wild Fish or Natural Production,"CHIWAT - Chiwawa River Trap, 0.5 km below CHIP acclimation pond",SCREWT,Screw Trap,250,1
3DD.003D672FB6,CSS-2020-272-112.xml,UWE - Upper Wenatchee River,10/1/2020 5:40:48 AM,10/1/2020 5:40:49 AM,IN-STREAM ARRAY,IN-STREAM ARRAY,9/29/2020,7,Bull Trout,R,Resident,W,Wild Fish or Natural Production,"CHIWAT - Chiwawa River Trap, 0.5 km below CHIP acclimation pond",SCREWT,Screw Trap,250,1
3DD.003D672FC9,CSS-2020-273-112.xml,CHL - Lower Chiwawa River,7/24/2021 8:56:44 PM,7/24/2021 8:56:44 PM,UPPER IN-STREAM ARRAY,UPPER IN-STREAM ARRAY,9/29/2020,7,Bull Trout,R,Resident,W,Wild Fish or Natural Production,"CHIWAT - Chiwawa River Trap, 0.5 km below CHIP acclimation pond",SCREWT,Screw Trap,199,1
3DD.003D672FC9,CSS-2020-273-112.xml,CHU - Upper Chiwawa River,7/30/2021 10:43:10 PM,7/30/2021 10:43:46 PM,LOWER IN-STREAM ARRAY,UPPER IN-STREAM ARRAY,9/29/2020,7,Bull Trout,R,Resident,W,Wild Fish or Natural Production,"CHIWAT - Chiwawa River Trap, 0.5 km below CHIP acclimation pond",SCREWT,Screw Trap,199,1
3DD.003D672FC9,CSS-2020-273-112.xml,ICL - Lower Icicle Instream Array,7/13/2021 9:58:13 PM,7/15/2021 12:08:30 AM,Downstream Array,Downstream Array,9/29/2020,7,Bull Trout,R,Resident,W,Wild Fish or Natural Production,"CHIWAT - Chiwawa River Trap, 0.5 km below CHIP acclimation pond",SCREWT,Screw Trap,199,1
3DD.003D672FC9,CSS-2020-273-112.xml,TUF - Tumwater Dam Adult Fishway,7/18/2021 6:15:28 PM,7/18/2021 7:06:13 PM,WEIR 3,WEIR 17,9/29/2020,7,Bull Trout,R,Resident,W,Wild Fish or Natural Production,"CHIWAT - Chiwawa River Trap, 0.5 km below CHIP acclimation pond",SCREWT,Screw Trap,199,1
3DD.003D672FC9,CSS-2020-273-112.xml,UWE - Upper Wenatchee River,9/7/2021 2:25:50 AM,9/7/2021 2:25:50 AM,IN-STREAM ARRAY,IN-STREAM ARRAY,9/29/2020,7,Bull Trout,R,Resident,W,Wild Fish or Natural Production,"CHIWAT - Chiwawa River Trap, 0.5 km below CHIP acclimation pond",SCREWT,Screw Trap,199,1
3DD.003D672FE7,CSS-2020-272-112.xml,CHL - Lower Chiwawa River,9/26/2023 11:04:19 PM,9/26/2023 11:04:31 PM,UPPER IN-STREAM ARRAY,LOWER IN-STREAM ARRAY,9/29/2020,7,Bull Trout,R,Resident,W,Wild Fish or Natural Production,"CHIWAT - Chiwawa River Trap, 0.5 km below CHIP acclimation pond",SCREWT,Screw Trap,268,1
3DD.003D672FE7,CSS-2020-272-112.xml,UWE - Upper Wenatchee River,5/11/2022 2:42:07 AM,5/11/2022 2:42:07 AM,IN-STREAM ARRAY,IN-STREAM ARRAY,9/29/2020,7,Bull Trout,R,Resident,W,Wild Fish or Natural Production,"CHIWAT - Chiwawa River Trap, 0.5 km below CHIP acclimation pond",SCREWT,Screw Trap,268,1
3DD.003D672FEA,CSS-2020-271-112.xml,CHL - Lower Chiwawa River,9/27/2020 8:22:32 AM,9/8/2025 10:37:21 PM,LOWER IN-STREAM ARRAY,LOWER IN-STREAM ARRAY,9/27/2020,7,Bull Trout,R,Resident,W,Wild Fish or Natural Production,"CHIWAT - Chiwawa River Trap, 0.5 km below CHIP acclimation pond",SCREWT,Screw Trap,233,1
3DD.003D672FEA,CSS-2020-271-112.xml,CHU - Upper Chiwawa River,6/30/2024 2:19:29 AM,9/8/2025 3:54:37 AM,UPPER IN-STREAM ARRAY,LOWER IN-STREAM ARRAY,9/27/2020,7,Bull Trout,R,Resident,W,Wild Fish or Natural Production,"CHIWAT - Chiwawa River Trap, 0.5 km below CHIP acclimation pond",SCREWT,Screw Trap,233,1
3DD.003D672FEA,CSS-2020-271-112.xml,CWT - Chiwawa River Weir Trap Array,10/4/2024 8:52:35 PM,9/8/2025 10:31:40 PM,Single Pass,Single Pass,9/27/2020,7,Bull Trout,R,Resident,W,Wild Fish or Natural Production,"CHIWAT - Chiwawa River Trap, 0.5 km below CHIP acclimation pond",SCREWT,Screw Trap,233,1
3DD.003D672FEA,CSS-2020-271-112.xml,NAL - Lower Nason Creek,3/26/2026 10:03:34 PM,5/20/2026 10:19:23 PM,UPPER IN-STREAM ARRAY,LOWER IN-STREAM ARRAY,9/27/2020,7,Bull Trout,R,Resident,W,Wild Fish or Natural Production,"CHIWAT - Chiwawa River Trap, 0.5 km below CHIP acclimation pond",SCREWT,Screw Trap,233,1
3DD.003D672FEA,CSS-2020-271-112.xml,UWE - Upper Wenatchee River,9/28/2020 6:42:02 AM,9/28/2020 6:42:03 AM,IN-STREAM ARRAY,IN-STREAM ARRAY,9/27/2020,7,Bull Trout,R,Resident,W,Wild Fish or Natural Production,"CHIWAT - Chiwawa River Trap, 0.5 km below CHIP acclimation pond",SCREWT,Screw Trap,233,1
3DD.003D67306E,CSS-2020-275-112.xml,CHL - Lower Chiwawa River,7/27/2021 4:00:55 AM,6/18/2023 3:14:03 AM,LOWER IN-STREAM ARRAY,LOWER IN-STREAM ARRAY,10/1/2020,7,Bull Trout,R,Resident,W,Wild Fish or Natural Production,"CHIWAT - Chiwawa River Trap, 0.5 km below CHIP acclimation pond",SCREWT,Screw Trap,185,1
3DD.003D67306E,CSS-2020-275-112.xml,UWE - Upper Wenatchee River,8/27/2022 3:29:17 AM,8/27/2022 3:29:17 AM,IN-STREAM ARRAY,IN-STREAM ARRAY,10/1/2020,7,Bull Trout,R,Resident,W,Wild Fish or Natural Production,"CHIWAT - Chiwawa River Trap, 0.5 km below CHIP acclimation pond",SCREWT,Screw Trap,185,1
3DD.003D673365,CSS-2020-296-112.xml,CHL - Lower Chiwawa River,6/23/2023 2:06:20 AM,6/23/2023 2:06:20 AM,LOWER IN-STREAM ARRAY,LOWER IN-STREAM ARRAY,10/22/2020,7,Bull Trout,R,Resident,W,Wild Fish or Natural Production,"CHIWAT - Chiwawa River Trap, 0.5 km below CHIP acclimation pond",SCREWT,Screw Trap,149,1
3DD.003D673365,CSS-2020-296-112.xml,UWE - Upper Wenatchee River,7/15/2021 12:51:33 AM,7/15/2021 12:51:33 AM,IN-STREAM ARRAY,IN-STREAM ARRAY,10/22/2020,7,Bull Trout,R,Resident,W,Wild Fish or Natural Production,"CHIWAT - Chiwawa River Trap, 0.5 km below CHIP acclimation pond",SCREWT,Screw Trap,149,1
3DD.003D673C1F,CSS-2021-179-112.xml,ICL - Lower Icicle Instream Array,7/16/2021 4:50:05 AM,7/16/2021 12:00:08 PM,Downstream Array,Upstream Array,6/28/2021,7,Bull Trout,R,Resident,W,Wild Fish or Natural Production,"CHIWAT - Chiwawa River Trap, 0.5 km below CHIP acclimation pond",SCREWT,Screw Trap,158,1
3DD.003D673C1F,CSS-2021-179-112.xml,ICM - Middle Icicle Instream Array,7/31/2021 1:15:42 PM,8/2/2021 9:21:26 PM,Downstream Array,Downstream Array,6/28/2021,7,Bull Trout,R,Resident,W,Wild Fish or Natural Production,"CHIWAT - Chiwawa River Trap, 0.5 km below CHIP acclimation pond",SCREWT,Screw Trap,158,1
3DD.003D6F0620,CGS-2022-181-LB1.xml,"GLC - Gold Creek, Methow River",6/30/2024 9:30:53 PM,7/1/2024 9:06:16 PM,LOWER IN-STREAM ARRAY,UPPER IN-STREAM ARRAY,8/18/2022,7,Bull Trout,R,Resident,W,Wild Fish or Natural Production,TWISPR - Twisp River,HOOK,Hook and Line,181,1
3DD.003D6F0620,CGS-2022-181-LB1.xml,LMR - Lower Methow River at Pateros,10/27/2023 5:59:12 PM,10/27/2023 5:59:19 PM,Upstream Array,Downstream Array,8/18/2022,7,Bull Trout,R,Resident,W,Wild Fish or Natural Production,TWISPR - Twisp River,HOOK,Hook and Line,181,1
3DD.003D6F0620,CGS-2022-181-LB1.xml,MRC - Methow River at Carlton,10/22/2023 5:38:12 AM,6/2/2025 10:47:17 AM,Single Array,Single Array,8/18/2022,7,Bull Trout,R,Resident,W,Wild Fish or Natural Production,TWISPR - Twisp River,HOOK,Hook and Line,181,1
3DD.003D6F0620,CGS-2022-181-LB1.xml,TWR - Lwr Twisp Rvr near MSRF Ponds,10/9/2024 2:48:48 AM,10/9/2024 2:48:52 AM,UPPER IN-STREAM ARRAY,LOWER IN-STREAM ARRAY,8/18/2022,7,Bull Trout,R,Resident,W,Wild Fish or Natural Production,TWISPR - Twisp River,HOOK,Hook and Line,181,1
3DD.003D778AC7,CGS-2020-261-UMT.xml,MSH - Methow Fish Hatchery Outfall,11/8/2020 9:31:25 PM,11/28/2020 6:45:19 AM,Trap,Trap,11/8/2020,7,Bull Trout,R,Resident,W,Wild Fish or Natural Production,METRWT - Upper Methow River Rotary Screw Trap,SCREWT,Screw Trap,357,1
3DD.003D778C2F,CGS-2020-261-UMT.xml,MRC - Methow River at Carlton,11/6/2020 7:17:32 PM,11/6/2020 7:17:32 PM,Single Array,Single Array,10/18/2020,7,Bull Trout,R,Resident,W,Wild Fish or Natural Production,METRWT - Upper Methow River Rotary Screw Trap,SCREWT,Screw Trap,245,1
3DD.003D778EB1,CGS-2020-172-CHE.xml,TWR - Lwr Twisp Rvr near MSRF Ponds,7/27/2020 10:00:36 PM,3/22/2021 8:20:07 PM,LOWER IN-STREAM ARRAY,LOWER IN-STREAM ARRAY,6/30/2020,7,Bull Trout,R,Resident,W,Wild Fish or Natural Production,CHERBT - Chewuch River Bridge Rotary Screw Trap,SCREWT,Screw Trap,177,1
3DD.003D779099,CGS-2020-261-UMT.xml,MRC - Methow River at Carlton,11/7/2020 10:01:47 PM,11/7/2020 10:01:47 PM,Single Array,Single Array,11/6/2020,7,Bull Trout,R,Resident,W,Wild Fish or Natural Production,METRWT - Upper Methow River Rotary Screw Trap,SCREWT,Screw Trap,295,1
3DD.003D8281AE,NBD-2021-142-001.json,CHW - Chiwaukum Creek,7/5/2021 2:59:36 AM,7/5/2021 3:00:00 AM,DOWNSTREAM ARRAY,UPSTREAM ARRAY,6/20/2021,7,Bull Trout,R,Resident,W,Wild Fish or Natural Production,TUMFBY - TUM - Release into the Forebay within 0.5 km upstream of Dam,LADDER,Adult Passage Ladder,570,1
3DD.003D8282F1,NBD-2021-142-001.json,CHW - Chiwaukum Creek,7/5/2021 4:10:55 AM,7/5/2021 4:11:03 AM,DOWNSTREAM ARRAY,UPSTREAM ARRAY,6/28/2021,7,Bull Trout,R,Resident,W,Wild Fish or Natural Production,TUMFBY - TUM - Release into the Forebay within 0.5 km upstream of Dam,LADDER,Adult Passage Ladder,NA,1
3DD.003D82833E,NBD-2021-142-001.json,CHW - Chiwaukum Creek,7/14/2021 6:10:36 AM,7/15/2022 12:42:38 PM,DOWNSTREAM ARRAY,UPSTREAM ARRAY,7/10/2021,7,Bull Trout,R,Resident,W,Wild Fish or Natural Production,TUMFBY - TUM - Release into the Forebay within 0.5 km upstream of Dam,LADDER,Adult Passage Ladder,410,1
3DD.003D828343,NBD-2021-142-001.json,CHW - Chiwaukum Creek,7/13/2021 12:35:32 AM,7/27/2021 5:03:26 AM,UPSTREAM ARRAY,UPSTREAM ARRAY,7/9/2021,7,Bull Trout,R,Resident,W,Wild Fish or Natural Production,TUMFBY - TUM - Release into the Forebay within 0.5 km upstream of Dam,LADDER,Adult Passage Ladder,460,1
3DD.003D82834E,NBD-2021-142-001.json,CHW - Chiwaukum Creek,7/14/2021 4:48:07 AM,8/7/2022 8:13:38 PM,UPSTREAM ARRAY,DOWNSTREAM ARRAY,7/10/2021,7,Bull Trout,R,Resident,W,Wild Fish or Natural Production,TUMFBY - TUM - Release into the Forebay within 0.5 km upstream of Dam,LADDER,Adult Passage Ladder,390,1
3DD.003D82834E,NBD-2021-142-001.json,ICL - Lower Icicle Instream Array,2/9/2022 3:24:17 AM,2/10/2022 5:07:46 AM,Downstream Array,Downstream Array,7/10/2021,7,Bull Trout,R,Resident,W,Wild Fish or Natural Production,TUMFBY - TUM - Release into the Forebay within 0.5 km upstream of Dam,LADDER,Adult Passage Ladder,390,1
3DD.003D82834E,NBD-2021-142-001.json,TUF - Tumwater Dam Adult Fishway,7/30/2022 12:55:10 PM,7/30/2022 1:57:54 PM,WEIR 3,WEIR 17,7/10/2021,7,Bull Trout,R,Resident,W,Wild Fish or Natural Production,TUMFBY - TUM - Release into the Forebay within 0.5 km upstream of Dam,LADDER,Adult Passage Ladder,390,1
3DD.003D828368,NBD-2021-142-001.json,CHW - Chiwaukum Creek,7/26/2021 10:47:46 PM,7/31/2021 11:54:12 PM,DOWNSTREAM ARRAY,UPSTREAM ARRAY,7/10/2021,7,Bull Trout,R,Resident,W,Wild Fish or Natural Production,TUMFBY - TUM - Release into the Forebay within 0.5 km upstream of Dam,LADDER,Adult Passage Ladder,520,1
3DD.003D828368,NBD-2021-142-001.json,ICL - Lower Icicle Instream Array,7/13/2021 11:54:59 PM,7/15/2021 1:06:08 AM,Downstream Array,Downstream Array,7/10/2021,7,Bull Trout,R,Resident,W,Wild Fish or Natural Production,TUMFBY - TUM - Release into the Forebay within 0.5 km upstream of Dam,LADDER,Adult Passage Ladder,520,1
3DD.003D828368,NBD-2021-142-001.json,TUF - Tumwater Dam Adult Fishway,7/20/2021 2:40:25 PM,7/20/2021 3:25:20 PM,High Flow Ladder Entrance,WEIR 17,7/10/2021,7,Bull Trout,R,Resident,W,Wild Fish or Natural Production,TUMFBY - TUM - Release into the Forebay within 0.5 km upstream of Dam,LADDER,Adult Passage Ladder,520,1
3DD.003D828369,NBD-2021-142-001.json,CHL - Lower Chiwawa River,9/24/2025 3:52:31 AM,9/24/2025 3:53:45 AM,UPPER IN-STREAM ARRAY,LOWER IN-STREAM ARRAY,7/10/2021,7,Bull Trout,R,Resident,W,Wild Fish or Natural Production,TUMFBY - TUM - Release into the Forebay within 0.5 km upstream of Dam,LADDER,Adult Passage Ladder,260,1
3DD.003D828369,NBD-2021-142-001.json,CHU - Upper Chiwawa River,9/24/2025 12:22:26 AM,9/24/2025 12:22:26 AM,LOWER IN-STREAM ARRAY,LOWER IN-STREAM ARRAY,7/10/2021,7,Bull Trout,R,Resident,W,Wild Fish or Natural Production,TUMFBY - TUM - Release into the Forebay within 0.5 km upstream of Dam,LADDER,Adult Passage Ladder,260,1
3DD.003D828369,NBD-2021-142-001.json,CWT - Chiwawa River Weir Trap Array,9/24/2025 3:42:10 AM,9/24/2025 3:42:10 AM,Single Pass,Single Pass,7/10/2021,7,Bull Trout,R,Resident,W,Wild Fish or Natural Production,TUMFBY - TUM - Release into the Forebay within 0.5 km upstream of Dam,LADDER,Adult Passage Ladder,260,1
3DD.003D828369,NBD-2021-142-001.json,UWE - Upper Wenatchee River,7/20/2021 8:49:13 PM,7/20/2021 8:49:14 PM,IN-STREAM ARRAY,IN-STREAM ARRAY,7/10/2021,7,Bull Trout,R,Resident,W,Wild Fish or Natural Production,TUMFBY - TUM - Release into the Forebay within 0.5 km upstream of Dam,LADDER,Adult Passage Ladder,260,1
3DD.003D82837F,NBD-2021-142-001.json,CHL - Lower Chiwawa River,7/18/2021 11:45:06 AM,7/18/2021 11:45:06 AM,UPPER IN-STREAM ARRAY,UPPER IN-STREAM ARRAY,7/9/2021,7,Bull Trout,R,Resident,W,Wild Fish or Natural Production,TUMFBY - TUM - Release into the Forebay within 0.5 km upstream of Dam,LADDER,Adult Passage Ladder,290,1
3DD.003D82837F,NBD-2021-142-001.json,NAL - Lower Nason Creek,9/19/2021 4:24:37 PM,9/19/2021 4:24:37 PM,UPPER IN-STREAM ARRAY,UPPER IN-STREAM ARRAY,7/9/2021,7,Bull Trout,R,Resident,W,Wild Fish or Natural Production,TUMFBY - TUM - Release into the Forebay within 0.5 km upstream of Dam,LADDER,Adult Passage Ladder,290,1
3DD.003D82837F,NBD-2021-142-001.json,UWE - Upper Wenatchee River,9/18/2021 10:17:51 PM,9/18/2021 10:17:52 PM,IN-STREAM ARRAY,IN-STREAM ARRAY,7/9/2021,7,Bull Trout,R,Resident,W,Wild Fish or Natural Production,TUMFBY - TUM - Release into the Forebay within 0.5 km upstream of Dam,LADDER,Adult Passage Ladder,290,1
3DD.003D828409,NBD-2021-142-001.json,ICL - Lower Icicle Instream Array,7/13/2021 5:54:34 PM,7/14/2021 11:39:27 PM,Downstream Array,Downstream Array,6/29/2021,7,Bull Trout,R,Resident,W,Wild Fish or Natural Production,TUMFBY - TUM - Release into the Forebay within 0.5 km upstream of Dam,LADDER,Adult Passage Ladder,NA,1
3DD.003D828409,NBD-2021-142-001.json,TUF - Tumwater Dam Adult Fishway,7/2/2021 3:04:02 PM,7/2/2021 3:55:20 PM,High Flow Ladder Entrance,WEIR 17,6/29/2021,7,Bull Trout,R,Resident,W,Wild Fish or Natural Production,TUMFBY - TUM - Release into the Forebay within 0.5 km upstream of Dam,LADDER,Adult Passage Ladder,NA,1
3DD.003D828487,NBD-2021-142-001.json,CHW - Chiwaukum Creek,7/14/2021 3:27:25 AM,7/14/2021 3:28:37 AM,DOWNSTREAM ARRAY,UPSTREAM ARRAY,7/8/2021,7,Bull Trout,R,Resident,W,Wild Fish or Natural Production,TUMFBY - TUM - Release into the Forebay within 0.5 km upstream of Dam,LADDER,Adult Passage Ladder,480,1
3DD.003D828564,NBD-2021-142-001.json,CHL - Lower Chiwawa River,8/11/2021 10:48:59 PM,9/19/2021 1:57:12 AM,LOWER IN-STREAM ARRAY,LOWER IN-STREAM ARRAY,7/4/2021,7,Bull Trout,R,Resident,W,Wild Fish or Natural Production,TUMFBY - TUM - Release into the Forebay within 0.5 km upstream of Dam,LADDER,Adult Passage Ladder,280,1
3DD.003D828564,NBD-2021-142-001.json,CHU - Upper Chiwawa River,9/18/2021 7:01:21 PM,9/18/2021 7:01:21 PM,LOWER IN-STREAM ARRAY,LOWER IN-STREAM ARRAY,7/4/2021,7,Bull Trout,R,Resident,W,Wild Fish or Natural Production,TUMFBY - TUM - Release into the Forebay within 0.5 km upstream of Dam,LADDER,Adult Passage Ladder,280,1
3DD.003D828564,NBD-2021-142-001.json,UWE - Upper Wenatchee River,9/19/2021 8:28:47 PM,5/7/2023 12:20:42 AM,IN-STREAM ARRAY,IN-STREAM ARRAY,7/4/2021,7,Bull Trout,R,Resident,W,Wild Fish or Natural Production,TUMFBY - TUM - Release into the Forebay within 0.5 km upstream of Dam,LADDER,Adult Passage Ladder,280,1
3DD.003D828637,NBD-2021-142-001.json,CHW - Chiwaukum Creek,7/10/2021 12:11:23 AM,7/10/2021 12:16:02 AM,DOWNSTREAM ARRAY,UPSTREAM ARRAY,7/6/2021,7,Bull Trout,R,Resident,W,Wild Fish or Natural Production,TUMFBY - TUM - Release into the Forebay within 0.5 km upstream of Dam,LADDER,Adult Passage Ladder,NA,1
3DD.003D82868F,NBD-2021-142-001.json,CHL - Lower Chiwawa River,9/18/2021 10:28:32 PM,9/18/2021 10:28:32 PM,UPPER IN-STREAM ARRAY,UPPER IN-STREAM ARRAY,7/12/2021,7,Bull Trout,R,Resident,W,Wild Fish or Natural Production,TUMFBY - TUM - Release into the Forebay within 0.5 km upstream of Dam,LADDER,Adult Passage Ladder,460,1
3DD.003D82868F,NBD-2021-142-001.json,CHU - Upper Chiwawa River,7/21/2021 4:57:31 AM,7/21/2021 10:09:25 PM,LOWER IN-STREAM ARRAY,LOWER IN-STREAM ARRAY,7/12/2021,7,Bull Trout,R,Resident,W,Wild Fish or Natural Production,TUMFBY - TUM - Release into the Forebay within 0.5 km upstream of Dam,LADDER,Adult Passage Ladder,460,1
3DD.003D82868F,NBD-2021-142-001.json,CHW - Chiwaukum Creek,11/4/2022 6:26:35 PM,6/10/2023 3:29:06 AM,DOWNSTREAM ARRAY,UPSTREAM ARRAY,7/12/2021,7,Bull Trout,R,Resident,W,Wild Fish or Natural Production,TUMFBY - TUM - Release into the Forebay within 0.5 km upstream of Dam,LADDER,Adult Passage Ladder,460,1
3DD.003D82CFC3,CGS-2021-180-LB1.xml,MRC - Methow River at Carlton,2/2/2025 6:38:59 PM,5/25/2025 11:38:28 PM,Single Array,Single Array,7/15/2021,7,Bull Trout,R,Resident,W,Wild Fish or Natural Production,TWISPR - Twisp River,HOOK,Hook and Line,175,1
3DD.003D82CFC3,CGS-2021-180-LB1.xml,MRW - Methow River at Winthrop,7/15/2023 11:03:23 PM,9/8/2023 12:51:05 AM,DOWNSTREAM ARRAY,UPSTREAM ARRAY,7/15/2021,7,Bull Trout,R,Resident,W,Wild Fish or Natural Production,TWISPR - Twisp River,HOOK,Hook and Line,175,1
3DD.003D82CFC3,CGS-2021-180-LB1.xml,TWR - Lwr Twisp Rvr near MSRF Ponds,8/30/2021 12:25:57 AM,10/20/2024 7:32:22 PM,UPPER IN-STREAM ARRAY,LOWER IN-STREAM ARRAY,7/15/2021,7,Bull Trout,R,Resident,W,Wild Fish or Natural Production,TWISPR - Twisp River,HOOK,Hook and Line,175,1
3DD.003D82D01F,CGS-2021-180-LB1.xml,MRC - Methow River at Carlton,11/3/2022 1:27:21 AM,11/3/2022 1:27:21 AM,Single Array,Single Array,8/20/2021,7,Bull Trout,R,Resident,W,Wild Fish or Natural Production,TWISPR - Twisp River,HOOK,Hook and Line,170,1
3DD.003D82D01F,CGS-2021-180-LB1.xml,TWR - Lwr Twisp Rvr near MSRF Ponds,9/19/2022 9:41:41 PM,9/19/2022 9:42:00 PM,UPPER IN-STREAM ARRAY,LOWER IN-STREAM ARRAY,8/20/2021,7,Bull Trout,R,Resident,W,Wild Fish or Natural Production,TWISPR - Twisp River,HOOK,Hook and Line,170,1
3DD.003D82D0C5,CGS-2021-180-LB1.xml,TWR - Lwr Twisp Rvr near MSRF Ponds,10/16/2021 4:39:31 AM,10/16/2021 4:39:35 AM,UPPER IN-STREAM ARRAY,LOWER IN-STREAM ARRAY,7/30/2021,7,Bull Trout,R,Resident,W,Wild Fish or Natural Production,TWISPR - Twisp River,HOOK,Hook and Line,207,1
3DD.003D82D0C9,CGS-2021-180-LB1.xml,MRC - Methow River at Carlton,12/18/2021 5:29:31 AM,12/18/2021 5:29:31 AM,Single Array,Single Array,7/30/2021,7,Bull Trout,R,Resident,W,Wild Fish or Natural Production,TWISPR - Twisp River,HOOK,Hook and Line,225,1
3DD.003D82D0C9,CGS-2021-180-LB1.xml,TWR - Lwr Twisp Rvr near MSRF Ponds,11/21/2021 1:24:06 AM,11/21/2021 1:24:06 AM,UPPER IN-STREAM ARRAY,UPPER IN-STREAM ARRAY,7/30/2021,7,Bull Trout,R,Resident,W,Wild Fish or Natural Production,TWISPR - Twisp River,HOOK,Hook and Line,225,1
3DD.003D82D0CE,CGS-2021-180-LB1.xml,MRC - Methow River at Carlton,12/24/2023 8:16:24 PM,6/5/2024 2:07:56 AM,Single Array,Single Array,7/28/2021,7,Bull Trout,R,Resident,W,Wild Fish or Natural Production,TWISPR - Twisp River,HOOK,Hook and Line,151,1
3DD.003D82D0D5,CGS-2021-180-LB1.xml,TWR - Lwr Twisp Rvr near MSRF Ponds,12/7/2021 8:00:51 PM,12/7/2021 8:00:51 PM,LOWER IN-STREAM ARRAY,LOWER IN-STREAM ARRAY,7/29/2021,7,Bull Trout,R,Resident,W,Wild Fish or Natural Production,TWISPR - Twisp River,HOOK,Hook and Line,205,1
3DD.003D82D1C9,CGS-2021-180-LB1.xml,TWR - Lwr Twisp Rvr near MSRF Ponds,9/26/2021 7:57:27 PM,9/26/2021 7:57:27 PM,LOWER IN-STREAM ARRAY,LOWER IN-STREAM ARRAY,8/30/2021,7,Bull Trout,R,Resident,W,Wild Fish or Natural Production,TWISPR - Twisp River,HOOK,Hook and Line,195,1
3DD.003D937175,CGS-2021-264-LF1.xml,TWR - Lwr Twisp Rvr near MSRF Ponds,8/10/2022 7:44:13 PM,8/10/2022 7:44:13 PM,UPPER IN-STREAM ARRAY,UPPER IN-STREAM ARRAY,10/6/2021,7,Bull Trout,R,Resident,W,Wild Fish or Natural Production,TWISPR - Twisp River,SHOCK,Electro-Shock,140,1
3DD.003D937179,CGS-2021-264-LF1.xml,MRC - Methow River at Carlton,12/3/2023 2:51:51 AM,12/3/2023 2:51:51 AM,Single Array,Single Array,10/6/2021,7,Bull Trout,R,Resident,W,Wild Fish or Natural Production,TWISPR - Twisp River,SHOCK,Electro-Shock,80,1
3DD.003D937179,CGS-2021-264-LF1.xml,TWR - Lwr Twisp Rvr near MSRF Ponds,11/10/2023 3:11:15 AM,11/10/2023 3:11:21 AM,UPPER IN-STREAM ARRAY,LOWER IN-STREAM ARRAY,10/6/2021,7,Bull Trout,R,Resident,W,Wild Fish or Natural Production,TWISPR - Twisp River,SHOCK,Electro-Shock,80,1
3DD.003D937180,CGS-2021-264-LF1.xml,RRJ - Rocky Reach Dam Juvenile,5/24/2023 5:05:28 AM,5/24/2023 5:05:28 AM,DSM Bypass Surface Collector,DSM Bypass Surface Collector,10/7/2021,7,Bull Trout,R,Resident,W,Wild Fish or Natural Production,TWISPR - Twisp River,SHOCK,Electro-Shock,90,1
3DD.003D937185,CGS-2021-264-LF1.xml,LMR - Lower Methow River at Pateros,10/25/2022 9:30:51 PM,10/25/2022 9:30:51 PM,Upstream Array,Upstream Array,10/6/2021,7,Bull Trout,R,Resident,W,Wild Fish or Natural Production,TWISPR - Twisp River,SHOCK,Electro-Shock,146,1
3DD.003D937185,CGS-2021-264-LF1.xml,MRC - Methow River at Carlton,10/23/2022 9:22:33 PM,10/23/2022 9:22:33 PM,Single Array,Single Array,10/6/2021,7,Bull Trout,R,Resident,W,Wild Fish or Natural Production,TWISPR - Twisp River,SHOCK,Electro-Shock,146,1
3DD.003D9371FC,CGS-2020-120-WL1.xml,MRC - Methow River at Carlton,6/12/2020 3:37:12 AM,6/12/2020 3:37:12 AM,Single Array,Single Array,5/23/2020,7,Bull Trout,R,Resident,W,Wild Fish or Natural Production,WELLD2 - WEL - Release into the West Adult Fish Ladder,LADDER,Adult Passage Ladder,540,1
3DD.003D9371FC,CGS-2020-120-WL1.xml,"WEA - Wells Dam, DCPUD Adult Ladders",5/23/2020 12:29:45 PM,5/23/2020 1:00:15 PM,Right Ladder Pool 67,Right Ladder Pool 68,5/23/2020,7,Bull Trout,R,Resident,W,Wild Fish or Natural Production,WELLD2 - WEL - Release into the West Adult Fish Ladder,LADDER,Adult Passage Ladder,540,1
3DD.003D9371FC,CGS-2020-120-WL1.xml,WEH - Wells Dam Hatchery,5/23/2020 8:17:11 AM,5/23/2020 8:17:11 AM,Adult Fish Handling Facility Exit to Truck,Adult Fish Handling Facility Exit to Truck,5/23/2020,7,Bull Trout,R,Resident,W,Wild Fish or Natural Production,WELLD2 - WEL - Release into the West Adult Fish Ladder,LADDER,Adult Passage Ladder,540,1
3DD.003D937B3C,CGS-2023-045-001.xml,TWR - Lwr Twisp Rvr near MSRF Ponds,9/25/2023 2:49:28 AM,9/25/2023 2:49:32 AM,UPPER IN-STREAM ARRAY,LOWER IN-STREAM ARRAY,3/23/2023,7,Bull Trout,R,Resident,W,Wild Fish or Natural Production,METHR - Methow River,HOOK,Hook and Line,360,1
3DD.003D93F7DE,CSS-2022-316-112.xml,CHL - Lower Chiwawa River,11/12/2022 8:00:54 PM,1/21/2023 6:00:55 PM,UPPER IN-STREAM ARRAY,LOWER IN-STREAM ARRAY,11/12/2022,7,Bull Trout,R,Resident,W,Wild Fish or Natural Production,"CHIWAT - Chiwawa River Trap, 0.5 km below CHIP acclimation pond",SCREWT,Screw Trap,193,1
3DD.003D93F82A,CSS-2022-316-112.xml,CHL - Lower Chiwawa River,11/12/2022 7:56:55 PM,11/13/2022 12:41:22 AM,UPPER IN-STREAM ARRAY,LOWER IN-STREAM ARRAY,11/12/2022,7,Bull Trout,R,Resident,W,Wild Fish or Natural Production,"CHIWAT - Chiwawa River Trap, 0.5 km below CHIP acclimation pond",SCREWT,Screw Trap,208,1
3DD.003D93F836,CSS-2022-316-112.xml,UWE - Upper Wenatchee River,11/13/2022 7:04:26 AM,11/13/2022 7:04:27 AM,IN-STREAM ARRAY,IN-STREAM ARRAY,11/12/2022,7,Bull Trout,R,Resident,W,Wild Fish or Natural Production,"CHIWAT - Chiwawa River Trap, 0.5 km below CHIP acclimation pond",SCREWT,Screw Trap,194,1
3DD.003D93F83C,CSS-2022-316-112.xml,UWE - Upper Wenatchee River,11/13/2022 12:50:10 AM,11/13/2022 12:50:11 AM,IN-STREAM ARRAY,IN-STREAM ARRAY,11/12/2022,7,Bull Trout,R,Resident,W,Wild Fish or Natural Production,"CHIWAT - Chiwawa River Trap, 0.5 km below CHIP acclimation pond",SCREWT,Screw Trap,228,1
3DD.003D980F40,CGS-2018-039-001.xml,ENL - Lower Entiat River,3/20/2022 10:35:25 PM,3/21/2022 5:52:58 PM,Downstream Array,Upstream Array,2/17/2022,7,Bull Trout,R,Resident,W,Wild Fish or Natural Production,METHR - Methow River,HOOK,Hook and Line,430,1
3DD.003D99A6E0,CSS-2024-214-112.xml,NAL - Lower Nason Creek,8/5/2024 11:29:19 PM,8/5/2024 11:29:46 PM,LOWER IN-STREAM ARRAY,UPPER IN-STREAM ARRAY,8/1/2024,7,Bull Trout,R,Resident,W,Wild Fish or Natural Production,"CHIWAT - Chiwawa River Trap, 0.5 km below CHIP acclimation pond",SCREWT,Screw Trap,269,1
3DD.003D99A70A,CSS-2024-215-112.xml,CHL - Lower Chiwawa River,8/2/2024 10:58:51 AM,8/2/2024 8:16:08 PM,LOWER IN-STREAM ARRAY,LOWER IN-STREAM ARRAY,8/2/2024,7,Bull Trout,R,Resident,W,Wild Fish or Natural Production,"CHIWAT - Chiwawa River Trap, 0.5 km below CHIP acclimation pond",SCREWT,Screw Trap,216,1
3DD.003D99A733,CSS-2024-257-112.xml,UWE - Upper Wenatchee River,9/13/2024 10:18:22 PM,9/13/2024 10:18:22 PM,IN-STREAM ARRAY,IN-STREAM ARRAY,9/13/2024,7,Bull Trout,R,Resident,W,Wild Fish or Natural Production,"CHIWAT - Chiwawa River Trap, 0.5 km below CHIP acclimation pond",SCREWT,Screw Trap,212,1
3DD.003D99A736,CSS-2024-246-112.xml,UWE - Upper Wenatchee River,9/3/2024 12:25:01 AM,9/3/2024 12:25:01 AM,IN-STREAM ARRAY,IN-STREAM ARRAY,9/2/2024,7,Bull Trout,R,Resident,W,Wild Fish or Natural Production,"CHIWAT - Chiwawa River Trap, 0.5 km below CHIP acclimation pond",SCREWT,Screw Trap,212,1
3DD.003D99A73C,CSS-2024-245-112.xml,UWE - Upper Wenatchee River,9/8/2024 9:46:56 PM,9/8/2024 9:46:56 PM,IN-STREAM ARRAY,IN-STREAM ARRAY,9/1/2024,7,Bull Trout,R,Resident,W,Wild Fish or Natural Production,"CHIWAT - Chiwawa River Trap, 0.5 km below CHIP acclimation pond",SCREWT,Screw Trap,315,1
3DD.003D99A76D,CSS-2024-245-112.xml,NAL - Lower Nason Creek,9/2/2024 10:05:16 PM,9/2/2024 10:06:13 PM,LOWER IN-STREAM ARRAY,UPPER IN-STREAM ARRAY,9/1/2024,7,Bull Trout,R,Resident,W,Wild Fish or Natural Production,"CHIWAT - Chiwawa River Trap, 0.5 km below CHIP acclimation pond",SCREWT,Screw Trap,185,1
3DD.003D99A76D,CSS-2024-245-112.xml,UWE - Upper Wenatchee River,9/2/2024 12:41:25 AM,9/2/2024 12:41:25 AM,IN-STREAM ARRAY,IN-STREAM ARRAY,9/1/2024,7,Bull Trout,R,Resident,W,Wild Fish or Natural Production,"CHIWAT - Chiwawa River Trap, 0.5 km below CHIP acclimation pond",SCREWT,Screw Trap,185,1
3DD.003D99A771,CSS-2024-257-112.xml,UWE - Upper Wenatchee River,9/14/2024 7:02:30 PM,9/14/2024 7:02:30 PM,IN-STREAM ARRAY,IN-STREAM ARRAY,9/13/2024,7,Bull Trout,R,Resident,W,Wild Fish or Natural Production,"CHIWAT - Chiwawa River Trap, 0.5 km below CHIP acclimation pond",SCREWT,Screw Trap,229,1
3DD.003D99A77A,CSS-2024-245-112.xml,UWE - Upper Wenatchee River,9/3/2024 11:08:51 PM,9/3/2024 11:08:51 PM,IN-STREAM ARRAY,IN-STREAM ARRAY,9/1/2024,7,Bull Trout,R,Resident,W,Wild Fish or Natural Production,"CHIWAT - Chiwawa River Trap, 0.5 km below CHIP acclimation pond",SCREWT,Screw Trap,264,1
3DD.003D99A784,CSS-2024-246-112.xml,CHU - Upper Chiwawa River,9/6/2024 12:16:35 AM,9/6/2024 12:16:35 AM,UPPER IN-STREAM ARRAY,UPPER IN-STREAM ARRAY,9/2/2024,7,Bull Trout,R,Resident,W,Wild Fish or Natural Production,"CHIWAT - Chiwawa River Trap, 0.5 km below CHIP acclimation pond",SCREWT,Screw Trap,238,1
3DD.003D99A786,CSS-2024-245-112.xml,UWE - Upper Wenatchee River,9/4/2024 3:17:31 PM,9/4/2024 3:20:38 PM,IN-STREAM ARRAY,IN-STREAM ARRAY,9/1/2024,7,Bull Trout,R,Resident,W,Wild Fish or Natural Production,"CHIWAT - Chiwawa River Trap, 0.5 km below CHIP acclimation pond",SCREWT,Screw Trap,255,1
3DD.003D99A790,CSS-2024-245-112.xml,CHL - Lower Chiwawa River,7/11/2025 10:11:36 PM,10/1/2025 9:51:34 PM,LOWER IN-STREAM ARRAY,LOWER IN-STREAM ARRAY,9/1/2024,7,Bull Trout,R,Resident,W,Wild Fish or Natural Production,"CHIWAT - Chiwawa River Trap, 0.5 km below CHIP acclimation pond",SCREWT,Screw Trap,241,1
3DD.003D99A790,CSS-2024-245-112.xml,CHU - Upper Chiwawa River,9/30/2025 4:28:47 AM,9/30/2025 4:29:08 AM,UPPER IN-STREAM ARRAY,LOWER IN-STREAM ARRAY,9/1/2024,7,Bull Trout,R,Resident,W,Wild Fish or Natural Production,"CHIWAT - Chiwawa River Trap, 0.5 km below CHIP acclimation pond",SCREWT,Screw Trap,241,1
3DD.003D99A790,CSS-2024-245-112.xml,CWT - Chiwawa River Weir Trap Array,7/13/2025 9:51:22 PM,10/1/2025 9:37:18 PM,Single Pass,Single Pass,9/1/2024,7,Bull Trout,R,Resident,W,Wild Fish or Natural Production,"CHIWAT - Chiwawa River Trap, 0.5 km below CHIP acclimation pond",SCREWT,Screw Trap,241,1
3DD.003D99A790,CSS-2024-245-112.xml,TUF - Tumwater Dam Adult Fishway,7/2/2025 10:58:43 AM,7/5/2025 3:15:45 PM,High Flow Ladder Entrance,WEIR 17,9/1/2024,7,Bull Trout,R,Resident,W,Wild Fish or Natural Production,"CHIWAT - Chiwawa River Trap, 0.5 km below CHIP acclimation pond",SCREWT,Screw Trap,241,1
3DD.003D99A791,CSS-2024-246-112.xml,UWE - Upper Wenatchee River,9/2/2024 10:51:38 PM,9/2/2024 10:51:38 PM,IN-STREAM ARRAY,IN-STREAM ARRAY,9/2/2024,7,Bull Trout,R,Resident,W,Wild Fish or Natural Production,"CHIWAT - Chiwawa River Trap, 0.5 km below CHIP acclimation pond",SCREWT,Screw Trap,189,1
3DD.003D99AA52,CSS-2023-317-112.xml,UWE - Upper Wenatchee River,11/14/2023 10:51:39 PM,11/14/2023 10:51:39 PM,IN-STREAM ARRAY,IN-STREAM ARRAY,11/13/2023,7,Bull Trout,R,Resident,W,Wild Fish or Natural Production,"CHIWAT - Chiwawa River Trap, 0.5 km below CHIP acclimation pond",SCREWT,Screw Trap,201,1
3DD.003D99AA75,CSS-2023-317-112.xml,UWE - Upper Wenatchee River,11/14/2023 6:04:01 PM,11/14/2023 6:04:01 PM,IN-STREAM ARRAY,IN-STREAM ARRAY,11/13/2023,7,Bull Trout,R,Resident,W,Wild Fish or Natural Production,"CHIWAT - Chiwawa River Trap, 0.5 km below CHIP acclimation pond",SCREWT,Screw Trap,179,1
3DD.003D99AA7F,CSS-2023-316-112.xml,UWE - Upper Wenatchee River,11/13/2023 11:57:32 AM,11/13/2023 11:57:32 AM,IN-STREAM ARRAY,IN-STREAM ARRAY,11/12/2023,7,Bull Trout,R,Resident,W,Wild Fish or Natural Production,"CHIWAT - Chiwawa River Trap, 0.5 km below CHIP acclimation pond",SCREWT,Screw Trap,222,1
3DD.003D99AEA0,CSS-2023-310-112.xml,UWE - Upper Wenatchee River,11/10/2023 3:44:20 AM,11/10/2023 3:44:20 AM,IN-STREAM ARRAY,IN-STREAM ARRAY,11/6/2023,7,Bull Trout,R,Resident,W,Wild Fish or Natural Production,"CHIWAT - Chiwawa River Trap, 0.5 km below CHIP acclimation pond",SCREWT,Screw Trap,200,1
3DD.003D99AEC4,CSS-2023-310-112.xml,CHL - Lower Chiwawa River,11/12/2023 7:57:12 PM,11/12/2023 7:57:19 PM,UPPER IN-STREAM ARRAY,LOWER IN-STREAM ARRAY,11/6/2023,7,Bull Trout,R,Resident,W,Wild Fish or Natural Production,"CHIWAT - Chiwawa River Trap, 0.5 km below CHIP acclimation pond",SCREWT,Screw Trap,216,1
3DD.003D99AEC4,CSS-2023-310-112.xml,UWE - Upper Wenatchee River,11/13/2023 8:05:02 PM,11/13/2023 8:05:02 PM,IN-STREAM ARRAY,IN-STREAM ARRAY,11/6/2023,7,Bull Trout,R,Resident,W,Wild Fish or Natural Production,"CHIWAT - Chiwawa River Trap, 0.5 km below CHIP acclimation pond",SCREWT,Screw Trap,216,1
3DD.003D99C496,CSS-2022-171-112.xml,CHU - Upper Chiwawa River,7/8/2025 2:29:58 AM,7/8/2025 2:29:58 AM,UPPER IN-STREAM ARRAY,UPPER IN-STREAM ARRAY,6/20/2022,7,Bull Trout,R,Resident,W,Wild Fish or Natural Production,"CHIWAT - Chiwawa River Trap, 0.5 km below CHIP acclimation pond",SCREWT,Screw Trap,171,1
3DD.003D99C496,CSS-2022-171-112.xml,CWT - Chiwawa River Weir Trap Array,6/22/2025 10:39:20 PM,6/22/2025 10:39:20 PM,Single Pass,Single Pass,6/20/2022,7,Bull Trout,R,Resident,W,Wild Fish or Natural Production,"CHIWAT - Chiwawa River Trap, 0.5 km below CHIP acclimation pond",SCREWT,Screw Trap,171,1
3DD.003D99C8DD,CSS-2022-303-112.xml,UWE - Upper Wenatchee River,11/4/2022 5:36:32 AM,11/4/2022 5:36:32 AM,IN-STREAM ARRAY,IN-STREAM ARRAY,10/30/2022,7,Bull Trout,R,Resident,W,Wild Fish or Natural Production,"CHIWAT - Chiwawa River Trap, 0.5 km below CHIP acclimation pond",SCREWT,Screw Trap,229,1
3DD.003D99D71D,CSS-2022-251-112.xml,CHL - Lower Chiwawa River,7/3/2023 3:52:17 AM,8/3/2023 11:38:59 PM,UPPER IN-STREAM ARRAY,LOWER IN-STREAM ARRAY,9/8/2022,7,Bull Trout,R,Resident,W,Wild Fish or Natural Production,"CHIWAT - Chiwawa River Trap, 0.5 km below CHIP acclimation pond",SCREWT,Screw Trap,263,1
3DD.003D99D71D,CSS-2022-251-112.xml,CHU - Upper Chiwawa River,7/20/2023 8:50:50 PM,8/3/2023 1:43:27 AM,LOWER IN-STREAM ARRAY,LOWER IN-STREAM ARRAY,9/8/2022,7,Bull Trout,R,Resident,W,Wild Fish or Natural Production,"CHIWAT - Chiwawa River Trap, 0.5 km below CHIP acclimation pond",SCREWT,Screw Trap,263,1
3DD.003D99DCBB,CSS-2022-318-112.xml,UWE - Upper Wenatchee River,11/15/2022 6:43:47 PM,11/15/2022 6:43:48 PM,IN-STREAM ARRAY,IN-STREAM ARRAY,11/14/2022,7,Bull Trout,R,Resident,W,Wild Fish or Natural Production,"CHIWAT - Chiwawa River Trap, 0.5 km below CHIP acclimation pond",SCREWT,Screw Trap,205,1
3DD.003D99E2F8,CSS-2022-169-112.xml,NAL - Lower Nason Creek,7/10/2022 2:33:00 AM,7/10/2022 2:33:00 AM,LOWER IN-STREAM ARRAY,LOWER IN-STREAM ARRAY,6/18/2022,7,Bull Trout,R,Resident,W,Wild Fish or Natural Production,"CHIWAT - Chiwawa River Trap, 0.5 km below CHIP acclimation pond",SCREWT,Screw Trap,120,1
3DD.003D99E9B2,CSS-2022-306-112.xml,UWE - Upper Wenatchee River,11/3/2022 12:52:53 AM,11/3/2022 12:52:53 AM,IN-STREAM ARRAY,IN-STREAM ARRAY,11/2/2022,7,Bull Trout,R,Resident,W,Wild Fish or Natural Production,"CHIWAT - Chiwawa River Trap, 0.5 km below CHIP acclimation pond",SCREWT,Screw Trap,233,1
3DD.003D99E9C8,CSS-2022-306-112.xml,UWE - Upper Wenatchee River,11/2/2022 11:23:19 PM,11/2/2022 11:23:19 PM,IN-STREAM ARRAY,IN-STREAM ARRAY,11/2/2022,7,Bull Trout,R,Resident,W,Wild Fish or Natural Production,"CHIWAT - Chiwawa River Trap, 0.5 km below CHIP acclimation pond",SCREWT,Screw Trap,185,1
3DD.003D99E9D5,CSS-2022-306-112.xml,UWE - Upper Wenatchee River,3/13/2023 5:40:00 AM,3/13/2023 5:40:00 AM,IN-STREAM ARRAY,IN-STREAM ARRAY,11/2/2022,7,Bull Trout,R,Resident,W,Wild Fish or Natural Production,"CHIWAT - Chiwawa River Trap, 0.5 km below CHIP acclimation pond",SCREWT,Screw Trap,235,1
3DD.003D99E9DE,CSS-2022-307-112.xml,CHL - Lower Chiwawa River,7/1/2023 3:01:58 PM,6/18/2025 8:34:58 PM,LOWER IN-STREAM ARRAY,UPPER IN-STREAM ARRAY,11/3/2022,7,Bull Trout,R,Resident,W,Wild Fish or Natural Production,"CHIWAT - Chiwawa River Trap, 0.5 km below CHIP acclimation pond",SCREWT,Screw Trap,179,1
3DD.003D99E9DE,CSS-2022-307-112.xml,CHU - Upper Chiwawa River,7/21/2023 11:41:17 PM,6/26/2025 12:08:09 AM,LOWER IN-STREAM ARRAY,UPPER IN-STREAM ARRAY,11/3/2022,7,Bull Trout,R,Resident,W,Wild Fish or Natural Production,"CHIWAT - Chiwawa River Trap, 0.5 km below CHIP acclimation pond",SCREWT,Screw Trap,179,1
3DD.003D99E9DE,CSS-2022-307-112.xml,CWT - Chiwawa River Weir Trap Array,6/18/2025 9:18:12 PM,6/18/2025 9:18:12 PM,Single Pass,Single Pass,11/3/2022,7,Bull Trout,R,Resident,W,Wild Fish or Natural Production,"CHIWAT - Chiwawa River Trap, 0.5 km below CHIP acclimation pond",SCREWT,Screw Trap,179,1
3DD.003D99E9DE,CSS-2022-307-112.xml,UWE - Upper Wenatchee River,8/24/2023 7:44:49 PM,8/22/2024 3:22:59 AM,IN-STREAM ARRAY,IN-STREAM ARRAY,11/3/2022,7,Bull Trout,R,Resident,W,Wild Fish or Natural Production,"CHIWAT - Chiwawa River Trap, 0.5 km below CHIP acclimation pond",SCREWT,Screw Trap,179,1
3DD.003D99E9E0,CSS-2022-306-112.xml,UWE - Upper Wenatchee River,11/3/2022 6:19:40 AM,11/3/2022 6:19:40 AM,IN-STREAM ARRAY,IN-STREAM ARRAY,11/2/2022,7,Bull Trout,R,Resident,W,Wild Fish or Natural Production,"CHIWAT - Chiwawa River Trap, 0.5 km below CHIP acclimation pond",SCREWT,Screw Trap,201,1
3DD.003D99E9F2,CSS-2022-306-112.xml,CWT - Chiwawa River Weir Trap Array,5/28/2026 12:32:42 AM,5/28/2026 12:32:42 AM,Single Pass,Single Pass,11/2/2022,7,Bull Trout,R,Resident,W,Wild Fish or Natural Production,"CHIWAT - Chiwawa River Trap, 0.5 km below CHIP acclimation pond",SCREWT,Screw Trap,186,1
3DD.003D99EA04,CSS-2022-308-112.xml,CHL - Lower Chiwawa River,11/4/2022 6:29:36 PM,11/4/2022 6:58:55 PM,LOWER IN-STREAM ARRAY,LOWER IN-STREAM ARRAY,11/4/2022,7,Bull Trout,R,Resident,W,Wild Fish or Natural Production,"CHIWAT - Chiwawa River Trap, 0.5 km below CHIP acclimation pond",SCREWT,Screw Trap,198,1
3DD.003D99EA87,CSS-2022-313-112.xml,CHL - Lower Chiwawa River,6/7/2025 7:34:55 PM,6/7/2025 7:34:55 PM,LOWER IN-STREAM ARRAY,LOWER IN-STREAM ARRAY,11/9/2022,7,Bull Trout,R,Resident,W,Wild Fish or Natural Production,"CHIWAT - Chiwawa River Trap, 0.5 km below CHIP acclimation pond",SCREWT,Screw Trap,186,1
3DD.003D99EA87,CSS-2022-313-112.xml,CWT - Chiwawa River Weir Trap Array,6/7/2025 11:11:15 PM,6/7/2025 11:11:15 PM,Single Pass,Single Pass,11/9/2022,7,Bull Trout,R,Resident,W,Wild Fish or Natural Production,"CHIWAT - Chiwawa River Trap, 0.5 km below CHIP acclimation pond",SCREWT,Screw Trap,186,1
3DD.003D99EA87,CSS-2022-313-112.xml,NAL - Lower Nason Creek,5/12/2023 4:10:36 AM,7/1/2024 10:00:53 PM,UPPER IN-STREAM ARRAY,LOWER IN-STREAM ARRAY,11/9/2022,7,Bull Trout,R,Resident,W,Wild Fish or Natural Production,"CHIWAT - Chiwawa River Trap, 0.5 km below CHIP acclimation pond",SCREWT,Screw Trap,186,1
3DD.003D99EACF,CSS-2023-238-112.xml,CHL - Lower Chiwawa River,6/21/2024 3:32:23 AM,9/13/2024 1:04:02 AM,LOWER IN-STREAM ARRAY,LOWER IN-STREAM ARRAY,8/26/2023,7,Bull Trout,R,Resident,W,Wild Fish or Natural Production,"CHIWAT - Chiwawa River Trap, 0.5 km below CHIP acclimation pond",SCREWT,Screw Trap,216,1
3DD.003D99EACF,CSS-2023-238-112.xml,CHU - Upper Chiwawa River,7/30/2024 2:20:33 AM,9/12/2024 8:11:44 PM,LOWER IN-STREAM ARRAY,LOWER IN-STREAM ARRAY,8/26/2023,7,Bull Trout,R,Resident,W,Wild Fish or Natural Production,"CHIWAT - Chiwawa River Trap, 0.5 km below CHIP acclimation pond",SCREWT,Screw Trap,216,1
3DD.003D99EACF,CSS-2023-238-112.xml,UWE - Upper Wenatchee River,8/26/2023 10:51:01 PM,8/26/2023 10:51:01 PM,IN-STREAM ARRAY,IN-STREAM ARRAY,8/26/2023,7,Bull Trout,R,Resident,W,Wild Fish or Natural Production,"CHIWAT - Chiwawa River Trap, 0.5 km below CHIP acclimation pond",SCREWT,Screw Trap,216,1
3DD.003D99EAD0,CSS-2023-237-112.xml,CHL - Lower Chiwawa River,7/11/2024 8:17:15 PM,7/11/2024 8:18:06 PM,LOWER IN-STREAM ARRAY,UPPER IN-STREAM ARRAY,8/25/2023,7,Bull Trout,R,Resident,W,Wild Fish or Natural Production,"CHIWAT - Chiwawa River Trap, 0.5 km below CHIP acclimation pond",SCREWT,Screw Trap,291,1
3DD.003D99EAD0,CSS-2023-237-112.xml,CHW - Chiwaukum Creek,7/22/2024 10:56:29 AM,7/23/2024 8:57:20 AM,DOWNSTREAM ARRAY,DOWNSTREAM ARRAY,8/25/2023,7,Bull Trout,R,Resident,W,Wild Fish or Natural Production,"CHIWAT - Chiwawa River Trap, 0.5 km below CHIP acclimation pond",SCREWT,Screw Trap,291,1
3DD.003D99EAD0,CSS-2023-237-112.xml,UWE - Upper Wenatchee River,6/21/2024 5:58:53 AM,6/21/2024 5:58:54 AM,IN-STREAM ARRAY,IN-STREAM ARRAY,8/25/2023,7,Bull Trout,R,Resident,W,Wild Fish or Natural Production,"CHIWAT - Chiwawa River Trap, 0.5 km below CHIP acclimation pond",SCREWT,Screw Trap,291,1
3DD.003D99EAD5,CSS-2023-249-112.xml,CHL - Lower Chiwawa River,9/6/2023 3:05:03 PM,9/6/2023 3:06:00 PM,LOWER IN-STREAM ARRAY,UPPER IN-STREAM ARRAY,9/6/2023,7,Bull Trout,R,Resident,W,Wild Fish or Natural Production,"CHIWAT - Chiwawa River Trap, 0.5 km below CHIP acclimation pond",SCREWT,Screw Trap,235,1
3DD.003D99EAD5,CSS-2023-249-112.xml,UWE - Upper Wenatchee River,9/7/2023 1:10:02 AM,9/7/2023 1:10:02 AM,IN-STREAM ARRAY,IN-STREAM ARRAY,9/6/2023,7,Bull Trout,R,Resident,W,Wild Fish or Natural Production,"CHIWAT - Chiwawa River Trap, 0.5 km below CHIP acclimation pond",SCREWT,Screw Trap,235,1
3DD.003D99EAD8,CSS-2023-250-112.xml,CHL - Lower Chiwawa River,7/16/2024 10:07:34 PM,9/30/2025 1:49:40 AM,LOWER IN-STREAM ARRAY,LOWER IN-STREAM ARRAY,9/8/2023,7,Bull Trout,R,Resident,W,Wild Fish or Natural Production,"CHIWAT - Chiwawa River Trap, 0.5 km below CHIP acclimation pond",SCREWT,Screw Trap,228,1
3DD.003D99EAD8,CSS-2023-250-112.xml,CHU - Upper Chiwawa River,8/4/2024 3:22:53 AM,9/29/2025 7:22:50 PM,LOWER IN-STREAM ARRAY,LOWER IN-STREAM ARRAY,9/8/2023,7,Bull Trout,R,Resident,W,Wild Fish or Natural Production,"CHIWAT - Chiwawa River Trap, 0.5 km below CHIP acclimation pond",SCREWT,Screw Trap,228,1
3DD.003D99EAD8,CSS-2023-250-112.xml,CWT - Chiwawa River Weir Trap Array,6/26/2025 1:42:20 AM,6/26/2025 1:42:20 AM,Single Pass,Single Pass,9/8/2023,7,Bull Trout,R,Resident,W,Wild Fish or Natural Production,"CHIWAT - Chiwawa River Trap, 0.5 km below CHIP acclimation pond",SCREWT,Screw Trap,228,1
3DD.003D99EAD8,CSS-2023-250-112.xml,UWE - Upper Wenatchee River,8/29/2024 3:47:14 AM,8/29/2024 7:57:18 PM,IN-STREAM ARRAY,IN-STREAM ARRAY,9/8/2023,7,Bull Trout,R,Resident,W,Wild Fish or Natural Production,"CHIWAT - Chiwawa River Trap, 0.5 km below CHIP acclimation pond",SCREWT,Screw Trap,228,1
3DD.003D99EAD9,CSS-2023-250-112.xml,CHL - Lower Chiwawa River,9/8/2023 6:36:21 PM,11/7/2023 12:33:32 AM,LOWER IN-STREAM ARRAY,LOWER IN-STREAM ARRAY,9/8/2023,7,Bull Trout,R,Resident,W,Wild Fish or Natural Production,"CHIWAT - Chiwawa River Trap, 0.5 km below CHIP acclimation pond",SCREWT,Screw Trap,235,1
3DD.003D99EAD9,CSS-2023-250-112.xml,UWE - Upper Wenatchee River,11/7/2023 1:11:13 PM,11/7/2023 1:12:17 PM,IN-STREAM ARRAY,IN-STREAM ARRAY,9/8/2023,7,Bull Trout,R,Resident,W,Wild Fish or Natural Production,"CHIWAT - Chiwawa River Trap, 0.5 km below CHIP acclimation pond",SCREWT,Screw Trap,235,1
3DD.003D99EADA,CSS-2023-307-112.xml,UWE - Upper Wenatchee River,11/5/2023 1:50:41 PM,11/5/2023 1:50:41 PM,IN-STREAM ARRAY,IN-STREAM ARRAY,11/4/2023,7,Bull Trout,R,Resident,W,Wild Fish or Natural Production,"CHIWAT - Chiwawa River Trap, 0.5 km below CHIP acclimation pond",SCREWT,Screw Trap,230,1
3DD.003D99EADB,CSS-2023-194-112.xml,NAL - Lower Nason Creek,8/5/2023 12:03:47 AM,8/5/2023 12:04:03 AM,LOWER IN-STREAM ARRAY,UPPER IN-STREAM ARRAY,7/13/2023,7,Bull Trout,R,Resident,W,Wild Fish or Natural Production,"CHIWAT - Chiwawa River Trap, 0.5 km below CHIP acclimation pond",SCREWT,Screw Trap,204,1
3DD.003D99EADB,CSS-2023-194-112.xml,UWE - Upper Wenatchee River,8/4/2023 12:42:12 PM,8/4/2023 2:18:40 PM,IN-STREAM ARRAY,IN-STREAM ARRAY,7/13/2023,7,Bull Trout,R,Resident,W,Wild Fish or Natural Production,"CHIWAT - Chiwawa River Trap, 0.5 km below CHIP acclimation pond",SCREWT,Screw Trap,204,1
3DD.003D99EADC,CSS-2023-163-112.xml,ICL - Lower Icicle Instream Array,7/2/2023 2:37:37 AM,7/2/2023 2:38:10 AM,Downstream Array,Upstream Array,6/12/2023,7,Bull Trout,R,Resident,W,Wild Fish or Natural Production,"CHIWAT - Chiwawa River Trap, 0.5 km below CHIP acclimation pond",SCREWT,Screw Trap,185,1
3DD.003D99EAE2,CSS-2023-129-112.xml,ICL - Lower Icicle Instream Array,7/4/2023 3:50:01 AM,7/13/2023 8:50:32 PM,Downstream Array,Upstream Array,5/9/2023,7,Bull Trout,R,Resident,W,Wild Fish or Natural Production,"CHIWAT - Chiwawa River Trap, 0.5 km below CHIP acclimation pond",SCREWT,Screw Trap,125,1
3DD.003D99EAE8,CSS-2023-297-112.xml,CHL - Lower Chiwawa River,10/24/2023 9:26:30 AM,10/3/2025 1:45:28 AM,LOWER IN-STREAM ARRAY,LOWER IN-STREAM ARRAY,10/24/2023,7,Bull Trout,R,Resident,W,Wild Fish or Natural Production,"CHIWAT - Chiwawa River Trap, 0.5 km below CHIP acclimation pond",SCREWT,Screw Trap,252,1
3DD.003D99EAE8,CSS-2023-297-112.xml,CHU - Upper Chiwawa River,6/20/2025 3:05:48 AM,10/2/2025 10:09:20 PM,LOWER IN-STREAM ARRAY,LOWER IN-STREAM ARRAY,10/24/2023,7,Bull Trout,R,Resident,W,Wild Fish or Natural Production,"CHIWAT - Chiwawa River Trap, 0.5 km below CHIP acclimation pond",SCREWT,Screw Trap,252,1
3DD.003D99EAE9,CSS-2023-241-112.xml,CHL - Lower Chiwawa River,8/29/2023 7:00:34 PM,6/15/2025 9:15:12 PM,LOWER IN-STREAM ARRAY,LOWER IN-STREAM ARRAY,8/29/2023,7,Bull Trout,R,Resident,W,Wild Fish or Natural Production,"CHIWAT - Chiwawa River Trap, 0.5 km below CHIP acclimation pond",SCREWT,Screw Trap,278,1
3DD.003D99EAE9,CSS-2023-241-112.xml,CHU - Upper Chiwawa River,6/25/2025 1:19:38 AM,10/2/2025 12:45:48 AM,LOWER IN-STREAM ARRAY,LOWER IN-STREAM ARRAY,8/29/2023,7,Bull Trout,R,Resident,W,Wild Fish or Natural Production,"CHIWAT - Chiwawa River Trap, 0.5 km below CHIP acclimation pond",SCREWT,Screw Trap,278,1
3DD.003D99EAE9,CSS-2023-241-112.xml,CWT - Chiwawa River Weir Trap Array,6/15/2025 10:08:21 PM,6/15/2025 10:08:21 PM,Single Pass,Single Pass,8/29/2023,7,Bull Trout,R,Resident,W,Wild Fish or Natural Production,"CHIWAT - Chiwawa River Trap, 0.5 km below CHIP acclimation pond",SCREWT,Screw Trap,278,1
3DD.003D99EAE9,CSS-2023-241-112.xml,UWE - Upper Wenatchee River,11/6/2023 5:46:18 PM,11/6/2023 5:46:18 PM,IN-STREAM ARRAY,IN-STREAM ARRAY,8/29/2023,7,Bull Trout,R,Resident,W,Wild Fish or Natural Production,"CHIWAT - Chiwawa River Trap, 0.5 km below CHIP acclimation pond",SCREWT,Screw Trap,278,1
3DD.003D99EAF0,CSS-2023-161-112.xml,UWE - Upper Wenatchee River,7/9/2023 12:30:54 AM,7/9/2023 12:30:54 AM,IN-STREAM ARRAY,IN-STREAM ARRAY,6/10/2023,7,Bull Trout,R,Resident,W,Wild Fish or Natural Production,"CHIWAT - Chiwawa River Trap, 0.5 km below CHIP acclimation pond",SCREWT,Screw Trap,160,1
3DD.003D99EAF4,CSS-2023-237-112.xml,CHL - Lower Chiwawa River,10/2/2025 7:42:55 PM,10/2/2025 7:43:20 PM,UPPER IN-STREAM ARRAY,LOWER IN-STREAM ARRAY,8/25/2023,7,Bull Trout,R,Resident,W,Wild Fish or Natural Production,"CHIWAT - Chiwawa River Trap, 0.5 km below CHIP acclimation pond",SCREWT,Screw Trap,265,1
3DD.003D99EAF4,CSS-2023-237-112.xml,CHU - Upper Chiwawa River,10/2/2025 2:51:32 AM,10/2/2025 2:51:40 AM,UPPER IN-STREAM ARRAY,LOWER IN-STREAM ARRAY,8/25/2023,7,Bull Trout,R,Resident,W,Wild Fish or Natural Production,"CHIWAT - Chiwawa River Trap, 0.5 km below CHIP acclimation pond",SCREWT,Screw Trap,265,1
3DD.003D99EAF4,CSS-2023-237-112.xml,UWE - Upper Wenatchee River,8/26/2023 1:00:36 AM,8/26/2023 1:00:36 AM,IN-STREAM ARRAY,IN-STREAM ARRAY,8/25/2023,7,Bull Trout,R,Resident,W,Wild Fish or Natural Production,"CHIWAT - Chiwawa River Trap, 0.5 km below CHIP acclimation pond",SCREWT,Screw Trap,265,1
3DD.003D99EAF4,CSS-2023-237-112.xml,"WTL - White River, Wenatchee Basin",9/25/2023 11:34:17 PM,10/13/2024 2:40:44 AM,LOWER IN-STREAM ARRAY,LOWER IN-STREAM ARRAY,8/25/2023,7,Bull Trout,R,Resident,W,Wild Fish or Natural Production,"CHIWAT - Chiwawa River Trap, 0.5 km below CHIP acclimation pond",SCREWT,Screw Trap,265,1
3DD.003D99EAF7,CSS-2023-088-112.xml,PES - Peshastin Creek,7/8/2023 6:01:18 PM,7/8/2023 6:03:47 PM,LOWER IN-STREAM ARRAY,UPPER IN-STREAM ARRAY,3/29/2023,7,Bull Trout,R,Resident,W,Wild Fish or Natural Production,"CHIWAT - Chiwawa River Trap, 0.5 km below CHIP acclimation pond",SCREWT,Screw Trap,130,1
3DD.003D99EAFA,CSS-2023-297-112.xml,CHL - Lower Chiwawa River,11/5/2023 10:37:18 PM,11/5/2023 10:37:18 PM,UPPER IN-STREAM ARRAY,UPPER IN-STREAM ARRAY,10/24/2023,7,Bull Trout,R,Resident,W,Wild Fish or Natural Production,"CHIWAT - Chiwawa River Trap, 0.5 km below CHIP acclimation pond",SCREWT,Screw Trap,194,1
3DD.003D99EAFA,CSS-2023-297-112.xml,CHU - Upper Chiwawa River,8/6/2024 3:58:32 AM,9/23/2024 3:32:05 AM,LOWER IN-STREAM ARRAY,LOWER IN-STREAM ARRAY,10/24/2023,7,Bull Trout,R,Resident,W,Wild Fish or Natural Production,"CHIWAT - Chiwawa River Trap, 0.5 km below CHIP acclimation pond",SCREWT,Screw Trap,194,1
3DD.003D99EAFC,CSS-2023-099-112.xml,CHL - Lower Chiwawa River,4/9/2023 8:43:52 PM,4/11/2023 8:55:12 PM,LOWER IN-STREAM ARRAY,LOWER IN-STREAM ARRAY,4/9/2023,7,Bull Trout,R,Resident,W,Wild Fish or Natural Production,"CHIWAT - Chiwawa River Trap, 0.5 km below CHIP acclimation pond",SCREWT,Screw Trap,191,1
3DD.003D99EAFD,CSS-2023-279-112.xml,CHL - Lower Chiwawa River,6/18/2024 9:36:18 PM,10/1/2024 3:50:49 AM,UPPER IN-STREAM ARRAY,LOWER IN-STREAM ARRAY,10/6/2023,7,Bull Trout,R,Resident,W,Wild Fish or Natural Production,"CHIWAT - Chiwawa River Trap, 0.5 km below CHIP acclimation pond",SCREWT,Screw Trap,367,1
3DD.003D99EAFD,CSS-2023-279-112.xml,CHU - Upper Chiwawa River,6/26/2024 4:10:11 AM,10/1/2024 12:25:54 AM,LOWER IN-STREAM ARRAY,LOWER IN-STREAM ARRAY,10/6/2023,7,Bull Trout,R,Resident,W,Wild Fish or Natural Production,"CHIWAT - Chiwawa River Trap, 0.5 km below CHIP acclimation pond",SCREWT,Screw Trap,367,1
3DD.003D99EAFD,CSS-2023-279-112.xml,UWE - Upper Wenatchee River,10/1/2024 9:26:43 PM,10/1/2024 9:26:43 PM,IN-STREAM ARRAY,IN-STREAM ARRAY,10/6/2023,7,Bull Trout,R,Resident,W,Wild Fish or Natural Production,"CHIWAT - Chiwawa River Trap, 0.5 km below CHIP acclimation pond",SCREWT,Screw Trap,367,1
3DD.003D99EB09,CSS-2023-227-112.xml,CHL - Lower Chiwawa River,10/4/2025 4:29:42 AM,10/4/2025 4:31:26 AM,UPPER IN-STREAM ARRAY,LOWER IN-STREAM ARRAY,8/15/2023,7,Bull Trout,R,Resident,W,Wild Fish or Natural Production,"CHIWAT - Chiwawa River Trap, 0.5 km below CHIP acclimation pond",SCREWT,Screw Trap,351,1
3DD.003D99EB09,CSS-2023-227-112.xml,CHU - Upper Chiwawa River,10/3/2025 8:47:05 PM,10/3/2025 8:47:14 PM,UPPER IN-STREAM ARRAY,LOWER IN-STREAM ARRAY,8/15/2023,7,Bull Trout,R,Resident,W,Wild Fish or Natural Production,"CHIWAT - Chiwawa River Trap, 0.5 km below CHIP acclimation pond",SCREWT,Screw Trap,351,1
3DD.003D99EB0A,CSS-2023-293-112.xml,CHL - Lower Chiwawa River,10/20/2023 10:40:56 PM,10/20/2023 10:41:05 PM,UPPER IN-STREAM ARRAY,LOWER IN-STREAM ARRAY,10/20/2023,7,Bull Trout,R,Resident,W,Wild Fish or Natural Production,"CHIWAT - Chiwawa River Trap, 0.5 km below CHIP acclimation pond",SCREWT,Screw Trap,198,1
3DD.003D99EB0A,CSS-2023-293-112.xml,NAL - Lower Nason Creek,5/13/2026 9:29:11 PM,5/13/2026 9:29:30 PM,LOWER IN-STREAM ARRAY,UPPER IN-STREAM ARRAY,10/20/2023,7,Bull Trout,R,Resident,W,Wild Fish or Natural Production,"CHIWAT - Chiwawa River Trap, 0.5 km below CHIP acclimation pond",SCREWT,Screw Trap,198,1
3DD.003D99EB0A,CSS-2023-293-112.xml,UWE - Upper Wenatchee River,10/21/2023 3:20:40 AM,10/21/2023 3:20:40 AM,IN-STREAM ARRAY,IN-STREAM ARRAY,10/20/2023,7,Bull Trout,R,Resident,W,Wild Fish or Natural Production,"CHIWAT - Chiwawa River Trap, 0.5 km below CHIP acclimation pond",SCREWT,Screw Trap,198,1
3DD.003D99EB0C,CSS-2023-250-112.xml,CHL - Lower Chiwawa River,9/8/2023 1:55:59 PM,9/8/2023 3:20:48 PM,LOWER IN-STREAM ARRAY,UPPER IN-STREAM ARRAY,9/8/2023,7,Bull Trout,R,Resident,W,Wild Fish or Natural Production,"CHIWAT - Chiwawa River Trap, 0.5 km below CHIP acclimation pond",SCREWT,Screw Trap,322,1
3DD.003D99EB0D,CSS-2023-191-112.xml,CHL - Lower Chiwawa River,7/19/2023 11:19:21 PM,9/18/2023 11:50:28 PM,LOWER IN-STREAM ARRAY,LOWER IN-STREAM ARRAY,7/10/2023,7,Bull Trout,R,Resident,W,Wild Fish or Natural Production,"CHIWAT - Chiwawa River Trap, 0.5 km below CHIP acclimation pond",SCREWT,Screw Trap,412,1
3DD.003D99EB0D,CSS-2023-191-112.xml,CHU - Upper Chiwawa River,8/17/2023 11:23:27 PM,9/16/2023 1:13:45 AM,LOWER IN-STREAM ARRAY,LOWER IN-STREAM ARRAY,7/10/2023,7,Bull Trout,R,Resident,W,Wild Fish or Natural Production,"CHIWAT - Chiwawa River Trap, 0.5 km below CHIP acclimation pond",SCREWT,Screw Trap,412,1
3DD.003D99EB0D,CSS-2023-191-112.xml,CHW - Chiwaukum Creek,6/9/2025 6:35:01 AM,7/13/2025 10:52:09 PM,DOWNSTREAM ARRAY,UPSTREAM ARRAY,7/10/2023,7,Bull Trout,R,Resident,W,Wild Fish or Natural Production,"CHIWAT - Chiwawa River Trap, 0.5 km below CHIP acclimation pond",SCREWT,Screw Trap,412,1
3DD.003D99EB0D,CSS-2023-191-112.xml,LWN - Little Wenatchee River,10/20/2024 5:37:40 AM,11/5/2024 3:37:27 AM,LOWER IN-STREAM ARRAY,LOWER IN-STREAM ARRAY,7/10/2023,7,Bull Trout,R,Resident,W,Wild Fish or Natural Production,"CHIWAT - Chiwawa River Trap, 0.5 km below CHIP acclimation pond",SCREWT,Screw Trap,412,1
3DD.003D99EB0D,CSS-2023-191-112.xml,UWE - Upper Wenatchee River,9/20/2023 9:50:19 PM,9/20/2023 9:50:19 PM,IN-STREAM ARRAY,IN-STREAM ARRAY,7/10/2023,7,Bull Trout,R,Resident,W,Wild Fish or Natural Production,"CHIWAT - Chiwawa River Trap, 0.5 km below CHIP acclimation pond",SCREWT,Screw Trap,412,1
3DD.003D99EB0D,CSS-2023-191-112.xml,"WTL - White River, Wenatchee Basin",6/30/2024 10:50:40 PM,8/8/2024 2:30:33 AM,UPPER IN-STREAM ARRAY,LOWER IN-STREAM ARRAY,7/10/2023,7,Bull Trout,R,Resident,W,Wild Fish or Natural Production,"CHIWAT - Chiwawa River Trap, 0.5 km below CHIP acclimation pond",SCREWT,Screw Trap,412,1
3DD.003D99EB0F,CSS-2023-306-112.xml,CHL - Lower Chiwawa River,11/2/2023 12:12:27 PM,11/3/2023 7:24:06 PM,LOWER IN-STREAM ARRAY,LOWER IN-STREAM ARRAY,11/2/2023,7,Bull Trout,R,Resident,W,Wild Fish or Natural Production,"CHIWAT - Chiwawa River Trap, 0.5 km below CHIP acclimation pond",SCREWT,Screw Trap,234,1
3DD.003D99EB0F,CSS-2023-306-112.xml,UWE - Upper Wenatchee River,11/4/2023 6:19:59 AM,11/4/2023 6:19:59 AM,IN-STREAM ARRAY,IN-STREAM ARRAY,11/2/2023,7,Bull Trout,R,Resident,W,Wild Fish or Natural Production,"CHIWAT - Chiwawa River Trap, 0.5 km below CHIP acclimation pond",SCREWT,Screw Trap,234,1
3DD.003D99EB14,CSS-2023-297-112.xml,CHL - Lower Chiwawa River,10/24/2023 8:30:05 AM,10/24/2023 7:14:57 PM,UPPER IN-STREAM ARRAY,LOWER IN-STREAM ARRAY,10/24/2023,7,Bull Trout,R,Resident,W,Wild Fish or Natural Production,"CHIWAT - Chiwawa River Trap, 0.5 km below CHIP acclimation pond",SCREWT,Screw Trap,219,1
3DD.003D99EB14,CSS-2023-297-112.xml,UWE - Upper Wenatchee River,10/25/2023 6:43:27 AM,10/25/2023 6:43:27 AM,IN-STREAM ARRAY,IN-STREAM ARRAY,10/24/2023,7,Bull Trout,R,Resident,W,Wild Fish or Natural Production,"CHIWAT - Chiwawa River Trap, 0.5 km below CHIP acclimation pond",SCREWT,Screw Trap,219,1
3DD.003D99EB15,CSS-2023-293-112.xml,CHL - Lower Chiwawa River,10/20/2023 2:02:35 PM,10/20/2023 2:03:14 PM,LOWER IN-STREAM ARRAY,UPPER IN-STREAM ARRAY,10/20/2023,7,Bull Trout,R,Resident,W,Wild Fish or Natural Production,"CHIWAT - Chiwawa River Trap, 0.5 km below CHIP acclimation pond",SCREWT,Screw Trap,233,1
3DD.003D99EB18,CSS-2023-240-112.xml,CHL - Lower Chiwawa River,8/28/2023 1:03:03 PM,8/28/2023 1:03:36 PM,LOWER IN-STREAM ARRAY,UPPER IN-STREAM ARRAY,8/28/2023,7,Bull Trout,R,Resident,W,Wild Fish or Natural Production,"CHIWAT - Chiwawa River Trap, 0.5 km below CHIP acclimation pond",SCREWT,Screw Trap,206,1
3DD.003D99EB18,CSS-2023-240-112.xml,CHU - Upper Chiwawa River,9/2/2023 6:43:55 AM,9/18/2023 3:34:45 AM,LOWER IN-STREAM ARRAY,UPPER IN-STREAM ARRAY,8/28/2023,7,Bull Trout,R,Resident,W,Wild Fish or Natural Production,"CHIWAT - Chiwawa River Trap, 0.5 km below CHIP acclimation pond",SCREWT,Screw Trap,206,1
3DD.003D99EB18,CSS-2023-240-112.xml,"WTL - White River, Wenatchee Basin",7/19/2024 4:06:25 AM,10/9/2025 3:40:24 AM,LOWER IN-STREAM ARRAY,LOWER IN-STREAM ARRAY,8/28/2023,7,Bull Trout,R,Resident,W,Wild Fish or Natural Production,"CHIWAT - Chiwawa River Trap, 0.5 km below CHIP acclimation pond",SCREWT,Screw Trap,206,1
3DD.003D99EB19,CSS-2023-190-112.xml,CHL - Lower Chiwawa River,7/9/2023 10:14:18 AM,7/10/2023 12:40:01 AM,LOWER IN-STREAM ARRAY,LOWER IN-STREAM ARRAY,7/9/2023,7,Bull Trout,R,Resident,W,Wild Fish or Natural Production,"CHIWAT - Chiwawa River Trap, 0.5 km below CHIP acclimation pond",SCREWT,Screw Trap,178,1
3DD.003D99EB19,CSS-2023-190-112.xml,UWE - Upper Wenatchee River,7/10/2023 11:47:21 AM,7/10/2023 11:47:21 AM,IN-STREAM ARRAY,IN-STREAM ARRAY,7/9/2023,7,Bull Trout,R,Resident,W,Wild Fish or Natural Production,"CHIWAT - Chiwawa River Trap, 0.5 km below CHIP acclimation pond",SCREWT,Screw Trap,178,1
3DD.003D99EB1F,CSS-2023-147-112.xml,CHL - Lower Chiwawa River,5/27/2023 1:44:23 PM,5/27/2023 1:44:23 PM,LOWER IN-STREAM ARRAY,LOWER IN-STREAM ARRAY,5/27/2023,7,Bull Trout,R,Resident,W,Wild Fish or Natural Production,"CHIWAT - Chiwawa River Trap, 0.5 km below CHIP acclimation pond",SCREWT,Screw Trap,198,1
3DD.003D99EB21,CSS-2023-293-112.xml,UWE - Upper Wenatchee River,10/21/2023 5:58:19 AM,10/21/2023 5:58:19 AM,IN-STREAM ARRAY,IN-STREAM ARRAY,10/20/2023,7,Bull Trout,R,Resident,W,Wild Fish or Natural Production,"CHIWAT - Chiwawa River Trap, 0.5 km below CHIP acclimation pond",SCREWT,Screw Trap,270,1
3DD.003D99EB27,CSS-2023-195-112.xml,UWE - Upper Wenatchee River,7/17/2023 3:53:34 AM,7/17/2023 3:53:34 AM,IN-STREAM ARRAY,IN-STREAM ARRAY,7/14/2023,7,Bull Trout,R,Resident,W,Wild Fish or Natural Production,"CHIWAT - Chiwawa River Trap, 0.5 km below CHIP acclimation pond",SCREWT,Screw Trap,178,1
3DD.003D99F6AB,CSS-2022-317-112.xml,CHL - Lower Chiwawa River,11/18/2022 6:19:16 PM,11/19/2022 12:56:20 AM,UPPER IN-STREAM ARRAY,LOWER IN-STREAM ARRAY,11/13/2022,7,Bull Trout,R,Resident,W,Wild Fish or Natural Production,"CHIWAT - Chiwawa River Trap, 0.5 km below CHIP acclimation pond",SCREWT,Screw Trap,190,1
3DD.003D99F6AB,CSS-2022-317-112.xml,UWE - Upper Wenatchee River,2/7/2023 1:30:19 AM,2/7/2023 1:31:09 AM,IN-STREAM ARRAY,IN-STREAM ARRAY,11/13/2022,7,Bull Trout,R,Resident,W,Wild Fish or Natural Production,"CHIWAT - Chiwawa River Trap, 0.5 km below CHIP acclimation pond",SCREWT,Screw Trap,190,1
3DD.003D99F6CF,CSS-2022-317-112.xml,CHL - Lower Chiwawa River,11/13/2022 6:30:20 PM,1/14/2023 9:16:13 PM,LOWER IN-STREAM ARRAY,LOWER IN-STREAM ARRAY,11/13/2022,7,Bull Trout,R,Resident,W,Wild Fish or Natural Production,"CHIWAT - Chiwawa River Trap, 0.5 km below CHIP acclimation pond",SCREWT,Screw Trap,189,1
3DD.003D99F6DC,CSS-2022-317-112.xml,UWE - Upper Wenatchee River,11/14/2022 9:54:01 PM,11/14/2022 9:54:01 PM,IN-STREAM ARRAY,IN-STREAM ARRAY,11/13/2022,7,Bull Trout,R,Resident,W,Wild Fish or Natural Production,"CHIWAT - Chiwawa River Trap, 0.5 km below CHIP acclimation pond",SCREWT,Screw Trap,196,1
3DD.003D99FE5F,CSS-2022-305-112.xml,CHL - Lower Chiwawa River,9/25/2025 9:07:14 PM,9/25/2025 9:07:40 PM,UPPER IN-STREAM ARRAY,LOWER IN-STREAM ARRAY,11/1/2022,7,Bull Trout,R,Resident,W,Wild Fish or Natural Production,"CHIWAT - Chiwawa River Trap, 0.5 km below CHIP acclimation pond",SCREWT,Screw Trap,232,1
3DD.003D99FE5F,CSS-2022-305-112.xml,CHU - Upper Chiwawa River,9/25/2025 3:24:35 AM,9/25/2025 3:24:47 AM,UPPER IN-STREAM ARRAY,LOWER IN-STREAM ARRAY,11/1/2022,7,Bull Trout,R,Resident,W,Wild Fish or Natural Production,"CHIWAT - Chiwawa River Trap, 0.5 km below CHIP acclimation pond",SCREWT,Screw Trap,232,1
3DD.003D99FE5F,CSS-2022-305-112.xml,CWT - Chiwawa River Weir Trap Array,6/26/2025 12:51:45 AM,9/25/2025 8:55:45 PM,Single Pass,Single Pass,11/1/2022,7,Bull Trout,R,Resident,W,Wild Fish or Natural Production,"CHIWAT - Chiwawa River Trap, 0.5 km below CHIP acclimation pond",SCREWT,Screw Trap,232,1
3DD.003D99FE5F,CSS-2022-305-112.xml,UWE - Upper Wenatchee River,11/2/2022 12:07:38 AM,11/2/2022 12:07:38 AM,IN-STREAM ARRAY,IN-STREAM ARRAY,11/1/2022,7,Bull Trout,R,Resident,W,Wild Fish or Natural Production,"CHIWAT - Chiwawa River Trap, 0.5 km below CHIP acclimation pond",SCREWT,Screw Trap,232,1
3DD.003D99FEB8,CSS-2022-305-112.xml,UWE - Upper Wenatchee River,11/23/2022 6:44:18 PM,11/23/2022 6:44:18 PM,IN-STREAM ARRAY,IN-STREAM ARRAY,11/1/2022,7,Bull Trout,R,Resident,W,Wild Fish or Natural Production,"CHIWAT - Chiwawa River Trap, 0.5 km below CHIP acclimation pond",SCREWT,Screw Trap,186,1
3DD.003D99FED4,CSS-2022-305-112.xml,CHL - Lower Chiwawa River,10/3/2025 4:08:40 AM,10/3/2025 4:10:41 AM,UPPER IN-STREAM ARRAY,LOWER IN-STREAM ARRAY,11/1/2022,7,Bull Trout,R,Resident,W,Wild Fish or Natural Production,"CHIWAT - Chiwawa River Trap, 0.5 km below CHIP acclimation pond",SCREWT,Screw Trap,197,1
3DD.003D99FED4,CSS-2022-305-112.xml,CHU - Upper Chiwawa River,10/2/2025 8:37:23 PM,10/2/2025 8:37:30 PM,UPPER IN-STREAM ARRAY,LOWER IN-STREAM ARRAY,11/1/2022,7,Bull Trout,R,Resident,W,Wild Fish or Natural Production,"CHIWAT - Chiwawa River Trap, 0.5 km below CHIP acclimation pond",SCREWT,Screw Trap,197,1
3DD.003D99FED4,CSS-2022-305-112.xml,CWT - Chiwawa River Weir Trap Array,6/14/2025 2:43:53 AM,6/14/2025 2:43:53 AM,Single Pass,Single Pass,11/1/2022,7,Bull Trout,R,Resident,W,Wild Fish or Natural Production,"CHIWAT - Chiwawa River Trap, 0.5 km below CHIP acclimation pond",SCREWT,Screw Trap,197,1
3DD.003D99FEDD,CSS-2022-305-112.xml,CHL - Lower Chiwawa River,11/4/2022 11:01:34 PM,11/4/2022 11:01:34 PM,UPPER IN-STREAM ARRAY,UPPER IN-STREAM ARRAY,11/1/2022,7,Bull Trout,R,Resident,W,Wild Fish or Natural Production,"CHIWAT - Chiwawa River Trap, 0.5 km below CHIP acclimation pond",SCREWT,Screw Trap,196,1
3DD.003D99FEE3,CSS-2022-305-112.xml,CHL - Lower Chiwawa River,11/1/2022 6:49:13 PM,11/1/2022 6:49:13 PM,LOWER IN-STREAM ARRAY,LOWER IN-STREAM ARRAY,11/1/2022,7,Bull Trout,R,Resident,W,Wild Fish or Natural Production,"CHIWAT - Chiwawa River Trap, 0.5 km below CHIP acclimation pond",SCREWT,Screw Trap,169,1
3DD.003D99FEE3,CSS-2022-305-112.xml,UWE - Upper Wenatchee River,11/2/2022 4:28:33 AM,11/2/2022 4:28:33 AM,IN-STREAM ARRAY,IN-STREAM ARRAY,11/1/2022,7,Bull Trout,R,Resident,W,Wild Fish or Natural Production,"CHIWAT - Chiwawa River Trap, 0.5 km below CHIP acclimation pond",SCREWT,Screw Trap,169,1
3DD.003D99FEE6,CSS-2022-305-112.xml,CHL - Lower Chiwawa River,3/13/2023 10:32:09 AM,3/13/2023 10:32:09 AM,UPPER IN-STREAM ARRAY,UPPER IN-STREAM ARRAY,11/1/2022,7,Bull Trout,R,Resident,W,Wild Fish or Natural Production,"CHIWAT - Chiwawa River Trap, 0.5 km below CHIP acclimation pond",SCREWT,Screw Trap,200,1
3DD.003D99FEEC,CSS-2022-305-112.xml,"WTL - White River, Wenatchee Basin",3/7/2023 9:48:19 PM,3/7/2023 9:48:19 PM,UPPER IN-STREAM ARRAY,UPPER IN-STREAM ARRAY,11/1/2022,7,Bull Trout,R,Resident,W,Wild Fish or Natural Production,"CHIWAT - Chiwawa River Trap, 0.5 km below CHIP acclimation pond",SCREWT,Screw Trap,209,1
3DD.003D99FF6C,CSS-2022-314-112.xml,CHL - Lower Chiwawa River,11/10/2022 6:34:48 PM,1/12/2023 2:54:24 AM,UPPER IN-STREAM ARRAY,LOWER IN-STREAM ARRAY,11/10/2022,7,Bull Trout,R,Resident,W,Wild Fish or Natural Production,"CHIWAT - Chiwawa River Trap, 0.5 km below CHIP acclimation pond",SCREWT,Screw Trap,206,1
3DD.003D99FF77,CSS-2022-314-112.xml,CHL - Lower Chiwawa River,11/10/2022 8:06:28 PM,1/24/2023 7:18:03 AM,LOWER IN-STREAM ARRAY,LOWER IN-STREAM ARRAY,11/10/2022,7,Bull Trout,R,Resident,W,Wild Fish or Natural Production,"CHIWAT - Chiwawa River Trap, 0.5 km below CHIP acclimation pond",SCREWT,Screw Trap,194,1
3DD.003D99FF93,CSS-2022-304-112.xml,CHL - Lower Chiwawa River,10/31/2022 5:50:45 PM,10/31/2022 5:50:45 PM,UPPER IN-STREAM ARRAY,UPPER IN-STREAM ARRAY,10/31/2022,7,Bull Trout,R,Resident,W,Wild Fish or Natural Production,"CHIWAT - Chiwawa River Trap, 0.5 km below CHIP acclimation pond",SCREWT,Screw Trap,194,1
3DD.003D99FF95,CSS-2022-304-112.xml,CWT - Chiwawa River Weir Trap Array,5/19/2026 2:08:17 AM,5/19/2026 2:08:17 AM,Single Pass,Single Pass,10/31/2022,7,Bull Trout,R,Resident,W,Wild Fish or Natural Production,"CHIWAT - Chiwawa River Trap, 0.5 km below CHIP acclimation pond",SCREWT,Screw Trap,252,1
3DD.003D99FF95,CSS-2022-304-112.xml,UWE - Upper Wenatchee River,10/31/2022 10:00:07 PM,10/31/2022 10:00:07 PM,IN-STREAM ARRAY,IN-STREAM ARRAY,10/31/2022,7,Bull Trout,R,Resident,W,Wild Fish or Natural Production,"CHIWAT - Chiwawa River Trap, 0.5 km below CHIP acclimation pond",SCREWT,Screw Trap,252,1
3DD.003D99FFC3,CSS-2022-304-112.xml,CHL - Lower Chiwawa River,7/9/2023 4:26:28 PM,7/25/2024 11:54:34 PM,LOWER IN-STREAM ARRAY,LOWER IN-STREAM ARRAY,10/31/2022,7,Bull Trout,R,Resident,W,Wild Fish or Natural Production,"CHIWAT - Chiwawa River Trap, 0.5 km below CHIP acclimation pond",SCREWT,Screw Trap,241,1
3DD.003D99FFC3,CSS-2022-304-112.xml,UWE - Upper Wenatchee River,7/8/2023 10:40:26 PM,7/26/2024 8:05:46 PM,IN-STREAM ARRAY,IN-STREAM ARRAY,10/31/2022,7,Bull Trout,R,Resident,W,Wild Fish or Natural Production,"CHIWAT - Chiwawa River Trap, 0.5 km below CHIP acclimation pond",SCREWT,Screw Trap,241,1
3DD.003D99FFD8,CSS-2022-304-112.xml,UWE - Upper Wenatchee River,11/1/2022 2:08:10 AM,11/1/2022 2:08:11 AM,IN-STREAM ARRAY,IN-STREAM ARRAY,10/31/2022,7,Bull Trout,R,Resident,W,Wild Fish or Natural Production,"CHIWAT - Chiwawa River Trap, 0.5 km below CHIP acclimation pond",SCREWT,Screw Trap,232,1
3DD.003D99FFE1,CSS-2022-304-112.xml,CHL - Lower Chiwawa River,7/13/2023 10:24:33 PM,9/21/2023 2:31:37 AM,LOWER IN-STREAM ARRAY,LOWER IN-STREAM ARRAY,10/31/2022,7,Bull Trout,R,Resident,W,Wild Fish or Natural Production,"CHIWAT - Chiwawa River Trap, 0.5 km below CHIP acclimation pond",SCREWT,Screw Trap,212,1
3DD.003D99FFE1,CSS-2022-304-112.xml,TUF - Tumwater Dam Adult Fishway,6/14/2023 6:13:02 PM,6/14/2023 6:59:58 PM,WEIR 3,WEIR 17,10/31/2022,7,Bull Trout,R,Resident,W,Wild Fish or Natural Production,"CHIWAT - Chiwawa River Trap, 0.5 km below CHIP acclimation pond",SCREWT,Screw Trap,212,1
3DD.003DE596E3,CGS-2021-177-MET.xml,MRC - Methow River at Carlton,1/15/2022 8:15:29 PM,1/15/2022 8:15:29 PM,Single Array,Single Array,11/21/2021,7,Bull Trout,R,Resident,W,Wild Fish or Natural Production,METHR - Methow River,SCREWT,Screw Trap,203,1
3DD.003DE59714,CGS-2021-177-MET.xml,MRC - Methow River at Carlton,2/6/2023 6:15:36 PM,6/9/2023 12:07:38 AM,Single Array,Single Array,11/21/2021,7,Bull Trout,R,Resident,W,Wild Fish or Natural Production,METHR - Methow River,SCREWT,Screw Trap,236,1
3DD.003DE59714,CGS-2021-177-MET.xml,MRW - Methow River at Winthrop,6/18/2023 11:10:36 PM,6/18/2023 11:10:36 PM,DOWNSTREAM ARRAY,DOWNSTREAM ARRAY,11/21/2021,7,Bull Trout,R,Resident,W,Wild Fish or Natural Production,METHR - Methow River,SCREWT,Screw Trap,236,1
3DD.003DE59D5C,CGS-2021-177-MET.xml,LMR - Lower Methow River at Pateros,11/18/2022 5:47:37 PM,11/18/2022 5:47:37 PM,Upstream Array,Upstream Array,12/2/2021,7,Bull Trout,R,Resident,W,Wild Fish or Natural Production,METHR - Methow River,SCREWT,Screw Trap,225,1
3DD.003DE7BBC6,CSS-2023-177-112.xml,CHL - Lower Chiwawa River,6/30/2023 4:44:41 PM,12/11/2025 12:38:39 AM,UPPER IN-STREAM ARRAY,LOWER IN-STREAM ARRAY,6/26/2023,7,Bull Trout,R,Resident,W,Wild Fish or Natural Production,"CHIWAT - Chiwawa River Trap, 0.5 km below CHIP acclimation pond",SCREWT,Screw Trap,187,1
3DD.003DE7BBD1,CSS-2023-177-112.xml,CHL - Lower Chiwawa River,11/6/2023 2:10:20 AM,11/6/2023 2:10:20 AM,LOWER IN-STREAM ARRAY,LOWER IN-STREAM ARRAY,6/26/2023,7,Bull Trout,R,Resident,W,Wild Fish or Natural Production,"CHIWAT - Chiwawa River Trap, 0.5 km below CHIP acclimation pond",SCREWT,Screw Trap,143,1
3DD.003DE7BBD1,CSS-2023-177-112.xml,ICL - Lower Icicle Instream Array,7/10/2024 8:36:00 PM,9/5/2024 6:54:35 PM,Downstream Array,Upstream Array,6/26/2023,7,Bull Trout,R,Resident,W,Wild Fish or Natural Production,"CHIWAT - Chiwawa River Trap, 0.5 km below CHIP acclimation pond",SCREWT,Screw Trap,143,1
3DD.003DE7BBD1,CSS-2023-177-112.xml,LNF - Leavenworth NFH Adult Ladder,7/11/2024 8:56:30 PM,7/11/2024 9:34:13 PM,LOWER FISH LADDER,LOWER FISH LADDER,6/26/2023,7,Bull Trout,R,Resident,W,Wild Fish or Natural Production,"CHIWAT - Chiwawa River Trap, 0.5 km below CHIP acclimation pond",SCREWT,Screw Trap,143,1
3DD.003DE7CEF3,CSS-2023-312-112.xml,UWE - Upper Wenatchee River,11/11/2023 7:02:57 AM,11/11/2023 7:02:57 AM,IN-STREAM ARRAY,IN-STREAM ARRAY,11/8/2023,7,Bull Trout,R,Resident,W,Wild Fish or Natural Production,"CHIWAT - Chiwawa River Trap, 0.5 km below CHIP acclimation pond",SCREWT,Screw Trap,159,1
3DD.003DE7DA4C,CSS-2023-319-112.xml,"WTL - White River, Wenatchee Basin",3/3/2024 2:01:46 AM,3/3/2024 2:01:46 AM,UPPER IN-STREAM ARRAY,UPPER IN-STREAM ARRAY,11/15/2023,7,Bull Trout,R,Resident,W,Wild Fish or Natural Production,"CHIWAT - Chiwawa River Trap, 0.5 km below CHIP acclimation pond",SCREWT,Screw Trap,159,1
3DD.003DE80CC9,NBD-2023-274-001.xml,CHL - Lower Chiwawa River,11/12/2023 6:29:27 PM,11/12/2023 6:29:27 PM,UPPER IN-STREAM ARRAY,UPPER IN-STREAM ARRAY,10/30/2023,7,Bull Trout,R,Resident,W,Wild Fish or Natural Production,CHIWAR - Chiwawa River,SHOCK,Electro-Shock,133,1
3DD.003DE80CD5,NBD-2023-274-001.xml,CHL - Lower Chiwawa River,10/31/2024 11:44:55 PM,10/31/2024 11:45:03 PM,UPPER IN-STREAM ARRAY,LOWER IN-STREAM ARRAY,10/31/2023,7,Bull Trout,R,Resident,W,Wild Fish or Natural Production,CHIWAR - Chiwawa River,SHOCK,Electro-Shock,108,1
3DD.003DE80CD5,NBD-2023-274-001.xml,CHU - Upper Chiwawa River,10/29/2024 10:33:33 PM,10/29/2024 10:33:33 PM,UPPER IN-STREAM ARRAY,UPPER IN-STREAM ARRAY,10/31/2023,7,Bull Trout,R,Resident,W,Wild Fish or Natural Production,CHIWAR - Chiwawa River,SHOCK,Electro-Shock,108,1
3DD.003DE80CF8,NBD-2023-274-001.xml,CHL - Lower Chiwawa River,10/21/2024 3:01:00 AM,10/21/2024 3:01:05 AM,UPPER IN-STREAM ARRAY,LOWER IN-STREAM ARRAY,10/30/2023,7,Bull Trout,R,Resident,W,Wild Fish or Natural Production,CHIWAR - Chiwawa River,SHOCK,Electro-Shock,104,1
3DD.003DE80CF8,NBD-2023-274-001.xml,CHU - Upper Chiwawa River,10/19/2024 9:34:59 PM,10/19/2024 9:35:08 PM,UPPER IN-STREAM ARRAY,LOWER IN-STREAM ARRAY,10/30/2023,7,Bull Trout,R,Resident,W,Wild Fish or Natural Production,CHIWAR - Chiwawa River,SHOCK,Electro-Shock,104,1
3DD.003DE80D13,NBD-2023-274-001.xml,CHL - Lower Chiwawa River,11/1/2025 5:01:06 AM,11/1/2025 5:01:06 AM,UPPER IN-STREAM ARRAY,UPPER IN-STREAM ARRAY,10/30/2023,7,Bull Trout,R,Resident,W,Wild Fish or Natural Production,CHIWAR - Chiwawa River,SHOCK,Electro-Shock,101,1
3DD.003DE80D13,NBD-2023-274-001.xml,CHU - Upper Chiwawa River,10/28/2025 10:28:11 PM,10/28/2025 10:28:20 PM,UPPER IN-STREAM ARRAY,LOWER IN-STREAM ARRAY,10/30/2023,7,Bull Trout,R,Resident,W,Wild Fish or Natural Production,CHIWAR - Chiwawa River,SHOCK,Electro-Shock,101,1
3DD.003DE80D27,NBD-2023-274-001.xml,CHL - Lower Chiwawa River,10/27/2024 10:30:00 PM,10/27/2024 10:30:05 PM,UPPER IN-STREAM ARRAY,LOWER IN-STREAM ARRAY,10/30/2023,7,Bull Trout,R,Resident,W,Wild Fish or Natural Production,CHIWAR - Chiwawa River,SHOCK,Electro-Shock,125,1
3DD.003DE80D27,NBD-2023-274-001.xml,CWT - Chiwawa River Weir Trap Array,10/27/2024 10:27:09 PM,10/27/2024 10:27:09 PM,Single Pass,Single Pass,10/30/2023,7,Bull Trout,R,Resident,W,Wild Fish or Natural Production,CHIWAR - Chiwawa River,SHOCK,Electro-Shock,125,1
3DD.003DE80D29,NBD-2023-274-001.xml,CHL - Lower Chiwawa River,9/3/2025 7:27:42 PM,9/3/2025 7:27:42 PM,LOWER IN-STREAM ARRAY,LOWER IN-STREAM ARRAY,10/27/2023,7,Bull Trout,R,Resident,W,Wild Fish or Natural Production,CHIWAR - Chiwawa River,SHOCK,Electro-Shock,74,1
3DD.003DE80D29,NBD-2023-274-001.xml,CHU - Upper Chiwawa River,9/2/2025 12:00:28 AM,9/2/2025 12:00:42 AM,UPPER IN-STREAM ARRAY,LOWER IN-STREAM ARRAY,10/27/2023,7,Bull Trout,R,Resident,W,Wild Fish or Natural Production,CHIWAR - Chiwawa River,SHOCK,Electro-Shock,74,1
3DD.003DE8156C,CSS-2024-273-112.xml,CHL - Lower Chiwawa River,7/21/2025 11:59:19 PM,9/22/2025 6:47:22 PM,LOWER IN-STREAM ARRAY,LOWER IN-STREAM ARRAY,9/29/2024,7,Bull Trout,R,Resident,W,Wild Fish or Natural Production,"CHIWAT - Chiwawa River Trap, 0.5 km below CHIP acclimation pond",SCREWT,Screw Trap,422,1
3DD.003DE8156C,CSS-2024-273-112.xml,CHU - Upper Chiwawa River,9/21/2025 10:18:23 PM,9/21/2025 10:18:30 PM,UPPER IN-STREAM ARRAY,LOWER IN-STREAM ARRAY,9/29/2024,7,Bull Trout,R,Resident,W,Wild Fish or Natural Production,"CHIWAT - Chiwawa River Trap, 0.5 km below CHIP acclimation pond",SCREWT,Screw Trap,422,1
3DD.003DE8156C,CSS-2024-273-112.xml,CWT - Chiwawa River Weir Trap Array,7/22/2025 12:34:29 AM,7/22/2025 12:34:29 AM,Single Pass,Single Pass,9/29/2024,7,Bull Trout,R,Resident,W,Wild Fish or Natural Production,"CHIWAT - Chiwawa River Trap, 0.5 km below CHIP acclimation pond",SCREWT,Screw Trap,422,1
3DD.003DE8156C,CSS-2024-273-112.xml,UWE - Upper Wenatchee River,9/29/2024 9:19:48 PM,9/29/2024 9:19:48 PM,IN-STREAM ARRAY,IN-STREAM ARRAY,9/29/2024,7,Bull Trout,R,Resident,W,Wild Fish or Natural Production,"CHIWAT - Chiwawa River Trap, 0.5 km below CHIP acclimation pond",SCREWT,Screw Trap,422,1
3DD.003DE81573,CSS-2024-280-112.xml,UWE - Upper Wenatchee River,10/6/2024 9:12:29 PM,10/6/2024 9:12:29 PM,IN-STREAM ARRAY,IN-STREAM ARRAY,10/6/2024,7,Bull Trout,R,Resident,W,Wild Fish or Natural Production,"CHIWAT - Chiwawa River Trap, 0.5 km below CHIP acclimation pond",SCREWT,Screw Trap,257,1
3DD.003DE81577,CSS-2024-286-112.xml,CHL - Lower Chiwawa River,10/12/2024 6:41:58 PM,10/13/2024 5:48:40 AM,LOWER IN-STREAM ARRAY,LOWER IN-STREAM ARRAY,10/12/2024,7,Bull Trout,R,Resident,W,Wild Fish or Natural Production,"CHIWAT - Chiwawa River Trap, 0.5 km below CHIP acclimation pond",SCREWT,Screw Trap,200,1
3DD.003DE81577,CSS-2024-286-112.xml,CWT - Chiwawa River Weir Trap Array,10/12/2024 7:27:48 PM,10/12/2024 10:23:24 PM,Single Pass,Single Pass,10/12/2024,7,Bull Trout,R,Resident,W,Wild Fish or Natural Production,"CHIWAT - Chiwawa River Trap, 0.5 km below CHIP acclimation pond",SCREWT,Screw Trap,200,1
3DD.003DE8157B,CSS-2024-295-112.xml,CHL - Lower Chiwawa River,10/21/2024 6:00:13 PM,10/21/2024 6:00:13 PM,UPPER IN-STREAM ARRAY,UPPER IN-STREAM ARRAY,10/21/2024,7,Bull Trout,R,Resident,W,Wild Fish or Natural Production,"CHIWAT - Chiwawa River Trap, 0.5 km below CHIP acclimation pond",SCREWT,Screw Trap,222,1
3DD.003DE8158C,CSS-2024-287-112.xml,UWE - Upper Wenatchee River,10/14/2024 2:47:08 AM,10/14/2024 2:47:08 AM,IN-STREAM ARRAY,IN-STREAM ARRAY,10/13/2024,7,Bull Trout,R,Resident,W,Wild Fish or Natural Production,"CHIWAT - Chiwawa River Trap, 0.5 km below CHIP acclimation pond",SCREWT,Screw Trap,280,1
3DD.003DE81590,CSS-2024-294-112.xml,CHL - Lower Chiwawa River,10/20/2024 11:01:47 AM,10/21/2024 6:22:30 PM,LOWER IN-STREAM ARRAY,LOWER IN-STREAM ARRAY,10/20/2024,7,Bull Trout,R,Resident,W,Wild Fish or Natural Production,"CHIWAT - Chiwawa River Trap, 0.5 km below CHIP acclimation pond",SCREWT,Screw Trap,226,1
3DD.003DE81590,CSS-2024-294-112.xml,CWT - Chiwawa River Weir Trap Array,10/20/2024 9:40:34 PM,10/21/2024 6:05:07 PM,Single Pass,Single Pass,10/20/2024,7,Bull Trout,R,Resident,W,Wild Fish or Natural Production,"CHIWAT - Chiwawa River Trap, 0.5 km below CHIP acclimation pond",SCREWT,Screw Trap,226,1
3DD.003DE81596,CSS-2024-295-112.xml,CHL - Lower Chiwawa River,10/21/2024 1:09:33 PM,10/21/2024 5:33:58 PM,LOWER IN-STREAM ARRAY,LOWER IN-STREAM ARRAY,10/21/2024,7,Bull Trout,R,Resident,W,Wild Fish or Natural Production,"CHIWAT - Chiwawa River Trap, 0.5 km below CHIP acclimation pond",SCREWT,Screw Trap,230,1
3DD.003DE8159F,CSS-2024-295-112.xml,CHL - Lower Chiwawa River,10/21/2024 3:09:25 PM,10/21/2024 3:24:26 PM,UPPER IN-STREAM ARRAY,LOWER IN-STREAM ARRAY,10/21/2024,7,Bull Trout,R,Resident,W,Wild Fish or Natural Production,"CHIWAT - Chiwawa River Trap, 0.5 km below CHIP acclimation pond",SCREWT,Screw Trap,212,1
3DD.003DE8159F,CSS-2024-295-112.xml,CWT - Chiwawa River Weir Trap Array,10/21/2024 4:46:15 PM,10/21/2024 4:46:18 PM,Single Pass,Single Pass,10/21/2024,7,Bull Trout,R,Resident,W,Wild Fish or Natural Production,"CHIWAT - Chiwawa River Trap, 0.5 km below CHIP acclimation pond",SCREWT,Screw Trap,212,1
3DD.003DE815A2,CSS-2024-280-112.xml,UWE - Upper Wenatchee River,10/6/2024 11:04:30 PM,10/6/2024 11:04:30 PM,IN-STREAM ARRAY,IN-STREAM ARRAY,10/6/2024,7,Bull Trout,R,Resident,W,Wild Fish or Natural Production,"CHIWAT - Chiwawa River Trap, 0.5 km below CHIP acclimation pond",SCREWT,Screw Trap,217,1
3DD.003DE815A4,CSS-2024-294-112.xml,CHL - Lower Chiwawa River,10/20/2024 11:01:56 AM,10/21/2024 7:32:42 PM,LOWER IN-STREAM ARRAY,UPPER IN-STREAM ARRAY,10/20/2024,7,Bull Trout,R,Resident,W,Wild Fish or Natural Production,"CHIWAT - Chiwawa River Trap, 0.5 km below CHIP acclimation pond",SCREWT,Screw Trap,286,1
3DD.003DE815A4,CSS-2024-294-112.xml,CWT - Chiwawa River Weir Trap Array,10/21/2024 12:37:12 AM,10/21/2024 12:40:19 AM,Single Pass,Single Pass,10/20/2024,7,Bull Trout,R,Resident,W,Wild Fish or Natural Production,"CHIWAT - Chiwawa River Trap, 0.5 km below CHIP acclimation pond",SCREWT,Screw Trap,286,1
3DD.003DE815A4,CSS-2024-294-112.xml,"WTL - White River, Wenatchee Basin",8/11/2025 12:34:16 PM,5/13/2026 12:38:42 PM,LOWER IN-STREAM ARRAY,UPPER IN-STREAM ARRAY,10/20/2024,7,Bull Trout,R,Resident,W,Wild Fish or Natural Production,"CHIWAT - Chiwawa River Trap, 0.5 km below CHIP acclimation pond",SCREWT,Screw Trap,286,1
3DD.003DE815A8,CSS-2024-295-112.xml,CHL - Lower Chiwawa River,10/21/2024 11:08:31 AM,10/28/2024 6:25:03 PM,UPPER IN-STREAM ARRAY,LOWER IN-STREAM ARRAY,10/21/2024,7,Bull Trout,R,Resident,W,Wild Fish or Natural Production,"CHIWAT - Chiwawa River Trap, 0.5 km below CHIP acclimation pond",SCREWT,Screw Trap,200,1
3DD.003DE815A8,CSS-2024-295-112.xml,CWT - Chiwawa River Weir Trap Array,10/21/2024 5:31:14 PM,10/28/2024 5:28:44 PM,Single Pass,Single Pass,10/21/2024,7,Bull Trout,R,Resident,W,Wild Fish or Natural Production,"CHIWAT - Chiwawa River Trap, 0.5 km below CHIP acclimation pond",SCREWT,Screw Trap,200,1
3DD.003DE815AB,CSS-2024-273-112.xml,UWE - Upper Wenatchee River,9/29/2024 10:08:57 PM,9/29/2024 10:08:57 PM,IN-STREAM ARRAY,IN-STREAM ARRAY,9/29/2024,7,Bull Trout,R,Resident,W,Wild Fish or Natural Production,"CHIWAT - Chiwawa River Trap, 0.5 km below CHIP acclimation pond",SCREWT,Screw Trap,258,1
3DD.003DE815AE,CSS-2024-295-112.xml,CHL - Lower Chiwawa River,10/21/2024 11:06:54 AM,10/28/2024 5:39:32 PM,LOWER IN-STREAM ARRAY,UPPER IN-STREAM ARRAY,10/21/2024,7,Bull Trout,R,Resident,W,Wild Fish or Natural Production,"CHIWAT - Chiwawa River Trap, 0.5 km below CHIP acclimation pond",SCREWT,Screw Trap,263,1
3DD.003DE815AE,CSS-2024-295-112.xml,CWT - Chiwawa River Weir Trap Array,10/21/2024 4:22:56 PM,10/28/2024 4:48:21 PM,Single Pass,Single Pass,10/21/2024,7,Bull Trout,R,Resident,W,Wild Fish or Natural Production,"CHIWAT - Chiwawa River Trap, 0.5 km below CHIP acclimation pond",SCREWT,Screw Trap,263,1
3DD.003DE815AF,CSS-2024-294-112.xml,CHL - Lower Chiwawa River,10/20/2024 11:01:50 AM,10/20/2024 5:29:32 PM,LOWER IN-STREAM ARRAY,LOWER IN-STREAM ARRAY,10/20/2024,7,Bull Trout,R,Resident,W,Wild Fish or Natural Production,"CHIWAT - Chiwawa River Trap, 0.5 km below CHIP acclimation pond",SCREWT,Screw Trap,267,1
3DD.003DE815B7,CSS-2024-293-112.xml,"WTL - White River, Wenatchee Basin",8/13/2025 5:43:29 AM,10/12/2025 12:20:20 AM,LOWER IN-STREAM ARRAY,LOWER IN-STREAM ARRAY,10/19/2024,7,Bull Trout,R,Resident,W,Wild Fish or Natural Production,"CHIWAT - Chiwawa River Trap, 0.5 km below CHIP acclimation pond",SCREWT,Screw Trap,242,1
3DD.003DE815B9,CSS-2024-295-112.xml,CHL - Lower Chiwawa River,10/21/2024 9:54:21 PM,10/21/2024 9:54:28 PM,UPPER IN-STREAM ARRAY,LOWER IN-STREAM ARRAY,10/21/2024,7,Bull Trout,R,Resident,W,Wild Fish or Natural Production,"CHIWAT - Chiwawa River Trap, 0.5 km below CHIP acclimation pond",SCREWT,Screw Trap,248,1
3DD.003DE815C3,CSS-2024-294-112.xml,CHL - Lower Chiwawa River,10/20/2024 11:45:06 AM,10/21/2024 5:42:49 PM,LOWER IN-STREAM ARRAY,LOWER IN-STREAM ARRAY,10/20/2024,7,Bull Trout,R,Resident,W,Wild Fish or Natural Production,"CHIWAT - Chiwawa River Trap, 0.5 km below CHIP acclimation pond",SCREWT,Screw Trap,221,1
3DD.003DE815C5,CSS-2024-295-112.xml,CHL - Lower Chiwawa River,10/21/2024 8:18:53 PM,10/21/2024 8:22:24 PM,UPPER IN-STREAM ARRAY,LOWER IN-STREAM ARRAY,10/21/2024,7,Bull Trout,R,Resident,W,Wild Fish or Natural Production,"CHIWAT - Chiwawa River Trap, 0.5 km below CHIP acclimation pond",SCREWT,Screw Trap,168,1
3DD.003DE815CB,CSS-2024-295-112.xml,CHL - Lower Chiwawa River,10/27/2024 5:44:50 PM,10/27/2024 5:44:50 PM,UPPER IN-STREAM ARRAY,UPPER IN-STREAM ARRAY,10/21/2024,7,Bull Trout,R,Resident,W,Wild Fish or Natural Production,"CHIWAT - Chiwawa River Trap, 0.5 km below CHIP acclimation pond",SCREWT,Screw Trap,218,1
3DD.003DE815CB,CSS-2024-295-112.xml,CWT - Chiwawa River Weir Trap Array,10/22/2024 1:33:37 AM,10/27/2024 5:26:44 PM,Single Pass,Single Pass,10/21/2024,7,Bull Trout,R,Resident,W,Wild Fish or Natural Production,"CHIWAT - Chiwawa River Trap, 0.5 km below CHIP acclimation pond",SCREWT,Screw Trap,218,1
3DD.003DE8184C,CSS-2024-158-112.xml,CHL - Lower Chiwawa River,6/8/2024 5:10:48 PM,6/8/2024 5:11:04 PM,UPPER IN-STREAM ARRAY,LOWER IN-STREAM ARRAY,6/6/2024,7,Bull Trout,R,Resident,W,Wild Fish or Natural Production,"CHIWAT - Chiwawa River Trap, 0.5 km below CHIP acclimation pond",SCREWT,Screw Trap,208,1
3DD.003DE8184C,CSS-2024-158-112.xml,LWN - Little Wenatchee River,6/15/2024 1:40:49 AM,6/16/2024 12:17:17 AM,LOWER IN-STREAM ARRAY,UPPER IN-STREAM ARRAY,6/6/2024,7,Bull Trout,R,Resident,W,Wild Fish or Natural Production,"CHIWAT - Chiwawa River Trap, 0.5 km below CHIP acclimation pond",SCREWT,Screw Trap,208,1
3DD.003DE81AF7,CSS-2024-179-112.xml,NAL - Lower Nason Creek,7/2/2024 3:40:12 AM,7/2/2024 3:42:51 AM,LOWER IN-STREAM ARRAY,UPPER IN-STREAM ARRAY,6/27/2024,7,Bull Trout,R,Resident,W,Wild Fish or Natural Production,"CHIWAT - Chiwawa River Trap, 0.5 km below CHIP acclimation pond",SCREWT,Screw Trap,152,1
3DD.003DE81AFD,CSS-2024-180-112.xml,NAL - Lower Nason Creek,7/3/2024 1:16:07 AM,8/30/2024 2:04:51 AM,LOWER IN-STREAM ARRAY,LOWER IN-STREAM ARRAY,6/28/2024,7,Bull Trout,R,Resident,W,Wild Fish or Natural Production,"CHIWAT - Chiwawa River Trap, 0.5 km below CHIP acclimation pond",SCREWT,Screw Trap,158,1
3DD.003DE81AFD,CSS-2024-180-112.xml,NAU - Upper Nason Creek,7/19/2024 9:27:44 PM,8/28/2024 11:57:45 PM,LOWER IN-STREAM ARRAY,LOWER IN-STREAM ARRAY,6/28/2024,7,Bull Trout,R,Resident,W,Wild Fish or Natural Production,"CHIWAT - Chiwawa River Trap, 0.5 km below CHIP acclimation pond",SCREWT,Screw Trap,158,1
3DD.003DE82500,CSS-2024-169-112.xml,NAL - Lower Nason Creek,6/22/2024 6:43:16 AM,6/22/2024 6:45:41 AM,LOWER IN-STREAM ARRAY,UPPER IN-STREAM ARRAY,6/17/2024,7,Bull Trout,R,Resident,W,Wild Fish or Natural Production,"CHIWAT - Chiwawa River Trap, 0.5 km below CHIP acclimation pond",SCREWT,Screw Trap,187,1
3DD.003DE82500,CSS-2024-169-112.xml,UWE - Upper Wenatchee River,6/19/2024 7:24:47 PM,6/19/2024 7:24:47 PM,IN-STREAM ARRAY,IN-STREAM ARRAY,6/17/2024,7,Bull Trout,R,Resident,W,Wild Fish or Natural Production,"CHIWAT - Chiwawa River Trap, 0.5 km below CHIP acclimation pond",SCREWT,Screw Trap,187,1
3DD.003DE8390C,CSS-2023-292-112.xml,CHL - Lower Chiwawa River,10/19/2023 6:43:52 PM,11/14/2023 8:20:54 PM,LOWER IN-STREAM ARRAY,LOWER IN-STREAM ARRAY,10/19/2023,7,Bull Trout,R,Resident,W,Wild Fish or Natural Production,"CHIWAT - Chiwawa River Trap, 0.5 km below CHIP acclimation pond",SCREWT,Screw Trap,197,1
3DD.003DE86D17,NBD-2023-172-PRD.xml,LWE - Lower Wenatchee River,6/27/2023 10:35:09 PM,6/27/2023 10:35:35 PM,DOWNSTREAM ANTENNA ARRAY,UPSTREAM ANTENNA ARRAY,6/21/2023,7,Bull Trout,R,Resident,W,Wild Fish or Natural Production,PRDLD1 - PRD - Release into the Left Bank (facing downstream) Adult Fish Ladder,LADDER,Adult Passage Ladder,380,1
3DD.003DE86D17,NBD-2023-172-PRD.xml,RIA - Rock Island Adult,6/26/2023 6:40:46 AM,6/26/2023 7:23:00 AM,LEFT LADDER BAFFLE 2,LEFT LADDER BAFFLE 4,6/21/2023,7,Bull Trout,R,Resident,W,Wild Fish or Natural Production,PRDLD1 - PRD - Release into the Left Bank (facing downstream) Adult Fish Ladder,LADDER,Adult Passage Ladder,380,1
3DD.003DE86D17,NBD-2023-172-PRD.xml,TUF - Tumwater Dam Adult Fishway,7/7/2023 10:07:12 AM,7/7/2023 10:47:25 AM,WEIR 3,WEIR 17,6/21/2023,7,Bull Trout,R,Resident,W,Wild Fish or Natural Production,PRDLD1 - PRD - Release into the Left Bank (facing downstream) Adult Fish Ladder,LADDER,Adult Passage Ladder,380,1
3DD.003DEAB720,CGS-2022-269-LF1.xml,"GLC - Gold Creek, Methow River",7/7/2025 12:35:08 PM,8/15/2025 9:30:09 PM,LOWER IN-STREAM ARRAY,LOWER IN-STREAM ARRAY,10/7/2022,7,Bull Trout,R,Resident,W,Wild Fish or Natural Production,TWISPR - Twisp River,SHOCK,Electro-Shock,123,1
3DD.003DEAB720,CGS-2022-269-LF1.xml,TWR - Lwr Twisp Rvr near MSRF Ponds,3/25/2025 5:04:43 AM,3/25/2025 5:04:43 AM,UPPER IN-STREAM ARRAY,UPPER IN-STREAM ARRAY,10/7/2022,7,Bull Trout,R,Resident,W,Wild Fish or Natural Production,TWISPR - Twisp River,SHOCK,Electro-Shock,123,1
3DD.003DEAB9B2,CGS-2022-269-LF1.xml,MRC - Methow River at Carlton,9/16/2025 7:52:38 PM,9/16/2025 7:52:38 PM,Single Array,Single Array,10/7/2022,7,Bull Trout,R,Resident,W,Wild Fish or Natural Production,TWISPR - Twisp River,SHOCK,Electro-Shock,112,1
3DD.003DEAB9B2,CGS-2022-269-LF1.xml,TWR - Lwr Twisp Rvr near MSRF Ponds,9/11/2025 6:55:10 PM,9/11/2025 6:55:10 PM,LOWER IN-STREAM ARRAY,LOWER IN-STREAM ARRAY,10/7/2022,7,Bull Trout,R,Resident,W,Wild Fish or Natural Production,TWISPR - Twisp River,SHOCK,Electro-Shock,112,1
3DD.003DEAB9B6,CGS-2022-269-LF1.xml,LMR - Lower Methow River at Pateros,11/12/2025 5:39:26 AM,11/12/2025 5:39:26 AM,Upstream Array,Upstream Array,10/10/2022,7,Bull Trout,R,Resident,W,Wild Fish or Natural Production,TWISPR - Twisp River,SHOCK,Electro-Shock,99,1
3DD.003DEAB9B6,CGS-2022-269-LF1.xml,MRC - Methow River at Carlton,11/5/2025 7:16:22 PM,11/5/2025 7:16:22 PM,Single Array,Single Array,10/10/2022,7,Bull Trout,R,Resident,W,Wild Fish or Natural Production,TWISPR - Twisp River,SHOCK,Electro-Shock,99,1
3DD.003DEAB9B6,CGS-2022-269-LF1.xml,TWR - Lwr Twisp Rvr near MSRF Ponds,5/8/2025 11:48:46 AM,5/8/2025 11:48:46 AM,UPPER IN-STREAM ARRAY,UPPER IN-STREAM ARRAY,10/10/2022,7,Bull Trout,R,Resident,W,Wild Fish or Natural Production,TWISPR - Twisp River,SHOCK,Electro-Shock,99,1
3DD.003DEAB9F0,CGS-2022-269-LF1.xml,"BVC - Beaver Creek, Methow River",7/7/2024 9:30:33 AM,7/7/2024 9:15:34 PM,Downstream Antenna,Upstream Antenna,10/10/2022,7,Bull Trout,R,Resident,W,Wild Fish or Natural Production,TWISPR - Twisp River,SHOCK,Electro-Shock,87,1
3DD.003DEAB9F0,CGS-2022-269-LF1.xml,TWR - Lwr Twisp Rvr near MSRF Ponds,7/4/2024 11:45:31 PM,7/4/2024 11:45:31 PM,UPPER IN-STREAM ARRAY,UPPER IN-STREAM ARRAY,10/10/2022,7,Bull Trout,R,Resident,W,Wild Fish or Natural Production,TWISPR - Twisp River,SHOCK,Electro-Shock,87,1
3DD.003DEAB9F3,CGS-2022-269-LF1.xml,TWR - Lwr Twisp Rvr near MSRF Ponds,11/11/2023 3:57:46 AM,11/11/2023 3:57:49 AM,UPPER IN-STREAM ARRAY,LOWER IN-STREAM ARRAY,10/10/2022,7,Bull Trout,R,Resident,W,Wild Fish or Natural Production,TWISPR - Twisp River,SHOCK,Electro-Shock,128,1
3DD.003DEABAEC,CGS-2023-173-LB1.xml,MRC - Methow River at Carlton,10/6/2023 11:33:49 PM,10/6/2023 11:33:49 PM,Single Array,Single Array,7/21/2023,7,Bull Trout,R,Resident,W,Wild Fish or Natural Production,TWISPR - Twisp River,HOOK,Hook and Line,185,1
3DD.003DEABAEC,CGS-2023-173-LB1.xml,TWR - Lwr Twisp Rvr near MSRF Ponds,10/4/2023 9:28:49 PM,10/4/2023 9:28:53 PM,UPPER IN-STREAM ARRAY,LOWER IN-STREAM ARRAY,7/21/2023,7,Bull Trout,R,Resident,W,Wild Fish or Natural Production,TWISPR - Twisp River,HOOK,Hook and Line,185,1
3DD.003DEABB94,CGS-2023-173-LB1.xml,TWR - Lwr Twisp Rvr near MSRF Ponds,1/31/2024 10:08:14 PM,1/31/2024 10:08:14 PM,LOWER IN-STREAM ARRAY,LOWER IN-STREAM ARRAY,8/1/2023,7,Bull Trout,R,Resident,W,Wild Fish or Natural Production,TWISPR - Twisp River,HOOK,Hook and Line,192,1
3DD.003DFCB561,NBD-2021-142-001.json,CHW - Chiwaukum Creek,7/26/2022 4:10:55 AM,9/24/2024 8:35:05 PM,UPSTREAM ARRAY,DOWNSTREAM ARRAY,7/27/2021,7,Bull Trout,R,Resident,W,Wild Fish or Natural Production,TUMFBY - TUM - Release into the Forebay within 0.5 km upstream of Dam,LADDER,Adult Passage Ladder,280,1
3DD.003DFCB561,NBD-2021-142-001.json,TUF - Tumwater Dam Adult Fishway,7/10/2022 8:43:08 PM,7/10/2022 9:38:43 PM,WEIR 3,WEIR 17,7/27/2021,7,Bull Trout,R,Resident,W,Wild Fish or Natural Production,TUMFBY - TUM - Release into the Forebay within 0.5 km upstream of Dam,LADDER,Adult Passage Ladder,280,1
3DD.003DFCB62B,NBD-2021-142-001.json,CHL - Lower Chiwawa River,7/18/2021 11:25:19 PM,9/29/2021 2:59:27 AM,LOWER IN-STREAM ARRAY,LOWER IN-STREAM ARRAY,7/13/2021,7,Bull Trout,R,Resident,W,Wild Fish or Natural Production,TUMFBY - TUM - Release into the Forebay within 0.5 km upstream of Dam,LADDER,Adult Passage Ladder,430,1
3DD.003DFCB62B,NBD-2021-142-001.json,CHU - Upper Chiwawa River,7/26/2021 4:01:42 AM,9/18/2021 12:39:31 AM,LOWER IN-STREAM ARRAY,LOWER IN-STREAM ARRAY,7/13/2021,7,Bull Trout,R,Resident,W,Wild Fish or Natural Production,TUMFBY - TUM - Release into the Forebay within 0.5 km upstream of Dam,LADDER,Adult Passage Ladder,430,1
3DD.003DFCB714,NBD-2021-142-001.json,CHL - Lower Chiwawa River,7/25/2021 9:19:29 PM,7/25/2021 9:19:29 PM,LOWER IN-STREAM ARRAY,LOWER IN-STREAM ARRAY,7/15/2021,7,Bull Trout,R,Resident,W,Wild Fish or Natural Production,TUMFBY - TUM - Release into the Forebay within 0.5 km upstream of Dam,LADDER,Adult Passage Ladder,240,1
3DD.003DFCB72F,NBD-2021-142-001.json,CHW - Chiwaukum Creek,7/26/2021 12:37:24 AM,7/26/2021 12:37:44 AM,DOWNSTREAM ARRAY,UPSTREAM ARRAY,7/15/2021,7,Bull Trout,R,Resident,W,Wild Fish or Natural Production,TUMFBY - TUM - Release into the Forebay within 0.5 km upstream of Dam,LADDER,Adult Passage Ladder,380,1
3DD.003DFDDE3D,NBD-2021-142-001.json,CHW - Chiwaukum Creek,7/29/2021 11:52:19 PM,7/24/2022 2:58:51 AM,DOWNSTREAM ARRAY,UPSTREAM ARRAY,7/26/2021,7,Bull Trout,R,Resident,W,Wild Fish or Natural Production,TUMFBY - TUM - Release into the Forebay within 0.5 km upstream of Dam,LADDER,Adult Passage Ladder,420,1
3DD.003DFDDE3D,NBD-2021-142-001.json,TUF - Tumwater Dam Adult Fishway,6/22/2022 3:27:59 PM,7/19/2022 3:16:43 PM,WEIR 3,WEIR 17,7/26/2021,7,Bull Trout,R,Resident,W,Wild Fish or Natural Production,TUMFBY - TUM - Release into the Forebay within 0.5 km upstream of Dam,LADDER,Adult Passage Ladder,420,1
3DD.003DFDDE60,NBD-2021-142-001.json,CHL - Lower Chiwawa River,6/29/2023 11:25:55 PM,9/15/2023 11:27:21 PM,LOWER IN-STREAM ARRAY,LOWER IN-STREAM ARRAY,7/21/2021,7,Bull Trout,R,Resident,W,Wild Fish or Natural Production,TUMFBY - TUM - Release into the Forebay within 0.5 km upstream of Dam,LADDER,Adult Passage Ladder,NA,1
3DD.003DFDDE60,NBD-2021-142-001.json,CHU - Upper Chiwawa River,7/9/2023 10:17:08 PM,9/13/2023 3:31:40 AM,LOWER IN-STREAM ARRAY,LOWER IN-STREAM ARRAY,7/21/2021,7,Bull Trout,R,Resident,W,Wild Fish or Natural Production,TUMFBY - TUM - Release into the Forebay within 0.5 km upstream of Dam,LADDER,Adult Passage Ladder,NA,1
3DD.003DFDDE60,NBD-2021-142-001.json,CHW - Chiwaukum Creek,7/26/2021 7:41:16 AM,6/22/2024 12:04:19 AM,DOWNSTREAM ARRAY,UPSTREAM ARRAY,7/21/2021,7,Bull Trout,R,Resident,W,Wild Fish or Natural Production,TUMFBY - TUM - Release into the Forebay within 0.5 km upstream of Dam,LADDER,Adult Passage Ladder,NA,1
3DD.003DFDDE60,NBD-2021-142-001.json,TUF - Tumwater Dam Adult Fishway,7/28/2022 9:54:57 AM,7/28/2022 10:31:58 AM,WEIR 3,WEIR 17,7/21/2021,7,Bull Trout,R,Resident,W,Wild Fish or Natural Production,TUMFBY - TUM - Release into the Forebay within 0.5 km upstream of Dam,LADDER,Adult Passage Ladder,NA,1
3DD.003DFDE44D,NBD-2021-142-001.json,CHW - Chiwaukum Creek,10/31/2022 1:42:20 PM,7/1/2024 6:51:42 AM,UPSTREAM ARRAY,UPSTREAM ARRAY,7/16/2021,7,Bull Trout,R,Resident,W,Wild Fish or Natural Production,TUMFBY - TUM - Release into the Forebay within 0.5 km upstream of Dam,LADDER,Adult Passage Ladder,360,1
3DD.003DFDE44D,NBD-2021-142-001.json,TUF - Tumwater Dam Adult Fishway,6/21/2022 7:55:37 AM,6/20/2024 8:54:28 PM,WEIR 3,WEIR 17,7/16/2021,7,Bull Trout,R,Resident,W,Wild Fish or Natural Production,TUMFBY - TUM - Release into the Forebay within 0.5 km upstream of Dam,LADDER,Adult Passage Ladder,360,1
3DD.003E013E9C,CSS-2024-224-112.xml,CHL - Lower Chiwawa River,6/29/2025 9:09:25 PM,9/14/2025 7:28:49 PM,LOWER IN-STREAM ARRAY,LOWER IN-STREAM ARRAY,8/11/2024,7,Bull Trout,R,Resident,W,Wild Fish or Natural Production,"CHIWAT - Chiwawa River Trap, 0.5 km below CHIP acclimation pond",SCREWT,Screw Trap,360,1
3DD.003E013E9C,CSS-2024-224-112.xml,CHU - Upper Chiwawa River,7/14/2025 1:57:55 AM,9/12/2025 10:20:02 PM,UPPER IN-STREAM ARRAY,LOWER IN-STREAM ARRAY,8/11/2024,7,Bull Trout,R,Resident,W,Wild Fish or Natural Production,"CHIWAT - Chiwawa River Trap, 0.5 km below CHIP acclimation pond",SCREWT,Screw Trap,360,1
3DD.003E013E9C,CSS-2024-224-112.xml,CWT - Chiwawa River Weir Trap Array,6/29/2025 10:06:25 PM,6/29/2025 10:06:25 PM,Single Pass,Single Pass,8/11/2024,7,Bull Trout,R,Resident,W,Wild Fish or Natural Production,"CHIWAT - Chiwawa River Trap, 0.5 km below CHIP acclimation pond",SCREWT,Screw Trap,360,1
3DD.003E013E9C,CSS-2024-224-112.xml,UWE - Upper Wenatchee River,8/28/2024 10:30:50 PM,8/28/2024 10:30:50 PM,IN-STREAM ARRAY,IN-STREAM ARRAY,8/11/2024,7,Bull Trout,R,Resident,W,Wild Fish or Natural Production,"CHIWAT - Chiwawa River Trap, 0.5 km below CHIP acclimation pond",SCREWT,Screw Trap,360,1
3DD.003E01417A,CSS-2024-312-112.xml,"WTL - White River, Wenatchee Basin",6/16/2025 1:46:39 AM,6/16/2025 1:46:39 AM,UPPER IN-STREAM ARRAY,UPPER IN-STREAM ARRAY,11/7/2024,7,Bull Trout,R,Resident,W,Wild Fish or Natural Production,"CHIWAT - Chiwawa River Trap, 0.5 km below CHIP acclimation pond",SCREWT,Screw Trap,223,1
3DD.003E01452D,NBD-2024-226-001.xml,PES - Peshastin Creek,3/16/2025 1:25:50 AM,3/16/2025 1:25:52 AM,UPPER IN-STREAM ARRAY,LOWER IN-STREAM ARRAY,11/12/2024,7,Bull Trout,R,Resident,W,Wild Fish or Natural Production,PESHAR - Peshastin River,SHOCK,Electro-Shock,115,1
3DD.003E014610,NBD-2024-275-001.xml,CHL - Lower Chiwawa River,10/22/2024 6:36:05 PM,10/22/2024 6:36:15 PM,UPPER IN-STREAM ARRAY,LOWER IN-STREAM ARRAY,10/6/2024,7,Bull Trout,R,Resident,W,Wild Fish or Natural Production,CHIWAR - Chiwawa River,SHOCK,Electro-Shock,169,1
3DD.003E014610,NBD-2024-275-001.xml,CHU - Upper Chiwawa River,10/20/2024 7:50:28 PM,10/20/2024 7:50:38 PM,UPPER IN-STREAM ARRAY,LOWER IN-STREAM ARRAY,10/6/2024,7,Bull Trout,R,Resident,W,Wild Fish or Natural Production,CHIWAR - Chiwawa River,SHOCK,Electro-Shock,169,1
3DD.003E014638,NBD-2024-275-001.xml,CHL - Lower Chiwawa River,10/23/2025 12:11:53 AM,10/23/2025 12:12:03 AM,UPPER IN-STREAM ARRAY,LOWER IN-STREAM ARRAY,10/7/2024,7,Bull Trout,R,Resident,W,Wild Fish or Natural Production,CHIWAR - Chiwawa River,SHOCK,Electro-Shock,119,1
3DD.003E014638,NBD-2024-275-001.xml,CHU - Upper Chiwawa River,10/20/2025 7:33:04 PM,10/20/2025 7:33:04 PM,UPPER IN-STREAM ARRAY,UPPER IN-STREAM ARRAY,10/7/2024,7,Bull Trout,R,Resident,W,Wild Fish or Natural Production,CHIWAR - Chiwawa River,SHOCK,Electro-Shock,119,1
3DD.003E014638,NBD-2024-275-001.xml,CWT - Chiwawa River Weir Trap Array,10/23/2025 12:01:06 AM,10/23/2025 12:01:06 AM,Single Pass,Single Pass,10/7/2024,7,Bull Trout,R,Resident,W,Wild Fish or Natural Production,CHIWAR - Chiwawa River,SHOCK,Electro-Shock,119,1
3DD.003E014655,NBD-2024-275-001.xml,CHL - Lower Chiwawa River,8/13/2025 3:01:21 AM,8/13/2025 3:01:54 AM,UPPER IN-STREAM ARRAY,LOWER IN-STREAM ARRAY,10/7/2024,7,Bull Trout,R,Resident,W,Wild Fish or Natural Production,CHIWAR - Chiwawa River,SHOCK,Electro-Shock,114,1
3DD.003E014655,NBD-2024-275-001.xml,CHU - Upper Chiwawa River,8/12/2025 2:45:05 AM,8/12/2025 2:45:05 AM,UPPER IN-STREAM ARRAY,UPPER IN-STREAM ARRAY,10/7/2024,7,Bull Trout,R,Resident,W,Wild Fish or Natural Production,CHIWAR - Chiwawa River,SHOCK,Electro-Shock,114,1
3DD.003E014655,NBD-2024-275-001.xml,CHW - Chiwaukum Creek,8/17/2025 2:14:32 AM,10/29/2025 2:06:46 AM,DOWNSTREAM ARRAY,DOWNSTREAM ARRAY,10/7/2024,7,Bull Trout,R,Resident,W,Wild Fish or Natural Production,CHIWAR - Chiwawa River,SHOCK,Electro-Shock,114,1
3DD.003E014655,NBD-2024-275-001.xml,CWT - Chiwawa River Weir Trap Array,8/13/2025 2:50:05 AM,8/13/2025 2:50:05 AM,Single Pass,Single Pass,10/7/2024,7,Bull Trout,R,Resident,W,Wild Fish or Natural Production,CHIWAR - Chiwawa River,SHOCK,Electro-Shock,114,1
3DD.003E01466C,NBD-2024-275-001.xml,CHL - Lower Chiwawa River,11/2/2025 11:14:50 PM,11/2/2025 11:14:50 PM,UPPER IN-STREAM ARRAY,UPPER IN-STREAM ARRAY,10/10/2024,7,Bull Trout,R,Resident,W,Wild Fish or Natural Production,CHIWAR - Chiwawa River,SHOCK,Electro-Shock,142,1
3DD.003E01466C,NBD-2024-275-001.xml,CWT - Chiwawa River Weir Trap Array,11/2/2025 11:05:29 PM,11/2/2025 11:05:29 PM,Single Pass,Single Pass,10/10/2024,7,Bull Trout,R,Resident,W,Wild Fish or Natural Production,CHIWAR - Chiwawa River,SHOCK,Electro-Shock,142,1
3DD.003E0146B1,NBD-2024-275-001.xml,CHL - Lower Chiwawa River,10/29/2024 6:25:13 PM,10/29/2024 6:25:13 PM,UPPER IN-STREAM ARRAY,UPPER IN-STREAM ARRAY,10/10/2024,7,Bull Trout,R,Resident,W,Wild Fish or Natural Production,CHIWAR - Chiwawa River,SHOCK,Electro-Shock,155,1
3DD.003E0146B1,NBD-2024-275-001.xml,CHU - Upper Chiwawa River,10/28/2024 2:34:33 AM,10/28/2024 2:34:33 AM,UPPER IN-STREAM ARRAY,UPPER IN-STREAM ARRAY,10/10/2024,7,Bull Trout,R,Resident,W,Wild Fish or Natural Production,CHIWAR - Chiwawa River,SHOCK,Electro-Shock,155,1
3DD.003E0146B1,NBD-2024-275-001.xml,NAL - Lower Nason Creek,1/15/2025 2:14:02 AM,7/1/2025 5:54:51 AM,LOWER IN-STREAM ARRAY,UPPER IN-STREAM ARRAY,10/10/2024,7,Bull Trout,R,Resident,W,Wild Fish or Natural Production,CHIWAR - Chiwawa River,SHOCK,Electro-Shock,155,1
3DD.003E0146BF,NBD-2024-275-001.xml,CHL - Lower Chiwawa River,5/3/2025 2:32:43 PM,5/3/2025 2:32:43 PM,LOWER IN-STREAM ARRAY,LOWER IN-STREAM ARRAY,10/11/2024,7,Bull Trout,R,Resident,W,Wild Fish or Natural Production,CHIWAR - Chiwawa River,SHOCK,Electro-Shock,117,1
3DD.003E014E40,CSS-2025-213-112.xml,CHL - Lower Chiwawa River,8/5/2025 12:14:53 PM,8/5/2025 12:15:04 PM,UPPER IN-STREAM ARRAY,LOWER IN-STREAM ARRAY,8/1/2025,7,Bull Trout,R,Resident,W,Wild Fish or Natural Production,"CHIWAT - Chiwawa River Trap, 0.5 km below CHIP acclimation pond",SCREWT,Screw Trap,256,1
3DD.003E014E40,CSS-2025-213-112.xml,CWT - Chiwawa River Weir Trap Array,8/1/2025 8:06:38 PM,8/5/2025 12:09:26 PM,Single Pass,Single Pass,8/1/2025,7,Bull Trout,R,Resident,W,Wild Fish or Natural Production,"CHIWAT - Chiwawa River Trap, 0.5 km below CHIP acclimation pond",SCREWT,Screw Trap,256,1
3DD.003E014E45,CSS-2025-217-112.xml,CHL - Lower Chiwawa River,8/5/2025 9:55:55 AM,8/5/2025 9:56:46 AM,LOWER IN-STREAM ARRAY,UPPER IN-STREAM ARRAY,8/5/2025,7,Bull Trout,R,Resident,W,Wild Fish or Natural Production,"CHIWAT - Chiwawa River Trap, 0.5 km below CHIP acclimation pond",SCREWT,Screw Trap,240,1
3DD.003E014E45,CSS-2025-217-112.xml,CWT - Chiwawa River Weir Trap Array,8/7/2025 1:34:44 AM,8/7/2025 1:34:44 AM,Single Pass,Single Pass,8/5/2025,7,Bull Trout,R,Resident,W,Wild Fish or Natural Production,"CHIWAT - Chiwawa River Trap, 0.5 km below CHIP acclimation pond",SCREWT,Screw Trap,240,1
3DD.003E014E51,CSS-2025-212-112.xml,NAL - Lower Nason Creek,5/13/2026 8:19:41 PM,5/13/2026 8:20:11 PM,LOWER IN-STREAM ARRAY,UPPER IN-STREAM ARRAY,7/31/2025,7,Bull Trout,R,Resident,W,Wild Fish or Natural Production,"CHIWAT - Chiwawa River Trap, 0.5 km below CHIP acclimation pond",SCREWT,Screw Trap,244,1
3DD.003E014E67,CSS-2025-213-112.xml,CHU - Upper Chiwawa River,9/3/2025 6:16:22 PM,9/3/2025 6:16:22 PM,UPPER IN-STREAM ARRAY,UPPER IN-STREAM ARRAY,8/1/2025,7,Bull Trout,R,Resident,W,Wild Fish or Natural Production,"CHIWAT - Chiwawa River Trap, 0.5 km below CHIP acclimation pond",SCREWT,Screw Trap,248,1
3DD.003E014E67,CSS-2025-213-112.xml,CWT - Chiwawa River Weir Trap Array,8/3/2025 3:46:00 AM,8/3/2025 8:07:23 PM,Single Pass,Single Pass,8/1/2025,7,Bull Trout,R,Resident,W,Wild Fish or Natural Production,"CHIWAT - Chiwawa River Trap, 0.5 km below CHIP acclimation pond",SCREWT,Screw Trap,248,1
3DD.003E014E6D,CSS-2025-223-112.xml,CHL - Lower Chiwawa River,8/11/2025 2:30:58 PM,8/11/2025 2:36:37 PM,LOWER IN-STREAM ARRAY,UPPER IN-STREAM ARRAY,8/11/2025,7,Bull Trout,R,Resident,W,Wild Fish or Natural Production,"CHIWAT - Chiwawa River Trap, 0.5 km below CHIP acclimation pond",SCREWT,Screw Trap,221,1
3DD.003E014E8E,CSS-2025-219-112.xml,CHW - Chiwaukum Creek,8/9/2025 8:02:45 AM,8/10/2025 9:20:31 PM,DOWNSTREAM ARRAY,UPSTREAM ARRAY,8/7/2025,7,Bull Trout,R,Resident,W,Wild Fish or Natural Production,"CHIWAT - Chiwawa River Trap, 0.5 km below CHIP acclimation pond",SCREWT,Screw Trap,241,1
3DD.003E014F65,NBD-2025-176-001.xml,CHU - Upper Chiwawa River,6/25/2025 8:44:56 PM,6/25/2025 8:44:56 PM,LOWER IN-STREAM ARRAY,LOWER IN-STREAM ARRAY,6/25/2025,7,Bull Trout,R,Resident,W,Wild Fish or Natural Production,CHIWAR - Chiwawa River,WTRAP,Weir Trap,480,1
3DD.003E014F67,NBD-2025-176-001.xml,CHL - Lower Chiwawa River,9/20/2025 3:47:44 AM,9/20/2025 3:47:55 AM,UPPER IN-STREAM ARRAY,LOWER IN-STREAM ARRAY,7/1/2025,7,Bull Trout,R,Resident,W,Wild Fish or Natural Production,CHIWAR - Chiwawa River,WTRAP,Weir Trap,550,1
3DD.003E014F67,NBD-2025-176-001.xml,CHU - Upper Chiwawa River,9/20/2025 12:49:47 AM,9/20/2025 12:49:56 AM,UPPER IN-STREAM ARRAY,LOWER IN-STREAM ARRAY,7/1/2025,7,Bull Trout,R,Resident,W,Wild Fish or Natural Production,CHIWAR - Chiwawa River,WTRAP,Weir Trap,550,1
3DD.003E014F68,NBD-2025-176-001.xml,CHL - Lower Chiwawa River,9/30/2025 6:44:58 PM,9/30/2025 6:44:58 PM,UPPER IN-STREAM ARRAY,UPPER IN-STREAM ARRAY,6/27/2025,7,Bull Trout,R,Resident,W,Wild Fish or Natural Production,CHIWAR - Chiwawa River,WTRAP,Weir Trap,530,1
3DD.003E014F68,NBD-2025-176-001.xml,CHU - Upper Chiwawa River,6/27/2025 8:52:14 PM,9/30/2025 2:36:48 AM,UPPER IN-STREAM ARRAY,LOWER IN-STREAM ARRAY,6/27/2025,7,Bull Trout,R,Resident,W,Wild Fish or Natural Production,CHIWAR - Chiwawa River,WTRAP,Weir Trap,530,1
3DD.003E014F68,NBD-2025-176-001.xml,CWT - Chiwawa River Weir Trap Array,9/30/2025 6:32:49 PM,9/30/2025 6:32:49 PM,Single Pass,Single Pass,6/27/2025,7,Bull Trout,R,Resident,W,Wild Fish or Natural Production,CHIWAR - Chiwawa River,WTRAP,Weir Trap,530,1
3DD.003E014F68,NBD-2025-176-001.xml,"WTL - White River, Wenatchee Basin",10/2/2025 12:01:28 AM,3/18/2026 2:58:52 PM,LOWER IN-STREAM ARRAY,LOWER IN-STREAM ARRAY,6/27/2025,7,Bull Trout,R,Resident,W,Wild Fish or Natural Production,CHIWAR - Chiwawa River,WTRAP,Weir Trap,530,1
3DD.003E014F69,NBD-2025-176-001.xml,CHU - Upper Chiwawa River,7/5/2025 10:00:17 PM,7/5/2025 10:01:07 PM,LOWER IN-STREAM ARRAY,UPPER IN-STREAM ARRAY,6/25/2025,7,Bull Trout,R,Resident,W,Wild Fish or Natural Production,CHIWAR - Chiwawa River,WTRAP,Weir Trap,470,1
3DD.003E014F6D,NBD-2025-176-001.xml,CHL - Lower Chiwawa River,10/8/2025 6:43:50 PM,10/8/2025 7:28:30 PM,LOWER IN-STREAM ARRAY,LOWER IN-STREAM ARRAY,6/27/2025,7,Bull Trout,R,Resident,W,Wild Fish or Natural Production,CHIWAR - Chiwawa River,WTRAP,Weir Trap,450,1
3DD.003E014F6D,NBD-2025-176-001.xml,CHU - Upper Chiwawa River,6/27/2025 8:47:34 PM,10/7/2025 8:42:30 PM,LOWER IN-STREAM ARRAY,LOWER IN-STREAM ARRAY,6/27/2025,7,Bull Trout,R,Resident,W,Wild Fish or Natural Production,CHIWAR - Chiwawa River,WTRAP,Weir Trap,450,1
3DD.003E014F6E,NBD-2025-176-001.xml,CHL - Lower Chiwawa River,9/27/2025 5:07:42 AM,9/27/2025 6:17:48 PM,LOWER IN-STREAM ARRAY,LOWER IN-STREAM ARRAY,6/25/2025,7,Bull Trout,R,Resident,W,Wild Fish or Natural Production,CHIWAR - Chiwawa River,WTRAP,Weir Trap,620,1
3DD.003E014F6E,NBD-2025-176-001.xml,CHU - Upper Chiwawa River,9/26/2025 10:53:29 PM,9/26/2025 10:53:29 PM,LOWER IN-STREAM ARRAY,LOWER IN-STREAM ARRAY,6/25/2025,7,Bull Trout,R,Resident,W,Wild Fish or Natural Production,CHIWAR - Chiwawa River,WTRAP,Weir Trap,620,1
3DD.003E014F6E,NBD-2025-176-001.xml,CWT - Chiwawa River Weir Trap Array,9/27/2025 4:43:18 AM,9/27/2025 4:43:18 AM,Single Pass,Single Pass,6/25/2025,7,Bull Trout,R,Resident,W,Wild Fish or Natural Production,CHIWAR - Chiwawa River,WTRAP,Weir Trap,620,1
3DD.003E014F70,NBD-2025-176-001.xml,CHL - Lower Chiwawa River,10/5/2025 3:28:49 AM,10/5/2025 3:28:49 AM,LOWER IN-STREAM ARRAY,LOWER IN-STREAM ARRAY,6/25/2025,7,Bull Trout,R,Resident,W,Wild Fish or Natural Production,CHIWAR - Chiwawa River,WTRAP,Weir Trap,520,1
3DD.003E014F70,NBD-2025-176-001.xml,CHU - Upper Chiwawa River,7/6/2025 1:46:22 AM,10/4/2025 6:43:06 PM,LOWER IN-STREAM ARRAY,LOWER IN-STREAM ARRAY,6/25/2025,7,Bull Trout,R,Resident,W,Wild Fish or Natural Production,CHIWAR - Chiwawa River,WTRAP,Weir Trap,520,1
3DD.003E014F70,NBD-2025-176-001.xml,CWT - Chiwawa River Weir Trap Array,10/3/2025 2:12:19 AM,10/5/2025 2:54:08 AM,Single Pass,Single Pass,6/25/2025,7,Bull Trout,R,Resident,W,Wild Fish or Natural Production,CHIWAR - Chiwawa River,WTRAP,Weir Trap,520,1
3DD.003E014F70,NBD-2025-176-001.xml,NAL - Lower Nason Creek,11/18/2025 3:28:21 AM,3/14/2026 8:32:25 PM,LOWER IN-STREAM ARRAY,LOWER IN-STREAM ARRAY,6/25/2025,7,Bull Trout,R,Resident,W,Wild Fish or Natural Production,CHIWAR - Chiwawa River,WTRAP,Weir Trap,520,1
3DD.003E014F72,NBD-2025-176-001.xml,CHU - Upper Chiwawa River,6/25/2025 8:38:07 PM,6/25/2025 8:38:07 PM,UPPER IN-STREAM ARRAY,UPPER IN-STREAM ARRAY,6/25/2025,7,Bull Trout,R,Resident,W,Wild Fish or Natural Production,CHIWAR - Chiwawa River,WTRAP,Weir Trap,560,1
3DD.003E014F75,NBD-2025-176-001.xml,CHL - Lower Chiwawa River,9/18/2025 7:58:34 PM,9/18/2025 7:58:52 PM,UPPER IN-STREAM ARRAY,LOWER IN-STREAM ARRAY,6/27/2025,7,Bull Trout,R,Resident,W,Wild Fish or Natural Production,CHIWAR - Chiwawa River,WTRAP,Weir Trap,560,1
3DD.003E014F75,NBD-2025-176-001.xml,CHU - Upper Chiwawa River,9/18/2025 1:14:18 AM,9/18/2025 1:14:25 AM,UPPER IN-STREAM ARRAY,LOWER IN-STREAM ARRAY,6/27/2025,7,Bull Trout,R,Resident,W,Wild Fish or Natural Production,CHIWAR - Chiwawa River,WTRAP,Weir Trap,560,1
3DD.003E014F76,NBD-2025-176-001.xml,CHL - Lower Chiwawa River,8/23/2025 7:45:12 PM,8/23/2025 7:45:12 PM,LOWER IN-STREAM ARRAY,LOWER IN-STREAM ARRAY,7/1/2025,7,Bull Trout,R,Resident,W,Wild Fish or Natural Production,CHIWAR - Chiwawa River,WTRAP,Weir Trap,420,1
3DD.003E014F76,NBD-2025-176-001.xml,CHU - Upper Chiwawa River,8/21/2025 8:40:21 PM,8/21/2025 8:40:28 PM,UPPER IN-STREAM ARRAY,LOWER IN-STREAM ARRAY,7/1/2025,7,Bull Trout,R,Resident,W,Wild Fish or Natural Production,CHIWAR - Chiwawa River,WTRAP,Weir Trap,420,1
3DD.003E014F77,NBD-2025-176-001.xml,CHL - Lower Chiwawa River,9/29/2025 4:33:31 AM,9/29/2025 4:33:31 AM,LOWER IN-STREAM ARRAY,LOWER IN-STREAM ARRAY,7/6/2025,7,Bull Trout,R,Resident,W,Wild Fish or Natural Production,CHIWAR - Chiwawa River,WTRAP,Weir Trap,490,1
3DD.003E014F77,NBD-2025-176-001.xml,CHU - Upper Chiwawa River,7/6/2025 8:51:07 PM,9/28/2025 10:35:14 PM,LOWER IN-STREAM ARRAY,LOWER IN-STREAM ARRAY,7/6/2025,7,Bull Trout,R,Resident,W,Wild Fish or Natural Production,CHIWAR - Chiwawa River,WTRAP,Weir Trap,490,1
3DD.003E014F77,NBD-2025-176-001.xml,CWT - Chiwawa River Weir Trap Array,9/29/2025 4:12:47 AM,9/29/2025 4:12:47 AM,Single Pass,Single Pass,7/6/2025,7,Bull Trout,R,Resident,W,Wild Fish or Natural Production,CHIWAR - Chiwawa River,WTRAP,Weir Trap,490,1
3DD.003E014F79,NBD-2025-176-001.xml,CHU - Upper Chiwawa River,9/1/2025 11:37:18 PM,9/1/2025 11:37:29 PM,UPPER IN-STREAM ARRAY,LOWER IN-STREAM ARRAY,6/27/2025,7,Bull Trout,R,Resident,W,Wild Fish or Natural Production,CHIWAR - Chiwawa River,WTRAP,Weir Trap,390,1
3DD.003E014F7A,NBD-2025-176-001.xml,CHL - Lower Chiwawa River,9/28/2025 1:22:29 AM,9/28/2025 1:22:29 AM,LOWER IN-STREAM ARRAY,LOWER IN-STREAM ARRAY,6/25/2025,7,Bull Trout,R,Resident,W,Wild Fish or Natural Production,CHIWAR - Chiwawa River,WTRAP,Weir Trap,450,1
3DD.003E014F7A,NBD-2025-176-001.xml,CHU - Upper Chiwawa River,9/27/2025 10:07:53 PM,9/27/2025 10:08:00 PM,UPPER IN-STREAM ARRAY,LOWER IN-STREAM ARRAY,6/25/2025,7,Bull Trout,R,Resident,W,Wild Fish or Natural Production,CHIWAR - Chiwawa River,WTRAP,Weir Trap,450,1
3DD.003E014F7C,NBD-2025-176-001.xml,CHL - Lower Chiwawa River,9/25/2025 2:37:33 AM,9/25/2025 8:01:53 PM,LOWER IN-STREAM ARRAY,LOWER IN-STREAM ARRAY,7/2/2025,7,Bull Trout,R,Resident,W,Wild Fish or Natural Production,CHIWAR - Chiwawa River,WTRAP,Weir Trap,480,1
3DD.003E014F7C,NBD-2025-176-001.xml,CHU - Upper Chiwawa River,7/2/2025 8:49:07 PM,9/24/2025 10:59:36 PM,UPPER IN-STREAM ARRAY,LOWER IN-STREAM ARRAY,7/2/2025,7,Bull Trout,R,Resident,W,Wild Fish or Natural Production,CHIWAR - Chiwawa River,WTRAP,Weir Trap,480,1
3DD.003E014F7C,NBD-2025-176-001.xml,CWT - Chiwawa River Weir Trap Array,9/25/2025 3:24:11 AM,9/25/2025 3:24:11 AM,Single Pass,Single Pass,7/2/2025,7,Bull Trout,R,Resident,W,Wild Fish or Natural Production,CHIWAR - Chiwawa River,WTRAP,Weir Trap,480,1
3DD.003E014F7E,NBD-2025-176-001.xml,CHL - Lower Chiwawa River,10/10/2025 9:03:36 PM,10/10/2025 9:08:18 PM,UPPER IN-STREAM ARRAY,LOWER IN-STREAM ARRAY,6/25/2025,7,Bull Trout,R,Resident,W,Wild Fish or Natural Production,CHIWAR - Chiwawa River,WTRAP,Weir Trap,460,1
3DD.003E014F7E,NBD-2025-176-001.xml,CHU - Upper Chiwawa River,10/10/2025 2:00:03 AM,10/10/2025 2:00:12 AM,UPPER IN-STREAM ARRAY,LOWER IN-STREAM ARRAY,6/25/2025,7,Bull Trout,R,Resident,W,Wild Fish or Natural Production,CHIWAR - Chiwawa River,WTRAP,Weir Trap,460,1
3DD.003E014F81,NBD-2025-176-001.xml,CHL - Lower Chiwawa River,9/13/2025 7:10:49 PM,9/13/2025 7:10:58 PM,UPPER IN-STREAM ARRAY,LOWER IN-STREAM ARRAY,7/1/2025,7,Bull Trout,R,Resident,W,Wild Fish or Natural Production,CHIWAR - Chiwawa River,WTRAP,Weir Trap,430,1
3DD.003E014F81,NBD-2025-176-001.xml,CHU - Upper Chiwawa River,9/10/2025 8:18:44 PM,9/10/2025 8:18:53 PM,UPPER IN-STREAM ARRAY,LOWER IN-STREAM ARRAY,7/1/2025,7,Bull Trout,R,Resident,W,Wild Fish or Natural Production,CHIWAR - Chiwawa River,WTRAP,Weir Trap,430,1
3DD.003E014F85,NBD-2025-176-001.xml,CHL - Lower Chiwawa River,10/5/2025 8:49:24 PM,10/5/2025 8:49:24 PM,LOWER IN-STREAM ARRAY,LOWER IN-STREAM ARRAY,6/27/2025,7,Bull Trout,R,Resident,W,Wild Fish or Natural Production,CHIWAR - Chiwawa River,WTRAP,Weir Trap,450,1
3DD.003E014F85,NBD-2025-176-001.xml,CHU - Upper Chiwawa River,6/27/2025 8:33:32 PM,10/5/2025 3:51:02 AM,LOWER IN-STREAM ARRAY,LOWER IN-STREAM ARRAY,6/27/2025,7,Bull Trout,R,Resident,W,Wild Fish or Natural Production,CHIWAR - Chiwawa River,WTRAP,Weir Trap,450,1
3DD.003E014F86,NBD-2025-176-001.xml,CHL - Lower Chiwawa River,7/12/2025 10:49:08 PM,7/12/2025 10:49:08 PM,UPPER IN-STREAM ARRAY,UPPER IN-STREAM ARRAY,7/1/2025,7,Bull Trout,R,Resident,W,Wild Fish or Natural Production,CHIWAR - Chiwawa River,WTRAP,Weir Trap,480,1
3DD.003E014F88,NBD-2025-176-001.xml,CHL - Lower Chiwawa River,7/6/2025 10:03:48 PM,9/29/2025 1:33:23 AM,LOWER IN-STREAM ARRAY,UPPER IN-STREAM ARRAY,6/25/2025,7,Bull Trout,R,Resident,W,Wild Fish or Natural Production,CHIWAR - Chiwawa River,WTRAP,Weir Trap,540,1
3DD.003E014F88,NBD-2025-176-001.xml,CHU - Upper Chiwawa River,7/12/2025 12:39:03 AM,9/28/2025 8:03:37 PM,UPPER IN-STREAM ARRAY,LOWER IN-STREAM ARRAY,6/25/2025,7,Bull Trout,R,Resident,W,Wild Fish or Natural Production,CHIWAR - Chiwawa River,WTRAP,Weir Trap,540,1
3DD.003E014F88,NBD-2025-176-001.xml,CWT - Chiwawa River Weir Trap Array,7/6/2025 9:58:12 PM,9/29/2025 12:30:34 AM,Single Pass,Single Pass,6/25/2025,7,Bull Trout,R,Resident,W,Wild Fish or Natural Production,CHIWAR - Chiwawa River,WTRAP,Weir Trap,540,1
3DD.003E014F89,NBD-2025-176-001.xml,CHL - Lower Chiwawa River,10/1/2025 9:01:31 PM,10/1/2025 9:01:41 PM,UPPER IN-STREAM ARRAY,LOWER IN-STREAM ARRAY,6/27/2025,7,Bull Trout,R,Resident,W,Wild Fish or Natural Production,CHIWAR - Chiwawa River,WTRAP,Weir Trap,470,1
3DD.003E014F89,NBD-2025-176-001.xml,CHU - Upper Chiwawa River,7/11/2025 10:21:37 PM,10/1/2025 1:14:20 AM,LOWER IN-STREAM ARRAY,LOWER IN-STREAM ARRAY,6/27/2025,7,Bull Trout,R,Resident,W,Wild Fish or Natural Production,CHIWAR - Chiwawa River,WTRAP,Weir Trap,470,1
3DD.003E014F8C,NBD-2025-176-001.xml,CHL - Lower Chiwawa River,9/14/2025 2:57:30 AM,9/14/2025 2:57:41 AM,UPPER IN-STREAM ARRAY,LOWER IN-STREAM ARRAY,7/2/2025,7,Bull Trout,R,Resident,W,Wild Fish or Natural Production,CHIWAR - Chiwawa River,WTRAP,Weir Trap,450,1
3DD.003E014F8C,NBD-2025-176-001.xml,CHU - Upper Chiwawa River,7/5/2025 11:58:37 PM,9/13/2025 6:57:32 PM,UPPER IN-STREAM ARRAY,LOWER IN-STREAM ARRAY,7/2/2025,7,Bull Trout,R,Resident,W,Wild Fish or Natural Production,CHIWAR - Chiwawa River,WTRAP,Weir Trap,450,1
3DD.003E014F8C,NBD-2025-176-001.xml,CWT - Chiwawa River Weir Trap Array,9/14/2025 2:53:10 AM,9/14/2025 2:53:10 AM,Single Pass,Single Pass,7/2/2025,7,Bull Trout,R,Resident,W,Wild Fish or Natural Production,CHIWAR - Chiwawa River,WTRAP,Weir Trap,450,1
3DD.003E014F8C,NBD-2025-176-001.xml,NAL - Lower Nason Creek,5/6/2026 1:27:51 AM,5/6/2026 1:28:05 AM,LOWER IN-STREAM ARRAY,UPPER IN-STREAM ARRAY,7/2/2025,7,Bull Trout,R,Resident,W,Wild Fish or Natural Production,CHIWAR - Chiwawa River,WTRAP,Weir Trap,450,1
3DD.003E014F8D,NBD-2025-176-001.xml,CHL - Lower Chiwawa River,7/14/2025 1:27:01 AM,7/14/2025 1:27:08 AM,UPPER IN-STREAM ARRAY,LOWER IN-STREAM ARRAY,7/8/2025,7,Bull Trout,R,Resident,W,Wild Fish or Natural Production,CHIWAR - Chiwawa River,WTRAP,Weir Trap,600,1
3DD.003E014F8D,NBD-2025-176-001.xml,CHU - Upper Chiwawa River,7/8/2025 8:47:12 PM,7/8/2025 8:48:45 PM,LOWER IN-STREAM ARRAY,UPPER IN-STREAM ARRAY,7/8/2025,7,Bull Trout,R,Resident,W,Wild Fish or Natural Production,CHIWAR - Chiwawa River,WTRAP,Weir Trap,600,1
3DD.003E014F8D,NBD-2025-176-001.xml,CHW - Chiwaukum Creek,7/15/2025 7:00:59 PM,7/16/2025 4:16:07 PM,DOWNSTREAM ARRAY,UPSTREAM ARRAY,7/8/2025,7,Bull Trout,R,Resident,W,Wild Fish or Natural Production,CHIWAR - Chiwawa River,WTRAP,Weir Trap,600,1
3DD.003E014F91,NBD-2025-176-001.xml,CHU - Upper Chiwawa River,7/7/2025 4:10:20 AM,7/7/2025 4:10:20 AM,LOWER IN-STREAM ARRAY,LOWER IN-STREAM ARRAY,7/6/2025,7,Bull Trout,R,Resident,W,Wild Fish or Natural Production,CHIWAR - Chiwawa River,WTRAP,Weir Trap,430,1
3DD.003E014F96,NBD-2025-176-001.xml,CHL - Lower Chiwawa River,10/2/2025 12:39:13 AM,10/2/2025 12:39:22 AM,LOWER IN-STREAM ARRAY,LOWER IN-STREAM ARRAY,6/27/2025,7,Bull Trout,R,Resident,W,Wild Fish or Natural Production,CHIWAR - Chiwawa River,WTRAP,Weir Trap,430,1
3DD.003E014F96,NBD-2025-176-001.xml,CHU - Upper Chiwawa River,10/1/2025 8:08:54 PM,10/1/2025 8:09:02 PM,UPPER IN-STREAM ARRAY,LOWER IN-STREAM ARRAY,6/27/2025,7,Bull Trout,R,Resident,W,Wild Fish or Natural Production,CHIWAR - Chiwawa River,WTRAP,Weir Trap,430,1
3DD.003E014F99,NBD-2025-176-001.xml,CHL - Lower Chiwawa River,10/1/2025 9:34:15 PM,10/1/2025 9:34:24 PM,UPPER IN-STREAM ARRAY,LOWER IN-STREAM ARRAY,6/25/2025,7,Bull Trout,R,Resident,W,Wild Fish or Natural Production,CHIWAR - Chiwawa River,WTRAP,Weir Trap,510,1
3DD.003E014F99,NBD-2025-176-001.xml,CHU - Upper Chiwawa River,7/6/2025 12:35:37 AM,10/1/2025 2:50:01 AM,LOWER IN-STREAM ARRAY,LOWER IN-STREAM ARRAY,6/25/2025,7,Bull Trout,R,Resident,W,Wild Fish or Natural Production,CHIWAR - Chiwawa River,WTRAP,Weir Trap,510,1
3DD.003E014F99,NBD-2025-176-001.xml,CWT - Chiwawa River Weir Trap Array,10/1/2025 9:24:49 PM,10/1/2025 9:24:49 PM,Single Pass,Single Pass,6/25/2025,7,Bull Trout,R,Resident,W,Wild Fish or Natural Production,CHIWAR - Chiwawa River,WTRAP,Weir Trap,510,1
3DD.003E014F9E,NBD-2025-176-001.xml,CHL - Lower Chiwawa River,9/30/2025 7:19:23 PM,9/30/2025 7:19:44 PM,UPPER IN-STREAM ARRAY,LOWER IN-STREAM ARRAY,6/27/2025,7,Bull Trout,R,Resident,W,Wild Fish or Natural Production,CHIWAR - Chiwawa River,WTRAP,Weir Trap,530,1
3DD.003E014F9E,NBD-2025-176-001.xml,CHU - Upper Chiwawa River,9/30/2025 1:06:07 AM,9/30/2025 1:06:16 AM,UPPER IN-STREAM ARRAY,LOWER IN-STREAM ARRAY,6/27/2025,7,Bull Trout,R,Resident,W,Wild Fish or Natural Production,CHIWAR - Chiwawa River,WTRAP,Weir Trap,530,1
3DD.003E014F9E,NBD-2025-176-001.xml,CWT - Chiwawa River Weir Trap Array,9/30/2025 7:06:34 PM,9/30/2025 7:06:34 PM,Single Pass,Single Pass,6/27/2025,7,Bull Trout,R,Resident,W,Wild Fish or Natural Production,CHIWAR - Chiwawa River,WTRAP,Weir Trap,530,1
3DD.003E014F9E,NBD-2025-176-001.xml,LWN - Little Wenatchee River,3/24/2026 11:24:06 AM,3/31/2026 11:12:45 AM,LOWER IN-STREAM ARRAY,UPPER IN-STREAM ARRAY,6/27/2025,7,Bull Trout,R,Resident,W,Wild Fish or Natural Production,CHIWAR - Chiwawa River,WTRAP,Weir Trap,530,1
3DD.003E014F9F,NBD-2025-176-001.xml,CHL - Lower Chiwawa River,10/4/2025 9:06:10 PM,10/4/2025 9:06:42 PM,UPPER IN-STREAM ARRAY,LOWER IN-STREAM ARRAY,7/6/2025,7,Bull Trout,R,Resident,W,Wild Fish or Natural Production,CHIWAR - Chiwawa River,WTRAP,Weir Trap,600,1
3DD.003E014F9F,NBD-2025-176-001.xml,CHU - Upper Chiwawa River,7/6/2025 9:54:35 PM,10/3/2025 11:56:56 PM,LOWER IN-STREAM ARRAY,LOWER IN-STREAM ARRAY,7/6/2025,7,Bull Trout,R,Resident,W,Wild Fish or Natural Production,CHIWAR - Chiwawa River,WTRAP,Weir Trap,600,1
3DD.003E014FA1,NBD-2025-176-001.xml,CHU - Upper Chiwawa River,9/30/2025 7:47:10 PM,9/30/2025 7:47:19 PM,UPPER IN-STREAM ARRAY,LOWER IN-STREAM ARRAY,6/25/2025,7,Bull Trout,R,Resident,W,Wild Fish or Natural Production,CHIWAR - Chiwawa River,WTRAP,Weir Trap,430,1
3DD.003E014FA4,NBD-2025-176-001.xml,CHL - Lower Chiwawa River,9/23/2025 12:45:32 AM,9/23/2025 12:46:10 AM,UPPER IN-STREAM ARRAY,LOWER IN-STREAM ARRAY,6/25/2025,7,Bull Trout,R,Resident,W,Wild Fish or Natural Production,CHIWAR - Chiwawa River,WTRAP,Weir Trap,520,1
3DD.003E014FA4,NBD-2025-176-001.xml,CHU - Upper Chiwawa River,9/22/2025 7:53:42 PM,9/22/2025 7:53:51 PM,UPPER IN-STREAM ARRAY,LOWER IN-STREAM ARRAY,6/25/2025,7,Bull Trout,R,Resident,W,Wild Fish or Natural Production,CHIWAR - Chiwawa River,WTRAP,Weir Trap,520,1
3DD.003E014FA5,NBD-2025-176-001.xml,CHL - Lower Chiwawa River,10/2/2025 1:42:32 AM,10/2/2025 1:42:32 AM,LOWER IN-STREAM ARRAY,LOWER IN-STREAM ARRAY,6/25/2025,7,Bull Trout,R,Resident,W,Wild Fish or Natural Production,CHIWAR - Chiwawa River,WTRAP,Weir Trap,470,1
3DD.003E014FA5,NBD-2025-176-001.xml,CHU - Upper Chiwawa River,10/1/2025 2:49:08 AM,10/1/2025 2:49:18 AM,UPPER IN-STREAM ARRAY,LOWER IN-STREAM ARRAY,6/25/2025,7,Bull Trout,R,Resident,W,Wild Fish or Natural Production,CHIWAR - Chiwawa River,WTRAP,Weir Trap,470,1
3DD.003E014FA5,NBD-2025-176-001.xml,CWT - Chiwawa River Weir Trap Array,10/2/2025 1:25:46 AM,10/2/2025 1:25:46 AM,Single Pass,Single Pass,6/25/2025,7,Bull Trout,R,Resident,W,Wild Fish or Natural Production,CHIWAR - Chiwawa River,WTRAP,Weir Trap,470,1
3DD.003E014FA7,NBD-2025-176-001.xml,CHL - Lower Chiwawa River,8/24/2025 3:40:43 AM,8/24/2025 3:40:51 AM,UPPER IN-STREAM ARRAY,LOWER IN-STREAM ARRAY,7/2/2025,7,Bull Trout,R,Resident,W,Wild Fish or Natural Production,CHIWAR - Chiwawa River,WTRAP,Weir Trap,440,1
3DD.003E014FA7,NBD-2025-176-001.xml,CHU - Upper Chiwawa River,7/2/2025 8:40:41 PM,8/23/2025 9:37:59 PM,LOWER IN-STREAM ARRAY,LOWER IN-STREAM ARRAY,7/2/2025,7,Bull Trout,R,Resident,W,Wild Fish or Natural Production,CHIWAR - Chiwawa River,WTRAP,Weir Trap,440,1
3DD.003E014FAB,NBD-2025-176-001.xml,CHL - Lower Chiwawa River,10/11/2025 12:20:53 AM,10/11/2025 12:20:53 AM,LOWER IN-STREAM ARRAY,LOWER IN-STREAM ARRAY,7/2/2025,7,Bull Trout,R,Resident,W,Wild Fish or Natural Production,CHIWAR - Chiwawa River,WTRAP,Weir Trap,430,1
3DD.003E014FAB,NBD-2025-176-001.xml,CHU - Upper Chiwawa River,7/7/2025 10:33:55 PM,10/10/2025 5:32:07 AM,LOWER IN-STREAM ARRAY,LOWER IN-STREAM ARRAY,7/2/2025,7,Bull Trout,R,Resident,W,Wild Fish or Natural Production,CHIWAR - Chiwawa River,WTRAP,Weir Trap,430,1
3DD.003E014FAC,NBD-2025-176-001.xml,CHU - Upper Chiwawa River,7/7/2025 2:26:49 AM,7/7/2025 2:33:21 AM,LOWER IN-STREAM ARRAY,UPPER IN-STREAM ARRAY,7/2/2025,7,Bull Trout,R,Resident,W,Wild Fish or Natural Production,CHIWAR - Chiwawa River,WTRAP,Weir Trap,420,1
3DD.003E014FAD,NBD-2025-176-001.xml,CHU - Upper Chiwawa River,7/9/2025 8:44:12 PM,7/9/2025 8:49:38 PM,LOWER IN-STREAM ARRAY,UPPER IN-STREAM ARRAY,7/9/2025,7,Bull Trout,R,Resident,W,Wild Fish or Natural Production,CHIWAR - Chiwawa River,WTRAP,Weir Trap,620,1
3DD.003E014FAE,NBD-2025-176-001.xml,CHL - Lower Chiwawa River,9/19/2025 8:06:46 PM,9/19/2025 8:06:55 PM,UPPER IN-STREAM ARRAY,LOWER IN-STREAM ARRAY,7/1/2025,7,Bull Trout,R,Resident,W,Wild Fish or Natural Production,CHIWAR - Chiwawa River,WTRAP,Weir Trap,530,1
3DD.003E014FAE,NBD-2025-176-001.xml,CHU - Upper Chiwawa River,9/18/2025 10:21:28 PM,9/18/2025 10:21:35 PM,UPPER IN-STREAM ARRAY,LOWER IN-STREAM ARRAY,7/1/2025,7,Bull Trout,R,Resident,W,Wild Fish or Natural Production,CHIWAR - Chiwawa River,WTRAP,Weir Trap,530,1
3DD.003E014FAE,NBD-2025-176-001.xml,CWT - Chiwawa River Weir Trap Array,9/19/2025 8:01:01 PM,9/19/2025 8:01:01 PM,Single Pass,Single Pass,7/1/2025,7,Bull Trout,R,Resident,W,Wild Fish or Natural Production,CHIWAR - Chiwawa River,WTRAP,Weir Trap,530,1
3DD.003E014FAE,NBD-2025-176-001.xml,NAL - Lower Nason Creek,3/7/2026 8:36:24 PM,3/7/2026 8:42:52 PM,LOWER IN-STREAM ARRAY,LOWER IN-STREAM ARRAY,7/1/2025,7,Bull Trout,R,Resident,W,Wild Fish or Natural Production,CHIWAR - Chiwawa River,WTRAP,Weir Trap,530,1
3DD.003E014FB2,NBD-2025-176-001.xml,CHU - Upper Chiwawa River,7/18/2025 12:30:33 AM,8/2/2025 1:10:47 AM,UPPER IN-STREAM ARRAY,UPPER IN-STREAM ARRAY,7/2/2025,7,Bull Trout,R,Resident,W,Wild Fish or Natural Production,CHIWAR - Chiwawa River,WTRAP,Weir Trap,430,1
3DD.003E014FB3,NBD-2025-176-001.xml,CHL - Lower Chiwawa River,10/4/2025 12:05:15 AM,10/4/2025 12:05:32 AM,UPPER IN-STREAM ARRAY,LOWER IN-STREAM ARRAY,7/9/2025,7,Bull Trout,R,Resident,W,Wild Fish or Natural Production,CHIWAR - Chiwawa River,WTRAP,Weir Trap,510,1
3DD.003E014FB3,NBD-2025-176-001.xml,CHU - Upper Chiwawa River,7/9/2025 8:44:22 PM,10/3/2025 6:29:14 PM,LOWER IN-STREAM ARRAY,LOWER IN-STREAM ARRAY,7/9/2025,7,Bull Trout,R,Resident,W,Wild Fish or Natural Production,CHIWAR - Chiwawa River,WTRAP,Weir Trap,510,1
3DD.003E014FB3,NBD-2025-176-001.xml,LWN - Little Wenatchee River,3/18/2026 5:24:58 PM,5/27/2026 12:33:05 AM,LOWER IN-STREAM ARRAY,UPPER IN-STREAM ARRAY,7/9/2025,7,Bull Trout,R,Resident,W,Wild Fish or Natural Production,CHIWAR - Chiwawa River,WTRAP,Weir Trap,510,1
3DD.003E014FB6,NBD-2025-176-001.xml,CHU - Upper Chiwawa River,6/27/2025 4:50:14 PM,6/27/2025 4:50:14 PM,UPPER IN-STREAM ARRAY,UPPER IN-STREAM ARRAY,6/27/2025,7,Bull Trout,R,Resident,W,Wild Fish or Natural Production,CHIWAR - Chiwawa River,WTRAP,Weir Trap,600,1
3DD.003E014FB7,NBD-2025-176-001.xml,CHU - Upper Chiwawa River,6/27/2025 8:40:58 PM,6/27/2025 8:40:58 PM,UPPER IN-STREAM ARRAY,UPPER IN-STREAM ARRAY,6/27/2025,7,Bull Trout,R,Resident,W,Wild Fish or Natural Production,CHIWAR - Chiwawa River,WTRAP,Weir Trap,570,1
3DD.003E014FB9,NBD-2025-176-001.xml,CHU - Upper Chiwawa River,7/3/2025 9:13:34 PM,7/3/2025 9:20:20 PM,LOWER IN-STREAM ARRAY,UPPER IN-STREAM ARRAY,7/2/2025,7,Bull Trout,R,Resident,W,Wild Fish or Natural Production,CHIWAR - Chiwawa River,WTRAP,Weir Trap,520,1
3DD.003E014FBA,NBD-2025-176-001.xml,CHL - Lower Chiwawa River,10/4/2025 2:36:20 AM,10/4/2025 2:36:28 AM,UPPER IN-STREAM ARRAY,LOWER IN-STREAM ARRAY,7/2/2025,7,Bull Trout,R,Resident,W,Wild Fish or Natural Production,CHIWAR - Chiwawa River,WTRAP,Weir Trap,450,1
3DD.003E014FBA,NBD-2025-176-001.xml,CHU - Upper Chiwawa River,10/2/2025 3:29:44 AM,10/2/2025 3:29:53 AM,UPPER IN-STREAM ARRAY,LOWER IN-STREAM ARRAY,7/2/2025,7,Bull Trout,R,Resident,W,Wild Fish or Natural Production,CHIWAR - Chiwawa River,WTRAP,Weir Trap,450,1
3DD.003E014FBA,NBD-2025-176-001.xml,CWT - Chiwawa River Weir Trap Array,10/4/2025 2:30:04 AM,10/4/2025 2:30:04 AM,Single Pass,Single Pass,7/2/2025,7,Bull Trout,R,Resident,W,Wild Fish or Natural Production,CHIWAR - Chiwawa River,WTRAP,Weir Trap,450,1
3DD.003E014FBB,NBD-2025-176-001.xml,CHL - Lower Chiwawa River,10/5/2025 12:50:34 AM,10/5/2025 12:51:36 AM,UPPER IN-STREAM ARRAY,LOWER IN-STREAM ARRAY,6/25/2025,7,Bull Trout,R,Resident,W,Wild Fish or Natural Production,CHIWAR - Chiwawa River,WTRAP,Weir Trap,480,1
3DD.003E014FBB,NBD-2025-176-001.xml,CHU - Upper Chiwawa River,7/5/2025 9:43:09 PM,10/4/2025 6:55:39 PM,LOWER IN-STREAM ARRAY,LOWER IN-STREAM ARRAY,6/25/2025,7,Bull Trout,R,Resident,W,Wild Fish or Natural Production,CHIWAR - Chiwawa River,WTRAP,Weir Trap,480,1
3DD.003E014FBB,NBD-2025-176-001.xml,CWT - Chiwawa River Weir Trap Array,10/5/2025 12:12:41 AM,10/5/2025 12:12:41 AM,Single Pass,Single Pass,6/25/2025,7,Bull Trout,R,Resident,W,Wild Fish or Natural Production,CHIWAR - Chiwawa River,WTRAP,Weir Trap,480,1
3DD.003E014FBD,NBD-2025-176-001.xml,CHL - Lower Chiwawa River,9/12/2025 2:26:06 AM,9/12/2025 2:26:06 AM,LOWER IN-STREAM ARRAY,LOWER IN-STREAM ARRAY,7/2/2025,7,Bull Trout,R,Resident,W,Wild Fish or Natural Production,CHIWAR - Chiwawa River,WTRAP,Weir Trap,630,1
3DD.003E014FBD,NBD-2025-176-001.xml,CHU - Upper Chiwawa River,7/17/2025 11:02:19 PM,9/11/2025 3:14:33 AM,LOWER IN-STREAM ARRAY,LOWER IN-STREAM ARRAY,7/2/2025,7,Bull Trout,R,Resident,W,Wild Fish or Natural Production,CHIWAR - Chiwawa River,WTRAP,Weir Trap,630,1
3DD.003E014FBE,NBD-2025-176-001.xml,CHL - Lower Chiwawa River,9/19/2025 9:45:58 PM,9/20/2025 7:19:00 PM,UPPER IN-STREAM ARRAY,LOWER IN-STREAM ARRAY,7/9/2025,7,Bull Trout,R,Resident,W,Wild Fish or Natural Production,CHIWAR - Chiwawa River,WTRAP,Weir Trap,480,1
3DD.003E014FBE,NBD-2025-176-001.xml,CHU - Upper Chiwawa River,7/9/2025 8:31:00 PM,9/19/2025 6:48:26 PM,UPPER IN-STREAM ARRAY,LOWER IN-STREAM ARRAY,7/9/2025,7,Bull Trout,R,Resident,W,Wild Fish or Natural Production,CHIWAR - Chiwawa River,WTRAP,Weir Trap,480,1
3DD.003E014FBE,NBD-2025-176-001.xml,CWT - Chiwawa River Weir Trap Array,9/20/2025 7:08:26 PM,9/20/2025 7:14:49 PM,Single Pass,Single Pass,7/9/2025,7,Bull Trout,R,Resident,W,Wild Fish or Natural Production,CHIWAR - Chiwawa River,WTRAP,Weir Trap,480,1
3DD.003E014FC1,NBD-2025-176-001.xml,CHL - Lower Chiwawa River,7/14/2025 2:03:08 AM,7/14/2025 2:03:08 AM,LOWER IN-STREAM ARRAY,LOWER IN-STREAM ARRAY,7/9/2025,7,Bull Trout,R,Resident,W,Wild Fish or Natural Production,CHIWAR - Chiwawa River,WTRAP,Weir Trap,520,1
3DD.003E014FC1,NBD-2025-176-001.xml,CWT - Chiwawa River Weir Trap Array,7/14/2025 1:58:02 AM,7/14/2025 1:58:02 AM,Single Pass,Single Pass,7/9/2025,7,Bull Trout,R,Resident,W,Wild Fish or Natural Production,CHIWAR - Chiwawa River,WTRAP,Weir Trap,520,1
3DD.003E015618,CSS-2025-283-112.xml,CHL - Lower Chiwawa River,10/11/2025 10:54:14 AM,10/12/2025 1:54:16 AM,LOWER IN-STREAM ARRAY,LOWER IN-STREAM ARRAY,10/10/2025,7,Bull Trout,R,Resident,W,Wild Fish or Natural Production,"CHIWAT - Chiwawa River Trap, 0.5 km below CHIP acclimation pond",SCREWT,Screw Trap,217,1
3DD.003E015618,CSS-2025-283-112.xml,CWT - Chiwawa River Weir Trap Array,10/11/2025 8:48:35 PM,10/11/2025 8:48:35 PM,Single Pass,Single Pass,10/10/2025,7,Bull Trout,R,Resident,W,Wild Fish or Natural Production,"CHIWAT - Chiwawa River Trap, 0.5 km below CHIP acclimation pond",SCREWT,Screw Trap,217,1
3DD.003E016014,CSS-2025-089-112.xml,CHL - Lower Chiwawa River,8/6/2025 9:49:26 PM,8/6/2025 9:49:26 PM,LOWER IN-STREAM ARRAY,LOWER IN-STREAM ARRAY,3/31/2025,7,Bull Trout,R,Resident,W,Wild Fish or Natural Production,"CHIWAT - Chiwawa River Trap, 0.5 km below CHIP acclimation pond",SCREWT,Screw Trap,212,1
3DD.003E016014,CSS-2025-089-112.xml,CHU - Upper Chiwawa River,8/6/2025 2:21:37 AM,8/6/2025 2:21:37 AM,UPPER IN-STREAM ARRAY,UPPER IN-STREAM ARRAY,3/31/2025,7,Bull Trout,R,Resident,W,Wild Fish or Natural Production,"CHIWAT - Chiwawa River Trap, 0.5 km below CHIP acclimation pond",SCREWT,Screw Trap,212,1
3DD.003E016014,CSS-2025-089-112.xml,CWT - Chiwawa River Weir Trap Array,6/13/2025 8:32:29 AM,6/13/2025 8:32:29 AM,Single Pass,Single Pass,3/31/2025,7,Bull Trout,R,Resident,W,Wild Fish or Natural Production,"CHIWAT - Chiwawa River Trap, 0.5 km below CHIP acclimation pond",SCREWT,Screw Trap,212,1
3DD.003E016438,CSS-2024-323-112.xml,CHL - Lower Chiwawa River,11/18/2024 12:39:44 PM,11/18/2024 12:42:36 PM,LOWER IN-STREAM ARRAY,UPPER IN-STREAM ARRAY,11/18/2024,7,Bull Trout,R,Resident,W,Wild Fish or Natural Production,"CHIWAT - Chiwawa River Trap, 0.5 km below CHIP acclimation pond",SCREWT,Screw Trap,165,1
3DD.003E016438,CSS-2024-323-112.xml,"WTL - White River, Wenatchee Basin",9/15/2025 12:31:24 PM,9/15/2025 7:23:55 PM,LOWER IN-STREAM ARRAY,LOWER IN-STREAM ARRAY,11/18/2024,7,Bull Trout,R,Resident,W,Wild Fish or Natural Production,"CHIWAT - Chiwawa River Trap, 0.5 km below CHIP acclimation pond",SCREWT,Screw Trap,165,1
3DD.003E01643A,CSS-2024-323-112.xml,CHL - Lower Chiwawa River,11/20/2024 5:15:16 PM,11/20/2024 5:15:26 PM,UPPER IN-STREAM ARRAY,LOWER IN-STREAM ARRAY,11/18/2024,7,Bull Trout,R,Resident,W,Wild Fish or Natural Production,"CHIWAT - Chiwawa River Trap, 0.5 km below CHIP acclimation pond",SCREWT,Screw Trap,197,1
3DD.003E017B9E,CSS-2025-260-112.xml,CHL - Lower Chiwawa River,9/17/2025 2:33:18 PM,11/25/2025 3:55:27 AM,LOWER IN-STREAM ARRAY,UPPER IN-STREAM ARRAY,9/17/2025,7,Bull Trout,R,Resident,W,Wild Fish or Natural Production,"CHIWAT - Chiwawa River Trap, 0.5 km below CHIP acclimation pond",SCREWT,Screw Trap,230,1
3DD.003E017B9E,CSS-2025-260-112.xml,CWT - Chiwawa River Weir Trap Array,9/17/2025 3:50:35 PM,11/25/2025 2:10:49 AM,Single Pass,Single Pass,9/17/2025,7,Bull Trout,R,Resident,W,Wild Fish or Natural Production,"CHIWAT - Chiwawa River Trap, 0.5 km below CHIP acclimation pond",SCREWT,Screw Trap,230,1
3DD.003E017C94,NBD-2025-274-001.xml,ICL - Lower Icicle Instream Array,5/24/2026 12:43:04 AM,5/24/2026 5:34:04 AM,Upstream Array,Downstream Array,10/22/2025,7,Bull Trout,R,Resident,W,Wild Fish or Natural Production,CHIWAR - Chiwawa River,SHOCK,Electro-Shock,132,1
3DD.003E017F60,CSS-2025-309-112.xml,CWT - Chiwawa River Weir Trap Array,11/5/2025 10:04:56 PM,11/5/2025 10:04:56 PM,Single Pass,Single Pass,11/5/2025,7,Bull Trout,R,Resident,W,Wild Fish or Natural Production,"CHIWAT - Chiwawa River Trap, 0.5 km below CHIP acclimation pond",SCREWT,Screw Trap,208,1
3DD.003E0197B9,CSS-2025-308-112.xml,CHL - Lower Chiwawa River,11/4/2025 5:25:42 PM,11/7/2025 5:36:22 PM,LOWER IN-STREAM ARRAY,LOWER IN-STREAM ARRAY,11/4/2025,7,Bull Trout,R,Resident,W,Wild Fish or Natural Production,"CHIWAT - Chiwawa River Trap, 0.5 km below CHIP acclimation pond",SCREWT,Screw Trap,259,1
3DD.003E0197B9,CSS-2025-308-112.xml,CWT - Chiwawa River Weir Trap Array,11/4/2025 7:52:23 PM,11/7/2025 6:39:26 AM,Single Pass,Single Pass,11/4/2025,7,Bull Trout,R,Resident,W,Wild Fish or Natural Production,"CHIWAT - Chiwawa River Trap, 0.5 km below CHIP acclimation pond",SCREWT,Screw Trap,259,1
3DD.003E0197F0,CSS-2025-307-112.xml,CHL - Lower Chiwawa River,11/4/2025 5:33:32 PM,11/4/2025 5:33:38 PM,UPPER IN-STREAM ARRAY,LOWER IN-STREAM ARRAY,11/3/2025,7,Bull Trout,R,Resident,W,Wild Fish or Natural Production,"CHIWAT - Chiwawa River Trap, 0.5 km below CHIP acclimation pond",SCREWT,Screw Trap,224,1
3DD.003E019802,CSS-2025-307-112.xml,CHL - Lower Chiwawa River,11/3/2025 5:52:13 PM,11/6/2025 5:15:58 PM,LOWER IN-STREAM ARRAY,UPPER IN-STREAM ARRAY,11/3/2025,7,Bull Trout,R,Resident,W,Wild Fish or Natural Production,"CHIWAT - Chiwawa River Trap, 0.5 km below CHIP acclimation pond",SCREWT,Screw Trap,199,1
3DD.003E019802,CSS-2025-307-112.xml,CWT - Chiwawa River Weir Trap Array,11/3/2025 9:18:37 PM,11/6/2025 5:07:08 PM,Single Pass,Single Pass,11/3/2025,7,Bull Trout,R,Resident,W,Wild Fish or Natural Production,"CHIWAT - Chiwawa River Trap, 0.5 km below CHIP acclimation pond",SCREWT,Screw Trap,199,1
3DD.003E019D8E,CSS-2025-300-112.xml,CHL - Lower Chiwawa River,10/28/2025 11:37:00 AM,10/28/2025 12:00:40 PM,UPPER IN-STREAM ARRAY,LOWER IN-STREAM ARRAY,10/28/2025,7,Bull Trout,R,Resident,W,Wild Fish or Natural Production,"CHIWAT - Chiwawa River Trap, 0.5 km below CHIP acclimation pond",SCREWT,Screw Trap,203,1
3DD.003E019D8E,CSS-2025-300-112.xml,"MAD - Mad River, Entiat River Basin",10/31/2025 2:03:54 PM,10/31/2025 2:03:54 PM,Temporary Antenna,Temporary Antenna,10/28/2025,7,Bull Trout,R,Resident,W,Wild Fish or Natural Production,"CHIWAT - Chiwawa River Trap, 0.5 km below CHIP acclimation pond",SCREWT,Screw Trap,203,1
3DD.003E019DCC,CSS-2025-300-112.xml,CHL - Lower Chiwawa River,10/28/2025 11:08:39 AM,10/28/2025 12:00:23 PM,LOWER IN-STREAM ARRAY,UPPER IN-STREAM ARRAY,10/28/2025,7,Bull Trout,R,Resident,W,Wild Fish or Natural Production,"CHIWAT - Chiwawa River Trap, 0.5 km below CHIP acclimation pond",SCREWT,Screw Trap,251,1
3DD.003E1C1168,CGS-2022-207-MET.xml,LMR - Lower Methow River at Pateros,11/6/2022 8:15:58 PM,11/6/2022 8:16:04 PM,Upstream Array,Downstream Array,8/4/2022,7,Bull Trout,R,Resident,W,Wild Fish or Natural Production,METRWT - Upper Methow River Rotary Screw Trap,SCREWT,Screw Trap,208,1
3DD.003E1C11B8,CGS-2022-207-MET.xml,MRC - Methow River at Carlton,9/13/2022 5:53:34 AM,9/13/2022 5:53:34 AM,Single Array,Single Array,9/9/2022,7,Bull Trout,R,Resident,W,Wild Fish or Natural Production,METRWT - Upper Methow River Rotary Screw Trap,SCREWT,Screw Trap,339,1
3DD.003E1C1333,CGS-2022-199-CHE.xml,MSH - Methow Fish Hatchery Outfall,10/21/2022 9:33:11 AM,1/16/2023 7:01:26 PM,Trap,Trap,7/28/2022,7,Bull Trout,R,Resident,W,Wild Fish or Natural Production,CHERBT - Chewuch River Bridge Rotary Screw Trap,SCREWT,Screw Trap,144,1
3DD.003E1ED2B2,CSS-2025-297-112.xml,CHL - Lower Chiwawa River,10/24/2025 5:43:21 PM,10/25/2025 6:31:32 PM,LOWER IN-STREAM ARRAY,LOWER IN-STREAM ARRAY,10/24/2025,7,Bull Trout,R,Resident,W,Wild Fish or Natural Production,"CHIWAT - Chiwawa River Trap, 0.5 km below CHIP acclimation pond",SCREWT,Screw Trap,269,1
3DD.003E1ED2B2,CSS-2025-297-112.xml,CWT - Chiwawa River Weir Trap Array,10/24/2025 10:44:21 PM,10/24/2025 10:44:27 PM,Single Pass,Single Pass,10/24/2025,7,Bull Trout,R,Resident,W,Wild Fish or Natural Production,"CHIWAT - Chiwawa River Trap, 0.5 km below CHIP acclimation pond",SCREWT,Screw Trap,269,1
3DD.003E1ED6F2,CSS-2025-317-112.xml,CHL - Lower Chiwawa River,11/13/2025 6:57:35 PM,11/13/2025 6:57:35 PM,LOWER IN-STREAM ARRAY,LOWER IN-STREAM ARRAY,11/13/2025,7,Bull Trout,R,Resident,W,Wild Fish or Natural Production,"CHIWAT - Chiwawa River Trap, 0.5 km below CHIP acclimation pond",SCREWT,Screw Trap,166,1
3DD.003E1ED6F2,CSS-2025-317-112.xml,CWT - Chiwawa River Weir Trap Array,11/14/2025 1:58:14 AM,11/14/2025 1:58:14 AM,Single Pass,Single Pass,11/13/2025,7,Bull Trout,R,Resident,W,Wild Fish or Natural Production,"CHIWAT - Chiwawa River Trap, 0.5 km below CHIP acclimation pond",SCREWT,Screw Trap,166,1
3DD.003E215B81,MRC-2022-049-BLT.xml,LMR - Lower Methow River at Pateros,12/26/2023 3:53:32 AM,1/1/2026 10:47:01 PM,Upstream Array,Downstream Array,3/22/2023,7,Bull Trout,R,Resident,W,Wild Fish or Natural Production,METHR - Methow River,HOOK,Hook and Line,528,1
3DD.003E215B81,MRC-2022-049-BLT.xml,MRC - Methow River at Carlton,6/18/2024 2:04:32 AM,6/11/2025 1:46:05 AM,Single Array,Single Array,3/22/2023,7,Bull Trout,R,Resident,W,Wild Fish or Natural Production,METHR - Methow River,HOOK,Hook and Line,528,1
3DD.003E215B81,MRC-2022-049-BLT.xml,TWR - Lwr Twisp Rvr near MSRF Ponds,9/18/2023 8:01:40 PM,9/17/2025 10:31:37 PM,UPPER IN-STREAM ARRAY,LOWER IN-STREAM ARRAY,3/22/2023,7,Bull Trout,R,Resident,W,Wild Fish or Natural Production,METHR - Methow River,HOOK,Hook and Line,528,1
3DD.003E215BD6,CGS-2023-128-WDT.xml,LMR - Lower Methow River at Pateros,11/19/2023 1:06:02 AM,11/19/2023 1:06:02 AM,Downstream Array,Downstream Array,6/27/2023,7,Bull Trout,R,Resident,W,Wild Fish or Natural Production,TWISPW - Twisp River Weir (WDFW),LADDER,Adult Passage Ladder,460,1
3DD.003E215BD6,CGS-2023-128-WDT.xml,MRC - Methow River at Carlton,6/3/2024 12:45:34 AM,6/3/2024 12:45:52 AM,Single Array,Single Array,6/27/2023,7,Bull Trout,R,Resident,W,Wild Fish or Natural Production,TWISPW - Twisp River Weir (WDFW),LADDER,Adult Passage Ladder,460,1
3DD.003E215BD6,CGS-2023-128-WDT.xml,TWR - Lwr Twisp Rvr near MSRF Ponds,9/29/2023 8:24:39 PM,9/29/2023 8:24:39 PM,LOWER IN-STREAM ARRAY,LOWER IN-STREAM ARRAY,6/27/2023,7,Bull Trout,R,Resident,W,Wild Fish or Natural Production,TWISPW - Twisp River Weir (WDFW),LADDER,Adult Passage Ladder,460,1
3DD.003E215E18,CGS-2023-128-WDT.xml,TWR - Lwr Twisp Rvr near MSRF Ponds,6/30/2023 11:58:06 PM,6/30/2023 11:58:06 PM,UPPER IN-STREAM ARRAY,UPPER IN-STREAM ARRAY,5/13/2023,7,Bull Trout,R,Resident,W,Wild Fish or Natural Production,WELLD2 - WEL - Release into the West Adult Fish Ladder,LADDER,Adult Passage Ladder,570,1
3DD.003E215E18,CGS-2023-128-WDT.xml,"WEA - Wells Dam, DCPUD Adult Ladders",5/14/2023 1:35:46 PM,6/21/2023 12:58:45 PM,Right Ladder Pool 19,Right Ladder Pool 68,5/13/2023,7,Bull Trout,R,Resident,W,Wild Fish or Natural Production,WELLD2 - WEL - Release into the West Adult Fish Ladder,LADDER,Adult Passage Ladder,570,1
3DD.003E215E18,CGS-2023-128-WDT.xml,WEH - Wells Dam Hatchery,6/6/2023 8:23:27 AM,6/21/2023 8:39:36 AM,Adult Fish Handling Facility Exit to Truck,Adult Fish Handling Facility Exit to Truck,5/13/2023,7,Bull Trout,R,Resident,W,Wild Fish or Natural Production,WELLD2 - WEL - Release into the West Adult Fish Ladder,LADDER,Adult Passage Ladder,570,1
3DD.003E215E24,CGS-2022-123-BC1.xml,MRC - Methow River at Carlton,7/7/2022 8:53:49 PM,7/7/2022 8:53:49 PM,Single Array,Single Array,6/7/2022,7,Bull Trout,R,Resident,W,Wild Fish or Natural Production,WELLD1 - WEL - Release into the East Adult Fish Ladder,LADDER,Adult Passage Ladder,570,1
3DD.003E215E24,CGS-2022-123-BC1.xml,TWR - Lwr Twisp Rvr near MSRF Ponds,7/11/2022 2:24:47 AM,7/11/2022 2:25:50 AM,LOWER IN-STREAM ARRAY,UPPER IN-STREAM ARRAY,6/7/2022,7,Bull Trout,R,Resident,W,Wild Fish or Natural Production,WELLD1 - WEL - Release into the East Adult Fish Ladder,LADDER,Adult Passage Ladder,570,1
3DD.003E215E24,CGS-2022-123-BC1.xml,"WEA - Wells Dam, DCPUD Adult Ladders",6/13/2022 1:31:00 PM,6/18/2022 11:02:37 PM,Left Ladder Pool 19,Left Ladder Pool 68,6/7/2022,7,Bull Trout,R,Resident,W,Wild Fish or Natural Production,WELLD1 - WEL - Release into the East Adult Fish Ladder,LADDER,Adult Passage Ladder,570,1
3DD.003E215E27,CGS-2023-128-WDT.xml,"WEA - Wells Dam, DCPUD Adult Ladders",5/14/2023 11:02:10 AM,5/14/2023 11:29:51 AM,Right Ladder Pool 67,Right Ladder Pool 68,5/10/2023,7,Bull Trout,R,Resident,W,Wild Fish or Natural Production,WELLD2 - WEL - Release into the West Adult Fish Ladder,LADDER,Adult Passage Ladder,610,1
3DD.003E215E35,CGS-2023-128-WDT.xml,LMR - Lower Methow River at Pateros,12/23/2023 1:32:14 AM,9/15/2024 1:11:03 AM,Upstream Array,Downstream Array,5/17/2023,7,Bull Trout,R,Resident,W,Wild Fish or Natural Production,WELLD2 - WEL - Release into the West Adult Fish Ladder,LADDER,Adult Passage Ladder,590,1
3DD.003E215E35,CGS-2023-128-WDT.xml,MRC - Methow River at Carlton,6/12/2023 3:30:15 AM,9/13/2024 8:17:31 PM,Single Array,Single Array,5/17/2023,7,Bull Trout,R,Resident,W,Wild Fish or Natural Production,WELLD2 - WEL - Release into the West Adult Fish Ladder,LADDER,Adult Passage Ladder,590,1
3DD.003E215E35,CGS-2023-128-WDT.xml,TWR - Lwr Twisp Rvr near MSRF Ponds,6/18/2023 10:09:40 PM,9/12/2024 3:48:26 AM,UPPER IN-STREAM ARRAY,LOWER IN-STREAM ARRAY,5/17/2023,7,Bull Trout,R,Resident,W,Wild Fish or Natural Production,WELLD2 - WEL - Release into the West Adult Fish Ladder,LADDER,Adult Passage Ladder,590,1
3DD.003E215E35,CGS-2023-128-WDT.xml,"WEA - Wells Dam, DCPUD Adult Ladders",5/17/2023 4:57:38 PM,5/17/2023 5:21:35 PM,Right Ladder Pool 67,Right Ladder Pool 68,5/17/2023,7,Bull Trout,R,Resident,W,Wild Fish or Natural Production,WELLD2 - WEL - Release into the West Adult Fish Ladder,LADDER,Adult Passage Ladder,590,1
3DD.003E215E39,CGS-2023-128-WDT.xml,MRC - Methow River at Carlton,6/9/2023 1:33:42 AM,6/20/2024 11:14:18 PM,Single Array,Single Array,5/14/2023,7,Bull Trout,R,Resident,W,Wild Fish or Natural Production,WELLD1 - WEL - Release into the East Adult Fish Ladder,LADDER,Adult Passage Ladder,590,1
3DD.003E215E39,CGS-2023-128-WDT.xml,TWR - Lwr Twisp Rvr near MSRF Ponds,9/28/2023 2:09:24 AM,9/28/2023 2:09:28 AM,UPPER IN-STREAM ARRAY,LOWER IN-STREAM ARRAY,5/14/2023,7,Bull Trout,R,Resident,W,Wild Fish or Natural Production,WELLD1 - WEL - Release into the East Adult Fish Ladder,LADDER,Adult Passage Ladder,590,1
3DD.003E215E39,CGS-2023-128-WDT.xml,"WEA - Wells Dam, DCPUD Adult Ladders",5/14/2023 11:19:57 AM,5/14/2023 11:22:03 AM,Left Ladder Pool 67,Left Ladder Pool 68,5/14/2023,7,Bull Trout,R,Resident,W,Wild Fish or Natural Production,WELLD1 - WEL - Release into the East Adult Fish Ladder,LADDER,Adult Passage Ladder,590,1
3DD.003E215E53,CGS-2022-123-BC1.xml,LMR - Lower Methow River at Pateros,11/8/2022 9:01:36 PM,11/8/2022 9:01:36 PM,Downstream Array,Downstream Array,6/15/2022,7,Bull Trout,R,Resident,W,Wild Fish or Natural Production,WELLD1 - WEL - Release into the East Adult Fish Ladder,LADDER,Adult Passage Ladder,580,1
3DD.003E215E53,CGS-2022-123-BC1.xml,MRC - Methow River at Carlton,7/14/2022 10:20:05 PM,6/7/2023 9:49:41 PM,Single Array,Single Array,6/15/2022,7,Bull Trout,R,Resident,W,Wild Fish or Natural Production,WELLD1 - WEL - Release into the East Adult Fish Ladder,LADDER,Adult Passage Ladder,580,1
3DD.003E215E53,CGS-2022-123-BC1.xml,MRW - Methow River at Winthrop,9/26/2022 11:13:54 PM,9/26/2022 11:13:54 PM,UPSTREAM ARRAY,UPSTREAM ARRAY,6/15/2022,7,Bull Trout,R,Resident,W,Wild Fish or Natural Production,WELLD1 - WEL - Release into the East Adult Fish Ladder,LADDER,Adult Passage Ladder,580,1
3DD.003E215E53,CGS-2022-123-BC1.xml,"WEA - Wells Dam, DCPUD Adult Ladders",6/15/2022 1:09:00 PM,6/15/2022 1:22:18 PM,Left Ladder Pool 67,Left Ladder Pool 68,6/15/2022,7,Bull Trout,R,Resident,W,Wild Fish or Natural Production,WELLD1 - WEL - Release into the East Adult Fish Ladder,LADDER,Adult Passage Ladder,580,1
3DD.003E215EF8,MRC-2022-049-BLT.xml,"GLC - Gold Creek, Methow River",6/22/2022 12:23:41 AM,6/22/2022 2:03:51 AM,LOWER IN-STREAM ARRAY,LOWER IN-STREAM ARRAY,3/1/2022,7,Bull Trout,R,Resident,W,Wild Fish or Natural Production,METHR - Methow River,HOOK,Hook and Line,454,1
3DD.003E215F0D,MRC-2022-049-BLT.xml,LMR - Lower Methow River at Pateros,2/18/2022 8:00:53 PM,2/18/2022 8:00:53 PM,Upstream Array,Upstream Array,2/18/2022,7,Bull Trout,R,Resident,W,Wild Fish or Natural Production,METHR - Methow River,HOOK,Hook and Line,465,1
3DD.003E215F0D,MRC-2022-049-BLT.xml,MRC - Methow River at Carlton,7/24/2022 12:30:50 AM,2/17/2023 9:20:53 PM,Single Array,Single Array,2/18/2022,7,Bull Trout,R,Resident,W,Wild Fish or Natural Production,METHR - Methow River,HOOK,Hook and Line,465,1
3DD.003E215F3B,MRC-2022-049-BLT.xml,CML - Chewuch River Middle Lower,5/17/2023 7:32:13 PM,3/31/2025 7:26:16 PM,Single Array,Single Array,4/3/2023,7,Bull Trout,R,Resident,W,Wild Fish or Natural Production,METHR - Methow River,HOOK,Hook and Line,450,1
3DD.003E215F3B,MRC-2022-049-BLT.xml,CMU - Chewuch River Middle Upper,10/8/2023 7:03:09 PM,3/20/2024 1:36:21 PM,Single Array,Single Array,4/3/2023,7,Bull Trout,R,Resident,W,Wild Fish or Natural Production,METHR - Methow River,HOOK,Hook and Line,450,1
3DD.003E215F3B,MRC-2022-049-BLT.xml,CRU - Upper Chewuch Instream Array,5/10/2024 4:27:30 PM,5/29/2025 11:53:12 AM,Downstream Array,Upstream Array,4/3/2023,7,Bull Trout,R,Resident,W,Wild Fish or Natural Production,METHR - Methow River,HOOK,Hook and Line,450,1
3DD.003E215F3B,MRC-2022-049-BLT.xml,CRW - Chewuch River above Winthrop,4/10/2023 10:09:45 PM,10/1/2025 1:16:21 AM,UPSTREAM ARRAY,DOWNSTREAM ARRAY,4/3/2023,7,Bull Trout,R,Resident,W,Wild Fish or Natural Production,METHR - Methow River,HOOK,Hook and Line,450,1
3DD.003E215F41,MRC-2022-049-BLT.xml,MEM - Eightmile Acclimation Pond,5/21/2023 3:09:42 PM,5/21/2023 3:55:42 PM,Outlet to River,Outlet to River,3/30/2023,7,Bull Trout,R,Resident,W,Wild Fish or Natural Production,METHR - Methow River,HOOK,Hook and Line,560,1
3DD.003E215F44,MRC-2022-049-BLT.xml,MRW - Methow River at Winthrop,9/3/2023 9:31:35 PM,9/3/2023 9:31:44 PM,UPSTREAM ARRAY,DOWNSTREAM ARRAY,3/30/2023,7,Bull Trout,R,Resident,W,Wild Fish or Natural Production,METHR - Methow River,HOOK,Hook and Line,410,1
3DD.003E215F68,MRC-2022-049-BLT.xml,MRW - Methow River at Winthrop,8/4/2023 10:08:19 PM,8/4/2023 10:08:19 PM,UPSTREAM ARRAY,UPSTREAM ARRAY,4/21/2023,7,Bull Trout,R,Resident,W,Wild Fish or Natural Production,METHR - Methow River,HOOK,Hook and Line,410,1
3DD.003E215F68,MRC-2022-049-BLT.xml,"WFC - Wolf Creek, Methow River",6/8/2024 12:19:23 AM,6/8/2024 12:22:47 AM,SINGLE IN-STREAM ANTENNA,SINGLE IN-STREAM ANTENNA,4/21/2023,7,Bull Trout,R,Resident,W,Wild Fish or Natural Production,METHR - Methow River,HOOK,Hook and Line,410,1
3DD.003E215F75,MRC-2022-049-BLT.xml,CML - Chewuch River Middle Lower,6/6/2023 1:42:42 AM,6/6/2025 6:32:39 AM,Single Array,Single Array,4/11/2023,7,Bull Trout,R,Resident,W,Wild Fish or Natural Production,METHR - Methow River,HOOK,Hook and Line,580,1
3DD.003E215F75,MRC-2022-049-BLT.xml,CMU - Chewuch River Middle Upper,6/6/2023 3:57:03 AM,6/8/2024 2:24:19 AM,Single Array,Single Array,4/11/2023,7,Bull Trout,R,Resident,W,Wild Fish or Natural Production,METHR - Methow River,HOOK,Hook and Line,580,1
3DD.003E215F75,MRC-2022-049-BLT.xml,CRW - Chewuch River above Winthrop,9/9/2024 7:00:03 PM,11/4/2025 9:35:21 PM,UPSTREAM ARRAY,DOWNSTREAM ARRAY,4/11/2023,7,Bull Trout,R,Resident,W,Wild Fish or Natural Production,METHR - Methow River,HOOK,Hook and Line,580,1
3DD.003E21607A,CGS-2023-128-WDT.xml,"WEA - Wells Dam, DCPUD Adult Ladders",6/12/2023 5:05:55 AM,6/12/2023 10:37:39 AM,Left Ladder Pool 19,East Trap,6/1/2023,7,Bull Trout,R,Resident,W,Wild Fish or Natural Production,WELLD1 - WEL - Release into the East Adult Fish Ladder,LADDER,Adult Passage Ladder,580,1
3DD.003E21607A,CGS-2023-128-WDT.xml,WEH - Wells Dam Hatchery,6/9/2023 2:28:59 AM,7/13/2023 8:40:40 PM,Volunteer Channel,Volunteer Channel,6/1/2023,7,Bull Trout,R,Resident,W,Wild Fish or Natural Production,WELLD1 - WEL - Release into the East Adult Fish Ladder,LADDER,Adult Passage Ladder,580,1
3DD.003E21607B,CGS-2023-128-WDT.xml,MRC - Methow River at Carlton,6/9/2024 2:10:40 AM,6/9/2024 2:10:45 AM,Single Array,Single Array,6/14/2023,7,Bull Trout,R,Resident,W,Wild Fish or Natural Production,WELLD2 - WEL - Release into the West Adult Fish Ladder,LADDER,Adult Passage Ladder,680,1
3DD.003E21607B,CGS-2023-128-WDT.xml,"WEA - Wells Dam, DCPUD Adult Ladders",5/20/2024 3:25:40 PM,5/30/2024 4:10:38 PM,Right Ladder Pool 19,Left Ladder Pool 68,6/14/2023,7,Bull Trout,R,Resident,W,Wild Fish or Natural Production,WELLD2 - WEL - Release into the West Adult Fish Ladder,LADDER,Adult Passage Ladder,680,1
3DD.003E21607B,CGS-2023-128-WDT.xml,WEH - Wells Dam Hatchery,7/1/2023 11:58:28 AM,5/22/2024 9:28:12 AM,Volunteer Channel,Adult Fish Handling Facility Exit to Truck,6/14/2023,7,Bull Trout,R,Resident,W,Wild Fish or Natural Production,WELLD2 - WEL - Release into the West Adult Fish Ladder,LADDER,Adult Passage Ladder,680,1
3DD.003E216158,MRC-2022-049-BLT.xml,MRW - Methow River at Winthrop,10/28/2024 2:11:57 AM,12/18/2024 6:32:04 PM,DOWNSTREAM ARRAY,DOWNSTREAM ARRAY,3/25/2024,7,Bull Trout,R,Resident,W,Wild Fish or Natural Production,METHR - Methow River,HOOK,Hook and Line,400,1
3DD.003E216158,MRC-2022-049-BLT.xml,MSH - Methow Fish Hatchery Outfall,2/14/2025 4:44:06 AM,2/14/2025 7:08:00 PM,Trap,Trap,3/25/2024,7,Bull Trout,R,Resident,W,Wild Fish or Natural Production,METHR - Methow River,HOOK,Hook and Line,400,1
3DD.003E21615D,MRC-2022-049-BLT.xml,MRW - Methow River at Winthrop,7/2/2025 12:10:31 AM,7/24/2025 1:08:52 AM,DOWNSTREAM ARRAY,UPSTREAM ARRAY,3/15/2024,7,Bull Trout,R,Resident,W,Wild Fish or Natural Production,METHR - Methow River,HOOK,Hook and Line,400,1
3DD.003E21616E,MRC-2022-049-BLT.xml,MRW - Methow River at Winthrop,7/27/2024 12:13:12 AM,7/27/2024 12:13:17 AM,UPSTREAM ARRAY,DOWNSTREAM ARRAY,3/8/2024,7,Bull Trout,R,Resident,W,Wild Fish or Natural Production,METHR - Methow River,HOOK,Hook and Line,460,1
3DD.003E21617E,MRC-2022-049-BLT.xml,"WFC - Wolf Creek, Methow River",6/26/2024 11:10:32 PM,6/27/2024 9:36:39 PM,SINGLE IN-STREAM ANTENNA,SINGLE IN-STREAM ANTENNA,3/11/2024,7,Bull Trout,R,Resident,W,Wild Fish or Natural Production,METHR - Methow River,HOOK,Hook and Line,470,1
3DD.003E21618B,MRC-2022-049-BLT.xml,MRC - Methow River at Carlton,5/24/2024 2:01:58 AM,5/24/2024 2:01:58 AM,Single Array,Single Array,3/12/2024,7,Bull Trout,R,Resident,W,Wild Fish or Natural Production,METHR - Methow River,HOOK,Hook and Line,540,1
3DD.003E22571D,NBD-2026-141-001.json,TUF - Tumwater Dam Adult Fishway,5/26/2026 12:12:45 PM,5/26/2026 3:13:55 PM,WEIR 17,High Flow Ladder Entrance,5/26/2026,7,Bull Trout,R,Resident,W,Wild Fish or Natural Production,TUMFBY - TUM - Release into the Forebay within 0.5 km upstream of Dam,LADDER,Adult Passage Ladder,NA,1
3DD.003E2257A5,NBD-2025-143-002.json,CHW - Chiwaukum Creek,11/3/2025 9:01:47 PM,11/3/2025 9:01:52 PM,UPSTREAM ARRAY,DOWNSTREAM ARRAY,6/4/2025,7,Bull Trout,R,Resident,W,Wild Fish or Natural Production,TUMFBY - TUM - Release into the Forebay within 0.5 km upstream of Dam,LADDER,Adult Passage Ladder,310,1
3DD.003E2257A5,NBD-2025-143-002.json,TUF - Tumwater Dam Adult Fishway,11/10/2025 1:06:11 PM,11/10/2025 2:22:58 PM,High Flow Ladder Entrance,WEIR 17,6/4/2025,7,Bull Trout,R,Resident,W,Wild Fish or Natural Production,TUMFBY - TUM - Release into the Forebay within 0.5 km upstream of Dam,LADDER,Adult Passage Ladder,310,1
3DD.003E2259F5,NBD-2022-144-001.xml,CHW - Chiwaukum Creek,10/17/2023 1:01:33 AM,7/4/2024 4:16:47 AM,UPSTREAM ARRAY,UPSTREAM ARRAY,7/11/2022,7,Bull Trout,R,Resident,W,Wild Fish or Natural Production,TUMFBY - TUM - Release into the Forebay within 0.5 km upstream of Dam,LADDER,Adult Passage Ladder,480,1
3DD.003E225A01,NBD-2022-144-001.xml,CHW - Chiwaukum Creek,7/21/2022 3:58:55 AM,7/8/2024 4:05:17 AM,DOWNSTREAM ARRAY,UPSTREAM ARRAY,7/11/2022,7,Bull Trout,R,Resident,W,Wild Fish or Natural Production,TUMFBY - TUM - Release into the Forebay within 0.5 km upstream of Dam,LADDER,Adult Passage Ladder,540,1
3DD.003E225A01,NBD-2022-144-001.xml,LWE - Lower Wenatchee River,1/19/2024 12:47:11 AM,1/19/2024 12:47:32 AM,UPSTREAM ANTENNA ARRAY,DOWNSTREAM ANTENNA ARRAY,7/11/2022,7,Bull Trout,R,Resident,W,Wild Fish or Natural Production,TUMFBY - TUM - Release into the Forebay within 0.5 km upstream of Dam,LADDER,Adult Passage Ladder,540,1
3DD.003E225A01,NBD-2022-144-001.xml,TUF - Tumwater Dam Adult Fishway,6/27/2023 8:15:00 PM,7/6/2024 11:07:31 AM,WEIR 3,WEIR 17,7/11/2022,7,Bull Trout,R,Resident,W,Wild Fish or Natural Production,TUMFBY - TUM - Release into the Forebay within 0.5 km upstream of Dam,LADDER,Adult Passage Ladder,540,1
3DD.003E225ADF,NBD-2024-145-002.xml,CHW - Chiwaukum Creek,7/4/2024 4:12:22 AM,7/4/2024 4:12:44 AM,DOWNSTREAM ARRAY,UPSTREAM ARRAY,6/12/2024,7,Bull Trout,R,Resident,W,Wild Fish or Natural Production,TUMFBY - TUM - Release into the Forebay within 0.5 km upstream of Dam,LADDER,Adult Passage Ladder,470,1
3DD.003E225B9B,NBD-2025-143-002.json,CHL - Lower Chiwawa River,6/28/2025 9:23:13 PM,6/28/2025 9:23:13 PM,LOWER IN-STREAM ARRAY,LOWER IN-STREAM ARRAY,6/18/2025,7,Bull Trout,R,Resident,W,Wild Fish or Natural Production,TUMFBY - TUM - Release into the Forebay within 0.5 km upstream of Dam,LADDER,Adult Passage Ladder,470,1
3DD.003E225B9B,NBD-2025-143-002.json,CHU - Upper Chiwawa River,7/4/2025 12:49:33 AM,7/27/2025 12:33:06 AM,UPPER IN-STREAM ARRAY,UPPER IN-STREAM ARRAY,6/18/2025,7,Bull Trout,R,Resident,W,Wild Fish or Natural Production,TUMFBY - TUM - Release into the Forebay within 0.5 km upstream of Dam,LADDER,Adult Passage Ladder,470,1
3DD.003E225B9B,NBD-2025-143-002.json,CWT - Chiwawa River Weir Trap Array,6/28/2025 10:13:22 PM,6/28/2025 10:13:22 PM,Single Pass,Single Pass,6/18/2025,7,Bull Trout,R,Resident,W,Wild Fish or Natural Production,TUMFBY - TUM - Release into the Forebay within 0.5 km upstream of Dam,LADDER,Adult Passage Ladder,470,1
3DD.003E225CDB,NBD-2022-144-001.xml,TUF - Tumwater Dam Adult Fishway,6/13/2023 3:27:47 PM,6/18/2023 8:35:33 PM,WEIR 3,WEIR 17,8/8/2022,7,Bull Trout,R,Resident,W,Wild Fish or Natural Production,TUMFBY - TUM - Release into the Forebay within 0.5 km upstream of Dam,LADDER,Adult Passage Ladder,300,1
3DD.003E2264C3,NBD-2022-144-001.xml,CHL - Lower Chiwawa River,9/23/2024 7:54:43 PM,9/27/2024 10:56:11 AM,LOWER IN-STREAM ARRAY,LOWER IN-STREAM ARRAY,7/12/2022,7,Bull Trout,R,Resident,W,Wild Fish or Natural Production,TUMFBY - TUM - Release into the Forebay within 0.5 km upstream of Dam,LADDER,Adult Passage Ladder,450,1
3DD.003E2264C3,NBD-2022-144-001.xml,CHW - Chiwaukum Creek,7/23/2022 5:51:56 AM,6/24/2025 2:17:09 AM,DOWNSTREAM ARRAY,UPSTREAM ARRAY,7/12/2022,7,Bull Trout,R,Resident,W,Wild Fish or Natural Production,TUMFBY - TUM - Release into the Forebay within 0.5 km upstream of Dam,LADDER,Adult Passage Ladder,450,1
3DD.003E22675C,NBD-2024-145-002.xml,CHW - Chiwaukum Creek,7/4/2024 7:38:40 AM,10/17/2024 6:10:35 AM,DOWNSTREAM ARRAY,DOWNSTREAM ARRAY,5/24/2024,7,Bull Trout,R,Resident,W,Wild Fish or Natural Production,TUMFBY - TUM - Release into the Forebay within 0.5 km upstream of Dam,LADDER,Adult Passage Ladder,440,1
3DD.003E22F2AD,NBD-2025-143-002.json,CHW - Chiwaukum Creek,10/16/2025 2:45:19 AM,10/16/2025 2:45:27 AM,UPSTREAM ARRAY,DOWNSTREAM ARRAY,6/11/2025,7,Bull Trout,R,Resident,W,Wild Fish or Natural Production,TUMFBY - TUM - Release into the Forebay within 0.5 km upstream of Dam,LADDER,Adult Passage Ladder,290,1
3DD.003E22F89A,NBD-2025-143-002.json,CHW - Chiwaukum Creek,7/12/2025 11:04:38 PM,7/12/2025 11:04:53 PM,DOWNSTREAM ARRAY,UPSTREAM ARRAY,6/17/2025,7,Bull Trout,R,Resident,W,Wild Fish or Natural Production,TUMFBY - TUM - Release into the Forebay within 0.5 km upstream of Dam,LADDER,Adult Passage Ladder,620,1
3DD.003E22FB22,NBD-2025-143-002.json,CHW - Chiwaukum Creek,7/14/2025 4:11:05 AM,7/14/2025 4:13:25 AM,DOWNSTREAM ARRAY,UPSTREAM ARRAY,6/14/2025,7,Bull Trout,R,Resident,W,Wild Fish or Natural Production,TUMFBY - TUM - Release into the Forebay within 0.5 km upstream of Dam,LADDER,Adult Passage Ladder,400,1
3DD.003E2304F3,CGS-2023-128-WDT.xml,MRC - Methow River at Carlton,6/21/2023 11:21:03 PM,6/21/2023 11:21:03 PM,Single Array,Single Array,5/25/2023,7,Bull Trout,R,Resident,W,Wild Fish or Natural Production,WELLD2 - WEL - Release into the West Adult Fish Ladder,LADDER,Adult Passage Ladder,450,1
3DD.003E2304F3,CGS-2023-128-WDT.xml,"WEA - Wells Dam, DCPUD Adult Ladders",6/3/2023 9:22:43 AM,6/11/2023 9:46:31 AM,East Trap,Left Ladder Pool 68,5/25/2023,7,Bull Trout,R,Resident,W,Wild Fish or Natural Production,WELLD2 - WEL - Release into the West Adult Fish Ladder,LADDER,Adult Passage Ladder,450,1
3DD.003E2304F3,CGS-2023-128-WDT.xml,WEH - Wells Dam Hatchery,5/25/2023 8:46:14 AM,6/9/2023 8:29:16 AM,Adult Fish Handling Facility Exit to Truck,Adult Fish Handling Facility Exit to Truck,5/25/2023,7,Bull Trout,R,Resident,W,Wild Fish or Natural Production,WELLD2 - WEL - Release into the West Adult Fish Ladder,LADDER,Adult Passage Ladder,450,1
3DD.003E24517B,NBD-2024-275-001.xml,CHL - Lower Chiwawa River,8/21/2025 1:27:52 AM,8/21/2025 1:27:58 AM,UPPER IN-STREAM ARRAY,LOWER IN-STREAM ARRAY,11/5/2024,7,Bull Trout,R,Resident,W,Wild Fish or Natural Production,CHIWAR - Chiwawa River,SHOCK,Electro-Shock,154,1
3DD.003E24517B,NBD-2024-275-001.xml,CHU - Upper Chiwawa River,8/20/2025 8:27:12 PM,8/20/2025 8:27:12 PM,LOWER IN-STREAM ARRAY,LOWER IN-STREAM ARRAY,11/5/2024,7,Bull Trout,R,Resident,W,Wild Fish or Natural Production,CHIWAR - Chiwawa River,SHOCK,Electro-Shock,154,1
3DD.003E245195,NBD-2022-144-001.xml,CHL - Lower Chiwawa River,7/27/2022 12:41:19 AM,7/27/2022 12:41:19 AM,LOWER IN-STREAM ARRAY,LOWER IN-STREAM ARRAY,7/19/2022,7,Bull Trout,R,Resident,W,Wild Fish or Natural Production,TUMFBY - TUM - Release into the Forebay within 0.5 km upstream of Dam,LADDER,Adult Passage Ladder,450,1
3DD.003E24519C,CSS-2022-243-112.xml,NAL - Lower Nason Creek,9/3/2022 8:02:32 PM,11/6/2022 6:53:34 PM,LOWER IN-STREAM ARRAY,UPPER IN-STREAM ARRAY,8/31/2022,7,Bull Trout,R,Resident,W,Wild Fish or Natural Production,"CHIWAT - Chiwawa River Trap, 0.5 km below CHIP acclimation pond",SCREWT,Screw Trap,215,1
3DD.003E24519C,CSS-2022-243-112.xml,UWE - Upper Wenatchee River,9/1/2022 7:54:06 PM,9/1/2022 7:54:06 PM,IN-STREAM ARRAY,IN-STREAM ARRAY,8/31/2022,7,Bull Trout,R,Resident,W,Wild Fish or Natural Production,"CHIWAT - Chiwawa River Trap, 0.5 km below CHIP acclimation pond",SCREWT,Screw Trap,215,1
3DD.003E2453A1,CSS-2024-225-112.xml,CHL - Lower Chiwawa River,8/12/2024 12:25:34 PM,8/12/2024 12:27:07 PM,LOWER IN-STREAM ARRAY,UPPER IN-STREAM ARRAY,8/12/2024,7,Bull Trout,R,Resident,W,Wild Fish or Natural Production,"CHIWAT - Chiwawa River Trap, 0.5 km below CHIP acclimation pond",SCREWT,Screw Trap,186,1
3DD.003E2453CF,NBD-2024-182-001.xml,CHL - Lower Chiwawa River,10/11/2024 6:35:52 PM,9/24/2025 12:46:03 AM,UPPER IN-STREAM ARRAY,LOWER IN-STREAM ARRAY,7/1/2024,7,Bull Trout,R,Resident,W,Wild Fish or Natural Production,CHIWAR - Chiwawa River,WTRAP,Weir Trap,480,1
3DD.003E2453CF,NBD-2024-182-001.xml,CHU - Upper Chiwawa River,7/1/2024 2:41:02 PM,9/23/2025 4:40:19 AM,LOWER IN-STREAM ARRAY,LOWER IN-STREAM ARRAY,7/1/2024,7,Bull Trout,R,Resident,W,Wild Fish or Natural Production,CHIWAR - Chiwawa River,WTRAP,Weir Trap,480,1
3DD.003E2453CF,NBD-2024-182-001.xml,CWT - Chiwawa River Weir Trap Array,10/11/2024 6:16:18 PM,10/12/2024 6:57:05 PM,Single Pass,Single Pass,7/1/2024,7,Bull Trout,R,Resident,W,Wild Fish or Natural Production,CHIWAR - Chiwawa River,WTRAP,Weir Trap,480,1
3DD.003E2453CF,NBD-2024-182-001.xml,UWE - Upper Wenatchee River,10/14/2024 6:10:47 AM,10/14/2024 6:10:47 AM,IN-STREAM ARRAY,IN-STREAM ARRAY,7/1/2024,7,Bull Trout,R,Resident,W,Wild Fish or Natural Production,CHIWAR - Chiwawa River,WTRAP,Weir Trap,480,1
3DD.003E245459,NBD-2024-182-001.xml,CHL - Lower Chiwawa River,9/23/2024 8:07:37 PM,9/23/2024 8:07:51 PM,UPPER IN-STREAM ARRAY,LOWER IN-STREAM ARRAY,7/10/2024,7,Bull Trout,R,Resident,W,Wild Fish or Natural Production,CHIWAR - Chiwawa River,WTRAP,Weir Trap,520,1
3DD.003E245459,NBD-2024-182-001.xml,CHU - Upper Chiwawa River,7/18/2024 2:56:43 AM,7/3/2025 12:24:51 AM,LOWER IN-STREAM ARRAY,UPPER IN-STREAM ARRAY,7/10/2024,7,Bull Trout,R,Resident,W,Wild Fish or Natural Production,CHIWAR - Chiwawa River,WTRAP,Weir Trap,520,1
3DD.003E245459,NBD-2024-182-001.xml,CWT - Chiwawa River Weir Trap Array,6/23/2025 10:55:24 PM,6/23/2025 10:55:24 PM,Single Pass,Single Pass,7/10/2024,7,Bull Trout,R,Resident,W,Wild Fish or Natural Production,CHIWAR - Chiwawa River,WTRAP,Weir Trap,520,1
3DD.003E245459,NBD-2024-182-001.xml,UWE - Upper Wenatchee River,9/23/2024 11:33:37 PM,9/23/2024 11:33:37 PM,IN-STREAM ARRAY,IN-STREAM ARRAY,7/10/2024,7,Bull Trout,R,Resident,W,Wild Fish or Natural Production,CHIWAR - Chiwawa River,WTRAP,Weir Trap,520,1
3DD.003E245586,CSS-2022-254-112.xml,CHL - Lower Chiwawa River,5/22/2026 8:32:31 PM,5/22/2026 8:32:31 PM,LOWER IN-STREAM ARRAY,LOWER IN-STREAM ARRAY,9/11/2022,7,Bull Trout,R,Resident,W,Wild Fish or Natural Production,"CHIWAT - Chiwawa River Trap, 0.5 km below CHIP acclimation pond",SCREWT,Screw Trap,191,1
3DD.003E245586,CSS-2022-254-112.xml,CHU - Upper Chiwawa River,5/26/2026 11:45:17 PM,5/26/2026 11:45:17 PM,UPPER IN-STREAM ARRAY,UPPER IN-STREAM ARRAY,9/11/2022,7,Bull Trout,R,Resident,W,Wild Fish or Natural Production,"CHIWAT - Chiwawa River Trap, 0.5 km below CHIP acclimation pond",SCREWT,Screw Trap,191,1
3DD.003E245586,CSS-2022-254-112.xml,UWE - Upper Wenatchee River,9/11/2022 10:09:47 PM,9/11/2022 10:09:47 PM,IN-STREAM ARRAY,IN-STREAM ARRAY,9/11/2022,7,Bull Trout,R,Resident,W,Wild Fish or Natural Production,"CHIWAT - Chiwawa River Trap, 0.5 km below CHIP acclimation pond",SCREWT,Screw Trap,191,1
3DD.003E245946,CSS-2022-257-112.xml,CHL - Lower Chiwawa River,9/14/2022 8:31:03 AM,1/19/2023 1:48:44 AM,UPPER IN-STREAM ARRAY,LOWER IN-STREAM ARRAY,9/14/2022,7,Bull Trout,R,Resident,W,Wild Fish or Natural Production,"CHIWAT - Chiwawa River Trap, 0.5 km below CHIP acclimation pond",SCREWT,Screw Trap,241,1
3DD.003E245950,CSS-2024-271-112.xml,CHU - Upper Chiwawa River,6/27/2025 10:50:12 PM,6/27/2025 10:50:12 PM,UPPER IN-STREAM ARRAY,UPPER IN-STREAM ARRAY,9/27/2024,7,Bull Trout,R,Resident,W,Wild Fish or Natural Production,"CHIWAT - Chiwawa River Trap, 0.5 km below CHIP acclimation pond",SCREWT,Screw Trap,554,1
3DD.003E245950,CSS-2024-271-112.xml,CWT - Chiwawa River Weir Trap Array,6/24/2025 12:28:20 AM,6/24/2025 12:28:20 AM,Single Pass,Single Pass,9/27/2024,7,Bull Trout,R,Resident,W,Wild Fish or Natural Production,"CHIWAT - Chiwawa River Trap, 0.5 km below CHIP acclimation pond",SCREWT,Screw Trap,554,1
3DD.003E245950,CSS-2024-271-112.xml,UWE - Upper Wenatchee River,9/27/2024 9:02:48 PM,9/27/2024 9:02:48 PM,IN-STREAM ARRAY,IN-STREAM ARRAY,9/27/2024,7,Bull Trout,R,Resident,W,Wild Fish or Natural Production,"CHIWAT - Chiwawa River Trap, 0.5 km below CHIP acclimation pond",SCREWT,Screw Trap,554,1
3DD.003E245956,NBD-2024-182-001.xml,CHL - Lower Chiwawa River,9/17/2024 4:29:59 AM,9/17/2024 4:29:59 AM,LOWER IN-STREAM ARRAY,LOWER IN-STREAM ARRAY,7/1/2024,7,Bull Trout,R,Resident,W,Wild Fish or Natural Production,CHIWAR - Chiwawa River,WTRAP,Weir Trap,570,1
3DD.003E245956,NBD-2024-182-001.xml,CHU - Upper Chiwawa River,7/1/2024 8:45:49 PM,9/16/2024 7:58:57 PM,LOWER IN-STREAM ARRAY,LOWER IN-STREAM ARRAY,7/1/2024,7,Bull Trout,R,Resident,W,Wild Fish or Natural Production,CHIWAR - Chiwawa River,WTRAP,Weir Trap,570,1
3DD.003E245BEC,CSS-2024-254-112.xml,CHL - Lower Chiwawa River,9/10/2024 6:55:23 PM,8/16/2025 9:35:24 PM,LOWER IN-STREAM ARRAY,LOWER IN-STREAM ARRAY,9/10/2024,7,Bull Trout,R,Resident,W,Wild Fish or Natural Production,"CHIWAT - Chiwawa River Trap, 0.5 km below CHIP acclimation pond",SCREWT,Screw Trap,399,1
3DD.003E245BEC,CSS-2024-254-112.xml,CHU - Upper Chiwawa River,8/16/2025 12:16:45 AM,8/16/2025 12:16:53 AM,UPPER IN-STREAM ARRAY,LOWER IN-STREAM ARRAY,9/10/2024,7,Bull Trout,R,Resident,W,Wild Fish or Natural Production,"CHIWAT - Chiwawa River Trap, 0.5 km below CHIP acclimation pond",SCREWT,Screw Trap,399,1
3DD.003E245BEC,CSS-2024-254-112.xml,CWT - Chiwawa River Weir Trap Array,7/13/2025 2:46:49 AM,8/16/2025 9:31:11 PM,Single Pass,Single Pass,9/10/2024,7,Bull Trout,R,Resident,W,Wild Fish or Natural Production,"CHIWAT - Chiwawa River Trap, 0.5 km below CHIP acclimation pond",SCREWT,Screw Trap,399,1
3DD.003E245BEC,CSS-2024-254-112.xml,NAL - Lower Nason Creek,3/23/2026 8:01:22 AM,3/23/2026 7:14:45 PM,LOWER IN-STREAM ARRAY,LOWER IN-STREAM ARRAY,9/10/2024,7,Bull Trout,R,Resident,W,Wild Fish or Natural Production,"CHIWAT - Chiwawa River Trap, 0.5 km below CHIP acclimation pond",SCREWT,Screw Trap,399,1
3DD.003E245BEC,CSS-2024-254-112.xml,UWE - Upper Wenatchee River,9/14/2024 9:08:17 PM,9/14/2024 9:08:17 PM,IN-STREAM ARRAY,IN-STREAM ARRAY,9/10/2024,7,Bull Trout,R,Resident,W,Wild Fish or Natural Production,"CHIWAT - Chiwawa River Trap, 0.5 km below CHIP acclimation pond",SCREWT,Screw Trap,399,1
3DD.003E245CD7,NBD-2024-182-001.xml,CHL - Lower Chiwawa River,9/20/2024 11:20:15 PM,6/4/2025 4:22:54 AM,UPPER IN-STREAM ARRAY,LOWER IN-STREAM ARRAY,7/9/2024,7,Bull Trout,R,Resident,W,Wild Fish or Natural Production,CHIWAR - Chiwawa River,WTRAP,Weir Trap,540,1
3DD.003E245CD7,NBD-2024-182-001.xml,CHU - Upper Chiwawa River,7/9/2024 12:41:03 PM,9/20/2024 1:20:51 AM,LOWER IN-STREAM ARRAY,LOWER IN-STREAM ARRAY,7/9/2024,7,Bull Trout,R,Resident,W,Wild Fish or Natural Production,CHIWAR - Chiwawa River,WTRAP,Weir Trap,540,1
3DD.003E245CD7,NBD-2024-182-001.xml,UWE - Upper Wenatchee River,9/21/2024 9:45:28 PM,9/21/2024 9:45:28 PM,IN-STREAM ARRAY,IN-STREAM ARRAY,7/9/2024,7,Bull Trout,R,Resident,W,Wild Fish or Natural Production,CHIWAR - Chiwawa River,WTRAP,Weir Trap,540,1
3DD.003E245E05,NBD-2024-182-001.xml,CHL - Lower Chiwawa River,9/28/2024 5:20:35 AM,6/23/2025 10:19:13 PM,UPPER IN-STREAM ARRAY,LOWER IN-STREAM ARRAY,7/12/2024,7,Bull Trout,R,Resident,W,Wild Fish or Natural Production,CHIWAR - Chiwawa River,WTRAP,Weir Trap,650,1
3DD.003E245E05,NBD-2024-182-001.xml,CHU - Upper Chiwawa River,7/13/2024 3:40:15 AM,9/28/2024 1:16:05 AM,LOWER IN-STREAM ARRAY,LOWER IN-STREAM ARRAY,7/12/2024,7,Bull Trout,R,Resident,W,Wild Fish or Natural Production,CHIWAR - Chiwawa River,WTRAP,Weir Trap,650,1
3DD.003E245E05,NBD-2024-182-001.xml,CWT - Chiwawa River Weir Trap Array,6/23/2025 11:11:16 PM,6/23/2025 11:11:19 PM,Single Pass,Single Pass,7/12/2024,7,Bull Trout,R,Resident,W,Wild Fish or Natural Production,CHIWAR - Chiwawa River,WTRAP,Weir Trap,650,1
3DD.003E245E05,NBD-2024-182-001.xml,UWE - Upper Wenatchee River,9/28/2024 8:39:15 PM,9/28/2024 8:39:15 PM,IN-STREAM ARRAY,IN-STREAM ARRAY,7/12/2024,7,Bull Trout,R,Resident,W,Wild Fish or Natural Production,CHIWAR - Chiwawa River,WTRAP,Weir Trap,650,1
3DD.003E2460A7,CSS-2025-248-112.xml,NAL - Lower Nason Creek,9/18/2025 11:58:04 PM,5/13/2026 10:15:52 PM,LOWER IN-STREAM ARRAY,UPPER IN-STREAM ARRAY,9/6/2025,7,Bull Trout,R,Resident,W,Wild Fish or Natural Production,"CHIWAT - Chiwawa River Trap, 0.5 km below CHIP acclimation pond",SCREWT,Screw Trap,208,1
3DD.003E2460DF,CSS-2025-294-112.xml,CHL - Lower Chiwawa River,10/21/2025 6:09:54 PM,10/24/2025 1:53:25 AM,LOWER IN-STREAM ARRAY,LOWER IN-STREAM ARRAY,10/21/2025,7,Bull Trout,R,Resident,W,Wild Fish or Natural Production,"CHIWAT - Chiwawa River Trap, 0.5 km below CHIP acclimation pond",SCREWT,Screw Trap,267,1
3DD.003E2460DF,CSS-2025-294-112.xml,CWT - Chiwawa River Weir Trap Array,10/21/2025 10:01:26 PM,10/21/2025 11:10:03 PM,Single Pass,Single Pass,10/21/2025,7,Bull Trout,R,Resident,W,Wild Fish or Natural Production,"CHIWAT - Chiwawa River Trap, 0.5 km below CHIP acclimation pond",SCREWT,Screw Trap,267,1
3DD.003E246240,NBD-2022-144-001.xml,CHW - Chiwaukum Creek,7/26/2022 10:29:19 PM,10/16/2022 1:16:58 AM,DOWNSTREAM ARRAY,DOWNSTREAM ARRAY,7/13/2022,7,Bull Trout,R,Resident,W,Wild Fish or Natural Production,TUMFBY - TUM - Release into the Forebay within 0.5 km upstream of Dam,LADDER,Adult Passage Ladder,NA,1
3DD.003E246587,CSS-2022-238-112.xml,NAL - Lower Nason Creek,8/31/2022 8:22:11 PM,8/31/2022 8:22:27 PM,LOWER IN-STREAM ARRAY,UPPER IN-STREAM ARRAY,8/26/2022,7,Bull Trout,R,Resident,W,Wild Fish or Natural Production,"CHIWAT - Chiwawa River Trap, 0.5 km below CHIP acclimation pond",SCREWT,Screw Trap,231,1
3DD.003E246587,CSS-2022-238-112.xml,UWE - Upper Wenatchee River,8/31/2022 12:16:10 AM,8/31/2022 12:16:11 AM,IN-STREAM ARRAY,IN-STREAM ARRAY,8/26/2022,7,Bull Trout,R,Resident,W,Wild Fish or Natural Production,"CHIWAT - Chiwawa River Trap, 0.5 km below CHIP acclimation pond",SCREWT,Screw Trap,231,1
3DD.003E2466F5,CSS-2024-317-112.xml,CWT - Chiwawa River Weir Trap Array,5/3/2025 8:44:08 PM,5/30/2025 8:33:07 PM,Single Pass,Single Pass,11/12/2024,7,Bull Trout,R,Resident,W,Wild Fish or Natural Production,"CHIWAT - Chiwawa River Trap, 0.5 km below CHIP acclimation pond",SCREWT,Screw Trap,181,1
3DD.003E246781,CSS-2024-254-112.xml,CHL - Lower Chiwawa River,9/10/2024 5:11:16 PM,10/28/2024 8:20:55 PM,UPPER IN-STREAM ARRAY,LOWER IN-STREAM ARRAY,9/10/2024,7,Bull Trout,R,Resident,W,Wild Fish or Natural Production,"CHIWAT - Chiwawa River Trap, 0.5 km below CHIP acclimation pond",SCREWT,Screw Trap,208,1
3DD.003E246B29,CSS-2024-248-112.xml,CHL - Lower Chiwawa River,6/26/2025 11:35:35 PM,9/30/2025 8:37:06 PM,LOWER IN-STREAM ARRAY,LOWER IN-STREAM ARRAY,9/4/2024,7,Bull Trout,R,Resident,W,Wild Fish or Natural Production,"CHIWAT - Chiwawa River Trap, 0.5 km below CHIP acclimation pond",SCREWT,Screw Trap,399,1
3DD.003E246B29,CSS-2024-248-112.xml,CHU - Upper Chiwawa River,9/30/2025 12:11:37 AM,9/30/2025 12:11:46 AM,UPPER IN-STREAM ARRAY,LOWER IN-STREAM ARRAY,9/4/2024,7,Bull Trout,R,Resident,W,Wild Fish or Natural Production,"CHIWAT - Chiwawa River Trap, 0.5 km below CHIP acclimation pond",SCREWT,Screw Trap,399,1
3DD.003E246B29,CSS-2024-248-112.xml,CWT - Chiwawa River Weir Trap Array,6/27/2025 10:19:48 PM,9/30/2025 8:25:17 PM,Single Pass,Single Pass,9/4/2024,7,Bull Trout,R,Resident,W,Wild Fish or Natural Production,"CHIWAT - Chiwawa River Trap, 0.5 km below CHIP acclimation pond",SCREWT,Screw Trap,399,1
3DD.003E246BF8,CSS-2024-237-112.xml,CHL - Lower Chiwawa River,8/24/2024 2:58:44 PM,8/24/2024 3:02:47 PM,LOWER IN-STREAM ARRAY,UPPER IN-STREAM ARRAY,8/24/2024,7,Bull Trout,R,Resident,W,Wild Fish or Natural Production,"CHIWAT - Chiwawa River Trap, 0.5 km below CHIP acclimation pond",SCREWT,Screw Trap,245,1
3DD.003E246BF8,CSS-2024-237-112.xml,UWE - Upper Wenatchee River,9/9/2024 7:31:15 PM,9/9/2024 7:31:15 PM,IN-STREAM ARRAY,IN-STREAM ARRAY,8/24/2024,7,Bull Trout,R,Resident,W,Wild Fish or Natural Production,"CHIWAT - Chiwawa River Trap, 0.5 km below CHIP acclimation pond",SCREWT,Screw Trap,245,1
3DD.003E246D7C,CSS-2024-223-112.xml,CHL - Lower Chiwawa River,8/10/2024 7:56:22 PM,8/25/2025 1:27:17 AM,LOWER IN-STREAM ARRAY,LOWER IN-STREAM ARRAY,8/10/2024,7,Bull Trout,R,Resident,W,Wild Fish or Natural Production,"CHIWAT - Chiwawa River Trap, 0.5 km below CHIP acclimation pond",SCREWT,Screw Trap,312,1
3DD.003E246D7C,CSS-2024-223-112.xml,CHU - Upper Chiwawa River,8/16/2024 10:00:55 PM,8/24/2025 12:04:25 AM,LOWER IN-STREAM ARRAY,LOWER IN-STREAM ARRAY,8/10/2024,7,Bull Trout,R,Resident,W,Wild Fish or Natural Production,"CHIWAT - Chiwawa River Trap, 0.5 km below CHIP acclimation pond",SCREWT,Screw Trap,312,1
3DD.003E246D7C,CSS-2024-223-112.xml,CWT - Chiwawa River Weir Trap Array,7/13/2025 9:10:06 PM,8/25/2025 1:23:51 AM,Single Pass,Single Pass,8/10/2024,7,Bull Trout,R,Resident,W,Wild Fish or Natural Production,"CHIWAT - Chiwawa River Trap, 0.5 km below CHIP acclimation pond",SCREWT,Screw Trap,312,1
3DD.003E246DCB,CSS-2025-294-112.xml,CHL - Lower Chiwawa River,10/21/2025 5:48:54 PM,10/23/2025 7:27:21 PM,LOWER IN-STREAM ARRAY,LOWER IN-STREAM ARRAY,10/21/2025,7,Bull Trout,R,Resident,W,Wild Fish or Natural Production,"CHIWAT - Chiwawa River Trap, 0.5 km below CHIP acclimation pond",SCREWT,Screw Trap,223,1
3DD.003E246DCB,CSS-2025-294-112.xml,CWT - Chiwawa River Weir Trap Array,10/21/2025 7:48:19 PM,10/23/2025 7:15:24 PM,Single Pass,Single Pass,10/21/2025,7,Bull Trout,R,Resident,W,Wild Fish or Natural Production,"CHIWAT - Chiwawa River Trap, 0.5 km below CHIP acclimation pond",SCREWT,Screw Trap,223,1
3DD.003E246F61,CSS-2025-270-112.xml,CHL - Lower Chiwawa River,9/27/2025 6:26:15 PM,9/27/2025 6:26:15 PM,LOWER IN-STREAM ARRAY,LOWER IN-STREAM ARRAY,9/27/2025,7,Bull Trout,R,Resident,W,Wild Fish or Natural Production,"CHIWAT - Chiwawa River Trap, 0.5 km below CHIP acclimation pond",SCREWT,Screw Trap,252,1
3DD.003E246F65,CSS-2024-303-112.xml,CHL - Lower Chiwawa River,10/29/2024 5:18:37 PM,10/29/2024 7:23:21 PM,LOWER IN-STREAM ARRAY,LOWER IN-STREAM ARRAY,10/29/2024,7,Bull Trout,R,Resident,W,Wild Fish or Natural Production,"CHIWAT - Chiwawa River Trap, 0.5 km below CHIP acclimation pond",SCREWT,Screw Trap,184,1
3DD.003E247116,CSS-2024-216-112.xml,UWE - Upper Wenatchee River,8/5/2024 2:34:15 AM,8/5/2024 2:34:15 AM,IN-STREAM ARRAY,IN-STREAM ARRAY,8/3/2024,7,Bull Trout,R,Resident,W,Wild Fish or Natural Production,"CHIWAT - Chiwawa River Trap, 0.5 km below CHIP acclimation pond",SCREWT,Screw Trap,383,1
3DD.003E247285,CSS-2024-302-112.xml,CHL - Lower Chiwawa River,10/28/2024 6:13:39 PM,10/28/2024 8:47:31 PM,LOWER IN-STREAM ARRAY,LOWER IN-STREAM ARRAY,10/28/2024,7,Bull Trout,R,Resident,W,Wild Fish or Natural Production,"CHIWAT - Chiwawa River Trap, 0.5 km below CHIP acclimation pond",SCREWT,Screw Trap,224,1
3DD.003E24743C,CSS-2022-259-112.xml,CHL - Lower Chiwawa River,9/16/2022 10:48:33 AM,9/16/2022 10:49:17 AM,LOWER IN-STREAM ARRAY,UPPER IN-STREAM ARRAY,9/16/2022,7,Bull Trout,R,Resident,W,Wild Fish or Natural Production,"CHIWAT - Chiwawa River Trap, 0.5 km below CHIP acclimation pond",SCREWT,Screw Trap,220,1
3DD.003E247522,CSS-2025-297-112.xml,CWT - Chiwawa River Weir Trap Array,10/24/2025 8:58:26 PM,10/24/2025 8:58:26 PM,Single Pass,Single Pass,10/24/2025,7,Bull Trout,R,Resident,W,Wild Fish or Natural Production,"CHIWAT - Chiwawa River Trap, 0.5 km below CHIP acclimation pond",SCREWT,Screw Trap,119,1
3DD.003E247669,CSS-2025-269-112.xml,CHL - Lower Chiwawa River,9/26/2025 9:44:23 AM,9/27/2025 5:30:34 PM,LOWER IN-STREAM ARRAY,LOWER IN-STREAM ARRAY,9/26/2025,7,Bull Trout,R,Resident,W,Wild Fish or Natural Production,"CHIWAT - Chiwawa River Trap, 0.5 km below CHIP acclimation pond",SCREWT,Screw Trap,255,1
3DD.003E247669,CSS-2025-269-112.xml,CWT - Chiwawa River Weir Trap Array,9/26/2025 7:17:31 PM,9/27/2025 2:09:45 AM,Single Pass,Single Pass,9/26/2025,7,Bull Trout,R,Resident,W,Wild Fish or Natural Production,"CHIWAT - Chiwawa River Trap, 0.5 km below CHIP acclimation pond",SCREWT,Screw Trap,255,1
3DD.003E247683,CSS-2025-236-112.xml,CHW - Chiwaukum Creek,8/26/2025 10:38:43 PM,10/8/2025 4:04:35 AM,DOWNSTREAM ARRAY,DOWNSTREAM ARRAY,8/24/2025,7,Bull Trout,R,Resident,W,Wild Fish or Natural Production,"CHIWAT - Chiwawa River Trap, 0.5 km below CHIP acclimation pond",SCREWT,Screw Trap,260,1
3DD.003E2476F9,CSS-2024-303-112.xml,CHL - Lower Chiwawa River,7/26/2025 2:31:27 AM,7/26/2025 8:14:58 PM,LOWER IN-STREAM ARRAY,LOWER IN-STREAM ARRAY,10/29/2024,7,Bull Trout,R,Resident,W,Wild Fish or Natural Production,"CHIWAT - Chiwawa River Trap, 0.5 km below CHIP acclimation pond",SCREWT,Screw Trap,159,1
3DD.003E2476F9,CSS-2024-303-112.xml,CWT - Chiwawa River Weir Trap Array,7/26/2025 3:25:23 AM,7/26/2025 8:08:03 PM,Single Pass,Single Pass,10/29/2024,7,Bull Trout,R,Resident,W,Wild Fish or Natural Production,"CHIWAT - Chiwawa River Trap, 0.5 km below CHIP acclimation pond",SCREWT,Screw Trap,159,1
3DD.003E247789,NBD-2024-182-001.xml,CHL - Lower Chiwawa River,7/23/2024 12:42:33 PM,7/23/2024 12:42:38 PM,UPPER IN-STREAM ARRAY,LOWER IN-STREAM ARRAY,7/12/2024,7,Bull Trout,R,Resident,W,Wild Fish or Natural Production,CHIWAR - Chiwawa River,WTRAP,Weir Trap,540,1
3DD.003E24784C,CSS-2024-243-112.xml,CHL - Lower Chiwawa River,7/12/2025 11:05:42 PM,9/16/2025 2:33:53 AM,LOWER IN-STREAM ARRAY,LOWER IN-STREAM ARRAY,8/30/2024,7,Bull Trout,R,Resident,W,Wild Fish or Natural Production,"CHIWAT - Chiwawa River Trap, 0.5 km below CHIP acclimation pond",SCREWT,Screw Trap,340,1
3DD.003E24784C,CSS-2024-243-112.xml,CHU - Upper Chiwawa River,7/15/2025 2:14:12 AM,9/15/2025 2:35:46 AM,LOWER IN-STREAM ARRAY,LOWER IN-STREAM ARRAY,8/30/2024,7,Bull Trout,R,Resident,W,Wild Fish or Natural Production,"CHIWAT - Chiwawa River Trap, 0.5 km below CHIP acclimation pond",SCREWT,Screw Trap,340,1
3DD.003E24784C,CSS-2024-243-112.xml,CWT - Chiwawa River Weir Trap Array,7/12/2025 11:41:17 PM,7/12/2025 11:41:17 PM,Single Pass,Single Pass,8/30/2024,7,Bull Trout,R,Resident,W,Wild Fish or Natural Production,"CHIWAT - Chiwawa River Trap, 0.5 km below CHIP acclimation pond",SCREWT,Screw Trap,340,1
3DD.003E247897,NBD-2024-182-001.xml,CHL - Lower Chiwawa River,10/2/2024 10:32:01 PM,10/3/2025 9:33:57 PM,LOWER IN-STREAM ARRAY,LOWER IN-STREAM ARRAY,7/12/2024,7,Bull Trout,R,Resident,W,Wild Fish or Natural Production,CHIWAR - Chiwawa River,WTRAP,Weir Trap,530,1
3DD.003E247897,NBD-2024-182-001.xml,CHU - Upper Chiwawa River,7/12/2024 8:27:10 PM,10/3/2025 3:30:36 AM,LOWER IN-STREAM ARRAY,LOWER IN-STREAM ARRAY,7/12/2024,7,Bull Trout,R,Resident,W,Wild Fish or Natural Production,CHIWAR - Chiwawa River,WTRAP,Weir Trap,530,1
3DD.003E247897,NBD-2024-182-001.xml,CWT - Chiwawa River Weir Trap Array,6/22/2025 10:07:32 PM,10/3/2025 9:14:54 PM,Single Pass,Single Pass,7/12/2024,7,Bull Trout,R,Resident,W,Wild Fish or Natural Production,CHIWAR - Chiwawa River,WTRAP,Weir Trap,530,1
3DD.003E2478CC,CSS-2025-257-112.xml,CHL - Lower Chiwawa River,9/14/2025 9:27:17 AM,9/21/2025 7:37:35 PM,LOWER IN-STREAM ARRAY,LOWER IN-STREAM ARRAY,9/14/2025,7,Bull Trout,R,Resident,W,Wild Fish or Natural Production,"CHIWAT - Chiwawa River Trap, 0.5 km below CHIP acclimation pond",SCREWT,Screw Trap,224,1
3DD.003E2478CC,CSS-2025-257-112.xml,CWT - Chiwawa River Weir Trap Array,9/14/2025 6:50:47 PM,9/19/2025 3:37:10 AM,Single Pass,Single Pass,9/14/2025,7,Bull Trout,R,Resident,W,Wild Fish or Natural Production,"CHIWAT - Chiwawa River Trap, 0.5 km below CHIP acclimation pond",SCREWT,Screw Trap,224,1
3DD.003E247903,NBD-2024-182-001.xml,CHL - Lower Chiwawa River,9/26/2024 1:57:54 AM,9/25/2025 8:14:58 PM,UPPER IN-STREAM ARRAY,LOWER IN-STREAM ARRAY,7/10/2024,7,Bull Trout,R,Resident,W,Wild Fish or Natural Production,CHIWAR - Chiwawa River,WTRAP,Weir Trap,580,1
3DD.003E247903,NBD-2024-182-001.xml,CHU - Upper Chiwawa River,7/10/2024 1:58:28 PM,9/25/2025 2:55:21 AM,LOWER IN-STREAM ARRAY,LOWER IN-STREAM ARRAY,7/10/2024,7,Bull Trout,R,Resident,W,Wild Fish or Natural Production,CHIWAR - Chiwawa River,WTRAP,Weir Trap,580,1
3DD.003E247903,NBD-2024-182-001.xml,UWE - Upper Wenatchee River,10/5/2024 1:21:25 AM,10/5/2024 1:21:25 AM,IN-STREAM ARRAY,IN-STREAM ARRAY,7/10/2024,7,Bull Trout,R,Resident,W,Wild Fish or Natural Production,CHIWAR - Chiwawa River,WTRAP,Weir Trap,580,1
3DD.003E24790A,CSS-2025-279-112.xml,CHL - Lower Chiwawa River,10/6/2025 9:27:57 AM,10/6/2025 7:06:12 PM,LOWER IN-STREAM ARRAY,LOWER IN-STREAM ARRAY,10/6/2025,7,Bull Trout,R,Resident,W,Wild Fish or Natural Production,"CHIWAT - Chiwawa River Trap, 0.5 km below CHIP acclimation pond",SCREWT,Screw Trap,249,1
3DD.003E247963,CSS-2025-273-112.xml,CHL - Lower Chiwawa River,9/30/2025 2:19:57 PM,9/30/2025 2:19:57 PM,UPPER IN-STREAM ARRAY,UPPER IN-STREAM ARRAY,9/30/2025,7,Bull Trout,R,Resident,W,Wild Fish or Natural Production,"CHIWAT - Chiwawa River Trap, 0.5 km below CHIP acclimation pond",SCREWT,Screw Trap,248,1
3DD.003E247963,CSS-2025-273-112.xml,CWT - Chiwawa River Weir Trap Array,9/30/2025 2:36:29 PM,9/30/2025 2:36:34 PM,Single Pass,Single Pass,9/30/2025,7,Bull Trout,R,Resident,W,Wild Fish or Natural Production,"CHIWAT - Chiwawa River Trap, 0.5 km below CHIP acclimation pond",SCREWT,Screw Trap,248,1
3DD.003E24796D,CSS-2024-257-112.xml,CHL - Lower Chiwawa River,9/13/2024 9:47:24 AM,9/15/2024 6:53:02 PM,LOWER IN-STREAM ARRAY,LOWER IN-STREAM ARRAY,9/13/2024,7,Bull Trout,R,Resident,W,Wild Fish or Natural Production,"CHIWAT - Chiwawa River Trap, 0.5 km below CHIP acclimation pond",SCREWT,Screw Trap,232,1
3DD.003E24796D,CSS-2024-257-112.xml,UWE - Upper Wenatchee River,9/16/2024 12:10:20 AM,9/16/2024 12:10:20 AM,IN-STREAM ARRAY,IN-STREAM ARRAY,9/13/2024,7,Bull Trout,R,Resident,W,Wild Fish or Natural Production,"CHIWAT - Chiwawa River Trap, 0.5 km below CHIP acclimation pond",SCREWT,Screw Trap,232,1
3DD.003E24796D,CSS-2024-257-112.xml,"WTL - White River, Wenatchee Basin",7/5/2025 4:06:45 AM,8/22/2025 2:11:48 AM,LOWER IN-STREAM ARRAY,LOWER IN-STREAM ARRAY,9/13/2024,7,Bull Trout,R,Resident,W,Wild Fish or Natural Production,"CHIWAT - Chiwawa River Trap, 0.5 km below CHIP acclimation pond",SCREWT,Screw Trap,232,1
3DD.003E24799D,CSS-2025-224-112.xml,CHL - Lower Chiwawa River,8/12/2025 10:57:44 AM,8/12/2025 8:03:51 PM,LOWER IN-STREAM ARRAY,LOWER IN-STREAM ARRAY,8/12/2025,7,Bull Trout,R,Resident,W,Wild Fish or Natural Production,"CHIWAT - Chiwawa River Trap, 0.5 km below CHIP acclimation pond",SCREWT,Screw Trap,239,1
3DD.003E2479BB,NBD-2024-182-001.xml,CHL - Lower Chiwawa River,10/3/2024 12:38:17 AM,9/22/2025 7:35:16 PM,UPPER IN-STREAM ARRAY,LOWER IN-STREAM ARRAY,7/3/2024,7,Bull Trout,R,Resident,W,Wild Fish or Natural Production,CHIWAR - Chiwawa River,WTRAP,Weir Trap,500,1
3DD.003E2479BB,NBD-2024-182-001.xml,CHU - Upper Chiwawa River,7/4/2024 4:45:11 AM,9/21/2025 7:42:48 PM,LOWER IN-STREAM ARRAY,LOWER IN-STREAM ARRAY,7/3/2024,7,Bull Trout,R,Resident,W,Wild Fish or Natural Production,CHIWAR - Chiwawa River,WTRAP,Weir Trap,500,1
3DD.003E2479BB,NBD-2024-182-001.xml,CWT - Chiwawa River Weir Trap Array,6/23/2025 10:50:55 PM,9/22/2025 1:57:45 AM,Single Pass,Single Pass,7/3/2024,7,Bull Trout,R,Resident,W,Wild Fish or Natural Production,CHIWAR - Chiwawa River,WTRAP,Weir Trap,500,1
3DD.003E247A31,CSS-2024-266-112.xml,UWE - Upper Wenatchee River,9/23/2024 12:26:23 AM,9/23/2024 12:26:23 AM,IN-STREAM ARRAY,IN-STREAM ARRAY,9/22/2024,7,Bull Trout,R,Resident,W,Wild Fish or Natural Production,"CHIWAT - Chiwawa River Trap, 0.5 km below CHIP acclimation pond",SCREWT,Screw Trap,192,1
3DD.003E247A56,CSS-2025-264-112.xml,CHL - Lower Chiwawa River,9/21/2025 7:00:29 PM,11/2/2025 8:31:48 PM,LOWER IN-STREAM ARRAY,LOWER IN-STREAM ARRAY,9/21/2025,7,Bull Trout,R,Resident,W,Wild Fish or Natural Production,"CHIWAT - Chiwawa River Trap, 0.5 km below CHIP acclimation pond",SCREWT,Screw Trap,247,1
3DD.003E247A56,CSS-2025-264-112.xml,CWT - Chiwawa River Weir Trap Array,9/21/2025 7:33:34 PM,11/2/2025 8:27:42 PM,Single Pass,Single Pass,9/21/2025,7,Bull Trout,R,Resident,W,Wild Fish or Natural Production,"CHIWAT - Chiwawa River Trap, 0.5 km below CHIP acclimation pond",SCREWT,Screw Trap,247,1
3DD.003E247C3F,CSS-2025-288-112.xml,CHL - Lower Chiwawa River,10/15/2025 6:50:40 PM,11/1/2025 7:18:32 PM,LOWER IN-STREAM ARRAY,UPPER IN-STREAM ARRAY,10/15/2025,7,Bull Trout,R,Resident,W,Wild Fish or Natural Production,"CHIWAT - Chiwawa River Trap, 0.5 km below CHIP acclimation pond",SCREWT,Screw Trap,288,1
3DD.003E247C3F,CSS-2025-288-112.xml,CWT - Chiwawa River Weir Trap Array,10/15/2025 9:11:38 PM,10/15/2025 9:11:38 PM,Single Pass,Single Pass,10/15/2025,7,Bull Trout,R,Resident,W,Wild Fish or Natural Production,"CHIWAT - Chiwawa River Trap, 0.5 km below CHIP acclimation pond",SCREWT,Screw Trap,288,1
3DD.003E247CC9,CSS-2022-256-112.xml,CHL - Lower Chiwawa River,9/13/2022 10:29:35 AM,9/13/2022 10:30:23 AM,LOWER IN-STREAM ARRAY,UPPER IN-STREAM ARRAY,9/13/2022,7,Bull Trout,R,Resident,W,Wild Fish or Natural Production,"CHIWAT - Chiwawa River Trap, 0.5 km below CHIP acclimation pond",SCREWT,Screw Trap,210,1
3DD.003E247CC9,CSS-2022-256-112.xml,UWE - Upper Wenatchee River,10/2/2022 1:47:53 AM,10/2/2022 1:47:53 AM,IN-STREAM ARRAY,IN-STREAM ARRAY,9/13/2022,7,Bull Trout,R,Resident,W,Wild Fish or Natural Production,"CHIWAT - Chiwawa River Trap, 0.5 km below CHIP acclimation pond",SCREWT,Screw Trap,210,1
3DD.003E247D49,CSS-2024-299-112.xml,CHL - Lower Chiwawa River,10/25/2024 1:16:28 PM,10/25/2024 6:20:29 PM,LOWER IN-STREAM ARRAY,UPPER IN-STREAM ARRAY,10/25/2024,7,Bull Trout,R,Resident,W,Wild Fish or Natural Production,"CHIWAT - Chiwawa River Trap, 0.5 km below CHIP acclimation pond",SCREWT,Screw Trap,172,1
3DD.003E247D49,CSS-2024-299-112.xml,NAL - Lower Nason Creek,10/27/2024 9:40:25 PM,11/9/2024 1:18:22 AM,LOWER IN-STREAM ARRAY,LOWER IN-STREAM ARRAY,10/25/2024,7,Bull Trout,R,Resident,W,Wild Fish or Natural Production,"CHIWAT - Chiwawa River Trap, 0.5 km below CHIP acclimation pond",SCREWT,Screw Trap,172,1
3DD.003E247D6E,CSS-2024-303-112.xml,CHL - Lower Chiwawa River,10/29/2024 12:26:07 PM,10/29/2024 12:26:07 PM,UPPER IN-STREAM ARRAY,UPPER IN-STREAM ARRAY,10/29/2024,7,Bull Trout,R,Resident,W,Wild Fish or Natural Production,"CHIWAT - Chiwawa River Trap, 0.5 km below CHIP acclimation pond",SCREWT,Screw Trap,210,1
3DD.003E247D6E,CSS-2024-303-112.xml,CWT - Chiwawa River Weir Trap Array,10/29/2024 6:17:01 PM,10/29/2024 6:17:11 PM,Single Pass,Single Pass,10/29/2024,7,Bull Trout,R,Resident,W,Wild Fish or Natural Production,"CHIWAT - Chiwawa River Trap, 0.5 km below CHIP acclimation pond",SCREWT,Screw Trap,210,1
3DD.003E247D7D,NBD-2024-182-001.xml,CHU - Upper Chiwawa River,7/10/2024 5:29:39 PM,7/11/2024 3:51:54 AM,LOWER IN-STREAM ARRAY,UPPER IN-STREAM ARRAY,7/10/2024,7,Bull Trout,R,Resident,W,Wild Fish or Natural Production,CHIWAR - Chiwawa River,WTRAP,Weir Trap,420,1
3DD.003E247E15,CSS-2025-265-112.xml,CHL - Lower Chiwawa River,9/22/2025 6:33:41 PM,9/25/2025 6:57:07 PM,LOWER IN-STREAM ARRAY,LOWER IN-STREAM ARRAY,9/22/2025,7,Bull Trout,R,Resident,W,Wild Fish or Natural Production,"CHIWAT - Chiwawa River Trap, 0.5 km below CHIP acclimation pond",SCREWT,Screw Trap,270,1
3DD.003E247E15,CSS-2025-265-112.xml,CWT - Chiwawa River Weir Trap Array,9/22/2025 7:31:38 PM,9/24/2025 9:23:05 PM,Single Pass,Single Pass,9/22/2025,7,Bull Trout,R,Resident,W,Wild Fish or Natural Production,"CHIWAT - Chiwawa River Trap, 0.5 km below CHIP acclimation pond",SCREWT,Screw Trap,270,1
3DD.003E247E75,NBD-2024-275-001.xml,CWT - Chiwawa River Weir Trap Array,12/22/2024 1:56:57 AM,12/22/2024 1:56:57 AM,Single Pass,Single Pass,10/6/2024,7,Bull Trout,R,Resident,W,Wild Fish or Natural Production,CHIWAR - Chiwawa River,SHOCK,Electro-Shock,168,1
3DD.003E247ED6,NBD-2024-275-001.xml,CHL - Lower Chiwawa River,7/14/2025 1:10:45 AM,7/14/2025 1:10:45 AM,LOWER IN-STREAM ARRAY,LOWER IN-STREAM ARRAY,11/5/2024,7,Bull Trout,R,Resident,W,Wild Fish or Natural Production,CHIWAR - Chiwawa River,SHOCK,Electro-Shock,126,1
3DD.003E248001,CSS-2025-260-112.xml,CHL - Lower Chiwawa River,9/17/2025 3:08:35 PM,9/17/2025 6:34:14 PM,LOWER IN-STREAM ARRAY,LOWER IN-STREAM ARRAY,9/17/2025,7,Bull Trout,R,Resident,W,Wild Fish or Natural Production,"CHIWAT - Chiwawa River Trap, 0.5 km below CHIP acclimation pond",SCREWT,Screw Trap,259,1
3DD.003E24801C,CSS-2024-271-112.xml,UWE - Upper Wenatchee River,9/27/2024 11:16:32 PM,9/27/2024 11:16:32 PM,IN-STREAM ARRAY,IN-STREAM ARRAY,9/27/2024,7,Bull Trout,R,Resident,W,Wild Fish or Natural Production,"CHIWAT - Chiwawa River Trap, 0.5 km below CHIP acclimation pond",SCREWT,Screw Trap,248,1
3DD.003E248038,CSS-2025-272-112.xml,CHL - Lower Chiwawa River,9/29/2025 11:05:42 AM,10/1/2025 5:47:13 PM,UPPER IN-STREAM ARRAY,LOWER IN-STREAM ARRAY,9/29/2025,7,Bull Trout,R,Resident,W,Wild Fish or Natural Production,"CHIWAT - Chiwawa River Trap, 0.5 km below CHIP acclimation pond",SCREWT,Screw Trap,213,1
3DD.003E248038,CSS-2025-272-112.xml,CWT - Chiwawa River Weir Trap Array,10/1/2025 4:42:16 PM,10/1/2025 4:42:16 PM,Single Pass,Single Pass,9/29/2025,7,Bull Trout,R,Resident,W,Wild Fish or Natural Production,"CHIWAT - Chiwawa River Trap, 0.5 km below CHIP acclimation pond",SCREWT,Screw Trap,213,1
3DD.003E248042,CSS-2024-266-112.xml,CHL - Lower Chiwawa River,9/25/2024 7:01:16 AM,9/25/2024 7:02:27 AM,LOWER IN-STREAM ARRAY,UPPER IN-STREAM ARRAY,9/22/2024,7,Bull Trout,R,Resident,W,Wild Fish or Natural Production,"CHIWAT - Chiwawa River Trap, 0.5 km below CHIP acclimation pond",SCREWT,Screw Trap,227,1
3DD.003E2480A0,CSS-2022-259-112.xml,UWE - Upper Wenatchee River,9/16/2022 10:04:43 PM,9/16/2022 10:04:44 PM,IN-STREAM ARRAY,IN-STREAM ARRAY,9/16/2022,7,Bull Trout,R,Resident,W,Wild Fish or Natural Production,"CHIWAT - Chiwawa River Trap, 0.5 km below CHIP acclimation pond",SCREWT,Screw Trap,235,1
3DD.003E2480EA,CSS-2022-260-112.xml,UWE - Upper Wenatchee River,9/18/2022 7:31:54 PM,9/18/2022 7:31:54 PM,IN-STREAM ARRAY,IN-STREAM ARRAY,9/17/2022,7,Bull Trout,R,Resident,W,Wild Fish or Natural Production,"CHIWAT - Chiwawa River Trap, 0.5 km below CHIP acclimation pond",SCREWT,Screw Trap,235,1
3DD.003E248166,NBD-2024-182-001.xml,CHL - Lower Chiwawa River,9/27/2024 2:20:12 AM,9/21/2025 3:50:37 AM,UPPER IN-STREAM ARRAY,LOWER IN-STREAM ARRAY,7/10/2024,7,Bull Trout,R,Resident,W,Wild Fish or Natural Production,CHIWAR - Chiwawa River,WTRAP,Weir Trap,480,1
3DD.003E248166,NBD-2024-182-001.xml,CHU - Upper Chiwawa River,7/10/2024 8:34:42 PM,9/21/2025 12:17:54 AM,UPPER IN-STREAM ARRAY,LOWER IN-STREAM ARRAY,7/10/2024,7,Bull Trout,R,Resident,W,Wild Fish or Natural Production,CHIWAR - Chiwawa River,WTRAP,Weir Trap,480,1
3DD.003E248166,NBD-2024-182-001.xml,CWT - Chiwawa River Weir Trap Array,6/29/2025 11:22:27 PM,6/29/2025 11:22:27 PM,Single Pass,Single Pass,7/10/2024,7,Bull Trout,R,Resident,W,Wild Fish or Natural Production,CHIWAR - Chiwawa River,WTRAP,Weir Trap,480,1
3DD.003E248166,NBD-2024-182-001.xml,UWE - Upper Wenatchee River,9/27/2024 1:24:27 PM,9/27/2024 1:24:27 PM,IN-STREAM ARRAY,IN-STREAM ARRAY,7/10/2024,7,Bull Trout,R,Resident,W,Wild Fish or Natural Production,CHIWAR - Chiwawa River,WTRAP,Weir Trap,480,1
3DD.003E248239,CSS-2024-267-112.xml,CHL - Lower Chiwawa River,9/3/2025 3:34:44 AM,9/3/2025 3:34:54 AM,UPPER IN-STREAM ARRAY,LOWER IN-STREAM ARRAY,9/23/2024,7,Bull Trout,R,Resident,W,Wild Fish or Natural Production,"CHIWAT - Chiwawa River Trap, 0.5 km below CHIP acclimation pond",SCREWT,Screw Trap,225,1
3DD.003E248239,CSS-2024-267-112.xml,CWT - Chiwawa River Weir Trap Array,7/15/2025 10:45:46 PM,9/3/2025 3:31:48 AM,Single Pass,Single Pass,9/23/2024,7,Bull Trout,R,Resident,W,Wild Fish or Natural Production,"CHIWAT - Chiwawa River Trap, 0.5 km below CHIP acclimation pond",SCREWT,Screw Trap,225,1
3DD.003E248262,CSS-2024-248-112.xml,UWE - Upper Wenatchee River,9/5/2024 4:35:02 AM,9/5/2024 4:35:02 AM,IN-STREAM ARRAY,IN-STREAM ARRAY,9/4/2024,7,Bull Trout,R,Resident,W,Wild Fish or Natural Production,"CHIWAT - Chiwawa River Trap, 0.5 km below CHIP acclimation pond",SCREWT,Screw Trap,232,1
3DD.003E2482C3,NBD-2024-182-001.xml,CHU - Upper Chiwawa River,7/11/2024 3:31:53 AM,9/20/2024 4:30:04 AM,LOWER IN-STREAM ARRAY,LOWER IN-STREAM ARRAY,7/10/2024,7,Bull Trout,R,Resident,W,Wild Fish or Natural Production,CHIWAR - Chiwawa River,WTRAP,Weir Trap,550,1
3DD.003E248359,CSS-2024-217-112.xml,CHW - Chiwaukum Creek,8/7/2024 1:30:26 PM,8/7/2024 1:32:19 PM,DOWNSTREAM ARRAY,UPSTREAM ARRAY,8/4/2024,7,Bull Trout,R,Resident,W,Wild Fish or Natural Production,"CHIWAT - Chiwawa River Trap, 0.5 km below CHIP acclimation pond",SCREWT,Screw Trap,210,1
3DD.003E24839C,CSS-2025-300-112.xml,CHL - Lower Chiwawa River,10/28/2025 5:46:38 PM,11/10/2025 6:55:12 PM,UPPER IN-STREAM ARRAY,UPPER IN-STREAM ARRAY,10/28/2025,7,Bull Trout,R,Resident,W,Wild Fish or Natural Production,"CHIWAT - Chiwawa River Trap, 0.5 km below CHIP acclimation pond",SCREWT,Screw Trap,212,1
3DD.003E24839C,CSS-2025-300-112.xml,CWT - Chiwawa River Weir Trap Array,10/28/2025 9:52:35 PM,10/28/2025 9:52:35 PM,Single Pass,Single Pass,10/28/2025,7,Bull Trout,R,Resident,W,Wild Fish or Natural Production,"CHIWAT - Chiwawa River Trap, 0.5 km below CHIP acclimation pond",SCREWT,Screw Trap,212,1
3DD.003E24839D,NBD-2024-182-001.xml,CHU - Upper Chiwawa River,7/9/2024 1:00:23 PM,7/9/2024 2:57:45 PM,LOWER IN-STREAM ARRAY,UPPER IN-STREAM ARRAY,7/9/2024,7,Bull Trout,R,Resident,W,Wild Fish or Natural Production,CHIWAR - Chiwawa River,WTRAP,Weir Trap,690,1
3DD.003E24839F,NBD-2024-182-001.xml,CHL - Lower Chiwawa River,9/26/2024 2:58:02 AM,9/24/2025 11:30:41 PM,UPPER IN-STREAM ARRAY,LOWER IN-STREAM ARRAY,7/12/2024,7,Bull Trout,R,Resident,W,Wild Fish or Natural Production,CHIWAR - Chiwawa River,WTRAP,Weir Trap,460,1
3DD.003E24839F,NBD-2024-182-001.xml,CHU - Upper Chiwawa River,7/12/2024 12:18:17 PM,9/24/2025 7:03:47 PM,LOWER IN-STREAM ARRAY,LOWER IN-STREAM ARRAY,7/12/2024,7,Bull Trout,R,Resident,W,Wild Fish or Natural Production,CHIWAR - Chiwawa River,WTRAP,Weir Trap,460,1
3DD.003E24839F,NBD-2024-182-001.xml,UWE - Upper Wenatchee River,9/26/2024 6:45:29 PM,9/26/2024 6:45:29 PM,IN-STREAM ARRAY,IN-STREAM ARRAY,7/12/2024,7,Bull Trout,R,Resident,W,Wild Fish or Natural Production,CHIWAR - Chiwawa River,WTRAP,Weir Trap,460,1
3DD.003E24839F,NBD-2024-182-001.xml,"WTL - White River, Wenatchee Basin",9/28/2024 1:04:07 AM,9/27/2025 3:42:59 AM,LOWER IN-STREAM ARRAY,UPPER IN-STREAM ARRAY,7/12/2024,7,Bull Trout,R,Resident,W,Wild Fish or Natural Production,CHIWAR - Chiwawa River,WTRAP,Weir Trap,460,1
3DD.003E2483B4,CSS-2025-259-112.xml,CHL - Lower Chiwawa River,9/16/2025 7:26:31 PM,9/16/2025 7:27:30 PM,LOWER IN-STREAM ARRAY,UPPER IN-STREAM ARRAY,9/16/2025,7,Bull Trout,R,Resident,W,Wild Fish or Natural Production,"CHIWAT - Chiwawa River Trap, 0.5 km below CHIP acclimation pond",SCREWT,Screw Trap,251,1
3DD.003E2483B4,CSS-2025-259-112.xml,CWT - Chiwawa River Weir Trap Array,9/16/2025 7:57:51 PM,9/16/2025 7:57:51 PM,Single Pass,Single Pass,9/16/2025,7,Bull Trout,R,Resident,W,Wild Fish or Natural Production,"CHIWAT - Chiwawa River Trap, 0.5 km below CHIP acclimation pond",SCREWT,Screw Trap,251,1
3DD.003E2484D0,CSS-2024-272-112.xml,UWE - Upper Wenatchee River,9/28/2024 11:30:31 PM,9/28/2024 11:30:31 PM,IN-STREAM ARRAY,IN-STREAM ARRAY,9/28/2024,7,Bull Trout,R,Resident,W,Wild Fish or Natural Production,"CHIWAT - Chiwawa River Trap, 0.5 km below CHIP acclimation pond",SCREWT,Screw Trap,218,1
3DD.003E248562,NBD-2022-144-001.xml,CHW - Chiwaukum Creek,7/25/2022 3:42:59 AM,7/25/2022 3:50:39 AM,DOWNSTREAM ARRAY,UPSTREAM ARRAY,7/15/2022,7,Bull Trout,R,Resident,W,Wild Fish or Natural Production,TUMFBY - TUM - Release into the Forebay within 0.5 km upstream of Dam,LADDER,Adult Passage Ladder,510,1
3DD.003E2485BF,NBD-2022-144-001.xml,CHW - Chiwaukum Creek,7/23/2022 11:01:28 PM,6/22/2024 5:06:56 AM,UPSTREAM ARRAY,UPSTREAM ARRAY,7/15/2022,7,Bull Trout,R,Resident,W,Wild Fish or Natural Production,TUMFBY - TUM - Release into the Forebay within 0.5 km upstream of Dam,LADDER,Adult Passage Ladder,460,1
3DD.003E2485BF,NBD-2022-144-001.xml,TUF - Tumwater Dam Adult Fishway,11/17/2022 11:54:22 PM,6/12/2023 9:47:57 PM,WEIR 3,WEIR 17,7/15/2022,7,Bull Trout,R,Resident,W,Wild Fish or Natural Production,TUMFBY - TUM - Release into the Forebay within 0.5 km upstream of Dam,LADDER,Adult Passage Ladder,460,1
3DD.003E248697,CSS-2024-272-112.xml,UWE - Upper Wenatchee River,9/29/2024 1:40:37 AM,9/29/2024 1:40:37 AM,IN-STREAM ARRAY,IN-STREAM ARRAY,9/28/2024,7,Bull Trout,R,Resident,W,Wild Fish or Natural Production,"CHIWAT - Chiwawa River Trap, 0.5 km below CHIP acclimation pond",SCREWT,Screw Trap,302,1
3DD.003E2486B2,NBD-2022-144-001.xml,CHW - Chiwaukum Creek,8/17/2022 10:19:24 PM,7/11/2024 5:46:57 AM,DOWNSTREAM ARRAY,UPSTREAM ARRAY,7/27/2022,7,Bull Trout,R,Resident,W,Wild Fish or Natural Production,TUMFBY - TUM - Release into the Forebay within 0.5 km upstream of Dam,LADDER,Adult Passage Ladder,470,1
3DD.003E2486B2,NBD-2022-144-001.xml,TUF - Tumwater Dam Adult Fishway,6/10/2023 3:12:26 PM,7/7/2024 2:02:06 PM,WEIR 3,WEIR 17,7/27/2022,7,Bull Trout,R,Resident,W,Wild Fish or Natural Production,TUMFBY - TUM - Release into the Forebay within 0.5 km upstream of Dam,LADDER,Adult Passage Ladder,470,1
3DD.003E2486FE,CSS-2025-233-112.xml,CHL - Lower Chiwawa River,8/21/2025 1:02:47 PM,8/21/2025 1:03:57 PM,LOWER IN-STREAM ARRAY,UPPER IN-STREAM ARRAY,8/21/2025,7,Bull Trout,R,Resident,W,Wild Fish or Natural Production,"CHIWAT - Chiwawa River Trap, 0.5 km below CHIP acclimation pond",SCREWT,Screw Trap,259,1
3DD.003E24874C,NBD-2024-275-001.xml,CHL - Lower Chiwawa River,8/10/2025 9:50:02 PM,8/10/2025 9:50:08 PM,UPPER IN-STREAM ARRAY,LOWER IN-STREAM ARRAY,10/6/2024,7,Bull Trout,R,Resident,W,Wild Fish or Natural Production,CHIWAR - Chiwawa River,SHOCK,Electro-Shock,141,1
3DD.003E24874C,NBD-2024-275-001.xml,CHU - Upper Chiwawa River,8/9/2025 12:53:37 AM,8/9/2025 12:54:44 AM,UPPER IN-STREAM ARRAY,LOWER IN-STREAM ARRAY,10/6/2024,7,Bull Trout,R,Resident,W,Wild Fish or Natural Production,CHIWAR - Chiwawa River,SHOCK,Electro-Shock,141,1
3DD.003E24880C,NBD-2024-275-001.xml,CHL - Lower Chiwawa River,12/23/2025 2:10:40 AM,12/23/2025 2:10:40 AM,UPPER IN-STREAM ARRAY,UPPER IN-STREAM ARRAY,10/31/2024,7,Bull Trout,R,Resident,W,Wild Fish or Natural Production,CHIWAR - Chiwawa River,SHOCK,Electro-Shock,126,1
3DD.003E2489A0,CSS-2022-258-112.xml,CHL - Lower Chiwawa River,9/15/2022 9:20:03 AM,9/15/2022 9:20:03 AM,UPPER IN-STREAM ARRAY,UPPER IN-STREAM ARRAY,9/15/2022,7,Bull Trout,R,Resident,W,Wild Fish or Natural Production,"CHIWAT - Chiwawa River Trap, 0.5 km below CHIP acclimation pond",SCREWT,Screw Trap,236,1
3DD.003E248B73,CSS-2024-255-112.xml,UWE - Upper Wenatchee River,9/12/2024 12:38:01 AM,9/12/2024 12:38:01 AM,IN-STREAM ARRAY,IN-STREAM ARRAY,9/11/2024,7,Bull Trout,R,Resident,W,Wild Fish or Natural Production,"CHIWAT - Chiwawa River Trap, 0.5 km below CHIP acclimation pond",SCREWT,Screw Trap,292,1
3DD.003E248B79,NBD-2024-182-001.xml,CHU - Upper Chiwawa River,7/9/2024 2:15:46 PM,7/9/2024 2:15:46 PM,LOWER IN-STREAM ARRAY,LOWER IN-STREAM ARRAY,7/9/2024,7,Bull Trout,R,Resident,W,Wild Fish or Natural Production,CHIWAR - Chiwawa River,WTRAP,Weir Trap,480,1
3DD.003E248B89,NBD-2024-182-001.xml,CHL - Lower Chiwawa River,10/4/2024 8:20:35 PM,9/25/2025 7:45:10 PM,LOWER IN-STREAM ARRAY,LOWER IN-STREAM ARRAY,7/9/2024,7,Bull Trout,R,Resident,W,Wild Fish or Natural Production,CHIWAR - Chiwawa River,WTRAP,Weir Trap,510,1
3DD.003E248B89,NBD-2024-182-001.xml,CHU - Upper Chiwawa River,7/17/2024 8:26:54 PM,9/25/2025 2:53:34 AM,LOWER IN-STREAM ARRAY,LOWER IN-STREAM ARRAY,7/9/2024,7,Bull Trout,R,Resident,W,Wild Fish or Natural Production,CHIWAR - Chiwawa River,WTRAP,Weir Trap,510,1
3DD.003E248B89,NBD-2024-182-001.xml,CWT - Chiwawa River Weir Trap Array,10/4/2024 12:21:10 AM,6/29/2025 10:22:55 PM,Single Pass,Single Pass,7/9/2024,7,Bull Trout,R,Resident,W,Wild Fish or Natural Production,CHIWAR - Chiwawa River,WTRAP,Weir Trap,510,1
3DD.003E248B89,NBD-2024-182-001.xml,UWE - Upper Wenatchee River,10/4/2024 11:53:04 PM,10/4/2024 11:53:04 PM,IN-STREAM ARRAY,IN-STREAM ARRAY,7/9/2024,7,Bull Trout,R,Resident,W,Wild Fish or Natural Production,CHIWAR - Chiwawa River,WTRAP,Weir Trap,510,1
3DD.003E248BD9,CSS-2025-273-112.xml,CHL - Lower Chiwawa River,9/30/2025 10:23:08 AM,10/1/2025 4:09:45 PM,LOWER IN-STREAM ARRAY,LOWER IN-STREAM ARRAY,9/30/2025,7,Bull Trout,R,Resident,W,Wild Fish or Natural Production,"CHIWAT - Chiwawa River Trap, 0.5 km below CHIP acclimation pond",SCREWT,Screw Trap,227,1
3DD.003E248C00,NBD-2024-182-001.xml,CHU - Upper Chiwawa River,7/10/2024 9:00:10 PM,7/10/2024 9:00:10 PM,UPPER IN-STREAM ARRAY,UPPER IN-STREAM ARRAY,7/10/2024,7,Bull Trout,R,Resident,W,Wild Fish or Natural Production,CHIWAR - Chiwawa River,WTRAP,Weir Trap,510,1
3DD.003E248C16,NBD-2024-182-001.xml,CHU - Upper Chiwawa River,7/13/2024 10:16:35 PM,7/22/2024 10:50:21 PM,LOWER IN-STREAM ARRAY,UPPER IN-STREAM ARRAY,7/1/2024,7,Bull Trout,R,Resident,W,Wild Fish or Natural Production,CHIWAR - Chiwawa River,WTRAP,Weir Trap,470,1
3DD.003E248C2E,CSS-2025-265-112.xml,CHL - Lower Chiwawa River,9/22/2025 2:24:41 PM,9/22/2025 8:16:42 PM,LOWER IN-STREAM ARRAY,LOWER IN-STREAM ARRAY,9/22/2025,7,Bull Trout,R,Resident,W,Wild Fish or Natural Production,"CHIWAT - Chiwawa River Trap, 0.5 km below CHIP acclimation pond",SCREWT,Screw Trap,266,1
3DD.003E248D1A,CSS-2024-314-112.xml,CHL - Lower Chiwawa River,11/9/2024 6:24:56 PM,11/9/2024 6:24:56 PM,LOWER IN-STREAM ARRAY,LOWER IN-STREAM ARRAY,11/9/2024,7,Bull Trout,R,Resident,W,Wild Fish or Natural Production,"CHIWAT - Chiwawa River Trap, 0.5 km below CHIP acclimation pond",SCREWT,Screw Trap,177,1
3DD.003E248D23,CSS-2024-256-112.xml,UWE - Upper Wenatchee River,9/12/2024 11:19:15 PM,9/12/2024 11:19:15 PM,IN-STREAM ARRAY,IN-STREAM ARRAY,9/12/2024,7,Bull Trout,R,Resident,W,Wild Fish or Natural Production,"CHIWAT - Chiwawa River Trap, 0.5 km below CHIP acclimation pond",SCREWT,Screw Trap,213,1
3DD.003E248FB8,CSS-2022-258-112.xml,CHL - Lower Chiwawa River,9/15/2022 9:20:11 AM,9/15/2022 9:20:11 AM,UPPER IN-STREAM ARRAY,UPPER IN-STREAM ARRAY,9/15/2022,7,Bull Trout,R,Resident,W,Wild Fish or Natural Production,"CHIWAT - Chiwawa River Trap, 0.5 km below CHIP acclimation pond",SCREWT,Screw Trap,230,1
3DD.003E248FC5,CSS-2024-319-112.xml,CHL - Lower Chiwawa River,11/14/2024 11:19:28 AM,11/14/2024 11:19:28 AM,UPPER IN-STREAM ARRAY,UPPER IN-STREAM ARRAY,11/14/2024,7,Bull Trout,R,Resident,W,Wild Fish or Natural Production,"CHIWAT - Chiwawa River Trap, 0.5 km below CHIP acclimation pond",SCREWT,Screw Trap,241,1
3DD.003E248FC5,CSS-2024-319-112.xml,CWT - Chiwawa River Weir Trap Array,11/14/2024 5:29:34 PM,11/14/2024 5:29:34 PM,Single Pass,Single Pass,11/14/2024,7,Bull Trout,R,Resident,W,Wild Fish or Natural Production,"CHIWAT - Chiwawa River Trap, 0.5 km below CHIP acclimation pond",SCREWT,Screw Trap,241,1
3DD.003E249002,CSS-2024-240-112.xml,UWE - Upper Wenatchee River,8/30/2024 7:40:09 PM,8/30/2024 7:40:09 PM,IN-STREAM ARRAY,IN-STREAM ARRAY,8/27/2024,7,Bull Trout,R,Resident,W,Wild Fish or Natural Production,"CHIWAT - Chiwawa River Trap, 0.5 km below CHIP acclimation pond",SCREWT,Screw Trap,239,1
3DD.003E24903D,CSS-2024-221-112.xml,CHL - Lower Chiwawa River,6/19/2025 9:35:55 PM,6/19/2025 9:35:55 PM,LOWER IN-STREAM ARRAY,LOWER IN-STREAM ARRAY,8/8/2024,7,Bull Trout,R,Resident,W,Wild Fish or Natural Production,"CHIWAT - Chiwawa River Trap, 0.5 km below CHIP acclimation pond",SCREWT,Screw Trap,353,1
3DD.003E24903D,CSS-2024-221-112.xml,CHU - Upper Chiwawa River,7/1/2025 10:30:32 PM,7/1/2025 10:30:32 PM,UPPER IN-STREAM ARRAY,UPPER IN-STREAM ARRAY,8/8/2024,7,Bull Trout,R,Resident,W,Wild Fish or Natural Production,"CHIWAT - Chiwawa River Trap, 0.5 km below CHIP acclimation pond",SCREWT,Screw Trap,353,1
3DD.003E24903D,CSS-2024-221-112.xml,CWT - Chiwawa River Weir Trap Array,6/19/2025 10:24:08 PM,6/19/2025 10:24:09 PM,Single Pass,Single Pass,8/8/2024,7,Bull Trout,R,Resident,W,Wild Fish or Natural Production,"CHIWAT - Chiwawa River Trap, 0.5 km below CHIP acclimation pond",SCREWT,Screw Trap,353,1
3DD.003E24903D,CSS-2024-221-112.xml,UWE - Upper Wenatchee River,8/12/2024 8:51:56 PM,8/12/2024 8:51:56 PM,IN-STREAM ARRAY,IN-STREAM ARRAY,8/8/2024,7,Bull Trout,R,Resident,W,Wild Fish or Natural Production,"CHIWAT - Chiwawa River Trap, 0.5 km below CHIP acclimation pond",SCREWT,Screw Trap,353,1
3DD.003E24909B,CSS-2024-260-112.xml,CHL - Lower Chiwawa River,9/21/2025 10:00:16 PM,9/21/2025 10:00:24 PM,UPPER IN-STREAM ARRAY,LOWER IN-STREAM ARRAY,9/16/2024,7,Bull Trout,R,Resident,W,Wild Fish or Natural Production,"CHIWAT - Chiwawa River Trap, 0.5 km below CHIP acclimation pond",SCREWT,Screw Trap,315,1
3DD.003E24909B,CSS-2024-260-112.xml,CHU - Upper Chiwawa River,6/30/2025 10:54:11 PM,9/21/2025 6:52:55 PM,LOWER IN-STREAM ARRAY,LOWER IN-STREAM ARRAY,9/16/2024,7,Bull Trout,R,Resident,W,Wild Fish or Natural Production,"CHIWAT - Chiwawa River Trap, 0.5 km below CHIP acclimation pond",SCREWT,Screw Trap,315,1
3DD.003E24909B,CSS-2024-260-112.xml,CWT - Chiwawa River Weir Trap Array,9/21/2025 9:55:30 PM,9/21/2025 9:55:30 PM,Single Pass,Single Pass,9/16/2024,7,Bull Trout,R,Resident,W,Wild Fish or Natural Production,"CHIWAT - Chiwawa River Trap, 0.5 km below CHIP acclimation pond",SCREWT,Screw Trap,315,1
3DD.003E2490A1,NBD-2024-182-001.xml,CHL - Lower Chiwawa River,9/24/2024 6:42:11 PM,9/22/2025 7:12:51 PM,LOWER IN-STREAM ARRAY,LOWER IN-STREAM ARRAY,7/12/2024,7,Bull Trout,R,Resident,W,Wild Fish or Natural Production,CHIWAR - Chiwawa River,WTRAP,Weir Trap,550,1
3DD.003E2490A1,NBD-2024-182-001.xml,CHU - Upper Chiwawa River,7/12/2024 8:39:13 PM,9/21/2025 10:23:33 PM,UPPER IN-STREAM ARRAY,LOWER IN-STREAM ARRAY,7/12/2024,7,Bull Trout,R,Resident,W,Wild Fish or Natural Production,CHIWAR - Chiwawa River,WTRAP,Weir Trap,550,1
3DD.003E2490A1,NBD-2024-182-001.xml,CWT - Chiwawa River Weir Trap Array,7/3/2025 12:15:49 AM,9/22/2025 4:56:54 AM,Single Pass,Single Pass,7/12/2024,7,Bull Trout,R,Resident,W,Wild Fish or Natural Production,CHIWAR - Chiwawa River,WTRAP,Weir Trap,550,1
3DD.003E2490A1,NBD-2024-182-001.xml,LWN - Little Wenatchee River,10/21/2024 2:35:38 AM,3/21/2026 7:05:22 PM,UPPER IN-STREAM ARRAY,UPPER IN-STREAM ARRAY,7/12/2024,7,Bull Trout,R,Resident,W,Wild Fish or Natural Production,CHIWAR - Chiwawa River,WTRAP,Weir Trap,550,1
3DD.003E2490A1,NBD-2024-182-001.xml,UWE - Upper Wenatchee River,9/24/2024 8:34:20 PM,9/24/2024 8:34:20 PM,IN-STREAM ARRAY,IN-STREAM ARRAY,7/12/2024,7,Bull Trout,R,Resident,W,Wild Fish or Natural Production,CHIWAR - Chiwawa River,WTRAP,Weir Trap,550,1
3DD.003E2490A1,NBD-2024-182-001.xml,"WTL - White River, Wenatchee Basin",9/28/2025 7:06:10 PM,9/30/2025 7:37:02 PM,LOWER IN-STREAM ARRAY,UPPER IN-STREAM ARRAY,7/12/2024,7,Bull Trout,R,Resident,W,Wild Fish or Natural Production,CHIWAR - Chiwawa River,WTRAP,Weir Trap,550,1
3DD.003E2490AA,CSS-2025-294-112.xml,CHL - Lower Chiwawa River,10/21/2025 6:06:39 PM,10/21/2025 6:06:45 PM,UPPER IN-STREAM ARRAY,LOWER IN-STREAM ARRAY,10/21/2025,7,Bull Trout,R,Resident,W,Wild Fish or Natural Production,"CHIWAT - Chiwawa River Trap, 0.5 km below CHIP acclimation pond",SCREWT,Screw Trap,175,1
3DD.003E2490D6,CSS-2025-288-112.xml,CHL - Lower Chiwawa River,10/15/2025 12:54:47 PM,10/21/2025 12:35:37 PM,LOWER IN-STREAM ARRAY,LOWER IN-STREAM ARRAY,10/15/2025,7,Bull Trout,R,Resident,W,Wild Fish or Natural Production,"CHIWAT - Chiwawa River Trap, 0.5 km below CHIP acclimation pond",SCREWT,Screw Trap,257,1
3DD.003E2490D6,CSS-2025-288-112.xml,CWT - Chiwawa River Weir Trap Array,10/15/2025 6:54:30 PM,10/21/2025 1:39:41 AM,Single Pass,Single Pass,10/15/2025,7,Bull Trout,R,Resident,W,Wild Fish or Natural Production,"CHIWAT - Chiwawa River Trap, 0.5 km below CHIP acclimation pond",SCREWT,Screw Trap,257,1
3DD.003E2490FF,CSS-2024-303-112.xml,CHL - Lower Chiwawa River,10/29/2024 3:05:00 PM,11/15/2024 6:40:21 PM,LOWER IN-STREAM ARRAY,UPPER IN-STREAM ARRAY,10/29/2024,7,Bull Trout,R,Resident,W,Wild Fish or Natural Production,"CHIWAT - Chiwawa River Trap, 0.5 km below CHIP acclimation pond",SCREWT,Screw Trap,235,1
3DD.003E2490FF,CSS-2024-303-112.xml,CWT - Chiwawa River Weir Trap Array,10/29/2024 8:04:37 PM,11/15/2024 8:39:30 PM,Single Pass,Single Pass,10/29/2024,7,Bull Trout,R,Resident,W,Wild Fish or Natural Production,"CHIWAT - Chiwawa River Trap, 0.5 km below CHIP acclimation pond",SCREWT,Screw Trap,235,1
3DD.003E249100,CSS-2024-296-112.xml,IC5 - Icicle Creek Historic Channel,7/7/2025 8:43:39 PM,7/8/2025 9:24:21 PM,Downstream Main,Upstream Main,10/22/2024,7,Bull Trout,R,Resident,W,Wild Fish or Natural Production,"CHIWAT - Chiwawa River Trap, 0.5 km below CHIP acclimation pond",SCREWT,Screw Trap,159,1
3DD.003E249100,CSS-2024-296-112.xml,ICL - Lower Icicle Instream Array,7/5/2025 3:24:37 AM,7/8/2025 11:02:53 PM,Downstream Array,Downstream Array,10/22/2024,7,Bull Trout,R,Resident,W,Wild Fish or Natural Production,"CHIWAT - Chiwawa River Trap, 0.5 km below CHIP acclimation pond",SCREWT,Screw Trap,159,1
3DD.003E249100,CSS-2024-296-112.xml,TUF - Tumwater Dam Adult Fishway,7/12/2025 4:36:56 PM,7/12/2025 5:40:13 PM,WEIR 3,WEIR 17,10/22/2024,7,Bull Trout,R,Resident,W,Wild Fish or Natural Production,"CHIWAT - Chiwawa River Trap, 0.5 km below CHIP acclimation pond",SCREWT,Screw Trap,159,1
3DD.003E24910D,CSS-2025-234-112.xml,CHL - Lower Chiwawa River,8/22/2025 1:57:22 PM,8/22/2025 1:58:28 PM,LOWER IN-STREAM ARRAY,UPPER IN-STREAM ARRAY,8/22/2025,7,Bull Trout,R,Resident,W,Wild Fish or Natural Production,"CHIWAT - Chiwawa River Trap, 0.5 km below CHIP acclimation pond",SCREWT,Screw Trap,242,1
3DD.003E24910D,CSS-2025-234-112.xml,CWT - Chiwawa River Weir Trap Array,8/22/2025 7:34:27 PM,8/22/2025 7:34:29 PM,Single Pass,Single Pass,8/22/2025,7,Bull Trout,R,Resident,W,Wild Fish or Natural Production,"CHIWAT - Chiwawa River Trap, 0.5 km below CHIP acclimation pond",SCREWT,Screw Trap,242,1
3DD.003E249276,CSS-2025-259-112.xml,CHL - Lower Chiwawa River,9/16/2025 2:18:29 PM,9/16/2025 4:34:06 PM,LOWER IN-STREAM ARRAY,LOWER IN-STREAM ARRAY,9/16/2025,7,Bull Trout,R,Resident,W,Wild Fish or Natural Production,"CHIWAT - Chiwawa River Trap, 0.5 km below CHIP acclimation pond",SCREWT,Screw Trap,202,1
3DD.003E24929D,CSS-2024-267-112.xml,CHL - Lower Chiwawa River,9/23/2024 6:38:23 PM,10/9/2025 12:40:42 AM,UPPER IN-STREAM ARRAY,LOWER IN-STREAM ARRAY,9/23/2024,7,Bull Trout,R,Resident,W,Wild Fish or Natural Production,"CHIWAT - Chiwawa River Trap, 0.5 km below CHIP acclimation pond",SCREWT,Screw Trap,368,1
3DD.003E24929D,CSS-2024-267-112.xml,CHU - Upper Chiwawa River,10/8/2025 2:49:02 AM,10/8/2025 2:49:02 AM,LOWER IN-STREAM ARRAY,LOWER IN-STREAM ARRAY,9/23/2024,7,Bull Trout,R,Resident,W,Wild Fish or Natural Production,"CHIWAT - Chiwawa River Trap, 0.5 km below CHIP acclimation pond",SCREWT,Screw Trap,368,1
3DD.003E24929D,CSS-2024-267-112.xml,CWT - Chiwawa River Weir Trap Array,6/30/2025 12:56:48 AM,6/30/2025 12:56:48 AM,Single Pass,Single Pass,9/23/2024,7,Bull Trout,R,Resident,W,Wild Fish or Natural Production,"CHIWAT - Chiwawa River Trap, 0.5 km below CHIP acclimation pond",SCREWT,Screw Trap,368,1
3DD.003E2492B7,CSS-2024-342-112.xml,CHL - Lower Chiwawa River,12/7/2024 12:37:08 PM,12/8/2024 5:28:29 PM,LOWER IN-STREAM ARRAY,LOWER IN-STREAM ARRAY,12/7/2024,7,Bull Trout,R,Resident,W,Wild Fish or Natural Production,"CHIWAT - Chiwawa River Trap, 0.5 km below CHIP acclimation pond",SCREWT,Screw Trap,231,1
3DD.003E2492D6,NBD-2022-144-001.xml,CHL - Lower Chiwawa River,7/7/2023 1:56:55 AM,8/3/2023 2:31:20 AM,LOWER IN-STREAM ARRAY,UPPER IN-STREAM ARRAY,7/29/2022,7,Bull Trout,R,Resident,W,Wild Fish or Natural Production,TUMFBY - TUM - Release into the Forebay within 0.5 km upstream of Dam,LADDER,Adult Passage Ladder,410,1
3DD.003E2492D6,NBD-2022-144-001.xml,CHW - Chiwaukum Creek,8/1/2022 8:05:53 PM,8/26/2022 6:35:24 PM,DOWNSTREAM ARRAY,UPSTREAM ARRAY,7/29/2022,7,Bull Trout,R,Resident,W,Wild Fish or Natural Production,TUMFBY - TUM - Release into the Forebay within 0.5 km upstream of Dam,LADDER,Adult Passage Ladder,410,1
3DD.003E2492D6,NBD-2022-144-001.xml,UWE - Upper Wenatchee River,9/20/2022 8:47:09 PM,8/3/2023 8:50:26 PM,IN-STREAM ARRAY,IN-STREAM ARRAY,7/29/2022,7,Bull Trout,R,Resident,W,Wild Fish or Natural Production,TUMFBY - TUM - Release into the Forebay within 0.5 km upstream of Dam,LADDER,Adult Passage Ladder,410,1
3DD.003E2493DE,CSS-2022-257-112.xml,CHL - Lower Chiwawa River,9/14/2022 8:25:01 AM,9/14/2022 6:53:19 PM,UPPER IN-STREAM ARRAY,UPPER IN-STREAM ARRAY,9/14/2022,7,Bull Trout,R,Resident,W,Wild Fish or Natural Production,"CHIWAT - Chiwawa River Trap, 0.5 km below CHIP acclimation pond",SCREWT,Screw Trap,228,1
3DD.003E249411,CSS-2024-254-112.xml,CHL - Lower Chiwawa River,9/10/2024 3:15:18 PM,9/10/2024 3:15:53 PM,LOWER IN-STREAM ARRAY,UPPER IN-STREAM ARRAY,9/10/2024,7,Bull Trout,R,Resident,W,Wild Fish or Natural Production,"CHIWAT - Chiwawa River Trap, 0.5 km below CHIP acclimation pond",SCREWT,Screw Trap,220,1
3DD.003E249411,CSS-2024-254-112.xml,CWT - Chiwawa River Weir Trap Array,3/26/2025 11:09:50 PM,3/26/2025 11:09:50 PM,Single Pass,Single Pass,9/10/2024,7,Bull Trout,R,Resident,W,Wild Fish or Natural Production,"CHIWAT - Chiwawa River Trap, 0.5 km below CHIP acclimation pond",SCREWT,Screw Trap,220,1
3DD.003E2494AD,CSS-2025-292-112.xml,CHL - Lower Chiwawa River,11/2/2025 3:20:33 PM,11/4/2025 8:29:32 PM,UPPER IN-STREAM ARRAY,LOWER IN-STREAM ARRAY,10/19/2025,7,Bull Trout,R,Resident,W,Wild Fish or Natural Production,"CHIWAT - Chiwawa River Trap, 0.5 km below CHIP acclimation pond",SCREWT,Screw Trap,260,1
3DD.003E2494AD,CSS-2025-292-112.xml,CWT - Chiwawa River Weir Trap Array,10/19/2025 11:34:50 PM,11/4/2025 5:29:25 PM,Single Pass,Single Pass,10/19/2025,7,Bull Trout,R,Resident,W,Wild Fish or Natural Production,"CHIWAT - Chiwawa River Trap, 0.5 km below CHIP acclimation pond",SCREWT,Screw Trap,260,1
3DD.003E2494FD,CSS-2025-263-112.xml,CHL - Lower Chiwawa River,9/20/2025 2:06:33 PM,10/18/2025 2:20:08 AM,LOWER IN-STREAM ARRAY,LOWER IN-STREAM ARRAY,9/20/2025,7,Bull Trout,R,Resident,W,Wild Fish or Natural Production,"CHIWAT - Chiwawa River Trap, 0.5 km below CHIP acclimation pond",SCREWT,Screw Trap,193,1
3DD.003E2494FD,CSS-2025-263-112.xml,CWT - Chiwawa River Weir Trap Array,9/20/2025 7:11:30 PM,9/20/2025 7:11:30 PM,Single Pass,Single Pass,9/20/2025,7,Bull Trout,R,Resident,W,Wild Fish or Natural Production,"CHIWAT - Chiwawa River Trap, 0.5 km below CHIP acclimation pond",SCREWT,Screw Trap,193,1
3DD.003E2495ED,NBD-2024-182-001.xml,CHL - Lower Chiwawa River,10/4/2024 2:54:33 AM,10/21/2025 3:21:23 AM,LOWER IN-STREAM ARRAY,LOWER IN-STREAM ARRAY,7/12/2024,7,Bull Trout,R,Resident,W,Wild Fish or Natural Production,CHIWAR - Chiwawa River,WTRAP,Weir Trap,420,1
3DD.003E2495ED,NBD-2024-182-001.xml,CHU - Upper Chiwawa River,7/12/2024 8:30:08 PM,10/20/2025 6:25:10 PM,LOWER IN-STREAM ARRAY,LOWER IN-STREAM ARRAY,7/12/2024,7,Bull Trout,R,Resident,W,Wild Fish or Natural Production,CHIWAR - Chiwawa River,WTRAP,Weir Trap,420,1
3DD.003E2495ED,NBD-2024-182-001.xml,CWT - Chiwawa River Weir Trap Array,7/2/2025 11:10:59 PM,7/2/2025 11:10:59 PM,Single Pass,Single Pass,7/12/2024,7,Bull Trout,R,Resident,W,Wild Fish or Natural Production,CHIWAR - Chiwawa River,WTRAP,Weir Trap,420,1
3DD.003E2495ED,NBD-2024-182-001.xml,UWE - Upper Wenatchee River,10/4/2024 5:42:22 AM,10/4/2024 5:42:22 AM,IN-STREAM ARRAY,IN-STREAM ARRAY,7/12/2024,7,Bull Trout,R,Resident,W,Wild Fish or Natural Production,CHIWAR - Chiwawa River,WTRAP,Weir Trap,420,1
3DD.003E24960B,CSS-2025-242-112.xml,CHL - Lower Chiwawa River,8/30/2025 11:20:38 AM,8/30/2025 11:22:56 AM,LOWER IN-STREAM ARRAY,UPPER IN-STREAM ARRAY,8/30/2025,7,Bull Trout,R,Resident,W,Wild Fish or Natural Production,"CHIWAT - Chiwawa River Trap, 0.5 km below CHIP acclimation pond",SCREWT,Screw Trap,233,1
3DD.003E24960B,CSS-2025-242-112.xml,CWT - Chiwawa River Weir Trap Array,8/30/2025 12:34:45 PM,8/30/2025 12:34:45 PM,Single Pass,Single Pass,8/30/2025,7,Bull Trout,R,Resident,W,Wild Fish or Natural Production,"CHIWAT - Chiwawa River Trap, 0.5 km below CHIP acclimation pond",SCREWT,Screw Trap,233,1
3DD.003E249678,CSS-2022-259-112.xml,UWE - Upper Wenatchee River,9/17/2022 8:10:17 PM,9/17/2022 8:10:17 PM,IN-STREAM ARRAY,IN-STREAM ARRAY,9/16/2022,7,Bull Trout,R,Resident,W,Wild Fish or Natural Production,"CHIWAT - Chiwawa River Trap, 0.5 km below CHIP acclimation pond",SCREWT,Screw Trap,219,1
3DD.003E24975D,CSS-2025-237-112.xml,CHW - Chiwaukum Creek,8/29/2025 12:33:07 AM,11/1/2025 10:03:27 PM,DOWNSTREAM ARRAY,DOWNSTREAM ARRAY,8/25/2025,7,Bull Trout,R,Resident,W,Wild Fish or Natural Production,"CHIWAT - Chiwawa River Trap, 0.5 km below CHIP acclimation pond",SCREWT,Screw Trap,223,1
3DD.003E249777,NBD-2024-182-001.xml,CHL - Lower Chiwawa River,9/30/2024 8:14:57 PM,9/28/2025 7:46:51 PM,UPPER IN-STREAM ARRAY,LOWER IN-STREAM ARRAY,7/1/2024,7,Bull Trout,R,Resident,W,Wild Fish or Natural Production,CHIWAR - Chiwawa River,WTRAP,Weir Trap,540,1
3DD.003E249777,NBD-2024-182-001.xml,CHU - Upper Chiwawa River,7/1/2024 3:56:21 PM,9/28/2025 2:13:00 AM,LOWER IN-STREAM ARRAY,LOWER IN-STREAM ARRAY,7/1/2024,7,Bull Trout,R,Resident,W,Wild Fish or Natural Production,CHIWAR - Chiwawa River,WTRAP,Weir Trap,540,1
3DD.003E249777,NBD-2024-182-001.xml,CWT - Chiwawa River Weir Trap Array,6/10/2025 11:35:05 PM,9/28/2025 7:40:28 PM,Single Pass,Single Pass,7/1/2024,7,Bull Trout,R,Resident,W,Wild Fish or Natural Production,CHIWAR - Chiwawa River,WTRAP,Weir Trap,540,1
3DD.003E24977E,CSS-2025-294-112.xml,CHL - Lower Chiwawa River,10/21/2025 5:52:03 PM,10/21/2025 5:52:03 PM,LOWER IN-STREAM ARRAY,LOWER IN-STREAM ARRAY,10/21/2025,7,Bull Trout,R,Resident,W,Wild Fish or Natural Production,"CHIWAT - Chiwawa River Trap, 0.5 km below CHIP acclimation pond",SCREWT,Screw Trap,231,1
3DD.003E24977E,CSS-2025-294-112.xml,CWT - Chiwawa River Weir Trap Array,10/21/2025 7:05:10 PM,11/1/2025 2:59:59 PM,Single Pass,Single Pass,10/21/2025,7,Bull Trout,R,Resident,W,Wild Fish or Natural Production,"CHIWAT - Chiwawa River Trap, 0.5 km below CHIP acclimation pond",SCREWT,Screw Trap,231,1
3DD.003E249789,CSS-2024-303-112.xml,CHL - Lower Chiwawa River,10/30/2024 3:21:39 AM,10/30/2024 3:21:39 AM,LOWER IN-STREAM ARRAY,LOWER IN-STREAM ARRAY,10/29/2024,7,Bull Trout,R,Resident,W,Wild Fish or Natural Production,"CHIWAT - Chiwawa River Trap, 0.5 km below CHIP acclimation pond",SCREWT,Screw Trap,217,1
3DD.003E2498F7,CSS-2024-258-112.xml,CHL - Lower Chiwawa River,9/15/2024 9:34:07 AM,9/1/2025 3:00:26 AM,LOWER IN-STREAM ARRAY,LOWER IN-STREAM ARRAY,9/15/2024,7,Bull Trout,R,Resident,W,Wild Fish or Natural Production,"CHIWAT - Chiwawa River Trap, 0.5 km below CHIP acclimation pond",SCREWT,Screw Trap,318,1
3DD.003E2498F7,CSS-2024-258-112.xml,CHU - Upper Chiwawa River,8/31/2025 8:14:26 PM,8/31/2025 8:14:26 PM,LOWER IN-STREAM ARRAY,LOWER IN-STREAM ARRAY,9/15/2024,7,Bull Trout,R,Resident,W,Wild Fish or Natural Production,"CHIWAT - Chiwawa River Trap, 0.5 km below CHIP acclimation pond",SCREWT,Screw Trap,318,1
3DD.003E2498F7,CSS-2024-258-112.xml,CWT - Chiwawa River Weir Trap Array,6/30/2025 3:24:35 AM,6/30/2025 3:24:35 AM,Single Pass,Single Pass,9/15/2024,7,Bull Trout,R,Resident,W,Wild Fish or Natural Production,"CHIWAT - Chiwawa River Trap, 0.5 km below CHIP acclimation pond",SCREWT,Screw Trap,318,1
3DD.003E249948,NBD-2022-144-001.xml,CHW - Chiwaukum Creek,10/8/2023 12:46:03 AM,10/19/2024 3:49:55 AM,UPSTREAM ARRAY,DOWNSTREAM ARRAY,7/27/2022,7,Bull Trout,R,Resident,W,Wild Fish or Natural Production,TUMFBY - TUM - Release into the Forebay within 0.5 km upstream of Dam,LADDER,Adult Passage Ladder,370,1
3DD.003E2499C5,NBD-2024-182-001.xml,CHU - Upper Chiwawa River,7/10/2024 8:37:32 PM,9/29/2024 4:00:34 AM,LOWER IN-STREAM ARRAY,LOWER IN-STREAM ARRAY,7/10/2024,7,Bull Trout,R,Resident,W,Wild Fish or Natural Production,CHIWAR - Chiwawa River,WTRAP,Weir Trap,560,1
3DD.003E2499E3,CSS-2025-266-112.xml,NAL - Lower Nason Creek,4/12/2026 10:48:38 PM,4/19/2026 11:52:13 PM,LOWER IN-STREAM ARRAY,UPPER IN-STREAM ARRAY,9/23/2025,7,Bull Trout,R,Resident,W,Wild Fish or Natural Production,"CHIWAT - Chiwawa River Trap, 0.5 km below CHIP acclimation pond",SCREWT,Screw Trap,520,1
3DD.003E249B3A,CSS-2025-236-112.xml,CWT - Chiwawa River Weir Trap Array,8/24/2025 8:07:19 PM,8/24/2025 8:07:19 PM,Single Pass,Single Pass,8/24/2025,7,Bull Trout,R,Resident,W,Wild Fish or Natural Production,"CHIWAT - Chiwawa River Trap, 0.5 km below CHIP acclimation pond",SCREWT,Screw Trap,162,1
3DD.003E249C6B,CSS-2024-265-112.xml,UWE - Upper Wenatchee River,9/22/2024 6:07:20 AM,9/22/2024 6:07:20 AM,IN-STREAM ARRAY,IN-STREAM ARRAY,9/21/2024,7,Bull Trout,R,Resident,W,Wild Fish or Natural Production,"CHIWAT - Chiwawa River Trap, 0.5 km below CHIP acclimation pond",SCREWT,Screw Trap,233,1
3DD.003E249D5B,NBD-2024-275-001.xml,CHL - Lower Chiwawa River,3/4/2025 4:04:40 AM,3/4/2025 4:04:40 AM,LOWER IN-STREAM ARRAY,LOWER IN-STREAM ARRAY,11/5/2024,7,Bull Trout,R,Resident,W,Wild Fish or Natural Production,CHIWAR - Chiwawa River,SHOCK,Electro-Shock,138,1
3DD.003E249D5B,NBD-2024-275-001.xml,CHU - Upper Chiwawa River,3/2/2025 7:02:56 PM,3/2/2025 7:02:56 PM,LOWER IN-STREAM ARRAY,LOWER IN-STREAM ARRAY,11/5/2024,7,Bull Trout,R,Resident,W,Wild Fish or Natural Production,CHIWAR - Chiwawa River,SHOCK,Electro-Shock,138,1
3DD.003E249D5B,NBD-2024-275-001.xml,CWT - Chiwawa River Weir Trap Array,3/4/2025 3:49:21 AM,3/4/2025 3:49:21 AM,Single Pass,Single Pass,11/5/2024,7,Bull Trout,R,Resident,W,Wild Fish or Natural Production,CHIWAR - Chiwawa River,SHOCK,Electro-Shock,138,1
3DD.003E249DDA,CSS-2025-263-112.xml,CHL - Lower Chiwawa River,9/20/2025 2:09:50 PM,9/20/2025 2:09:56 PM,LOWER IN-STREAM ARRAY,UPPER IN-STREAM ARRAY,9/20/2025,7,Bull Trout,R,Resident,W,Wild Fish or Natural Production,"CHIWAT - Chiwawa River Trap, 0.5 km below CHIP acclimation pond",SCREWT,Screw Trap,228,1
3DD.003E249DDA,CSS-2025-263-112.xml,CWT - Chiwawa River Weir Trap Array,9/20/2025 7:23:53 PM,9/20/2025 7:23:53 PM,Single Pass,Single Pass,9/20/2025,7,Bull Trout,R,Resident,W,Wild Fish or Natural Production,"CHIWAT - Chiwawa River Trap, 0.5 km below CHIP acclimation pond",SCREWT,Screw Trap,228,1
3DD.003E249E03,CSS-2024-249-112.xml,CHL - Lower Chiwawa River,6/11/2025 6:13:10 AM,10/8/2025 9:03:34 PM,LOWER IN-STREAM ARRAY,LOWER IN-STREAM ARRAY,9/5/2024,7,Bull Trout,R,Resident,W,Wild Fish or Natural Production,"CHIWAT - Chiwawa River Trap, 0.5 km below CHIP acclimation pond",SCREWT,Screw Trap,392,1
3DD.003E249E03,CSS-2024-249-112.xml,CHU - Upper Chiwawa River,10/7/2025 6:50:12 PM,10/7/2025 6:50:12 PM,LOWER IN-STREAM ARRAY,LOWER IN-STREAM ARRAY,9/5/2024,7,Bull Trout,R,Resident,W,Wild Fish or Natural Production,"CHIWAT - Chiwawa River Trap, 0.5 km below CHIP acclimation pond",SCREWT,Screw Trap,392,1
3DD.003E249E03,CSS-2024-249-112.xml,UWE - Upper Wenatchee River,9/5/2024 9:26:22 PM,9/5/2024 9:26:22 PM,IN-STREAM ARRAY,IN-STREAM ARRAY,9/5/2024,7,Bull Trout,R,Resident,W,Wild Fish or Natural Production,"CHIWAT - Chiwawa River Trap, 0.5 km below CHIP acclimation pond",SCREWT,Screw Trap,392,1
3DD.003E249EBC,CSS-2025-228-112.xml,CHL - Lower Chiwawa River,8/16/2025 4:58:44 PM,8/16/2025 4:58:44 PM,LOWER IN-STREAM ARRAY,LOWER IN-STREAM ARRAY,8/16/2025,7,Bull Trout,R,Resident,W,Wild Fish or Natural Production,"CHIWAT - Chiwawa River Trap, 0.5 km below CHIP acclimation pond",SCREWT,Screw Trap,183,1
3DD.003E249F05,CSS-2024-264-112.xml,CHL - Lower Chiwawa River,8/8/2025 10:50:30 PM,10/7/2025 10:48:58 PM,LOWER IN-STREAM ARRAY,LOWER IN-STREAM ARRAY,9/20/2024,7,Bull Trout,R,Resident,W,Wild Fish or Natural Production,"CHIWAT - Chiwawa River Trap, 0.5 km below CHIP acclimation pond",SCREWT,Screw Trap,448,1
3DD.003E249F05,CSS-2024-264-112.xml,CHU - Upper Chiwawa River,8/10/2025 3:05:01 AM,10/7/2025 1:20:20 AM,LOWER IN-STREAM ARRAY,LOWER IN-STREAM ARRAY,9/20/2024,7,Bull Trout,R,Resident,W,Wild Fish or Natural Production,"CHIWAT - Chiwawa River Trap, 0.5 km below CHIP acclimation pond",SCREWT,Screw Trap,448,1
3DD.003E249F05,CSS-2024-264-112.xml,CWT - Chiwawa River Weir Trap Array,8/8/2025 11:09:59 PM,8/8/2025 11:09:59 PM,Single Pass,Single Pass,9/20/2024,7,Bull Trout,R,Resident,W,Wild Fish or Natural Production,"CHIWAT - Chiwawa River Trap, 0.5 km below CHIP acclimation pond",SCREWT,Screw Trap,448,1
3DD.003E249F05,CSS-2024-264-112.xml,"WTL - White River, Wenatchee Basin",5/3/2026 5:32:58 AM,5/3/2026 12:47:28 PM,LOWER IN-STREAM ARRAY,UPPER IN-STREAM ARRAY,9/20/2024,7,Bull Trout,R,Resident,W,Wild Fish or Natural Production,"CHIWAT - Chiwawa River Trap, 0.5 km below CHIP acclimation pond",SCREWT,Screw Trap,448,1
3DD.003E249F64,NBD-2024-182-001.xml,CHU - Upper Chiwawa River,7/31/2024 9:58:36 PM,7/31/2024 9:58:36 PM,LOWER IN-STREAM ARRAY,LOWER IN-STREAM ARRAY,7/9/2024,7,Bull Trout,R,Resident,W,Wild Fish or Natural Production,CHIWAR - Chiwawa River,WTRAP,Weir Trap,560,1
3DD.003E249F79,CSS-2024-299-112.xml,CHL - Lower Chiwawa River,10/25/2024 6:19:57 PM,10/27/2025 9:13:20 PM,LOWER IN-STREAM ARRAY,LOWER IN-STREAM ARRAY,10/25/2024,7,Bull Trout,R,Resident,W,Wild Fish or Natural Production,"CHIWAT - Chiwawa River Trap, 0.5 km below CHIP acclimation pond",SCREWT,Screw Trap,440,1
3DD.003E249F79,CSS-2024-299-112.xml,CHU - Upper Chiwawa River,10/27/2025 5:21:43 AM,10/27/2025 5:21:52 AM,UPPER IN-STREAM ARRAY,LOWER IN-STREAM ARRAY,10/25/2024,7,Bull Trout,R,Resident,W,Wild Fish or Natural Production,"CHIWAT - Chiwawa River Trap, 0.5 km below CHIP acclimation pond",SCREWT,Screw Trap,440,1
3DD.003E249F79,CSS-2024-299-112.xml,CWT - Chiwawa River Weir Trap Array,10/25/2024 8:02:32 PM,10/27/2024 5:45:44 PM,Single Pass,Single Pass,10/25/2024,7,Bull Trout,R,Resident,W,Wild Fish or Natural Production,"CHIWAT - Chiwawa River Trap, 0.5 km below CHIP acclimation pond",SCREWT,Screw Trap,440,1
3DD.003E249F96,CSS-2024-300-112.xml,CHL - Lower Chiwawa River,10/26/2024 11:16:48 AM,10/27/2024 6:02:37 PM,LOWER IN-STREAM ARRAY,UPPER IN-STREAM ARRAY,10/26/2024,7,Bull Trout,R,Resident,W,Wild Fish or Natural Production,"CHIWAT - Chiwawa River Trap, 0.5 km below CHIP acclimation pond",SCREWT,Screw Trap,215,1
3DD.003E249F96,CSS-2024-300-112.xml,CWT - Chiwawa River Weir Trap Array,10/27/2024 6:00:13 AM,10/28/2024 5:18:22 PM,Single Pass,Single Pass,10/26/2024,7,Bull Trout,R,Resident,W,Wild Fish or Natural Production,"CHIWAT - Chiwawa River Trap, 0.5 km below CHIP acclimation pond",SCREWT,Screw Trap,215,1
3DD.003E249FBB,CSS-2024-300-112.xml,CHL - Lower Chiwawa River,10/26/2024 10:58:43 AM,2/8/2025 9:34:31 PM,LOWER IN-STREAM ARRAY,LOWER IN-STREAM ARRAY,10/26/2024,7,Bull Trout,R,Resident,W,Wild Fish or Natural Production,"CHIWAT - Chiwawa River Trap, 0.5 km below CHIP acclimation pond",SCREWT,Screw Trap,190,1
3DD.003E249FBB,CSS-2024-300-112.xml,CWT - Chiwawa River Weir Trap Array,10/27/2024 1:12:38 AM,3/22/2025 2:59:44 PM,Single Pass,Single Pass,10/26/2024,7,Bull Trout,R,Resident,W,Wild Fish or Natural Production,"CHIWAT - Chiwawa River Trap, 0.5 km below CHIP acclimation pond",SCREWT,Screw Trap,190,1
3DD.003E24A05D,NBD-2024-182-001.xml,CHL - Lower Chiwawa River,9/24/2024 8:50:27 PM,9/21/2025 7:02:14 PM,UPPER IN-STREAM ARRAY,LOWER IN-STREAM ARRAY,7/10/2024,7,Bull Trout,R,Resident,W,Wild Fish or Natural Production,CHIWAR - Chiwawa River,WTRAP,Weir Trap,460,1
3DD.003E24A05D,NBD-2024-182-001.xml,CHU - Upper Chiwawa River,7/18/2024 10:46:11 AM,9/21/2025 2:07:38 AM,LOWER IN-STREAM ARRAY,LOWER IN-STREAM ARRAY,7/10/2024,7,Bull Trout,R,Resident,W,Wild Fish or Natural Production,CHIWAR - Chiwawa River,WTRAP,Weir Trap,460,1
3DD.003E24A05D,NBD-2024-182-001.xml,CWT - Chiwawa River Weir Trap Array,7/3/2025 9:06:40 PM,7/3/2025 9:06:40 PM,Single Pass,Single Pass,7/10/2024,7,Bull Trout,R,Resident,W,Wild Fish or Natural Production,CHIWAR - Chiwawa River,WTRAP,Weir Trap,460,1
3DD.003E24A05D,NBD-2024-182-001.xml,UWE - Upper Wenatchee River,9/24/2024 11:06:22 PM,9/24/2024 11:06:22 PM,IN-STREAM ARRAY,IN-STREAM ARRAY,7/10/2024,7,Bull Trout,R,Resident,W,Wild Fish or Natural Production,CHIWAR - Chiwawa River,WTRAP,Weir Trap,460,1
3DD.003E24A163,CSS-2024-258-112.xml,UWE - Upper Wenatchee River,9/15/2024 9:55:14 PM,9/15/2024 9:55:14 PM,IN-STREAM ARRAY,IN-STREAM ARRAY,9/15/2024,7,Bull Trout,R,Resident,W,Wild Fish or Natural Production,"CHIWAT - Chiwawa River Trap, 0.5 km below CHIP acclimation pond",SCREWT,Screw Trap,234,1
3DD.003E24A18B,CSS-2025-275-112.xml,CHL - Lower Chiwawa River,10/2/2025 9:13:24 AM,11/14/2025 10:39:37 AM,LOWER IN-STREAM ARRAY,LOWER IN-STREAM ARRAY,10/2/2025,7,Bull Trout,R,Resident,W,Wild Fish or Natural Production,"CHIWAT - Chiwawa River Trap, 0.5 km below CHIP acclimation pond",SCREWT,Screw Trap,220,1
3DD.003E24A18B,CSS-2025-275-112.xml,CWT - Chiwawa River Weir Trap Array,10/2/2025 6:51:13 PM,11/13/2025 11:48:57 PM,Single Pass,Single Pass,10/2/2025,7,Bull Trout,R,Resident,W,Wild Fish or Natural Production,"CHIWAT - Chiwawa River Trap, 0.5 km below CHIP acclimation pond",SCREWT,Screw Trap,220,1
3DD.003E24A1A3,NBD-2024-182-001.xml,CHL - Lower Chiwawa River,9/27/2024 4:10:31 AM,10/1/2025 5:06:23 AM,LOWER IN-STREAM ARRAY,LOWER IN-STREAM ARRAY,7/12/2024,7,Bull Trout,R,Resident,W,Wild Fish or Natural Production,CHIWAR - Chiwawa River,WTRAP,Weir Trap,600,1
3DD.003E24A1A3,NBD-2024-182-001.xml,CHU - Upper Chiwawa River,7/12/2024 9:22:38 PM,9/30/2025 2:56:16 AM,UPPER IN-STREAM ARRAY,LOWER IN-STREAM ARRAY,7/12/2024,7,Bull Trout,R,Resident,W,Wild Fish or Natural Production,CHIWAR - Chiwawa River,WTRAP,Weir Trap,600,1
3DD.003E24A1A3,NBD-2024-182-001.xml,CWT - Chiwawa River Weir Trap Array,10/1/2025 12:23:38 AM,10/1/2025 12:23:38 AM,Single Pass,Single Pass,7/12/2024,7,Bull Trout,R,Resident,W,Wild Fish or Natural Production,CHIWAR - Chiwawa River,WTRAP,Weir Trap,600,1
3DD.003E24A1A9,NBD-2025-274-001.xml,CHU - Upper Chiwawa River,2/24/2026 1:44:17 AM,2/24/2026 1:46:06 AM,LOWER IN-STREAM ARRAY,LOWER IN-STREAM ARRAY,10/5/2025,7,Bull Trout,R,Resident,W,Wild Fish or Natural Production,CHIWAR - Chiwawa River,SHOCK,Electro-Shock,77,1
3DD.003E24A1FA,CSS-2025-293-112.xml,CHL - Lower Chiwawa River,10/20/2025 6:04:09 PM,10/20/2025 6:14:54 PM,LOWER IN-STREAM ARRAY,UPPER IN-STREAM ARRAY,10/20/2025,7,Bull Trout,R,Resident,W,Wild Fish or Natural Production,"CHIWAT - Chiwawa River Trap, 0.5 km below CHIP acclimation pond",SCREWT,Screw Trap,408,1
3DD.003E24A26D,CSS-2025-263-112.xml,CHL - Lower Chiwawa River,9/20/2025 1:57:16 PM,9/20/2025 7:54:02 PM,LOWER IN-STREAM ARRAY,LOWER IN-STREAM ARRAY,9/20/2025,7,Bull Trout,R,Resident,W,Wild Fish or Natural Production,"CHIWAT - Chiwawa River Trap, 0.5 km below CHIP acclimation pond",SCREWT,Screw Trap,197,1
3DD.003E24A2B1,CSS-2025-276-112.xml,CHL - Lower Chiwawa River,10/3/2025 9:07:16 AM,10/3/2025 6:49:05 PM,LOWER IN-STREAM ARRAY,LOWER IN-STREAM ARRAY,10/3/2025,7,Bull Trout,R,Resident,W,Wild Fish or Natural Production,"CHIWAT - Chiwawa River Trap, 0.5 km below CHIP acclimation pond",SCREWT,Screw Trap,236,1
3DD.003E24A2BA,CSS-2025-259-112.xml,CHL - Lower Chiwawa River,9/16/2025 2:53:09 PM,9/16/2025 2:53:40 PM,LOWER IN-STREAM ARRAY,UPPER IN-STREAM ARRAY,9/16/2025,7,Bull Trout,R,Resident,W,Wild Fish or Natural Production,"CHIWAT - Chiwawa River Trap, 0.5 km below CHIP acclimation pond",SCREWT,Screw Trap,236,1
3DD.003E24A2BA,CSS-2025-259-112.xml,CHU - Upper Chiwawa River,9/19/2025 10:18:25 PM,10/18/2025 12:09:35 AM,LOWER IN-STREAM ARRAY,LOWER IN-STREAM ARRAY,9/16/2025,7,Bull Trout,R,Resident,W,Wild Fish or Natural Production,"CHIWAT - Chiwawa River Trap, 0.5 km below CHIP acclimation pond",SCREWT,Screw Trap,236,1
3DD.003E24A2BA,CSS-2025-259-112.xml,CWT - Chiwawa River Weir Trap Array,9/16/2025 6:51:55 PM,9/16/2025 6:51:55 PM,Single Pass,Single Pass,9/16/2025,7,Bull Trout,R,Resident,W,Wild Fish or Natural Production,"CHIWAT - Chiwawa River Trap, 0.5 km below CHIP acclimation pond",SCREWT,Screw Trap,236,1
3DD.003E24A431,CSS-2022-250-112.xml,UWE - Upper Wenatchee River,9/8/2022 2:34:21 AM,9/8/2022 2:34:21 AM,IN-STREAM ARRAY,IN-STREAM ARRAY,9/7/2022,7,Bull Trout,R,Resident,W,Wild Fish or Natural Production,"CHIWAT - Chiwawa River Trap, 0.5 km below CHIP acclimation pond",SCREWT,Screw Trap,210,1
3DD.003E24A452,CSS-2025-273-112.xml,CHL - Lower Chiwawa River,9/30/2025 10:23:07 AM,10/1/2025 1:43:10 AM,LOWER IN-STREAM ARRAY,LOWER IN-STREAM ARRAY,9/30/2025,7,Bull Trout,R,Resident,W,Wild Fish or Natural Production,"CHIWAT - Chiwawa River Trap, 0.5 km below CHIP acclimation pond",SCREWT,Screw Trap,209,1
3DD.003E24A452,CSS-2025-273-112.xml,CWT - Chiwawa River Weir Trap Array,9/30/2025 6:58:25 PM,9/30/2025 6:58:25 PM,Single Pass,Single Pass,9/30/2025,7,Bull Trout,R,Resident,W,Wild Fish or Natural Production,"CHIWAT - Chiwawa River Trap, 0.5 km below CHIP acclimation pond",SCREWT,Screw Trap,209,1
3DD.003E24A4A6,CSS-2024-242-112.xml,CWT - Chiwawa River Weir Trap Array,5/28/2026 12:39:32 AM,5/28/2026 12:39:32 AM,Single Pass,Single Pass,8/29/2024,7,Bull Trout,R,Resident,W,Wild Fish or Natural Production,"CHIWAT - Chiwawa River Trap, 0.5 km below CHIP acclimation pond",SCREWT,Screw Trap,306,1
3DD.003E24A4A6,CSS-2024-242-112.xml,UWE - Upper Wenatchee River,8/29/2024 11:48:16 PM,8/29/2024 11:48:16 PM,IN-STREAM ARRAY,IN-STREAM ARRAY,8/29/2024,7,Bull Trout,R,Resident,W,Wild Fish or Natural Production,"CHIWAT - Chiwawa River Trap, 0.5 km below CHIP acclimation pond",SCREWT,Screw Trap,306,1
3DD.003E24A4C5,NBD-2022-144-001.xml,CHW - Chiwaukum Creek,7/27/2022 3:48:42 AM,10/8/2022 7:40:19 PM,UPSTREAM ARRAY,DOWNSTREAM ARRAY,7/15/2022,7,Bull Trout,R,Resident,W,Wild Fish or Natural Production,TUMFBY - TUM - Release into the Forebay within 0.5 km upstream of Dam,LADDER,Adult Passage Ladder,460,1
3DD.003E24A4C5,NBD-2022-144-001.xml,ICL - Lower Icicle Instream Array,11/1/2022 8:37:26 PM,1/4/2023 2:19:09 AM,Downstream Array,Downstream Array,7/15/2022,7,Bull Trout,R,Resident,W,Wild Fish or Natural Production,TUMFBY - TUM - Release into the Forebay within 0.5 km upstream of Dam,LADDER,Adult Passage Ladder,460,1
3DD.003E24A4C5,NBD-2022-144-001.xml,LWE - Lower Wenatchee River,2/4/2023 3:15:46 AM,2/4/2023 3:15:53 AM,UPSTREAM ANTENNA ARRAY,DOWNSTREAM ANTENNA ARRAY,7/15/2022,7,Bull Trout,R,Resident,W,Wild Fish or Natural Production,TUMFBY - TUM - Release into the Forebay within 0.5 km upstream of Dam,LADDER,Adult Passage Ladder,460,1
3DD.003E24A4C5,NBD-2022-144-001.xml,TUF - Tumwater Dam Adult Fishway,7/2/2023 4:40:36 PM,7/3/2023 8:05:50 PM,High Flow Ladder Entrance,WEIR 17,7/15/2022,7,Bull Trout,R,Resident,W,Wild Fish or Natural Production,TUMFBY - TUM - Release into the Forebay within 0.5 km upstream of Dam,LADDER,Adult Passage Ladder,460,1
3DD.003E24A4E5,CSS-2024-250-112.xml,CHL - Lower Chiwawa River,10/6/2025 2:28:37 AM,10/6/2025 2:29:27 AM,UPPER IN-STREAM ARRAY,LOWER IN-STREAM ARRAY,9/6/2024,7,Bull Trout,R,Resident,W,Wild Fish or Natural Production,"CHIWAT - Chiwawa River Trap, 0.5 km below CHIP acclimation pond",SCREWT,Screw Trap,366,1
3DD.003E24A4E5,CSS-2024-250-112.xml,CHU - Upper Chiwawa River,10/5/2025 5:10:22 AM,10/5/2025 5:10:30 AM,UPPER IN-STREAM ARRAY,LOWER IN-STREAM ARRAY,9/6/2024,7,Bull Trout,R,Resident,W,Wild Fish or Natural Production,"CHIWAT - Chiwawa River Trap, 0.5 km below CHIP acclimation pond",SCREWT,Screw Trap,366,1
3DD.003E24A4E5,CSS-2024-250-112.xml,CWT - Chiwawa River Weir Trap Array,6/30/2025 12:55:27 AM,6/30/2025 12:55:27 AM,Single Pass,Single Pass,9/6/2024,7,Bull Trout,R,Resident,W,Wild Fish or Natural Production,"CHIWAT - Chiwawa River Trap, 0.5 km below CHIP acclimation pond",SCREWT,Screw Trap,366,1
3DD.003E24A4E5,CSS-2024-250-112.xml,UWE - Upper Wenatchee River,9/7/2024 8:52:51 PM,9/7/2024 8:52:51 PM,IN-STREAM ARRAY,IN-STREAM ARRAY,9/6/2024,7,Bull Trout,R,Resident,W,Wild Fish or Natural Production,"CHIWAT - Chiwawa River Trap, 0.5 km below CHIP acclimation pond",SCREWT,Screw Trap,366,1
3DD.003E24A50E,NBD-2024-182-001.xml,CHL - Lower Chiwawa River,9/23/2024 1:31:57 AM,9/24/2025 4:28:56 AM,UPPER IN-STREAM ARRAY,LOWER IN-STREAM ARRAY,7/10/2024,7,Bull Trout,R,Resident,W,Wild Fish or Natural Production,CHIWAR - Chiwawa River,WTRAP,Weir Trap,500,1
3DD.003E24A50E,NBD-2024-182-001.xml,CHU - Upper Chiwawa River,7/18/2024 10:33:22 PM,9/24/2025 1:10:52 AM,LOWER IN-STREAM ARRAY,LOWER IN-STREAM ARRAY,7/10/2024,7,Bull Trout,R,Resident,W,Wild Fish or Natural Production,CHIWAR - Chiwawa River,WTRAP,Weir Trap,500,1
3DD.003E24A50E,NBD-2024-182-001.xml,CWT - Chiwawa River Weir Trap Array,6/26/2025 1:04:59 AM,6/26/2025 1:04:59 AM,Single Pass,Single Pass,7/10/2024,7,Bull Trout,R,Resident,W,Wild Fish or Natural Production,CHIWAR - Chiwawa River,WTRAP,Weir Trap,500,1
3DD.003E24A50E,NBD-2024-182-001.xml,UWE - Upper Wenatchee River,9/23/2024 4:24:53 AM,9/23/2024 4:24:53 AM,IN-STREAM ARRAY,IN-STREAM ARRAY,7/10/2024,7,Bull Trout,R,Resident,W,Wild Fish or Natural Production,CHIWAR - Chiwawa River,WTRAP,Weir Trap,500,1
3DD.003E24A54D,NBD-2022-144-001.xml,CHW - Chiwaukum Creek,7/28/2022 10:56:02 PM,7/28/2022 10:57:10 PM,DOWNSTREAM ARRAY,UPSTREAM ARRAY,7/20/2022,7,Bull Trout,R,Resident,W,Wild Fish or Natural Production,TUMFBY - TUM - Release into the Forebay within 0.5 km upstream of Dam,LADDER,Adult Passage Ladder,NA,1
3DD.003E24A5B1,CSS-2024-249-112.xml,CHW - Chiwaukum Creek,6/24/2025 2:40:01 AM,11/2/2025 2:20:00 AM,DOWNSTREAM ARRAY,DOWNSTREAM ARRAY,9/5/2024,7,Bull Trout,R,Resident,W,Wild Fish or Natural Production,"CHIWAT - Chiwawa River Trap, 0.5 km below CHIP acclimation pond",SCREWT,Screw Trap,482,1
3DD.003E24A5B1,CSS-2024-249-112.xml,UWE - Upper Wenatchee River,9/14/2024 4:38:34 AM,9/14/2024 4:38:34 AM,IN-STREAM ARRAY,IN-STREAM ARRAY,9/5/2024,7,Bull Trout,R,Resident,W,Wild Fish or Natural Production,"CHIWAT - Chiwawa River Trap, 0.5 km below CHIP acclimation pond",SCREWT,Screw Trap,482,1
3DD.003E24A5B6,NBD-2024-182-001.xml,CHL - Lower Chiwawa River,9/22/2024 11:02:45 PM,9/22/2024 11:02:58 PM,UPPER IN-STREAM ARRAY,LOWER IN-STREAM ARRAY,7/10/2024,7,Bull Trout,R,Resident,W,Wild Fish or Natural Production,CHIWAR - Chiwawa River,WTRAP,Weir Trap,550,1
3DD.003E24A5B6,NBD-2024-182-001.xml,CHU - Upper Chiwawa River,7/10/2024 8:37:38 PM,9/22/2024 7:43:29 PM,LOWER IN-STREAM ARRAY,LOWER IN-STREAM ARRAY,7/10/2024,7,Bull Trout,R,Resident,W,Wild Fish or Natural Production,CHIWAR - Chiwawa River,WTRAP,Weir Trap,550,1
3DD.003E24A5B6,NBD-2024-182-001.xml,CWT - Chiwawa River Weir Trap Array,7/5/2025 2:24:08 PM,7/5/2025 2:24:08 PM,Single Pass,Single Pass,7/10/2024,7,Bull Trout,R,Resident,W,Wild Fish or Natural Production,CHIWAR - Chiwawa River,WTRAP,Weir Trap,550,1
3DD.003E24A60D,CSS-2022-260-112.xml,CHL - Lower Chiwawa River,9/17/2022 1:13:12 PM,9/17/2022 1:14:39 PM,LOWER IN-STREAM ARRAY,UPPER IN-STREAM ARRAY,9/17/2022,7,Bull Trout,R,Resident,W,Wild Fish or Natural Production,"CHIWAT - Chiwawa River Trap, 0.5 km below CHIP acclimation pond",SCREWT,Screw Trap,208,1
3DD.003E24A6C3,CSS-2024-230-112.xml,NAL - Lower Nason Creek,8/19/2024 9:14:45 PM,8/21/2024 10:07:05 PM,LOWER IN-STREAM ARRAY,UPPER IN-STREAM ARRAY,8/17/2024,7,Bull Trout,R,Resident,W,Wild Fish or Natural Production,"CHIWAT - Chiwawa River Trap, 0.5 km below CHIP acclimation pond",SCREWT,Screw Trap,277,1
3DD.003E24A6C3,CSS-2024-230-112.xml,"WTL - White River, Wenatchee Basin",9/2/2024 12:07:37 PM,10/12/2025 1:10:27 AM,LOWER IN-STREAM ARRAY,LOWER IN-STREAM ARRAY,8/17/2024,7,Bull Trout,R,Resident,W,Wild Fish or Natural Production,"CHIWAT - Chiwawa River Trap, 0.5 km below CHIP acclimation pond",SCREWT,Screw Trap,277,1
3DD.003E24A6C9,CSS-2025-273-112.xml,CHL - Lower Chiwawa River,9/30/2025 10:25:05 AM,9/30/2025 10:25:05 AM,UPPER IN-STREAM ARRAY,UPPER IN-STREAM ARRAY,9/30/2025,7,Bull Trout,R,Resident,W,Wild Fish or Natural Production,"CHIWAT - Chiwawa River Trap, 0.5 km below CHIP acclimation pond",SCREWT,Screw Trap,194,1
3DD.003E24A6FA,CSS-2022-246-112.xml,CHL - Lower Chiwawa River,10/31/2022 8:05:42 PM,10/31/2022 8:27:27 PM,UPPER IN-STREAM ARRAY,UPPER IN-STREAM ARRAY,9/3/2022,7,Bull Trout,R,Resident,W,Wild Fish or Natural Production,"CHIWAT - Chiwawa River Trap, 0.5 km below CHIP acclimation pond",SCREWT,Screw Trap,261,1
3DD.003E24A70C,CSS-2022-259-112.xml,CHL - Lower Chiwawa River,7/1/2025 3:45:38 AM,9/26/2025 8:12:47 PM,LOWER IN-STREAM ARRAY,LOWER IN-STREAM ARRAY,9/16/2022,7,Bull Trout,R,Resident,W,Wild Fish or Natural Production,"CHIWAT - Chiwawa River Trap, 0.5 km below CHIP acclimation pond",SCREWT,Screw Trap,245,1
3DD.003E24A70C,CSS-2022-259-112.xml,CHU - Upper Chiwawa River,7/7/2025 10:12:40 PM,9/25/2025 7:53:07 PM,LOWER IN-STREAM ARRAY,LOWER IN-STREAM ARRAY,9/16/2022,7,Bull Trout,R,Resident,W,Wild Fish or Natural Production,"CHIWAT - Chiwawa River Trap, 0.5 km below CHIP acclimation pond",SCREWT,Screw Trap,245,1
3DD.003E24A70C,CSS-2022-259-112.xml,CWT - Chiwawa River Weir Trap Array,7/2/2025 9:07:58 PM,7/2/2025 9:07:58 PM,Single Pass,Single Pass,9/16/2022,7,Bull Trout,R,Resident,W,Wild Fish or Natural Production,"CHIWAT - Chiwawa River Trap, 0.5 km below CHIP acclimation pond",SCREWT,Screw Trap,245,1
3DD.003E24A70C,CSS-2022-259-112.xml,UWE - Upper Wenatchee River,9/16/2022 11:56:50 PM,9/16/2022 11:56:51 PM,IN-STREAM ARRAY,IN-STREAM ARRAY,9/16/2022,7,Bull Trout,R,Resident,W,Wild Fish or Natural Production,"CHIWAT - Chiwawa River Trap, 0.5 km below CHIP acclimation pond",SCREWT,Screw Trap,245,1
3DD.003E24A71A,NBD-2024-275-001.xml,CHL - Lower Chiwawa River,10/27/2024 5:58:02 PM,10/27/2024 5:58:11 PM,UPPER IN-STREAM ARRAY,LOWER IN-STREAM ARRAY,10/5/2024,7,Bull Trout,R,Resident,W,Wild Fish or Natural Production,CHIWAR - Chiwawa River,SHOCK,Electro-Shock,67,1
3DD.003E24A71A,NBD-2024-275-001.xml,CHU - Upper Chiwawa River,10/24/2024 12:11:44 AM,10/24/2024 12:14:08 AM,UPPER IN-STREAM ARRAY,LOWER IN-STREAM ARRAY,10/5/2024,7,Bull Trout,R,Resident,W,Wild Fish or Natural Production,CHIWAR - Chiwawa River,SHOCK,Electro-Shock,67,1
3DD.003E24A71A,NBD-2024-275-001.xml,CWT - Chiwawa River Weir Trap Array,10/27/2024 5:54:10 PM,10/27/2024 5:54:10 PM,Single Pass,Single Pass,10/5/2024,7,Bull Trout,R,Resident,W,Wild Fish or Natural Production,CHIWAR - Chiwawa River,SHOCK,Electro-Shock,67,1
3DD.003E24A790,CSS-2025-236-112.xml,CHL - Lower Chiwawa River,8/26/2025 8:54:05 PM,9/10/2025 1:10:36 AM,LOWER IN-STREAM ARRAY,LOWER IN-STREAM ARRAY,8/24/2025,7,Bull Trout,R,Resident,W,Wild Fish or Natural Production,"CHIWAT - Chiwawa River Trap, 0.5 km below CHIP acclimation pond",SCREWT,Screw Trap,383,1
3DD.003E24A790,CSS-2025-236-112.xml,CHU - Upper Chiwawa River,8/29/2025 3:33:56 AM,9/9/2025 2:48:36 AM,LOWER IN-STREAM ARRAY,LOWER IN-STREAM ARRAY,8/24/2025,7,Bull Trout,R,Resident,W,Wild Fish or Natural Production,"CHIWAT - Chiwawa River Trap, 0.5 km below CHIP acclimation pond",SCREWT,Screw Trap,383,1
3DD.003E24A790,CSS-2025-236-112.xml,CWT - Chiwawa River Weir Trap Array,8/26/2025 9:17:37 PM,8/26/2025 9:17:37 PM,Single Pass,Single Pass,8/24/2025,7,Bull Trout,R,Resident,W,Wild Fish or Natural Production,"CHIWAT - Chiwawa River Trap, 0.5 km below CHIP acclimation pond",SCREWT,Screw Trap,383,1
3DD.003E24A799,CSS-2024-296-112.xml,CHL - Lower Chiwawa River,10/22/2024 12:20:35 PM,7/25/2025 12:29:19 AM,LOWER IN-STREAM ARRAY,LOWER IN-STREAM ARRAY,10/22/2024,7,Bull Trout,R,Resident,W,Wild Fish or Natural Production,"CHIWAT - Chiwawa River Trap, 0.5 km below CHIP acclimation pond",SCREWT,Screw Trap,211,1
3DD.003E24A799,CSS-2024-296-112.xml,CWT - Chiwawa River Weir Trap Array,10/22/2024 6:13:16 PM,7/24/2025 10:31:47 PM,Single Pass,Single Pass,10/22/2024,7,Bull Trout,R,Resident,W,Wild Fish or Natural Production,"CHIWAT - Chiwawa River Trap, 0.5 km below CHIP acclimation pond",SCREWT,Screw Trap,211,1
3DD.003E24A7A8,NBD-2022-144-001.xml,CHW - Chiwaukum Creek,8/21/2022 9:20:03 PM,8/29/2022 10:04:32 PM,DOWNSTREAM ARRAY,DOWNSTREAM ARRAY,7/26/2022,7,Bull Trout,R,Resident,W,Wild Fish or Natural Production,TUMFBY - TUM - Release into the Forebay within 0.5 km upstream of Dam,LADDER,Adult Passage Ladder,440,1
3DD.003E24A7A8,NBD-2022-144-001.xml,ICL - Lower Icicle Instream Array,10/28/2022 2:02:07 AM,12/27/2022 5:57:43 PM,Downstream Array,Downstream Array,7/26/2022,7,Bull Trout,R,Resident,W,Wild Fish or Natural Production,TUMFBY - TUM - Release into the Forebay within 0.5 km upstream of Dam,LADDER,Adult Passage Ladder,440,1
3DD.003E24A7A8,NBD-2022-144-001.xml,LWE - Lower Wenatchee River,2/20/2023 2:47:18 AM,2/20/2023 2:47:57 AM,DOWNSTREAM ANTENNA ARRAY,UPSTREAM ANTENNA ARRAY,7/26/2022,7,Bull Trout,R,Resident,W,Wild Fish or Natural Production,TUMFBY - TUM - Release into the Forebay within 0.5 km upstream of Dam,LADDER,Adult Passage Ladder,440,1
3DD.003E24A7A8,NBD-2022-144-001.xml,TUF - Tumwater Dam Adult Fishway,6/16/2023 8:27:52 AM,6/16/2023 9:18:00 AM,WEIR 3,WEIR 17,7/26/2022,7,Bull Trout,R,Resident,W,Wild Fish or Natural Production,TUMFBY - TUM - Release into the Forebay within 0.5 km upstream of Dam,LADDER,Adult Passage Ladder,440,1
3DD.003E24A7D1,CSS-2024-271-112.xml,CHL - Lower Chiwawa River,9/26/2025 3:08:29 AM,9/26/2025 3:08:42 AM,UPPER IN-STREAM ARRAY,LOWER IN-STREAM ARRAY,9/27/2024,7,Bull Trout,R,Resident,W,Wild Fish or Natural Production,"CHIWAT - Chiwawa River Trap, 0.5 km below CHIP acclimation pond",SCREWT,Screw Trap,525,1
3DD.003E24A7D1,CSS-2024-271-112.xml,CHU - Upper Chiwawa River,7/20/2025 9:29:15 PM,9/25/2025 11:16:10 PM,LOWER IN-STREAM ARRAY,LOWER IN-STREAM ARRAY,9/27/2024,7,Bull Trout,R,Resident,W,Wild Fish or Natural Production,"CHIWAT - Chiwawa River Trap, 0.5 km below CHIP acclimation pond",SCREWT,Screw Trap,525,1
3DD.003E24A7D1,CSS-2024-271-112.xml,CWT - Chiwawa River Weir Trap Array,7/18/2025 9:48:58 PM,7/18/2025 9:48:58 PM,Single Pass,Single Pass,9/27/2024,7,Bull Trout,R,Resident,W,Wild Fish or Natural Production,"CHIWAT - Chiwawa River Trap, 0.5 km below CHIP acclimation pond",SCREWT,Screw Trap,525,1
3DD.003E24A832,CSS-2024-251-112.xml,UWE - Upper Wenatchee River,9/8/2024 1:39:32 AM,9/8/2024 1:39:32 AM,IN-STREAM ARRAY,IN-STREAM ARRAY,9/7/2024,7,Bull Trout,R,Resident,W,Wild Fish or Natural Production,"CHIWAT - Chiwawa River Trap, 0.5 km below CHIP acclimation pond",SCREWT,Screw Trap,239,1
3DD.003E24A840,NBD-2024-182-001.xml,CHL - Lower Chiwawa River,7/31/2024 1:47:08 AM,6/23/2025 10:44:16 PM,LOWER IN-STREAM ARRAY,LOWER IN-STREAM ARRAY,7/1/2024,7,Bull Trout,R,Resident,W,Wild Fish or Natural Production,CHIWAR - Chiwawa River,WTRAP,Weir Trap,460,1
3DD.003E24A840,NBD-2024-182-001.xml,CHU - Upper Chiwawa River,7/2/2024 8:49:23 AM,6/29/2025 3:19:23 AM,LOWER IN-STREAM ARRAY,UPPER IN-STREAM ARRAY,7/1/2024,7,Bull Trout,R,Resident,W,Wild Fish or Natural Production,CHIWAR - Chiwawa River,WTRAP,Weir Trap,460,1
3DD.003E24A840,NBD-2024-182-001.xml,CWT - Chiwawa River Weir Trap Array,6/23/2025 11:16:35 PM,6/23/2025 11:17:34 PM,Single Pass,Single Pass,7/1/2024,7,Bull Trout,R,Resident,W,Wild Fish or Natural Production,CHIWAR - Chiwawa River,WTRAP,Weir Trap,460,1
3DD.003E24A840,NBD-2024-182-001.xml,UWE - Upper Wenatchee River,7/31/2024 10:24:54 PM,7/31/2024 10:24:54 PM,IN-STREAM ARRAY,IN-STREAM ARRAY,7/1/2024,7,Bull Trout,R,Resident,W,Wild Fish or Natural Production,CHIWAR - Chiwawa River,WTRAP,Weir Trap,460,1
3DD.003E24A987,NBD-2024-182-001.xml,CHL - Lower Chiwawa River,10/3/2024 11:37:38 PM,9/29/2025 12:59:27 AM,UPPER IN-STREAM ARRAY,LOWER IN-STREAM ARRAY,7/9/2024,7,Bull Trout,R,Resident,W,Wild Fish or Natural Production,CHIWAR - Chiwawa River,WTRAP,Weir Trap,500,1
3DD.003E24A987,NBD-2024-182-001.xml,CHU - Upper Chiwawa River,7/21/2024 11:18:07 PM,9/27/2025 9:00:12 PM,LOWER IN-STREAM ARRAY,LOWER IN-STREAM ARRAY,7/9/2024,7,Bull Trout,R,Resident,W,Wild Fish or Natural Production,CHIWAR - Chiwawa River,WTRAP,Weir Trap,500,1
3DD.003E24A987,NBD-2024-182-001.xml,CWT - Chiwawa River Weir Trap Array,10/3/2024 11:27:30 PM,9/28/2025 9:45:02 PM,Single Pass,Single Pass,7/9/2024,7,Bull Trout,R,Resident,W,Wild Fish or Natural Production,CHIWAR - Chiwawa River,WTRAP,Weir Trap,500,1
3DD.003E24AA1F,CSS-2024-248-112.xml,UWE - Upper Wenatchee River,9/5/2024 7:53:08 PM,9/5/2024 7:53:08 PM,IN-STREAM ARRAY,IN-STREAM ARRAY,9/4/2024,7,Bull Trout,R,Resident,W,Wild Fish or Natural Production,"CHIWAT - Chiwawa River Trap, 0.5 km below CHIP acclimation pond",SCREWT,Screw Trap,211,1
3DD.003E24B364,CSS-2025-264-112.xml,CHL - Lower Chiwawa River,9/21/2025 9:10:17 AM,9/21/2025 9:11:01 AM,LOWER IN-STREAM ARRAY,UPPER IN-STREAM ARRAY,9/21/2025,7,Bull Trout,R,Resident,W,Wild Fish or Natural Production,"CHIWAT - Chiwawa River Trap, 0.5 km below CHIP acclimation pond",SCREWT,Screw Trap,282,1
3DD.003E24B364,CSS-2025-264-112.xml,CWT - Chiwawa River Weir Trap Array,9/21/2025 7:04:22 PM,9/21/2025 7:04:22 PM,Single Pass,Single Pass,9/21/2025,7,Bull Trout,R,Resident,W,Wild Fish or Natural Production,"CHIWAT - Chiwawa River Trap, 0.5 km below CHIP acclimation pond",SCREWT,Screw Trap,282,1
3DD.003E24B379,CSS-2025-294-112.xml,CHL - Lower Chiwawa River,10/21/2025 6:14:38 PM,10/21/2025 6:31:20 PM,LOWER IN-STREAM ARRAY,LOWER IN-STREAM ARRAY,10/21/2025,7,Bull Trout,R,Resident,W,Wild Fish or Natural Production,"CHIWAT - Chiwawa River Trap, 0.5 km below CHIP acclimation pond",SCREWT,Screw Trap,248,1
3DD.003E24B4C0,CSS-2025-266-112.xml,"WTL - White River, Wenatchee Basin",10/3/2025 8:24:42 PM,10/29/2025 2:28:31 AM,LOWER IN-STREAM ARRAY,UPPER IN-STREAM ARRAY,9/23/2025,7,Bull Trout,R,Resident,W,Wild Fish or Natural Production,"CHIWAT - Chiwawa River Trap, 0.5 km below CHIP acclimation pond",SCREWT,Screw Trap,520,1
3DD.003E24B54E,CSS-2024-254-112.xml,UWE - Upper Wenatchee River,9/10/2024 11:47:44 PM,9/10/2024 11:47:44 PM,IN-STREAM ARRAY,IN-STREAM ARRAY,9/10/2024,7,Bull Trout,R,Resident,W,Wild Fish or Natural Production,"CHIWAT - Chiwawa River Trap, 0.5 km below CHIP acclimation pond",SCREWT,Screw Trap,220,1
3DD.003E24B562,CSS-2024-241-112.xml,CHL - Lower Chiwawa River,8/28/2024 10:14:28 AM,8/29/2024 7:27:31 PM,LOWER IN-STREAM ARRAY,LOWER IN-STREAM ARRAY,8/28/2024,7,Bull Trout,R,Resident,W,Wild Fish or Natural Production,"CHIWAT - Chiwawa River Trap, 0.5 km below CHIP acclimation pond",SCREWT,Screw Trap,239,1
3DD.003E24B562,CSS-2024-241-112.xml,UWE - Upper Wenatchee River,8/29/2024 11:31:10 PM,8/29/2024 11:31:10 PM,IN-STREAM ARRAY,IN-STREAM ARRAY,8/28/2024,7,Bull Trout,R,Resident,W,Wild Fish or Natural Production,"CHIWAT - Chiwawa River Trap, 0.5 km below CHIP acclimation pond",SCREWT,Screw Trap,239,1
3DD.003E24B576,CSS-2024-251-112.xml,CHL - Lower Chiwawa River,7/13/2025 9:18:19 PM,8/20/2025 1:52:56 AM,LOWER IN-STREAM ARRAY,LOWER IN-STREAM ARRAY,9/7/2024,7,Bull Trout,R,Resident,W,Wild Fish or Natural Production,"CHIWAT - Chiwawa River Trap, 0.5 km below CHIP acclimation pond",SCREWT,Screw Trap,228,1
3DD.003E24B576,CSS-2024-251-112.xml,CHU - Upper Chiwawa River,7/31/2025 2:04:55 AM,8/19/2025 9:24:53 PM,UPPER IN-STREAM ARRAY,LOWER IN-STREAM ARRAY,9/7/2024,7,Bull Trout,R,Resident,W,Wild Fish or Natural Production,"CHIWAT - Chiwawa River Trap, 0.5 km below CHIP acclimation pond",SCREWT,Screw Trap,228,1
3DD.003E24B576,CSS-2024-251-112.xml,CWT - Chiwawa River Weir Trap Array,7/13/2025 10:00:33 PM,7/13/2025 10:00:33 PM,Single Pass,Single Pass,9/7/2024,7,Bull Trout,R,Resident,W,Wild Fish or Natural Production,"CHIWAT - Chiwawa River Trap, 0.5 km below CHIP acclimation pond",SCREWT,Screw Trap,228,1
3DD.003E24B576,CSS-2024-251-112.xml,TUF - Tumwater Dam Adult Fishway,7/7/2025 6:11:10 PM,7/7/2025 6:57:27 PM,High Flow Ladder Entrance,WEIR 17,9/7/2024,7,Bull Trout,R,Resident,W,Wild Fish or Natural Production,"CHIWAT - Chiwawa River Trap, 0.5 km below CHIP acclimation pond",SCREWT,Screw Trap,228,1
3DD.003E24B596,CSS-2025-241-112.xml,CHL - Lower Chiwawa River,8/29/2025 7:22:56 PM,9/23/2025 6:33:45 PM,LOWER IN-STREAM ARRAY,LOWER IN-STREAM ARRAY,8/29/2025,7,Bull Trout,R,Resident,W,Wild Fish or Natural Production,"CHIWAT - Chiwawa River Trap, 0.5 km below CHIP acclimation pond",SCREWT,Screw Trap,284,1
3DD.003E24B596,CSS-2025-241-112.xml,CWT - Chiwawa River Weir Trap Array,8/29/2025 7:52:43 PM,9/23/2025 1:27:06 AM,Single Pass,Single Pass,8/29/2025,7,Bull Trout,R,Resident,W,Wild Fish or Natural Production,"CHIWAT - Chiwawa River Trap, 0.5 km below CHIP acclimation pond",SCREWT,Screw Trap,284,1
3DD.003E24B60B,NBD-2024-182-001.xml,CHU - Upper Chiwawa River,7/12/2024 4:16:13 PM,7/19/2024 9:21:40 PM,LOWER IN-STREAM ARRAY,LOWER IN-STREAM ARRAY,7/12/2024,7,Bull Trout,R,Resident,W,Wild Fish or Natural Production,CHIWAR - Chiwawa River,WTRAP,Weir Trap,460,1
3DD.003E24B62A,CSS-2024-326-112.xml,CWT - Chiwawa River Weir Trap Array,11/25/2024 3:01:57 AM,3/21/2025 11:30:13 PM,Single Pass,Single Pass,11/21/2024,7,Bull Trout,R,Resident,W,Wild Fish or Natural Production,"CHIWAT - Chiwawa River Trap, 0.5 km below CHIP acclimation pond",SCREWT,Screw Trap,193,1
3DD.003E24B6D2,NBD-2022-144-001.xml,CHW - Chiwaukum Creek,8/2/2022 3:02:36 AM,7/13/2024 3:01:35 AM,DOWNSTREAM ARRAY,UPSTREAM ARRAY,7/26/2022,7,Bull Trout,R,Resident,W,Wild Fish or Natural Production,TUMFBY - TUM - Release into the Forebay within 0.5 km upstream of Dam,LADDER,Adult Passage Ladder,320,1
3DD.003E24B6D2,NBD-2022-144-001.xml,LWE - Lower Wenatchee River,1/26/2023 12:38:07 AM,3/9/2023 5:12:56 AM,UPSTREAM ANTENNA ARRAY,UPSTREAM ANTENNA ARRAY,7/26/2022,7,Bull Trout,R,Resident,W,Wild Fish or Natural Production,TUMFBY - TUM - Release into the Forebay within 0.5 km upstream of Dam,LADDER,Adult Passage Ladder,320,1
3DD.003E24B6D2,NBD-2022-144-001.xml,TUF - Tumwater Dam Adult Fishway,6/26/2023 5:54:13 PM,7/5/2024 8:11:17 PM,WEIR 3,WEIR 17,7/26/2022,7,Bull Trout,R,Resident,W,Wild Fish or Natural Production,TUMFBY - TUM - Release into the Forebay within 0.5 km upstream of Dam,LADDER,Adult Passage Ladder,320,1
3DD.003E24B7DD,CSS-2024-243-112.xml,UWE - Upper Wenatchee River,8/31/2024 7:50:12 PM,8/31/2024 7:50:12 PM,IN-STREAM ARRAY,IN-STREAM ARRAY,8/30/2024,7,Bull Trout,R,Resident,W,Wild Fish or Natural Production,"CHIWAT - Chiwawa River Trap, 0.5 km below CHIP acclimation pond",SCREWT,Screw Trap,223,1
3DD.003E24B8B2,CSS-2022-246-112.xml,UWE - Upper Wenatchee River,9/5/2022 4:08:31 AM,7/31/2024 2:00:19 AM,IN-STREAM ARRAY,IN-STREAM ARRAY,9/3/2022,7,Bull Trout,R,Resident,W,Wild Fish or Natural Production,"CHIWAT - Chiwawa River Trap, 0.5 km below CHIP acclimation pond",SCREWT,Screw Trap,284,1
3DD.003E24B8C6,CSS-2025-259-112.xml,CHL - Lower Chiwawa River,9/16/2025 3:15:24 PM,11/5/2025 5:54:22 PM,LOWER IN-STREAM ARRAY,LOWER IN-STREAM ARRAY,9/16/2025,7,Bull Trout,R,Resident,W,Wild Fish or Natural Production,"CHIWAT - Chiwawa River Trap, 0.5 km below CHIP acclimation pond",SCREWT,Screw Trap,298,1
3DD.003E24B8C6,CSS-2025-259-112.xml,CHU - Upper Chiwawa River,11/4/2025 4:16:02 AM,11/4/2025 4:16:09 AM,UPPER IN-STREAM ARRAY,LOWER IN-STREAM ARRAY,9/16/2025,7,Bull Trout,R,Resident,W,Wild Fish or Natural Production,"CHIWAT - Chiwawa River Trap, 0.5 km below CHIP acclimation pond",SCREWT,Screw Trap,298,1
3DD.003E24B8C6,CSS-2025-259-112.xml,CWT - Chiwawa River Weir Trap Array,9/16/2025 6:45:03 PM,11/5/2025 6:35:26 AM,Single Pass,Single Pass,9/16/2025,7,Bull Trout,R,Resident,W,Wild Fish or Natural Production,"CHIWAT - Chiwawa River Trap, 0.5 km below CHIP acclimation pond",SCREWT,Screw Trap,298,1
3DD.003E24B8CA,CSS-2024-242-112.xml,UWE - Upper Wenatchee River,8/31/2024 5:46:18 AM,8/31/2024 5:46:18 AM,IN-STREAM ARRAY,IN-STREAM ARRAY,8/29/2024,7,Bull Trout,R,Resident,W,Wild Fish or Natural Production,"CHIWAT - Chiwawa River Trap, 0.5 km below CHIP acclimation pond",SCREWT,Screw Trap,203,1
3DD.003E24B8E0,NBD-2024-182-001.xml,CHL - Lower Chiwawa River,10/4/2024 7:22:23 PM,9/27/2025 12:01:51 AM,LOWER IN-STREAM ARRAY,UPPER IN-STREAM ARRAY,7/10/2024,7,Bull Trout,R,Resident,W,Wild Fish or Natural Production,CHIWAR - Chiwawa River,WTRAP,Weir Trap,490,1
3DD.003E24B8E0,NBD-2024-182-001.xml,CHU - Upper Chiwawa River,7/20/2024 10:25:59 PM,9/26/2025 6:37:38 PM,LOWER IN-STREAM ARRAY,LOWER IN-STREAM ARRAY,7/10/2024,7,Bull Trout,R,Resident,W,Wild Fish or Natural Production,CHIWAR - Chiwawa River,WTRAP,Weir Trap,490,1
3DD.003E24B8E0,NBD-2024-182-001.xml,CWT - Chiwawa River Weir Trap Array,10/4/2024 7:15:57 PM,7/26/2025 1:13:11 AM,Single Pass,Single Pass,7/10/2024,7,Bull Trout,R,Resident,W,Wild Fish or Natural Production,CHIWAR - Chiwawa River,WTRAP,Weir Trap,490,1
3DD.003E24B93C,NBD-2022-144-001.xml,CHW - Chiwaukum Creek,7/29/2022 1:58:00 AM,10/31/2022 1:49:01 PM,DOWNSTREAM ARRAY,DOWNSTREAM ARRAY,7/20/2022,7,Bull Trout,R,Resident,W,Wild Fish or Natural Production,TUMFBY - TUM - Release into the Forebay within 0.5 km upstream of Dam,LADDER,Adult Passage Ladder,NA,1
3DD.003E24B9DE,NBD-2024-182-001.xml,CHL - Lower Chiwawa River,10/1/2024 1:10:01 AM,10/3/2025 11:21:03 PM,LOWER IN-STREAM ARRAY,LOWER IN-STREAM ARRAY,7/10/2024,7,Bull Trout,R,Resident,W,Wild Fish or Natural Production,CHIWAR - Chiwawa River,WTRAP,Weir Trap,590,1
3DD.003E24B9DE,NBD-2024-182-001.xml,CHU - Upper Chiwawa River,7/14/2024 10:33:57 PM,10/3/2025 3:05:06 AM,LOWER IN-STREAM ARRAY,LOWER IN-STREAM ARRAY,7/10/2024,7,Bull Trout,R,Resident,W,Wild Fish or Natural Production,CHIWAR - Chiwawa River,WTRAP,Weir Trap,590,1
3DD.003E24B9DE,NBD-2024-182-001.xml,CWT - Chiwawa River Weir Trap Array,10/3/2025 11:06:00 PM,10/3/2025 11:06:00 PM,Single Pass,Single Pass,7/10/2024,7,Bull Trout,R,Resident,W,Wild Fish or Natural Production,CHIWAR - Chiwawa River,WTRAP,Weir Trap,590,1
3DD.003E24B9DE,NBD-2024-182-001.xml,UWE - Upper Wenatchee River,10/1/2024 9:26:38 PM,10/1/2024 9:26:38 PM,IN-STREAM ARRAY,IN-STREAM ARRAY,7/10/2024,7,Bull Trout,R,Resident,W,Wild Fish or Natural Production,CHIWAR - Chiwawa River,WTRAP,Weir Trap,590,1
3DD.003E24B9F9,NBD-2024-182-001.xml,CHL - Lower Chiwawa River,9/26/2024 9:14:01 PM,9/27/2025 3:02:18 AM,LOWER IN-STREAM ARRAY,LOWER IN-STREAM ARRAY,7/1/2024,7,Bull Trout,R,Resident,W,Wild Fish or Natural Production,CHIWAR - Chiwawa River,WTRAP,Weir Trap,510,1
3DD.003E24B9F9,NBD-2024-182-001.xml,CHU - Upper Chiwawa River,7/8/2024 10:43:00 PM,9/25/2025 10:39:23 PM,LOWER IN-STREAM ARRAY,LOWER IN-STREAM ARRAY,7/1/2024,7,Bull Trout,R,Resident,W,Wild Fish or Natural Production,CHIWAR - Chiwawa River,WTRAP,Weir Trap,510,1
3DD.003E24B9F9,NBD-2024-182-001.xml,CWT - Chiwawa River Weir Trap Array,6/18/2025 11:48:11 PM,9/27/2025 2:57:23 AM,Single Pass,Single Pass,7/1/2024,7,Bull Trout,R,Resident,W,Wild Fish or Natural Production,CHIWAR - Chiwawa River,WTRAP,Weir Trap,510,1
3DD.003E24B9F9,NBD-2024-182-001.xml,NAL - Lower Nason Creek,3/8/2026 3:58:46 AM,3/8/2026 4:04:33 AM,LOWER IN-STREAM ARRAY,LOWER IN-STREAM ARRAY,7/1/2024,7,Bull Trout,R,Resident,W,Wild Fish or Natural Production,CHIWAR - Chiwawa River,WTRAP,Weir Trap,510,1
3DD.003E24BA6C,CSS-2022-259-112.xml,UWE - Upper Wenatchee River,9/16/2022 11:34:55 PM,9/16/2022 11:34:56 PM,IN-STREAM ARRAY,IN-STREAM ARRAY,9/16/2022,7,Bull Trout,R,Resident,W,Wild Fish or Natural Production,"CHIWAT - Chiwawa River Trap, 0.5 km below CHIP acclimation pond",SCREWT,Screw Trap,201,1
3DD.003E24BAB2,CSS-2024-254-112.xml,CHL - Lower Chiwawa River,9/10/2024 6:48:09 PM,9/10/2024 6:51:19 PM,LOWER IN-STREAM ARRAY,UPPER IN-STREAM ARRAY,9/10/2024,7,Bull Trout,R,Resident,W,Wild Fish or Natural Production,"CHIWAT - Chiwawa River Trap, 0.5 km below CHIP acclimation pond",SCREWT,Screw Trap,196,1
3DD.003E24BAB2,CSS-2024-254-112.xml,CWT - Chiwawa River Weir Trap Array,3/28/2025 7:52:30 PM,3/28/2025 7:52:30 PM,Single Pass,Single Pass,9/10/2024,7,Bull Trout,R,Resident,W,Wild Fish or Natural Production,"CHIWAT - Chiwawa River Trap, 0.5 km below CHIP acclimation pond",SCREWT,Screw Trap,196,1
3DD.003E24BAFD,CSS-2025-297-112.xml,CHL - Lower Chiwawa River,10/24/2025 9:00:16 AM,10/25/2025 6:31:24 PM,LOWER IN-STREAM ARRAY,LOWER IN-STREAM ARRAY,10/24/2025,7,Bull Trout,R,Resident,W,Wild Fish or Natural Production,"CHIWAT - Chiwawa River Trap, 0.5 km below CHIP acclimation pond",SCREWT,Screw Trap,215,1
3DD.003E24BAFD,CSS-2025-297-112.xml,CWT - Chiwawa River Weir Trap Array,10/24/2025 10:22:37 PM,11/19/2025 4:49:50 PM,Single Pass,Single Pass,10/24/2025,7,Bull Trout,R,Resident,W,Wild Fish or Natural Production,"CHIWAT - Chiwawa River Trap, 0.5 km below CHIP acclimation pond",SCREWT,Screw Trap,215,1
3DD.003E24BB02,NBD-2024-182-001.xml,CHL - Lower Chiwawa River,9/29/2024 6:59:00 PM,10/8/2025 7:58:11 PM,LOWER IN-STREAM ARRAY,LOWER IN-STREAM ARRAY,7/10/2024,7,Bull Trout,R,Resident,W,Wild Fish or Natural Production,CHIWAR - Chiwawa River,WTRAP,Weir Trap,510,1
3DD.003E24BB02,NBD-2024-182-001.xml,CHU - Upper Chiwawa River,9/28/2024 9:38:34 PM,10/7/2025 11:38:46 PM,UPPER IN-STREAM ARRAY,LOWER IN-STREAM ARRAY,7/10/2024,7,Bull Trout,R,Resident,W,Wild Fish or Natural Production,CHIWAR - Chiwawa River,WTRAP,Weir Trap,510,1
3DD.003E24BB02,NBD-2024-182-001.xml,CWT - Chiwawa River Weir Trap Array,7/27/2025 12:19:11 AM,7/27/2025 12:19:11 AM,Single Pass,Single Pass,7/10/2024,7,Bull Trout,R,Resident,W,Wild Fish or Natural Production,CHIWAR - Chiwawa River,WTRAP,Weir Trap,510,1
3DD.003E24BB02,NBD-2024-182-001.xml,"WTL - White River, Wenatchee Basin",6/25/2025 2:44:11 AM,7/16/2025 1:48:41 PM,LOWER IN-STREAM ARRAY,UPPER IN-STREAM ARRAY,7/10/2024,7,Bull Trout,R,Resident,W,Wild Fish or Natural Production,CHIWAR - Chiwawa River,WTRAP,Weir Trap,510,1
3DD.003E24BB0A,CSS-2025-233-112.xml,CHL - Lower Chiwawa River,8/21/2025 11:29:19 AM,8/21/2025 11:30:33 AM,LOWER IN-STREAM ARRAY,UPPER IN-STREAM ARRAY,8/21/2025,7,Bull Trout,R,Resident,W,Wild Fish or Natural Production,"CHIWAT - Chiwawa River Trap, 0.5 km below CHIP acclimation pond",SCREWT,Screw Trap,272,1
3DD.003E24BB0A,CSS-2025-233-112.xml,CHU - Upper Chiwawa River,8/23/2025 2:18:01 AM,8/23/2025 2:18:39 AM,LOWER IN-STREAM ARRAY,UPPER IN-STREAM ARRAY,8/21/2025,7,Bull Trout,R,Resident,W,Wild Fish or Natural Production,"CHIWAT - Chiwawa River Trap, 0.5 km below CHIP acclimation pond",SCREWT,Screw Trap,272,1
3DD.003E24BB0A,CSS-2025-233-112.xml,CWT - Chiwawa River Weir Trap Array,8/21/2025 7:30:00 PM,8/21/2025 7:30:00 PM,Single Pass,Single Pass,8/21/2025,7,Bull Trout,R,Resident,W,Wild Fish or Natural Production,"CHIWAT - Chiwawa River Trap, 0.5 km below CHIP acclimation pond",SCREWT,Screw Trap,272,1
3DD.003E24BB1C,CSS-2024-302-112.xml,LWN - Little Wenatchee River,6/9/2025 9:59:25 AM,7/29/2025 11:06:08 PM,UPPER IN-STREAM ARRAY,UPPER IN-STREAM ARRAY,10/28/2024,7,Bull Trout,R,Resident,W,Wild Fish or Natural Production,"CHIWAT - Chiwawa River Trap, 0.5 km below CHIP acclimation pond",SCREWT,Screw Trap,251,1
3DD.003E24BB6D,NBD-2022-144-001.xml,CHW - Chiwaukum Creek,7/26/2022 3:23:30 AM,10/13/2022 7:46:24 PM,UPSTREAM ARRAY,DOWNSTREAM ARRAY,7/12/2022,7,Bull Trout,R,Resident,W,Wild Fish or Natural Production,TUMFBY - TUM - Release into the Forebay within 0.5 km upstream of Dam,LADDER,Adult Passage Ladder,360,1
3DD.003E24BB6D,NBD-2022-144-001.xml,TUF - Tumwater Dam Adult Fishway,7/15/2022 2:42:37 PM,7/17/2022 2:48:30 PM,WEIR 3,WEIR 17,7/12/2022,7,Bull Trout,R,Resident,W,Wild Fish or Natural Production,TUMFBY - TUM - Release into the Forebay within 0.5 km upstream of Dam,LADDER,Adult Passage Ladder,360,1
3DD.003E24BBD0,NBD-2022-144-001.xml,CHW - Chiwaukum Creek,6/11/2023 4:09:33 AM,6/21/2024 11:41:46 PM,UPSTREAM ARRAY,UPSTREAM ARRAY,7/29/2022,7,Bull Trout,R,Resident,W,Wild Fish or Natural Production,TUMFBY - TUM - Release into the Forebay within 0.5 km upstream of Dam,LADDER,Adult Passage Ladder,440,1
3DD.003E24BC4F,NBD-2024-182-001.xml,CHU - Upper Chiwawa River,7/1/2024 12:17:21 PM,7/1/2024 12:31:52 PM,LOWER IN-STREAM ARRAY,LOWER IN-STREAM ARRAY,7/1/2024,7,Bull Trout,R,Resident,W,Wild Fish or Natural Production,CHIWAR - Chiwawa River,WTRAP,Weir Trap,470,1
3DD.003E24BC9B,NBD-2024-182-001.xml,CHL - Lower Chiwawa River,9/18/2024 8:34:22 PM,9/19/2025 7:55:49 PM,UPPER IN-STREAM ARRAY,LOWER IN-STREAM ARRAY,7/1/2024,7,Bull Trout,R,Resident,W,Wild Fish or Natural Production,CHIWAR - Chiwawa River,WTRAP,Weir Trap,560,1
3DD.003E24BC9B,NBD-2024-182-001.xml,CHU - Upper Chiwawa River,7/5/2024 3:20:52 AM,9/19/2025 2:33:54 AM,UPPER IN-STREAM ARRAY,LOWER IN-STREAM ARRAY,7/1/2024,7,Bull Trout,R,Resident,W,Wild Fish or Natural Production,CHIWAR - Chiwawa River,WTRAP,Weir Trap,560,1
3DD.003E24BC9B,NBD-2024-182-001.xml,CWT - Chiwawa River Weir Trap Array,6/1/2025 2:34:47 PM,9/19/2025 7:48:13 PM,Single Pass,Single Pass,7/1/2024,7,Bull Trout,R,Resident,W,Wild Fish or Natural Production,CHIWAR - Chiwawa River,WTRAP,Weir Trap,560,1
3DD.003E24BCC1,NBD-2024-182-001.xml,CHL - Lower Chiwawa River,9/27/2024 9:50:38 PM,9/26/2025 3:50:44 AM,LOWER IN-STREAM ARRAY,LOWER IN-STREAM ARRAY,7/1/2024,7,Bull Trout,R,Resident,W,Wild Fish or Natural Production,CHIWAR - Chiwawa River,WTRAP,Weir Trap,410,1
3DD.003E24BCC1,NBD-2024-182-001.xml,CHU - Upper Chiwawa River,9/25/2024 12:21:03 AM,9/25/2025 10:01:22 PM,UPPER IN-STREAM ARRAY,LOWER IN-STREAM ARRAY,7/1/2024,7,Bull Trout,R,Resident,W,Wild Fish or Natural Production,CHIWAR - Chiwawa River,WTRAP,Weir Trap,410,1
3DD.003E24BCC1,NBD-2024-182-001.xml,CWT - Chiwawa River Weir Trap Array,6/24/2025 2:18:01 AM,6/24/2025 2:18:01 AM,Single Pass,Single Pass,7/1/2024,7,Bull Trout,R,Resident,W,Wild Fish or Natural Production,CHIWAR - Chiwawa River,WTRAP,Weir Trap,410,1
3DD.003E24BCF5,CSS-2022-240-112.xml,CHL - Lower Chiwawa River,8/28/2022 1:26:08 PM,8/28/2022 1:26:08 PM,LOWER IN-STREAM ARRAY,LOWER IN-STREAM ARRAY,8/28/2022,7,Bull Trout,R,Resident,W,Wild Fish or Natural Production,"CHIWAT - Chiwawa River Trap, 0.5 km below CHIP acclimation pond",SCREWT,Screw Trap,262,1
3DD.003E24BE1C,NBD-2024-182-001.xml,CHL - Lower Chiwawa River,9/26/2024 12:19:27 AM,9/27/2024 8:16:35 PM,LOWER IN-STREAM ARRAY,LOWER IN-STREAM ARRAY,7/12/2024,7,Bull Trout,R,Resident,W,Wild Fish or Natural Production,CHIWAR - Chiwawa River,WTRAP,Weir Trap,510,1
3DD.003E24BE1C,NBD-2024-182-001.xml,CHU - Upper Chiwawa River,7/12/2024 12:36:55 PM,9/25/2024 7:11:27 PM,LOWER IN-STREAM ARRAY,LOWER IN-STREAM ARRAY,7/12/2024,7,Bull Trout,R,Resident,W,Wild Fish or Natural Production,CHIWAR - Chiwawa River,WTRAP,Weir Trap,510,1
3DD.003E24BE9A,CSS-2024-303-112.xml,CWT - Chiwawa River Weir Trap Array,10/29/2024 6:51:43 PM,10/29/2024 6:51:43 PM,Single Pass,Single Pass,10/29/2024,7,Bull Trout,R,Resident,W,Wild Fish or Natural Production,"CHIWAT - Chiwawa River Trap, 0.5 km below CHIP acclimation pond",SCREWT,Screw Trap,211,1
3DD.003E24BE9C,NBD-2024-275-001.xml,CHL - Lower Chiwawa River,10/4/2025 4:49:28 AM,10/4/2025 4:49:35 AM,UPPER IN-STREAM ARRAY,LOWER IN-STREAM ARRAY,10/4/2024,7,Bull Trout,R,Resident,W,Wild Fish or Natural Production,CHIWAR - Chiwawa River,SHOCK,Electro-Shock,152,1
3DD.003E24BE9C,NBD-2024-275-001.xml,CHU - Upper Chiwawa River,10/3/2025 3:16:13 AM,10/3/2025 3:16:13 AM,LOWER IN-STREAM ARRAY,LOWER IN-STREAM ARRAY,10/4/2024,7,Bull Trout,R,Resident,W,Wild Fish or Natural Production,CHIWAR - Chiwawa River,SHOCK,Electro-Shock,152,1
3DD.003E24BF14,CSS-2024-255-112.xml,CHW - Chiwaukum Creek,6/18/2025 4:10:25 AM,6/21/2025 3:56:08 AM,DOWNSTREAM ARRAY,DOWNSTREAM ARRAY,9/11/2024,7,Bull Trout,R,Resident,W,Wild Fish or Natural Production,"CHIWAT - Chiwawa River Trap, 0.5 km below CHIP acclimation pond",SCREWT,Screw Trap,470,1
3DD.003E24BF90,CSS-2024-299-112.xml,CHL - Lower Chiwawa River,10/19/2025 1:01:00 AM,10/19/2025 1:01:00 AM,LOWER IN-STREAM ARRAY,LOWER IN-STREAM ARRAY,10/25/2024,7,Bull Trout,R,Resident,W,Wild Fish or Natural Production,"CHIWAT - Chiwawa River Trap, 0.5 km below CHIP acclimation pond",SCREWT,Screw Trap,376,1
3DD.003E24BF90,CSS-2024-299-112.xml,CHU - Upper Chiwawa River,10/18/2025 8:56:43 PM,10/18/2025 8:56:43 PM,UPPER IN-STREAM ARRAY,UPPER IN-STREAM ARRAY,10/25/2024,7,Bull Trout,R,Resident,W,Wild Fish or Natural Production,"CHIWAT - Chiwawa River Trap, 0.5 km below CHIP acclimation pond",SCREWT,Screw Trap,376,1
3DD.003E24C068,NBD-2022-144-001.xml,CHW - Chiwaukum Creek,8/5/2022 10:16:34 PM,10/31/2022 12:52:37 PM,DOWNSTREAM ARRAY,DOWNSTREAM ARRAY,7/14/2022,7,Bull Trout,R,Resident,W,Wild Fish or Natural Production,TUMFBY - TUM - Release into the Forebay within 0.5 km upstream of Dam,LADDER,Adult Passage Ladder,550,1
3DD.003E24C068,NBD-2022-144-001.xml,LWE - Lower Wenatchee River,11/19/2022 12:34:06 AM,11/19/2022 12:34:06 AM,DOWNSTREAM ANTENNA ARRAY,DOWNSTREAM ANTENNA ARRAY,7/14/2022,7,Bull Trout,R,Resident,W,Wild Fish or Natural Production,TUMFBY - TUM - Release into the Forebay within 0.5 km upstream of Dam,LADDER,Adult Passage Ladder,550,1
3DD.003E24C0AD,CSS-2025-252-112.xml,CHL - Lower Chiwawa River,9/9/2025 9:15:51 AM,9/9/2025 9:16:17 AM,LOWER IN-STREAM ARRAY,UPPER IN-STREAM ARRAY,9/9/2025,7,Bull Trout,R,Resident,W,Wild Fish or Natural Production,"CHIWAT - Chiwawa River Trap, 0.5 km below CHIP acclimation pond",SCREWT,Screw Trap,278,1
3DD.003E24C0AD,CSS-2025-252-112.xml,CWT - Chiwawa River Weir Trap Array,9/9/2025 7:07:02 PM,9/9/2025 7:07:02 PM,Single Pass,Single Pass,9/9/2025,7,Bull Trout,R,Resident,W,Wild Fish or Natural Production,"CHIWAT - Chiwawa River Trap, 0.5 km below CHIP acclimation pond",SCREWT,Screw Trap,278,1
3DD.003E24C120,NBD-2024-275-001.xml,CHL - Lower Chiwawa River,6/26/2025 1:08:14 AM,6/26/2025 1:08:14 AM,LOWER IN-STREAM ARRAY,LOWER IN-STREAM ARRAY,11/4/2024,7,Bull Trout,R,Resident,W,Wild Fish or Natural Production,CHIWAR - Chiwawa River,SHOCK,Electro-Shock,101,1
3DD.003E24C12B,CSS-2025-283-112.xml,CHL - Lower Chiwawa River,10/11/2025 10:36:01 AM,10/11/2025 10:36:40 AM,LOWER IN-STREAM ARRAY,UPPER IN-STREAM ARRAY,10/10/2025,7,Bull Trout,R,Resident,W,Wild Fish or Natural Production,"CHIWAT - Chiwawa River Trap, 0.5 km below CHIP acclimation pond",SCREWT,Screw Trap,269,1
3DD.003E24C12B,CSS-2025-283-112.xml,CWT - Chiwawa River Weir Trap Array,10/11/2025 12:06:52 PM,10/11/2025 12:06:52 PM,Single Pass,Single Pass,10/10/2025,7,Bull Trout,R,Resident,W,Wild Fish or Natural Production,"CHIWAT - Chiwawa River Trap, 0.5 km below CHIP acclimation pond",SCREWT,Screw Trap,269,1
3DD.003E24C142,CSS-2025-272-112.xml,CHL - Lower Chiwawa River,9/29/2025 11:05:41 AM,10/1/2025 1:47:35 AM,UPPER IN-STREAM ARRAY,LOWER IN-STREAM ARRAY,9/29/2025,7,Bull Trout,R,Resident,W,Wild Fish or Natural Production,"CHIWAT - Chiwawa River Trap, 0.5 km below CHIP acclimation pond",SCREWT,Screw Trap,243,1
3DD.003E24C142,CSS-2025-272-112.xml,CWT - Chiwawa River Weir Trap Array,9/29/2025 6:59:40 PM,10/1/2025 1:32:33 AM,Single Pass,Single Pass,9/29/2025,7,Bull Trout,R,Resident,W,Wild Fish or Natural Production,"CHIWAT - Chiwawa River Trap, 0.5 km below CHIP acclimation pond",SCREWT,Screw Trap,243,1
3DD.003E24C14E,CSS-2024-322-112.xml,CHL - Lower Chiwawa River,11/17/2024 6:54:55 PM,3/27/2025 4:15:41 AM,UPPER IN-STREAM ARRAY,LOWER IN-STREAM ARRAY,11/17/2024,7,Bull Trout,R,Resident,W,Wild Fish or Natural Production,"CHIWAT - Chiwawa River Trap, 0.5 km below CHIP acclimation pond",SCREWT,Screw Trap,173,1
3DD.003E24C1FC,CSS-2024-226-112.xml,CHL - Lower Chiwawa River,8/13/2024 2:00:57 PM,8/13/2024 2:03:10 PM,LOWER IN-STREAM ARRAY,UPPER IN-STREAM ARRAY,8/13/2024,7,Bull Trout,R,Resident,W,Wild Fish or Natural Production,"CHIWAT - Chiwawa River Trap, 0.5 km below CHIP acclimation pond",SCREWT,Screw Trap,250,1
3DD.003E24C2FF,CSS-2022-257-112.xml,CHL - Lower Chiwawa River,9/14/2022 8:24:27 AM,1/21/2023 9:10:28 AM,LOWER IN-STREAM ARRAY,LOWER IN-STREAM ARRAY,9/14/2022,7,Bull Trout,R,Resident,W,Wild Fish or Natural Production,"CHIWAT - Chiwawa River Trap, 0.5 km below CHIP acclimation pond",SCREWT,Screw Trap,242,1
3DD.003E24C372,NBD-2022-144-001.xml,CHW - Chiwaukum Creek,7/25/2022 3:04:54 AM,7/25/2022 3:11:46 AM,DOWNSTREAM ARRAY,UPSTREAM ARRAY,7/12/2022,7,Bull Trout,R,Resident,W,Wild Fish or Natural Production,TUMFBY - TUM - Release into the Forebay within 0.5 km upstream of Dam,LADDER,Adult Passage Ladder,450,1
3DD.003E24C385,CSS-2024-243-112.xml,UWE - Upper Wenatchee River,8/31/2024 3:34:02 AM,8/31/2024 3:34:02 AM,IN-STREAM ARRAY,IN-STREAM ARRAY,8/30/2024,7,Bull Trout,R,Resident,W,Wild Fish or Natural Production,"CHIWAT - Chiwawa River Trap, 0.5 km below CHIP acclimation pond",SCREWT,Screw Trap,240,1
3DD.003E24C397,NBD-2022-144-001.xml,UWE - Upper Wenatchee River,12/14/2022 11:39:31 AM,12/15/2022 12:04:15 AM,IN-STREAM ARRAY,IN-STREAM ARRAY,7/26/2022,7,Bull Trout,R,Resident,W,Wild Fish or Natural Production,TUMFBY - TUM - Release into the Forebay within 0.5 km upstream of Dam,LADDER,Adult Passage Ladder,320,1
3DD.003E24C3AD,CSS-2022-259-112.xml,UWE - Upper Wenatchee River,9/16/2022 11:51:21 PM,9/16/2022 11:51:21 PM,IN-STREAM ARRAY,IN-STREAM ARRAY,9/16/2022,7,Bull Trout,R,Resident,W,Wild Fish or Natural Production,"CHIWAT - Chiwawa River Trap, 0.5 km below CHIP acclimation pond",SCREWT,Screw Trap,221,1
3DD.003E24C43A,CSS-2024-271-112.xml,UWE - Upper Wenatchee River,9/27/2024 9:47:21 PM,9/27/2024 9:47:21 PM,IN-STREAM ARRAY,IN-STREAM ARRAY,9/27/2024,7,Bull Trout,R,Resident,W,Wild Fish or Natural Production,"CHIWAT - Chiwawa River Trap, 0.5 km below CHIP acclimation pond",SCREWT,Screw Trap,230,1
3DD.003E24C47D,CSS-2024-256-112.xml,UWE - Upper Wenatchee River,9/12/2024 9:53:01 PM,9/12/2024 9:53:01 PM,IN-STREAM ARRAY,IN-STREAM ARRAY,9/12/2024,7,Bull Trout,R,Resident,W,Wild Fish or Natural Production,"CHIWAT - Chiwawa River Trap, 0.5 km below CHIP acclimation pond",SCREWT,Screw Trap,213,1
3DD.003E24C50F,CSS-2024-301-112.xml,CWT - Chiwawa River Weir Trap Array,10/27/2024 7:54:05 PM,10/27/2024 9:12:26 PM,Single Pass,Single Pass,10/27/2024,7,Bull Trout,R,Resident,W,Wild Fish or Natural Production,"CHIWAT - Chiwawa River Trap, 0.5 km below CHIP acclimation pond",SCREWT,Screw Trap,288,1
3DD.003E24C56E,NBD-2022-144-001.xml,CHW - Chiwaukum Creek,7/29/2022 8:02:08 AM,7/7/2024 8:11:52 PM,DOWNSTREAM ARRAY,UPSTREAM ARRAY,7/19/2022,7,Bull Trout,R,Resident,W,Wild Fish or Natural Production,TUMFBY - TUM - Release into the Forebay within 0.5 km upstream of Dam,LADDER,Adult Passage Ladder,450,1
3DD.003E24C56E,NBD-2022-144-001.xml,ICL - Lower Icicle Instream Array,12/12/2022 9:41:39 PM,1/6/2023 4:04:11 AM,Downstream Array,Downstream Array,7/19/2022,7,Bull Trout,R,Resident,W,Wild Fish or Natural Production,TUMFBY - TUM - Release into the Forebay within 0.5 km upstream of Dam,LADDER,Adult Passage Ladder,450,1
3DD.003E24C56E,NBD-2022-144-001.xml,TUF - Tumwater Dam Adult Fishway,7/22/2022 5:10:33 PM,7/4/2024 6:03:42 AM,WEIR 3,WEIR 17,7/19/2022,7,Bull Trout,R,Resident,W,Wild Fish or Natural Production,TUMFBY - TUM - Release into the Forebay within 0.5 km upstream of Dam,LADDER,Adult Passage Ladder,450,1
3DD.003E24C5EE,CSS-2024-338-112.xml,CHL - Lower Chiwawa River,12/3/2024 6:25:18 PM,12/3/2024 6:29:45 PM,LOWER IN-STREAM ARRAY,UPPER IN-STREAM ARRAY,12/3/2024,7,Bull Trout,R,Resident,W,Wild Fish or Natural Production,"CHIWAT - Chiwawa River Trap, 0.5 km below CHIP acclimation pond",SCREWT,Screw Trap,186,1
3DD.003E24C5EE,CSS-2024-338-112.xml,CWT - Chiwawa River Weir Trap Array,12/3/2024 10:19:08 PM,12/3/2024 10:19:08 PM,Single Pass,Single Pass,12/3/2024,7,Bull Trout,R,Resident,W,Wild Fish or Natural Production,"CHIWAT - Chiwawa River Trap, 0.5 km below CHIP acclimation pond",SCREWT,Screw Trap,186,1
3DD.003E258896,CGS-2023-264-LF1.xml,ENL - Lower Entiat River,10/11/2024 1:07:11 AM,10/11/2024 4:30:09 PM,Downstream Array,Downstream Array,10/12/2023,7,Bull Trout,R,Resident,W,Wild Fish or Natural Production,TWISPR - Twisp River,SHOCK,Electro-Shock,193,1
3DD.003E258896,CGS-2023-264-LF1.xml,MRC - Methow River at Carlton,9/26/2024 8:01:18 PM,9/26/2024 8:01:18 PM,Single Array,Single Array,10/12/2023,7,Bull Trout,R,Resident,W,Wild Fish or Natural Production,TWISPR - Twisp River,SHOCK,Electro-Shock,193,1
3DD.003E258896,CGS-2023-264-LF1.xml,TWR - Lwr Twisp Rvr near MSRF Ponds,9/10/2024 4:27:18 AM,9/13/2024 5:08:59 AM,UPPER IN-STREAM ARRAY,LOWER IN-STREAM ARRAY,10/12/2023,7,Bull Trout,R,Resident,W,Wild Fish or Natural Production,TWISPR - Twisp River,SHOCK,Electro-Shock,193,1
3DD.003E2588A0,CGS-2023-264-LF1.xml,TWR - Lwr Twisp Rvr near MSRF Ponds,11/14/2025 9:11:47 PM,11/14/2025 9:11:55 PM,UPPER IN-STREAM ARRAY,LOWER IN-STREAM ARRAY,10/12/2023,7,Bull Trout,R,Resident,W,Wild Fish or Natural Production,TWISPR - Twisp River,SHOCK,Electro-Shock,138,1
3DD.003E2588C1,CGS-2023-264-LF1.xml,TWR - Lwr Twisp Rvr near MSRF Ponds,9/6/2024 12:54:47 AM,9/6/2024 12:54:51 AM,UPPER IN-STREAM ARRAY,LOWER IN-STREAM ARRAY,10/12/2023,7,Bull Trout,R,Resident,W,Wild Fish or Natural Production,TWISPR - Twisp River,SHOCK,Electro-Shock,140,1
3DD.003E2588E1,CGS-2023-264-LF1.xml,MRC - Methow River at Carlton,10/3/2024 9:11:27 PM,10/3/2024 9:11:27 PM,Single Array,Single Array,10/12/2023,7,Bull Trout,R,Resident,W,Wild Fish or Natural Production,TWISPR - Twisp River,SHOCK,Electro-Shock,151,1
3DD.003E2588E1,CGS-2023-264-LF1.xml,TWR - Lwr Twisp Rvr near MSRF Ponds,9/28/2024 2:06:18 AM,9/28/2024 2:06:23 AM,UPPER IN-STREAM ARRAY,LOWER IN-STREAM ARRAY,10/12/2023,7,Bull Trout,R,Resident,W,Wild Fish or Natural Production,TWISPR - Twisp River,SHOCK,Electro-Shock,151,1
3DD.003E2588E7,CGS-2023-264-LF1.xml,TWR - Lwr Twisp Rvr near MSRF Ponds,6/9/2024 12:03:24 AM,6/9/2024 12:03:24 AM,LOWER IN-STREAM ARRAY,LOWER IN-STREAM ARRAY,10/18/2023,7,Bull Trout,R,Resident,W,Wild Fish or Natural Production,TWISPR - Twisp River,SHOCK,Electro-Shock,158,1
3DD.003E258910,CGS-2023-264-LF1.xml,MRC - Methow River at Carlton,10/13/2023 2:17:24 AM,10/13/2023 2:17:24 AM,Single Array,Single Array,10/4/2023,7,Bull Trout,R,Resident,W,Wild Fish or Natural Production,TWISPR - Twisp River,SHOCK,Electro-Shock,260,1
3DD.003E258910,CGS-2023-264-LF1.xml,TWR - Lwr Twisp Rvr near MSRF Ponds,10/11/2023 3:47:36 AM,10/11/2023 3:47:41 AM,UPPER IN-STREAM ARRAY,LOWER IN-STREAM ARRAY,10/4/2023,7,Bull Trout,R,Resident,W,Wild Fish or Natural Production,TWISPR - Twisp River,SHOCK,Electro-Shock,260,1
3DD.003E258A97,CGS-2023-173-LB1.xml,LMR - Lower Methow River at Pateros,11/4/2023 5:13:49 PM,5/26/2024 5:31:55 AM,Upstream Array,Upstream Array,8/11/2023,7,Bull Trout,R,Resident,W,Wild Fish or Natural Production,TWISPR - Twisp River,HOOK,Hook and Line,258,1
3DD.003E258A97,CGS-2023-173-LB1.xml,MRC - Methow River at Carlton,10/24/2023 5:01:38 AM,10/24/2023 5:01:38 AM,Single Array,Single Array,8/11/2023,7,Bull Trout,R,Resident,W,Wild Fish or Natural Production,TWISPR - Twisp River,HOOK,Hook and Line,258,1
3DD.003E258A97,CGS-2023-173-LB1.xml,TWR - Lwr Twisp Rvr near MSRF Ponds,9/20/2023 7:29:59 PM,10/20/2025 1:01:18 AM,LOWER IN-STREAM ARRAY,LOWER IN-STREAM ARRAY,8/11/2023,7,Bull Trout,R,Resident,W,Wild Fish or Natural Production,TWISPR - Twisp River,HOOK,Hook and Line,258,1
3DD.003E258C8F,CGS-2024-274-LF1.xml,LMR - Lower Methow River at Pateros,4/22/2025 5:04:54 AM,4/22/2025 5:05:10 AM,Upstream Array,Downstream Array,10/15/2024,7,Bull Trout,R,Resident,W,Wild Fish or Natural Production,TWISPR - Twisp River,SHOCK,Electro-Shock,188,1
3DD.003E258C8F,CGS-2024-274-LF1.xml,MRC - Methow River at Carlton,11/14/2024 4:30:16 AM,11/14/2024 4:30:16 AM,Single Array,Single Array,10/15/2024,7,Bull Trout,R,Resident,W,Wild Fish or Natural Production,TWISPR - Twisp River,SHOCK,Electro-Shock,188,1
3DD.003E258C8F,CGS-2024-274-LF1.xml,TWR - Lwr Twisp Rvr near MSRF Ponds,11/8/2024 12:41:00 AM,11/8/2024 12:41:06 AM,UPPER IN-STREAM ARRAY,LOWER IN-STREAM ARRAY,10/15/2024,7,Bull Trout,R,Resident,W,Wild Fish or Natural Production,TWISPR - Twisp River,SHOCK,Electro-Shock,188,1
3DD.003E258E4C,CGS-2023-264-LF1.xml,"BVC - Beaver Creek, Methow River",5/16/2024 2:33:24 PM,5/16/2024 2:33:34 PM,Middle Antenna,Upstream Antenna,10/19/2023,7,Bull Trout,R,Resident,W,Wild Fish or Natural Production,TWISPR - Twisp River,SHOCK,Electro-Shock,139,1
3DD.003E259087,CGS-2023-264-LF1.xml,TWR - Lwr Twisp Rvr near MSRF Ponds,10/29/2023 7:03:06 PM,10/29/2023 7:03:09 PM,UPPER IN-STREAM ARRAY,LOWER IN-STREAM ARRAY,10/4/2023,7,Bull Trout,R,Resident,W,Wild Fish or Natural Production,TWISPR - Twisp River,SHOCK,Electro-Shock,246,1
3DD.003E2590C9,CGS-2023-264-LF1.xml,MRC - Methow River at Carlton,10/27/2024 10:52:35 PM,10/27/2024 10:52:35 PM,Single Array,Single Array,10/3/2023,7,Bull Trout,R,Resident,W,Wild Fish or Natural Production,TWISPR - Twisp River,SHOCK,Electro-Shock,165,1
3DD.003E2590C9,CGS-2023-264-LF1.xml,TWR - Lwr Twisp Rvr near MSRF Ponds,8/7/2024 8:30:34 PM,9/1/2024 11:04:27 PM,LOWER IN-STREAM ARRAY,LOWER IN-STREAM ARRAY,10/3/2023,7,Bull Trout,R,Resident,W,Wild Fish or Natural Production,TWISPR - Twisp River,SHOCK,Electro-Shock,165,1
3DD.003E2E7806,CSS-2025-320-112.xml,CHL - Lower Chiwawa River,11/17/2025 4:14:21 AM,11/17/2025 4:14:21 AM,LOWER IN-STREAM ARRAY,LOWER IN-STREAM ARRAY,11/16/2025,7,Bull Trout,R,Resident,W,Wild Fish or Natural Production,"CHIWAT - Chiwawa River Trap, 0.5 km below CHIP acclimation pond",SCREWT,Screw Trap,169,1
3DD.003E2E7DFA,NBD-2025-274-001.xml,CHU - Upper Chiwawa River,5/21/2026 9:36:59 PM,5/21/2026 9:36:59 PM,UPPER IN-STREAM ARRAY,UPPER IN-STREAM ARRAY,10/6/2025,7,Bull Trout,R,Resident,W,Wild Fish or Natural Production,CHIWAR - Chiwawa River,SHOCK,Electro-Shock,121,1
3DD.003E2E8197,CSS-2025-330-112.xml,CHL - Lower Chiwawa River,11/26/2025 6:24:51 PM,11/26/2025 6:24:51 PM,UPPER IN-STREAM ARRAY,UPPER IN-STREAM ARRAY,11/26/2025,7,Bull Trout,R,Resident,W,Wild Fish or Natural Production,"CHIWAT - Chiwawa River Trap, 0.5 km below CHIP acclimation pond",SCREWT,Screw Trap,235,1
3DD.003E2E8197,CSS-2025-330-112.xml,CWT - Chiwawa River Weir Trap Array,11/26/2025 9:35:33 PM,11/26/2025 9:35:33 PM,Single Pass,Single Pass,11/26/2025,7,Bull Trout,R,Resident,W,Wild Fish or Natural Production,"CHIWAT - Chiwawa River Trap, 0.5 km below CHIP acclimation pond",SCREWT,Screw Trap,235,1
3DD.003E2E84C0,NBD-2025-274-001.xml,CHL - Lower Chiwawa River,5/22/2026 8:49:07 PM,5/22/2026 8:49:07 PM,LOWER IN-STREAM ARRAY,LOWER IN-STREAM ARRAY,10/5/2025,7,Bull Trout,R,Resident,W,Wild Fish or Natural Production,CHIWAR - Chiwawa River,SHOCK,Electro-Shock,124,1
3DD.003E2E8D14,NBD-2025-274-001.xml,CHL - Lower Chiwawa River,12/23/2025 12:24:40 AM,12/23/2025 12:24:40 AM,UPPER IN-STREAM ARRAY,UPPER IN-STREAM ARRAY,10/8/2025,7,Bull Trout,R,Resident,W,Wild Fish or Natural Production,CHIWAR - Chiwawa River,SHOCK,Electro-Shock,143,1
3DD.003E2E8FA5,CSS-2025-323-112.xml,CHL - Lower Chiwawa River,11/22/2025 8:20:51 AM,11/24/2025 8:38:57 PM,LOWER IN-STREAM ARRAY,LOWER IN-STREAM ARRAY,11/19/2025,7,Bull Trout,R,Resident,W,Wild Fish or Natural Production,"CHIWAT - Chiwawa River Trap, 0.5 km below CHIP acclimation pond",SCREWT,Screw Trap,172,1
3DD.003E45D0D4,CGS-2024-129-WEL.xml,"GLC - Gold Creek, Methow River",7/4/2024 9:11:37 PM,7/2/2025 9:19:22 PM,LOWER IN-STREAM ARRAY,UPPER IN-STREAM ARRAY,6/26/2024,7,Bull Trout,R,Resident,W,Wild Fish or Natural Production,WELLD2 - WEL - Release into the West Adult Fish Ladder,LADDER,Adult Passage Ladder,480,1
3DD.003E45D0D4,CGS-2024-129-WEL.xml,"WEA - Wells Dam, DCPUD Adult Ladders",6/26/2024 3:40:38 PM,6/26/2024 3:40:38 PM,Right Ladder Pool 67,Right Ladder Pool 67,6/26/2024,7,Bull Trout,R,Resident,W,Wild Fish or Natural Production,WELLD2 - WEL - Release into the West Adult Fish Ladder,LADDER,Adult Passage Ladder,480,1
3DD.003E45D0D4,CGS-2024-129-WEL.xml,WEH - Wells Dam Hatchery,6/26/2024 10:04:26 AM,6/26/2024 10:04:26 AM,Adult Fish Handling Facility Exit to Truck,Adult Fish Handling Facility Exit to Truck,6/26/2024,7,Bull Trout,R,Resident,W,Wild Fish or Natural Production,WELLD2 - WEL - Release into the West Adult Fish Ladder,LADDER,Adult Passage Ladder,480,1
3DD.003E45D0EA,CGS-2024-129-WEL.xml,MRC - Methow River at Carlton,9/16/2024 8:15:47 PM,9/16/2024 8:15:47 PM,Single Array,Single Array,7/1/2024,7,Bull Trout,R,Resident,W,Wild Fish or Natural Production,TWISPW - Twisp River Weir (WDFW),LADDER,Adult Passage Ladder,630,1
3DD.003E45D0EA,CGS-2024-129-WEL.xml,TWR - Lwr Twisp Rvr near MSRF Ponds,9/14/2024 2:52:10 AM,9/14/2024 2:52:16 AM,UPPER IN-STREAM ARRAY,LOWER IN-STREAM ARRAY,7/1/2024,7,Bull Trout,R,Resident,W,Wild Fish or Natural Production,TWISPW - Twisp River Weir (WDFW),LADDER,Adult Passage Ladder,630,1
3DD.003E45D0FE,CGS-2024-129-WEL.xml,TWR - Lwr Twisp Rvr near MSRF Ponds,9/19/2024 2:13:26 AM,6/8/2025 9:19:11 PM,LOWER IN-STREAM ARRAY,UPPER IN-STREAM ARRAY,6/21/2024,7,Bull Trout,R,Resident,W,Wild Fish or Natural Production,TWISPW - Twisp River Weir (WDFW),LADDER,Adult Passage Ladder,610,1
3DD.003E45D104,CGS-2024-129-WEL.xml,MRC - Methow River at Carlton,9/13/2024 12:39:00 AM,10/14/2025 2:17:47 AM,Single Array,Single Array,6/17/2024,7,Bull Trout,R,Resident,W,Wild Fish or Natural Production,TWISPW - Twisp River Weir (WDFW),LADDER,Adult Passage Ladder,780,1
3DD.003E45D104,CGS-2024-129-WEL.xml,TWR - Lwr Twisp Rvr near MSRF Ponds,9/11/2024 10:27:16 PM,9/27/2025 12:35:58 AM,UPPER IN-STREAM ARRAY,LOWER IN-STREAM ARRAY,6/17/2024,7,Bull Trout,R,Resident,W,Wild Fish or Natural Production,TWISPW - Twisp River Weir (WDFW),LADDER,Adult Passage Ladder,780,1
3DD.003E4612EA,NBD-2023-274-001.xml,CHL - Lower Chiwawa River,9/16/2024 3:46:45 AM,9/16/2024 3:46:54 AM,UPPER IN-STREAM ARRAY,LOWER IN-STREAM ARRAY,10/14/2023,7,Bull Trout,R,Resident,W,Wild Fish or Natural Production,CHIWAR - Chiwawa River,SHOCK,Electro-Shock,135,1
3DD.003E4612EA,NBD-2023-274-001.xml,CHU - Upper Chiwawa River,9/15/2024 1:33:09 AM,9/15/2024 1:33:15 AM,UPPER IN-STREAM ARRAY,LOWER IN-STREAM ARRAY,10/14/2023,7,Bull Trout,R,Resident,W,Wild Fish or Natural Production,CHIWAR - Chiwawa River,SHOCK,Electro-Shock,135,1
3DD.003E4612EA,NBD-2023-274-001.xml,UWE - Upper Wenatchee River,9/16/2024 7:11:50 PM,9/16/2024 7:11:50 PM,IN-STREAM ARRAY,IN-STREAM ARRAY,10/14/2023,7,Bull Trout,R,Resident,W,Wild Fish or Natural Production,CHIWAR - Chiwawa River,SHOCK,Electro-Shock,135,1
3DD.003E4612EA,NBD-2023-274-001.xml,"WTL - White River, Wenatchee Basin",9/18/2024 6:33:59 PM,10/31/2024 7:43:37 PM,LOWER IN-STREAM ARRAY,LOWER IN-STREAM ARRAY,10/14/2023,7,Bull Trout,R,Resident,W,Wild Fish or Natural Production,CHIWAR - Chiwawa River,SHOCK,Electro-Shock,135,1
3DD.003E46130A,NBD-2023-274-001.xml,CHL - Lower Chiwawa River,10/24/2024 6:56:06 PM,10/24/2024 6:56:14 PM,UPPER IN-STREAM ARRAY,LOWER IN-STREAM ARRAY,10/14/2023,7,Bull Trout,R,Resident,W,Wild Fish or Natural Production,CHIWAR - Chiwawa River,SHOCK,Electro-Shock,119,1
3DD.003E46130A,NBD-2023-274-001.xml,CHU - Upper Chiwawa River,10/22/2024 9:16:05 PM,10/22/2024 9:16:05 PM,LOWER IN-STREAM ARRAY,LOWER IN-STREAM ARRAY,10/14/2023,7,Bull Trout,R,Resident,W,Wild Fish or Natural Production,CHIWAR - Chiwawa River,SHOCK,Electro-Shock,119,1
3DD.003E461318,NBD-2023-274-001.xml,CHL - Lower Chiwawa River,6/20/2025 10:19:22 PM,6/20/2025 10:19:27 PM,UPPER IN-STREAM ARRAY,LOWER IN-STREAM ARRAY,10/14/2023,7,Bull Trout,R,Resident,W,Wild Fish or Natural Production,CHIWAR - Chiwawa River,SHOCK,Electro-Shock,73,1
3DD.003E461320,NBD-2023-274-001.xml,CHU - Upper Chiwawa River,10/6/2024 2:41:39 AM,10/6/2024 2:41:48 AM,UPPER IN-STREAM ARRAY,LOWER IN-STREAM ARRAY,10/14/2023,7,Bull Trout,R,Resident,W,Wild Fish or Natural Production,CHIWAR - Chiwawa River,SHOCK,Electro-Shock,142,1
3DD.003E461320,NBD-2023-274-001.xml,UWE - Upper Wenatchee River,10/9/2024 4:56:03 AM,10/9/2024 4:56:03 AM,IN-STREAM ARRAY,IN-STREAM ARRAY,10/14/2023,7,Bull Trout,R,Resident,W,Wild Fish or Natural Production,CHIWAR - Chiwawa River,SHOCK,Electro-Shock,142,1
3DD.003E461922,NBD-2023-274-001.xml,CHL - Lower Chiwawa River,8/16/2024 1:59:24 AM,8/16/2024 1:59:31 AM,UPPER IN-STREAM ARRAY,LOWER IN-STREAM ARRAY,10/12/2023,7,Bull Trout,R,Resident,W,Wild Fish or Natural Production,CHIWAR - Chiwawa River,SHOCK,Electro-Shock,68,1
3DD.003E461922,NBD-2023-274-001.xml,CHU - Upper Chiwawa River,8/11/2024 10:27:11 PM,8/11/2024 10:27:11 PM,LOWER IN-STREAM ARRAY,LOWER IN-STREAM ARRAY,10/12/2023,7,Bull Trout,R,Resident,W,Wild Fish or Natural Production,CHIWAR - Chiwawa River,SHOCK,Electro-Shock,68,1
3DD.003E461922,NBD-2023-274-001.xml,NAL - Lower Nason Creek,8/18/2024 4:33:05 AM,8/18/2024 4:33:34 AM,LOWER IN-STREAM ARRAY,UPPER IN-STREAM ARRAY,10/12/2023,7,Bull Trout,R,Resident,W,Wild Fish or Natural Production,CHIWAR - Chiwawa River,SHOCK,Electro-Shock,68,1
3DD.003E461922,NBD-2023-274-001.xml,UWE - Upper Wenatchee River,8/16/2024 9:55:55 AM,8/16/2024 9:55:55 AM,IN-STREAM ARRAY,IN-STREAM ARRAY,10/12/2023,7,Bull Trout,R,Resident,W,Wild Fish or Natural Production,CHIWAR - Chiwawa River,SHOCK,Electro-Shock,68,1
3DD.003E461963,NBD-2023-274-001.xml,CHL - Lower Chiwawa River,11/10/2025 8:03:33 PM,11/10/2025 9:19:05 PM,UPPER IN-STREAM ARRAY,UPPER IN-STREAM ARRAY,10/12/2023,7,Bull Trout,R,Resident,W,Wild Fish or Natural Production,CHIWAR - Chiwawa River,SHOCK,Electro-Shock,71,1
3DD.003E463538,NBD-2023-145-001.json,CHL - Lower Chiwawa River,10/5/2023 8:52:11 PM,10/7/2024 8:23:15 PM,LOWER IN-STREAM ARRAY,LOWER IN-STREAM ARRAY,6/24/2023,7,Bull Trout,R,Resident,W,Wild Fish or Natural Production,TUMFBY - TUM - Release into the Forebay within 0.5 km upstream of Dam,LADDER,Adult Passage Ladder,540,1
3DD.003E463538,NBD-2023-145-001.json,CHU - Upper Chiwawa River,7/10/2023 11:02:05 PM,10/7/2024 1:09:39 AM,LOWER IN-STREAM ARRAY,UPPER IN-STREAM ARRAY,6/24/2023,7,Bull Trout,R,Resident,W,Wild Fish or Natural Production,TUMFBY - TUM - Release into the Forebay within 0.5 km upstream of Dam,LADDER,Adult Passage Ladder,540,1
3DD.003E463538,NBD-2023-145-001.json,CWT - Chiwawa River Weir Trap Array,6/28/2025 11:25:47 PM,6/28/2025 11:25:47 PM,Single Pass,Single Pass,6/24/2023,7,Bull Trout,R,Resident,W,Wild Fish or Natural Production,TUMFBY - TUM - Release into the Forebay within 0.5 km upstream of Dam,LADDER,Adult Passage Ladder,540,1
3DD.003E46353C,NBD-2023-145-001.json,CHW - Chiwaukum Creek,9/27/2023 3:17:05 AM,7/3/2024 11:33:11 PM,UPSTREAM ARRAY,UPSTREAM ARRAY,6/24/2023,7,Bull Trout,R,Resident,W,Wild Fish or Natural Production,TUMFBY - TUM - Release into the Forebay within 0.5 km upstream of Dam,LADDER,Adult Passage Ladder,450,1
3DD.003E463544,NBD-2023-145-001.json,CHW - Chiwaukum Creek,7/7/2024 11:15:33 PM,7/7/2024 11:17:55 PM,DOWNSTREAM ARRAY,UPSTREAM ARRAY,6/24/2023,7,Bull Trout,R,Resident,W,Wild Fish or Natural Production,TUMFBY - TUM - Release into the Forebay within 0.5 km upstream of Dam,LADDER,Adult Passage Ladder,390,1
3DD.003E463544,NBD-2023-145-001.json,TUF - Tumwater Dam Adult Fishway,10/11/2023 11:50:13 PM,7/6/2024 7:13:55 AM,WEIR 14,WEIR 17,6/24/2023,7,Bull Trout,R,Resident,W,Wild Fish or Natural Production,TUMFBY - TUM - Release into the Forebay within 0.5 km upstream of Dam,LADDER,Adult Passage Ladder,390,1
3DD.003E46357F,NBD-2023-145-001.json,CHL - Lower Chiwawa River,7/2/2023 3:17:40 AM,9/24/2025 8:24:09 PM,LOWER IN-STREAM ARRAY,LOWER IN-STREAM ARRAY,6/24/2023,7,Bull Trout,R,Resident,W,Wild Fish or Natural Production,TUMFBY - TUM - Release into the Forebay within 0.5 km upstream of Dam,LADDER,Adult Passage Ladder,400,1
3DD.003E46357F,NBD-2023-145-001.json,CHU - Upper Chiwawa River,7/6/2023 10:26:57 PM,9/24/2025 3:14:53 AM,LOWER IN-STREAM ARRAY,LOWER IN-STREAM ARRAY,6/24/2023,7,Bull Trout,R,Resident,W,Wild Fish or Natural Production,TUMFBY - TUM - Release into the Forebay within 0.5 km upstream of Dam,LADDER,Adult Passage Ladder,400,1
3DD.003E463586,NBD-2023-145-001.json,CHL - Lower Chiwawa River,7/3/2023 12:57:02 AM,10/3/2023 10:53:48 PM,UPPER IN-STREAM ARRAY,LOWER IN-STREAM ARRAY,6/24/2023,7,Bull Trout,R,Resident,W,Wild Fish or Natural Production,TUMFBY - TUM - Release into the Forebay within 0.5 km upstream of Dam,LADDER,Adult Passage Ladder,520,1
3DD.003E463586,NBD-2023-145-001.json,CHU - Upper Chiwawa River,7/6/2023 10:36:13 PM,10/3/2023 3:18:13 AM,LOWER IN-STREAM ARRAY,UPPER IN-STREAM ARRAY,6/24/2023,7,Bull Trout,R,Resident,W,Wild Fish or Natural Production,TUMFBY - TUM - Release into the Forebay within 0.5 km upstream of Dam,LADDER,Adult Passage Ladder,520,1
3DD.003E463586,NBD-2023-145-001.json,LWE - Lower Wenatchee River,10/20/2023 7:05:42 PM,10/20/2023 7:05:42 PM,DOWNSTREAM ANTENNA ARRAY,DOWNSTREAM ANTENNA ARRAY,6/24/2023,7,Bull Trout,R,Resident,W,Wild Fish or Natural Production,TUMFBY - TUM - Release into the Forebay within 0.5 km upstream of Dam,LADDER,Adult Passage Ladder,520,1
3DD.003E46358A,NBD-2023-145-001.json,CHW - Chiwaukum Creek,10/17/2023 6:17:03 PM,7/11/2024 8:28:51 PM,UPSTREAM ARRAY,UPSTREAM ARRAY,6/24/2023,7,Bull Trout,R,Resident,W,Wild Fish or Natural Production,TUMFBY - TUM - Release into the Forebay within 0.5 km upstream of Dam,LADDER,Adult Passage Ladder,520,1
3DD.003E46358B,NBD-2023-145-001.json,CHW - Chiwaukum Creek,9/28/2023 5:06:12 AM,9/26/2024 2:10:51 AM,UPSTREAM ARRAY,DOWNSTREAM ARRAY,6/24/2023,7,Bull Trout,R,Resident,W,Wild Fish or Natural Production,TUMFBY - TUM - Release into the Forebay within 0.5 km upstream of Dam,LADDER,Adult Passage Ladder,440,1
3DD.003E46358B,NBD-2023-145-001.json,ICL - Lower Icicle Instream Array,10/22/2023 8:00:55 PM,12/9/2023 5:53:17 PM,Downstream Array,Downstream Array,6/24/2023,7,Bull Trout,R,Resident,W,Wild Fish or Natural Production,TUMFBY - TUM - Release into the Forebay within 0.5 km upstream of Dam,LADDER,Adult Passage Ladder,440,1
3DD.003E46358B,NBD-2023-145-001.json,TUF - Tumwater Dam Adult Fishway,6/26/2024 4:54:13 PM,7/20/2025 11:45:33 AM,High Flow Ladder Entrance,WEIR 17,6/24/2023,7,Bull Trout,R,Resident,W,Wild Fish or Natural Production,TUMFBY - TUM - Release into the Forebay within 0.5 km upstream of Dam,LADDER,Adult Passage Ladder,440,1
3DD.003E46358F,NBD-2023-145-001.json,CHW - Chiwaukum Creek,10/3/2023 7:02:53 PM,7/4/2024 10:41:18 PM,UPSTREAM ARRAY,UPSTREAM ARRAY,6/25/2023,7,Bull Trout,R,Resident,W,Wild Fish or Natural Production,TUMFBY - TUM - Release into the Forebay within 0.5 km upstream of Dam,LADDER,Adult Passage Ladder,500,1
3DD.003E46358F,NBD-2023-145-001.json,LWE - Lower Wenatchee River,10/30/2023 2:03:57 AM,3/16/2024 6:34:14 AM,DOWNSTREAM ANTENNA ARRAY,UPSTREAM ANTENNA ARRAY,6/25/2023,7,Bull Trout,R,Resident,W,Wild Fish or Natural Production,TUMFBY - TUM - Release into the Forebay within 0.5 km upstream of Dam,LADDER,Adult Passage Ladder,500,1
3DD.003E46358F,NBD-2023-145-001.json,TUF - Tumwater Dam Adult Fishway,6/22/2024 12:32:30 PM,6/22/2024 7:22:36 PM,High Flow Ladder Entrance,WEIR 17,6/25/2023,7,Bull Trout,R,Resident,W,Wild Fish or Natural Production,TUMFBY - TUM - Release into the Forebay within 0.5 km upstream of Dam,LADDER,Adult Passage Ladder,500,1
3DD.003E4635EA,NBD-2023-145-001.json,CHW - Chiwaukum Creek,7/1/2024 3:24:26 AM,7/1/2024 3:24:39 AM,DOWNSTREAM ARRAY,UPSTREAM ARRAY,6/25/2023,7,Bull Trout,R,Resident,W,Wild Fish or Natural Production,TUMFBY - TUM - Release into the Forebay within 0.5 km upstream of Dam,LADDER,Adult Passage Ladder,360,1
3DD.003E4635EA,NBD-2023-145-001.json,TUF - Tumwater Dam Adult Fishway,6/12/2024 9:05:49 PM,6/15/2024 6:18:20 PM,High Flow Ladder Entrance,High Flow Ladder Entrance,6/25/2023,7,Bull Trout,R,Resident,W,Wild Fish or Natural Production,TUMFBY - TUM - Release into the Forebay within 0.5 km upstream of Dam,LADDER,Adult Passage Ladder,360,1
3DD.003E463682,NBD-2023-145-001.json,CHW - Chiwaukum Creek,7/4/2024 12:23:38 AM,7/12/2025 10:57:31 PM,DOWNSTREAM ARRAY,UPSTREAM ARRAY,7/2/2023,7,Bull Trout,R,Resident,W,Wild Fish or Natural Production,TUMFBY - TUM - Release into the Forebay within 0.5 km upstream of Dam,LADDER,Adult Passage Ladder,360,1
3DD.003E463682,NBD-2023-145-001.json,ICL - Lower Icicle Instream Array,7/10/2023 3:56:23 AM,9/7/2023 3:56:38 AM,Downstream Array,Downstream Array,7/2/2023,7,Bull Trout,R,Resident,W,Wild Fish or Natural Production,TUMFBY - TUM - Release into the Forebay within 0.5 km upstream of Dam,LADDER,Adult Passage Ladder,360,1
3DD.003E463682,NBD-2023-145-001.json,ICM - Middle Icicle Instream Array,7/14/2023 5:23:16 PM,7/27/2023 2:59:59 AM,Downstream Array,Upstream Array,7/2/2023,7,Bull Trout,R,Resident,W,Wild Fish or Natural Production,TUMFBY - TUM - Release into the Forebay within 0.5 km upstream of Dam,LADDER,Adult Passage Ladder,360,1
3DD.003E463682,NBD-2023-145-001.json,TUF - Tumwater Dam Adult Fishway,6/22/2024 1:23:02 PM,6/4/2025 2:51:20 PM,High Flow Ladder Entrance,WEIR 17,7/2/2023,7,Bull Trout,R,Resident,W,Wild Fish or Natural Production,TUMFBY - TUM - Release into the Forebay within 0.5 km upstream of Dam,LADDER,Adult Passage Ladder,360,1
3DD.003E463694,NBD-2023-145-001.json,CHW - Chiwaukum Creek,10/4/2023 8:52:39 PM,8/20/2025 11:45:58 PM,UPSTREAM ARRAY,UPSTREAM ARRAY,7/3/2023,7,Bull Trout,R,Resident,W,Wild Fish or Natural Production,TUMFBY - TUM - Release into the Forebay within 0.5 km upstream of Dam,LADDER,Adult Passage Ladder,540,1
3DD.003E463694,NBD-2023-145-001.json,LWE - Lower Wenatchee River,10/18/2023 8:14:19 PM,10/13/2024 11:51:06 PM,UPSTREAM ANTENNA ARRAY,DOWNSTREAM ANTENNA ARRAY,7/3/2023,7,Bull Trout,R,Resident,W,Wild Fish or Natural Production,TUMFBY - TUM - Release into the Forebay within 0.5 km upstream of Dam,LADDER,Adult Passage Ladder,540,1
3DD.003E463694,NBD-2023-145-001.json,TUF - Tumwater Dam Adult Fishway,6/24/2024 3:52:36 PM,8/17/2025 6:01:39 PM,High Flow Ladder Entrance,WEIR 17,7/3/2023,7,Bull Trout,R,Resident,W,Wild Fish or Natural Production,TUMFBY - TUM - Release into the Forebay within 0.5 km upstream of Dam,LADDER,Adult Passage Ladder,540,1
3DD.003E463741,NBD-2023-145-001.json,CHL - Lower Chiwawa River,6/28/2023 2:50:07 PM,9/29/2023 12:38:29 AM,LOWER IN-STREAM ARRAY,LOWER IN-STREAM ARRAY,6/17/2023,7,Bull Trout,R,Resident,W,Wild Fish or Natural Production,TUMFBY - TUM - Release into the Forebay within 0.5 km upstream of Dam,LADDER,Adult Passage Ladder,400,1
3DD.003E463741,NBD-2023-145-001.json,CHU - Upper Chiwawa River,7/5/2023 8:25:16 PM,9/26/2023 4:48:03 AM,LOWER IN-STREAM ARRAY,LOWER IN-STREAM ARRAY,6/17/2023,7,Bull Trout,R,Resident,W,Wild Fish or Natural Production,TUMFBY - TUM - Release into the Forebay within 0.5 km upstream of Dam,LADDER,Adult Passage Ladder,400,1
3DD.003E463741,NBD-2023-145-001.json,ICL - Lower Icicle Instream Array,6/6/2024 8:03:01 PM,6/6/2024 8:03:25 PM,Downstream Array,Upstream Array,6/17/2023,7,Bull Trout,R,Resident,W,Wild Fish or Natural Production,TUMFBY - TUM - Release into the Forebay within 0.5 km upstream of Dam,LADDER,Adult Passage Ladder,400,1
3DD.003E463741,NBD-2023-145-001.json,ICM - Middle Icicle Instream Array,7/4/2024 7:33:12 PM,7/4/2024 7:33:12 PM,Upstream Array,Upstream Array,6/17/2023,7,Bull Trout,R,Resident,W,Wild Fish or Natural Production,TUMFBY - TUM - Release into the Forebay within 0.5 km upstream of Dam,LADDER,Adult Passage Ladder,400,1
3DD.003E463744,NBD-2023-145-001.json,NAL - Lower Nason Creek,6/26/2023 10:06:15 PM,10/2/2023 2:00:53 AM,LOWER IN-STREAM ARRAY,LOWER IN-STREAM ARRAY,6/17/2023,7,Bull Trout,R,Resident,W,Wild Fish or Natural Production,TUMFBY - TUM - Release into the Forebay within 0.5 km upstream of Dam,LADDER,Adult Passage Ladder,560,1
3DD.003E463744,NBD-2023-145-001.json,NAU - Upper Nason Creek,6/29/2023 11:00:14 PM,10/1/2023 1:58:48 AM,LOWER IN-STREAM ARRAY,LOWER IN-STREAM ARRAY,6/17/2023,7,Bull Trout,R,Resident,W,Wild Fish or Natural Production,TUMFBY - TUM - Release into the Forebay within 0.5 km upstream of Dam,LADDER,Adult Passage Ladder,560,1
3DD.003E463744,NBD-2023-145-001.json,UWE - Upper Wenatchee River,6/25/2023 9:25:31 PM,10/2/2023 9:05:43 PM,IN-STREAM ARRAY,IN-STREAM ARRAY,6/17/2023,7,Bull Trout,R,Resident,W,Wild Fish or Natural Production,TUMFBY - TUM - Release into the Forebay within 0.5 km upstream of Dam,LADDER,Adult Passage Ladder,560,1
3DD.003E463786,NBD-2023-145-001.json,CHW - Chiwaukum Creek,9/14/2023 2:34:35 AM,9/17/2023 11:29:13 PM,UPSTREAM ARRAY,UPSTREAM ARRAY,6/22/2023,7,Bull Trout,R,Resident,W,Wild Fish or Natural Production,TUMFBY - TUM - Release into the Forebay within 0.5 km upstream of Dam,LADDER,Adult Passage Ladder,NA,1
3DD.003E4637A1,NBD-2023-145-001.json,NAL - Lower Nason Creek,6/27/2023 10:24:46 PM,6/27/2023 10:25:03 PM,LOWER IN-STREAM ARRAY,UPPER IN-STREAM ARRAY,6/22/2023,7,Bull Trout,R,Resident,W,Wild Fish or Natural Production,TUMFBY - TUM - Release into the Forebay within 0.5 km upstream of Dam,LADDER,Adult Passage Ladder,500,1
3DD.003E4637A1,NBD-2023-145-001.json,NAU - Upper Nason Creek,6/30/2023 2:47:32 AM,6/30/2023 2:47:52 AM,LOWER IN-STREAM ARRAY,UPPER IN-STREAM ARRAY,6/22/2023,7,Bull Trout,R,Resident,W,Wild Fish or Natural Production,TUMFBY - TUM - Release into the Forebay within 0.5 km upstream of Dam,LADDER,Adult Passage Ladder,500,1
3DD.003E4637D1,NBD-2023-145-001.json,TUF - Tumwater Dam Adult Fishway,6/23/2023 3:02:26 PM,6/23/2023 3:35:57 PM,WEIR 3,WEIR 17,6/20/2023,7,Bull Trout,R,Resident,W,Wild Fish or Natural Production,TUMFBY - TUM - Release into the Forebay within 0.5 km upstream of Dam,LADDER,Adult Passage Ladder,NA,1
3DD.003E4637D1,NBD-2023-145-001.json,UWE - Upper Wenatchee River,7/2/2023 1:53:22 AM,7/2/2023 1:53:22 AM,IN-STREAM ARRAY,IN-STREAM ARRAY,6/20/2023,7,Bull Trout,R,Resident,W,Wild Fish or Natural Production,TUMFBY - TUM - Release into the Forebay within 0.5 km upstream of Dam,LADDER,Adult Passage Ladder,NA,1
3DD.003E4637D5,NBD-2023-145-001.json,CHW - Chiwaukum Creek,9/27/2023 7:07:12 PM,7/12/2025 11:29:23 PM,UPSTREAM ARRAY,UPSTREAM ARRAY,6/20/2023,7,Bull Trout,R,Resident,W,Wild Fish or Natural Production,TUMFBY - TUM - Release into the Forebay within 0.5 km upstream of Dam,LADDER,Adult Passage Ladder,520,1
3DD.003E4637D5,NBD-2023-145-001.json,LWE - Lower Wenatchee River,10/21/2023 7:29:06 PM,10/21/2023 7:29:06 PM,DOWNSTREAM ANTENNA ARRAY,DOWNSTREAM ANTENNA ARRAY,6/20/2023,7,Bull Trout,R,Resident,W,Wild Fish or Natural Production,TUMFBY - TUM - Release into the Forebay within 0.5 km upstream of Dam,LADDER,Adult Passage Ladder,520,1
3DD.003E4637D5,NBD-2023-145-001.json,TUF - Tumwater Dam Adult Fishway,6/25/2024 6:31:24 PM,6/18/2025 2:48:53 PM,High Flow Ladder Entrance,WEIR 17,6/20/2023,7,Bull Trout,R,Resident,W,Wild Fish or Natural Production,TUMFBY - TUM - Release into the Forebay within 0.5 km upstream of Dam,LADDER,Adult Passage Ladder,520,1
3DD.003E4637E4,NBD-2023-145-001.json,CHW - Chiwaukum Creek,10/11/2023 4:32:12 AM,7/1/2024 10:51:08 AM,UPSTREAM ARRAY,UPSTREAM ARRAY,6/21/2023,7,Bull Trout,R,Resident,W,Wild Fish or Natural Production,TUMFBY - TUM - Release into the Forebay within 0.5 km upstream of Dam,LADDER,Adult Passage Ladder,NA,1
3DD.003E4637E4,NBD-2023-145-001.json,LWE - Lower Wenatchee River,11/24/2023 7:40:52 PM,3/2/2024 8:16:46 AM,DOWNSTREAM ANTENNA ARRAY,UPSTREAM ANTENNA ARRAY,6/21/2023,7,Bull Trout,R,Resident,W,Wild Fish or Natural Production,TUMFBY - TUM - Release into the Forebay within 0.5 km upstream of Dam,LADDER,Adult Passage Ladder,NA,1
3DD.003E4637E4,NBD-2023-145-001.json,TUF - Tumwater Dam Adult Fishway,6/23/2024 7:10:38 AM,6/25/2024 2:52:47 PM,High Flow Ladder Entrance,WEIR 17,6/21/2023,7,Bull Trout,R,Resident,W,Wild Fish or Natural Production,TUMFBY - TUM - Release into the Forebay within 0.5 km upstream of Dam,LADDER,Adult Passage Ladder,NA,1
3DD.003E463804,NBD-2023-145-001.json,CHL - Lower Chiwawa River,7/4/2023 1:07:15 AM,9/30/2023 4:09:56 AM,LOWER IN-STREAM ARRAY,LOWER IN-STREAM ARRAY,6/23/2023,7,Bull Trout,R,Resident,W,Wild Fish or Natural Production,TUMFBY - TUM - Release into the Forebay within 0.5 km upstream of Dam,LADDER,Adult Passage Ladder,560,1
3DD.003E463804,NBD-2023-145-001.json,CHU - Upper Chiwawa River,7/8/2023 3:01:08 AM,7/13/2024 3:13:01 AM,LOWER IN-STREAM ARRAY,LOWER IN-STREAM ARRAY,6/23/2023,7,Bull Trout,R,Resident,W,Wild Fish or Natural Production,TUMFBY - TUM - Release into the Forebay within 0.5 km upstream of Dam,LADDER,Adult Passage Ladder,560,1
3DD.003E463804,NBD-2023-145-001.json,TUF - Tumwater Dam Adult Fishway,6/6/2024 1:08:36 PM,7/6/2024 11:35:29 AM,High Flow Ladder Entrance,WEIR 17,6/23/2023,7,Bull Trout,R,Resident,W,Wild Fish or Natural Production,TUMFBY - TUM - Release into the Forebay within 0.5 km upstream of Dam,LADDER,Adult Passage Ladder,560,1
3DD.003E463808,NBD-2023-145-001.json,NAL - Lower Nason Creek,7/8/2023 9:34:56 PM,7/8/2023 9:35:09 PM,LOWER IN-STREAM ARRAY,UPPER IN-STREAM ARRAY,6/23/2023,7,Bull Trout,R,Resident,W,Wild Fish or Natural Production,TUMFBY - TUM - Release into the Forebay within 0.5 km upstream of Dam,LADDER,Adult Passage Ladder,470,1
3DD.003E463808,NBD-2023-145-001.json,NAU - Upper Nason Creek,7/10/2023 9:37:33 PM,10/3/2023 2:05:02 AM,LOWER IN-STREAM ARRAY,LOWER IN-STREAM ARRAY,6/23/2023,7,Bull Trout,R,Resident,W,Wild Fish or Natural Production,TUMFBY - TUM - Release into the Forebay within 0.5 km upstream of Dam,LADDER,Adult Passage Ladder,470,1
3DD.003E463808,NBD-2023-145-001.json,UWE - Upper Wenatchee River,7/8/2023 1:08:40 AM,7/8/2023 1:08:40 AM,IN-STREAM ARRAY,IN-STREAM ARRAY,6/23/2023,7,Bull Trout,R,Resident,W,Wild Fish or Natural Production,TUMFBY - TUM - Release into the Forebay within 0.5 km upstream of Dam,LADDER,Adult Passage Ladder,470,1
3DD.003E46381B,NBD-2023-145-001.json,CHW - Chiwaukum Creek,10/11/2023 2:45:32 AM,7/8/2024 2:41:29 AM,UPSTREAM ARRAY,UPSTREAM ARRAY,6/23/2023,7,Bull Trout,R,Resident,W,Wild Fish or Natural Production,TUMFBY - TUM - Release into the Forebay within 0.5 km upstream of Dam,LADDER,Adult Passage Ladder,470,1
3DD.003E46381B,NBD-2023-145-001.json,TUF - Tumwater Dam Adult Fishway,6/24/2023 2:25:15 PM,7/6/2024 6:01:33 AM,WEIR 3,WEIR 17,6/23/2023,7,Bull Trout,R,Resident,W,Wild Fish or Natural Production,TUMFBY - TUM - Release into the Forebay within 0.5 km upstream of Dam,LADDER,Adult Passage Ladder,470,1
3DD.003E463827,NBD-2023-145-001.json,CHW - Chiwaukum Creek,10/13/2023 11:51:40 PM,10/13/2023 11:51:46 PM,UPSTREAM ARRAY,DOWNSTREAM ARRAY,6/23/2023,7,Bull Trout,R,Resident,W,Wild Fish or Natural Production,TUMFBY - TUM - Release into the Forebay within 0.5 km upstream of Dam,LADDER,Adult Passage Ladder,490,1
3DD.003E463829,NBD-2023-145-001.json,CHW - Chiwaukum Creek,10/4/2023 6:44:15 PM,7/12/2024 3:41:14 AM,UPSTREAM ARRAY,UPSTREAM ARRAY,6/22/2023,7,Bull Trout,R,Resident,W,Wild Fish or Natural Production,TUMFBY - TUM - Release into the Forebay within 0.5 km upstream of Dam,LADDER,Adult Passage Ladder,NA,1
3DD.003E463829,NBD-2023-145-001.json,TUF - Tumwater Dam Adult Fishway,6/23/2024 10:37:07 AM,7/5/2024 1:27:55 PM,High Flow Ladder Entrance,WEIR 17,6/22/2023,7,Bull Trout,R,Resident,W,Wild Fish or Natural Production,TUMFBY - TUM - Release into the Forebay within 0.5 km upstream of Dam,LADDER,Adult Passage Ladder,NA,1
3DD.003E463885,NBD-2023-145-001.json,CHW - Chiwaukum Creek,10/2/2023 10:09:34 PM,6/22/2024 7:14:26 PM,UPSTREAM ARRAY,UPSTREAM ARRAY,6/16/2023,7,Bull Trout,R,Resident,W,Wild Fish or Natural Production,TUMFBY - TUM - Release into the Forebay within 0.5 km upstream of Dam,LADDER,Adult Passage Ladder,530,1
3DD.003E463885,NBD-2023-145-001.json,TUF - Tumwater Dam Adult Fishway,5/15/2024 7:17:31 AM,6/14/2024 4:40:23 PM,High Flow Ladder Entrance,WEIR 17,6/16/2023,7,Bull Trout,R,Resident,W,Wild Fish or Natural Production,TUMFBY - TUM - Release into the Forebay within 0.5 km upstream of Dam,LADDER,Adult Passage Ladder,530,1
3DD.003E463896,NBD-2023-145-001.json,TUF - Tumwater Dam Adult Fishway,6/19/2023 5:46:50 PM,7/3/2023 12:16:54 PM,WEIR 3,WEIR 17,6/16/2023,7,Bull Trout,R,Resident,W,Wild Fish or Natural Production,TUMFBY - TUM - Release into the Forebay within 0.5 km upstream of Dam,LADDER,Adult Passage Ladder,540,1
3DD.003E463971,NBD-2023-145-001.json,CHW - Chiwaukum Creek,7/14/2024 11:43:50 PM,7/22/2024 2:05:02 AM,DOWNSTREAM ARRAY,DOWNSTREAM ARRAY,7/6/2023,7,Bull Trout,R,Resident,W,Wild Fish or Natural Production,TUMFBY - TUM - Release into the Forebay within 0.5 km upstream of Dam,LADDER,Adult Passage Ladder,NA,1
3DD.003E46397F,NBD-2023-145-001.json,CHW - Chiwaukum Creek,6/30/2024 11:38:54 PM,6/30/2024 11:39:28 PM,DOWNSTREAM ARRAY,UPSTREAM ARRAY,7/6/2023,7,Bull Trout,R,Resident,W,Wild Fish or Natural Production,TUMFBY - TUM - Release into the Forebay within 0.5 km upstream of Dam,LADDER,Adult Passage Ladder,500,1
3DD.003E463AEB,NBD-2023-145-001.json,CHW - Chiwaukum Creek,9/21/2023 12:24:26 AM,9/21/2023 12:25:09 AM,DOWNSTREAM ARRAY,UPSTREAM ARRAY,8/2/2023,7,Bull Trout,R,Resident,W,Wild Fish or Natural Production,TUMFBY - TUM - Release into the Forebay within 0.5 km upstream of Dam,LADDER,Adult Passage Ladder,560,1
3DD.003E463B33,NBD-2023-145-001.json,CHW - Chiwaukum Creek,7/7/2024 11:26:32 PM,6/26/2025 4:32:25 AM,DOWNSTREAM ARRAY,UPSTREAM ARRAY,11/7/2023,7,Bull Trout,R,Resident,W,Wild Fish or Natural Production,TUMFBY - TUM - Release into the Forebay within 0.5 km upstream of Dam,LADDER,Adult Passage Ladder,370,1
3DD.003E463BF2,NBD-2023-145-001.json,CHL - Lower Chiwawa River,9/14/2024 7:01:26 PM,9/14/2025 1:59:15 AM,UPPER IN-STREAM ARRAY,LOWER IN-STREAM ARRAY,6/29/2023,7,Bull Trout,R,Resident,W,Wild Fish or Natural Production,TUMFBY - TUM - Release into the Forebay within 0.5 km upstream of Dam,LADDER,Adult Passage Ladder,NA,1
3DD.003E463BF2,NBD-2023-145-001.json,CHU - Upper Chiwawa River,9/14/2024 12:49:38 AM,9/13/2025 10:59:52 PM,UPPER IN-STREAM ARRAY,LOWER IN-STREAM ARRAY,6/29/2023,7,Bull Trout,R,Resident,W,Wild Fish or Natural Production,TUMFBY - TUM - Release into the Forebay within 0.5 km upstream of Dam,LADDER,Adult Passage Ladder,NA,1
3DD.003E463BF2,NBD-2023-145-001.json,CWT - Chiwawa River Weir Trap Array,6/28/2025 12:27:11 AM,6/28/2025 12:27:11 AM,Single Pass,Single Pass,6/29/2023,7,Bull Trout,R,Resident,W,Wild Fish or Natural Production,TUMFBY - TUM - Release into the Forebay within 0.5 km upstream of Dam,LADDER,Adult Passage Ladder,NA,1
3DD.003E463BF2,NBD-2023-145-001.json,ICL - Lower Icicle Instream Array,5/12/2026 10:25:41 PM,5/12/2026 10:26:06 PM,Downstream Array,Upstream Array,6/29/2023,7,Bull Trout,R,Resident,W,Wild Fish or Natural Production,TUMFBY - TUM - Release into the Forebay within 0.5 km upstream of Dam,LADDER,Adult Passage Ladder,NA,1
3DD.003E463BF2,NBD-2023-145-001.json,TUF - Tumwater Dam Adult Fishway,6/14/2024 3:08:16 PM,6/13/2025 11:17:43 AM,High Flow Ladder Entrance,WEIR 17,6/29/2023,7,Bull Trout,R,Resident,W,Wild Fish or Natural Production,TUMFBY - TUM - Release into the Forebay within 0.5 km upstream of Dam,LADDER,Adult Passage Ladder,NA,1
3DD.003E463BFA,NBD-2023-145-001.json,CHW - Chiwaukum Creek,10/16/2023 2:13:41 AM,9/28/2024 2:48:38 AM,UPSTREAM ARRAY,DOWNSTREAM ARRAY,6/29/2023,7,Bull Trout,R,Resident,W,Wild Fish or Natural Production,TUMFBY - TUM - Release into the Forebay within 0.5 km upstream of Dam,LADDER,Adult Passage Ladder,490,1
3DD.003E463BFA,NBD-2023-145-001.json,ICL - Lower Icicle Instream Array,12/8/2023 3:59:45 AM,12/7/2024 1:25:33 AM,Downstream Array,Downstream Array,6/29/2023,7,Bull Trout,R,Resident,W,Wild Fish or Natural Production,TUMFBY - TUM - Release into the Forebay within 0.5 km upstream of Dam,LADDER,Adult Passage Ladder,490,1
3DD.003E463BFA,NBD-2023-145-001.json,TUF - Tumwater Dam Adult Fishway,6/20/2024 6:31:12 PM,8/8/2025 7:42:00 PM,High Flow Ladder Entrance,WEIR 3,6/29/2023,7,Bull Trout,R,Resident,W,Wild Fish or Natural Production,TUMFBY - TUM - Release into the Forebay within 0.5 km upstream of Dam,LADDER,Adult Passage Ladder,490,1
3DD.003E463BFB,NBD-2023-145-001.json,CHW - Chiwaukum Creek,7/1/2024 2:43:42 AM,7/1/2024 2:44:01 AM,DOWNSTREAM ARRAY,UPSTREAM ARRAY,6/29/2023,7,Bull Trout,R,Resident,W,Wild Fish or Natural Production,TUMFBY - TUM - Release into the Forebay within 0.5 km upstream of Dam,LADDER,Adult Passage Ladder,520,1
3DD.003E463BFB,NBD-2023-145-001.json,TUF - Tumwater Dam Adult Fishway,6/9/2024 2:59:01 PM,6/16/2024 5:18:28 PM,High Flow Ladder Entrance,High Flow Ladder Entrance,6/29/2023,7,Bull Trout,R,Resident,W,Wild Fish or Natural Production,TUMFBY - TUM - Release into the Forebay within 0.5 km upstream of Dam,LADDER,Adult Passage Ladder,520,1
3DD.003E463C26,NBD-2023-145-001.json,CHW - Chiwaukum Creek,7/6/2024 12:09:30 AM,7/6/2024 12:09:30 AM,UPSTREAM ARRAY,UPSTREAM ARRAY,6/29/2023,7,Bull Trout,R,Resident,W,Wild Fish or Natural Production,TUMFBY - TUM - Release into the Forebay within 0.5 km upstream of Dam,LADDER,Adult Passage Ladder,NA,1
3DD.003E463C26,NBD-2023-145-001.json,UWE - Upper Wenatchee River,9/7/2023 10:11:48 PM,9/7/2023 10:11:48 PM,IN-STREAM ARRAY,IN-STREAM ARRAY,6/29/2023,7,Bull Trout,R,Resident,W,Wild Fish or Natural Production,TUMFBY - TUM - Release into the Forebay within 0.5 km upstream of Dam,LADDER,Adult Passage Ladder,NA,1
3DD.003E463C26,NBD-2023-145-001.json,"WTL - White River, Wenatchee Basin",9/8/2023 10:25:12 PM,10/13/2023 1:53:39 AM,LOWER IN-STREAM ARRAY,LOWER IN-STREAM ARRAY,6/29/2023,7,Bull Trout,R,Resident,W,Wild Fish or Natural Production,TUMFBY - TUM - Release into the Forebay within 0.5 km upstream of Dam,LADDER,Adult Passage Ladder,NA,1
3DD.003E463C2C,NBD-2023-145-001.json,CHW - Chiwaukum Creek,7/8/2024 3:32:23 AM,7/13/2025 11:28:02 PM,DOWNSTREAM ARRAY,UPSTREAM ARRAY,6/29/2023,7,Bull Trout,R,Resident,W,Wild Fish or Natural Production,TUMFBY - TUM - Release into the Forebay within 0.5 km upstream of Dam,LADDER,Adult Passage Ladder,NA,1
3DD.003E463C65,NBD-2023-145-001.json,CHW - Chiwaukum Creek,9/25/2023 10:50:32 PM,7/13/2025 10:31:42 PM,UPSTREAM ARRAY,UPSTREAM ARRAY,6/28/2023,7,Bull Trout,R,Resident,W,Wild Fish or Natural Production,TUMFBY - TUM - Release into the Forebay within 0.5 km upstream of Dam,LADDER,Adult Passage Ladder,520,1
3DD.003E463C65,NBD-2023-145-001.json,LWE - Lower Wenatchee River,10/24/2023 6:57:24 PM,10/24/2023 6:57:24 PM,DOWNSTREAM ANTENNA ARRAY,DOWNSTREAM ANTENNA ARRAY,6/28/2023,7,Bull Trout,R,Resident,W,Wild Fish or Natural Production,TUMFBY - TUM - Release into the Forebay within 0.5 km upstream of Dam,LADDER,Adult Passage Ladder,520,1
3DD.003E463C65,NBD-2023-145-001.json,TUF - Tumwater Dam Adult Fishway,7/10/2024 11:59:56 AM,6/25/2025 7:58:54 AM,High Flow Ladder Entrance,WEIR 17,6/28/2023,7,Bull Trout,R,Resident,W,Wild Fish or Natural Production,TUMFBY - TUM - Release into the Forebay within 0.5 km upstream of Dam,LADDER,Adult Passage Ladder,520,1
3DD.003E463C6C,NBD-2023-145-001.json,CHW - Chiwaukum Creek,10/5/2023 2:15:59 AM,9/14/2024 11:14:32 PM,UPSTREAM ARRAY,DOWNSTREAM ARRAY,6/28/2023,7,Bull Trout,R,Resident,W,Wild Fish or Natural Production,TUMFBY - TUM - Release into the Forebay within 0.5 km upstream of Dam,LADDER,Adult Passage Ladder,NA,1
3DD.003E463C6C,NBD-2023-145-001.json,TUF - Tumwater Dam Adult Fishway,6/16/2024 10:59:44 PM,6/17/2025 8:38:09 PM,High Flow Ladder Entrance,WEIR 17,6/28/2023,7,Bull Trout,R,Resident,W,Wild Fish or Natural Production,TUMFBY - TUM - Release into the Forebay within 0.5 km upstream of Dam,LADDER,Adult Passage Ladder,NA,1
3DD.003E463C7B,NBD-2023-145-001.json,CHW - Chiwaukum Creek,7/5/2024 12:21:48 AM,6/26/2025 2:52:12 AM,DOWNSTREAM ARRAY,UPSTREAM ARRAY,6/28/2023,7,Bull Trout,R,Resident,W,Wild Fish or Natural Production,TUMFBY - TUM - Release into the Forebay within 0.5 km upstream of Dam,LADDER,Adult Passage Ladder,NA,1
3DD.003E463CC8,NBD-2023-145-001.json,CHW - Chiwaukum Creek,10/11/2023 5:30:36 AM,8/18/2024 1:06:21 AM,UPSTREAM ARRAY,UPSTREAM ARRAY,6/27/2023,7,Bull Trout,R,Resident,W,Wild Fish or Natural Production,TUMFBY - TUM - Release into the Forebay within 0.5 km upstream of Dam,LADDER,Adult Passage Ladder,NA,1
3DD.003E463CC8,NBD-2023-145-001.json,TUF - Tumwater Dam Adult Fishway,6/21/2024 1:46:43 PM,8/6/2024 2:53:23 PM,High Flow Ladder Entrance,WEIR 17,6/27/2023,7,Bull Trout,R,Resident,W,Wild Fish or Natural Production,TUMFBY - TUM - Release into the Forebay within 0.5 km upstream of Dam,LADDER,Adult Passage Ladder,NA,1
3DD.003E463F8C,NBD-2024-145-002.xml,CHW - Chiwaukum Creek,7/3/2024 2:43:38 AM,7/3/2024 2:44:52 AM,DOWNSTREAM ARRAY,UPSTREAM ARRAY,6/24/2024,7,Bull Trout,R,Resident,W,Wild Fish or Natural Production,TUMFBY - TUM - Release into the Forebay within 0.5 km upstream of Dam,LADDER,Adult Passage Ladder,550,1
3DD.003E463F9B,NBD-2024-145-002.xml,CHW - Chiwaukum Creek,7/1/2024 3:42:03 AM,7/1/2024 3:50:56 AM,DOWNSTREAM ARRAY,UPSTREAM ARRAY,6/23/2024,7,Bull Trout,R,Resident,W,Wild Fish or Natural Production,TUMFBY - TUM - Release into the Forebay within 0.5 km upstream of Dam,LADDER,Adult Passage Ladder,480,1
3DD.003E46416C,NBD-2024-145-002.xml,CHW - Chiwaukum Creek,7/4/2024 10:54:05 PM,10/16/2024 6:31:59 PM,DOWNSTREAM ARRAY,DOWNSTREAM ARRAY,6/27/2024,7,Bull Trout,R,Resident,W,Wild Fish or Natural Production,TUMFBY - TUM - Release into the Forebay within 0.5 km upstream of Dam,LADDER,Adult Passage Ladder,580,1
3DD.003E46416C,NBD-2024-145-002.xml,IC5 - Icicle Creek Historic Channel,7/2/2025 10:46:05 PM,7/2/2025 10:48:12 PM,Downstream Main,Upstream Main,6/27/2024,7,Bull Trout,R,Resident,W,Wild Fish or Natural Production,TUMFBY - TUM - Release into the Forebay within 0.5 km upstream of Dam,LADDER,Adult Passage Ladder,580,1
3DD.003E46416C,NBD-2024-145-002.xml,ICL - Lower Icicle Instream Array,7/2/2025 1:11:05 AM,7/2/2025 1:11:22 AM,Downstream Array,Upstream Array,6/27/2024,7,Bull Trout,R,Resident,W,Wild Fish or Natural Production,TUMFBY - TUM - Release into the Forebay within 0.5 km upstream of Dam,LADDER,Adult Passage Ladder,580,1
3DD.003E46416C,NBD-2024-145-002.xml,LWE - Lower Wenatchee River,10/28/2024 2:26:19 PM,10/28/2024 2:26:41 PM,UPSTREAM ANTENNA ARRAY,DOWNSTREAM ANTENNA ARRAY,6/27/2024,7,Bull Trout,R,Resident,W,Wild Fish or Natural Production,TUMFBY - TUM - Release into the Forebay within 0.5 km upstream of Dam,LADDER,Adult Passage Ladder,580,1
3DD.003E46416C,NBD-2024-145-002.xml,TUF - Tumwater Dam Adult Fishway,6/11/2025 4:03:28 PM,6/25/2025 7:07:10 PM,WEIR 3,High Flow Ladder Entrance,6/27/2024,7,Bull Trout,R,Resident,W,Wild Fish or Natural Production,TUMFBY - TUM - Release into the Forebay within 0.5 km upstream of Dam,LADDER,Adult Passage Ladder,580,1
3DD.003E464222,NBD-2024-145-002.xml,CHW - Chiwaukum Creek,7/3/2024 11:27:50 PM,7/3/2024 11:28:30 PM,DOWNSTREAM ARRAY,UPSTREAM ARRAY,6/22/2024,7,Bull Trout,R,Resident,W,Wild Fish or Natural Production,TUMFBY - TUM - Release into the Forebay within 0.5 km upstream of Dam,LADDER,Adult Passage Ladder,550,1
3DD.003E46423C,NBD-2024-145-002.xml,CHW - Chiwaukum Creek,7/4/2024 11:45:40 PM,10/16/2024 2:41:46 AM,DOWNSTREAM ARRAY,DOWNSTREAM ARRAY,6/22/2024,7,Bull Trout,R,Resident,W,Wild Fish or Natural Production,TUMFBY - TUM - Release into the Forebay within 0.5 km upstream of Dam,LADDER,Adult Passage Ladder,490,1
3DD.003E46425C,NBD-2024-145-002.xml,CHW - Chiwaukum Creek,6/28/2024 3:45:24 AM,6/28/2024 3:52:49 AM,DOWNSTREAM ARRAY,UPSTREAM ARRAY,6/22/2024,7,Bull Trout,R,Resident,W,Wild Fish or Natural Production,TUMFBY - TUM - Release into the Forebay within 0.5 km upstream of Dam,LADDER,Adult Passage Ladder,470,1
3DD.003E4642A8,NBD-2023-145-001.json,CHL - Lower Chiwawa River,6/25/2024 9:17:54 PM,10/16/2025 12:45:56 PM,UPPER IN-STREAM ARRAY,LOWER IN-STREAM ARRAY,10/5/2023,7,Bull Trout,R,Resident,W,Wild Fish or Natural Production,TUMFBY - TUM - Release into the Forebay within 0.5 km upstream of Dam,LADDER,Adult Passage Ladder,320,1
3DD.003E4642A8,NBD-2023-145-001.json,CHU - Upper Chiwawa River,7/20/2024 9:46:48 PM,10/1/2025 10:29:25 PM,LOWER IN-STREAM ARRAY,LOWER IN-STREAM ARRAY,10/5/2023,7,Bull Trout,R,Resident,W,Wild Fish or Natural Production,TUMFBY - TUM - Release into the Forebay within 0.5 km upstream of Dam,LADDER,Adult Passage Ladder,320,1
3DD.003E4642A8,NBD-2023-145-001.json,CWT - Chiwawa River Weir Trap Array,10/2/2025 7:22:14 PM,10/16/2025 12:34:23 PM,Single Pass,Single Pass,10/5/2023,7,Bull Trout,R,Resident,W,Wild Fish or Natural Production,TUMFBY - TUM - Release into the Forebay within 0.5 km upstream of Dam,LADDER,Adult Passage Ladder,320,1
3DD.003E4643A4,NBD-2024-145-002.xml,NAL - Lower Nason Creek,7/4/2024 2:04:54 AM,7/4/2024 2:05:10 AM,LOWER IN-STREAM ARRAY,UPPER IN-STREAM ARRAY,6/24/2024,7,Bull Trout,R,Resident,W,Wild Fish or Natural Production,TUMFBY - TUM - Release into the Forebay within 0.5 km upstream of Dam,LADDER,Adult Passage Ladder,470,1
3DD.003E4643A4,NBD-2024-145-002.xml,NAU - Upper Nason Creek,7/7/2024 12:37:53 AM,7/7/2024 12:38:11 AM,LOWER IN-STREAM ARRAY,UPPER IN-STREAM ARRAY,6/24/2024,7,Bull Trout,R,Resident,W,Wild Fish or Natural Production,TUMFBY - TUM - Release into the Forebay within 0.5 km upstream of Dam,LADDER,Adult Passage Ladder,470,1
3DD.003E4643B0,NBD-2024-145-002.xml,CHW - Chiwaukum Creek,7/5/2024 9:43:27 PM,7/8/2024 11:52:56 AM,DOWNSTREAM ARRAY,UPSTREAM ARRAY,6/25/2024,7,Bull Trout,R,Resident,W,Wild Fish or Natural Production,TUMFBY - TUM - Release into the Forebay within 0.5 km upstream of Dam,LADDER,Adult Passage Ladder,470,1
3DD.003E4643BB,NBD-2024-145-002.xml,CHW - Chiwaukum Creek,7/8/2024 3:13:22 AM,7/13/2025 10:58:24 PM,DOWNSTREAM ARRAY,UPSTREAM ARRAY,6/24/2024,7,Bull Trout,R,Resident,W,Wild Fish or Natural Production,TUMFBY - TUM - Release into the Forebay within 0.5 km upstream of Dam,LADDER,Adult Passage Ladder,470,1
3DD.003E4643BB,NBD-2024-145-002.xml,TUF - Tumwater Dam Adult Fishway,6/27/2024 2:33:46 PM,6/27/2025 11:38:25 AM,High Flow Ladder Entrance,WEIR 17,6/24/2024,7,Bull Trout,R,Resident,W,Wild Fish or Natural Production,TUMFBY - TUM - Release into the Forebay within 0.5 km upstream of Dam,LADDER,Adult Passage Ladder,470,1
3DD.003E464471,NBD-2024-145-002.xml,CHW - Chiwaukum Creek,7/7/2024 11:24:25 PM,7/12/2025 10:45:16 PM,DOWNSTREAM ARRAY,UPSTREAM ARRAY,7/1/2024,7,Bull Trout,R,Resident,W,Wild Fish or Natural Production,TUMFBY - TUM - Release into the Forebay within 0.5 km upstream of Dam,LADDER,Adult Passage Ladder,430,1
3DD.003E4644BB,NBD-2024-145-002.xml,CHW - Chiwaukum Creek,7/19/2025 9:52:32 PM,7/19/2025 9:52:43 PM,UPSTREAM ARRAY,DOWNSTREAM ARRAY,7/1/2024,7,Bull Trout,R,Resident,W,Wild Fish or Natural Production,TUMFBY - TUM - Release into the Forebay within 0.5 km upstream of Dam,LADDER,Adult Passage Ladder,660,1
3DD.003E4644BB,NBD-2024-145-002.xml,ICL - Lower Icicle Instream Array,7/17/2024 7:54:09 PM,9/1/2024 8:24:25 PM,Downstream Array,Downstream Array,7/1/2024,7,Bull Trout,R,Resident,W,Wild Fish or Natural Production,TUMFBY - TUM - Release into the Forebay within 0.5 km upstream of Dam,LADDER,Adult Passage Ladder,660,1
3DD.003E4644BB,NBD-2024-145-002.xml,ICM - Middle Icicle Instream Array,8/1/2024 12:07:32 AM,8/1/2024 1:39:55 AM,Downstream Array,Downstream Array,7/1/2024,7,Bull Trout,R,Resident,W,Wild Fish or Natural Production,TUMFBY - TUM - Release into the Forebay within 0.5 km upstream of Dam,LADDER,Adult Passage Ladder,660,1
3DD.003E4644BB,NBD-2024-145-002.xml,LWE - Lower Wenatchee River,10/24/2024 10:36:40 PM,10/24/2024 10:36:44 PM,UPSTREAM ANTENNA ARRAY,DOWNSTREAM ANTENNA ARRAY,7/1/2024,7,Bull Trout,R,Resident,W,Wild Fish or Natural Production,TUMFBY - TUM - Release into the Forebay within 0.5 km upstream of Dam,LADDER,Adult Passage Ladder,660,1
3DD.003E4644BB,NBD-2024-145-002.xml,TUF - Tumwater Dam Adult Fishway,6/22/2025 10:25:42 AM,7/7/2025 2:41:54 PM,High Flow Ladder Entrance,WEIR 17,7/1/2024,7,Bull Trout,R,Resident,W,Wild Fish or Natural Production,TUMFBY - TUM - Release into the Forebay within 0.5 km upstream of Dam,LADDER,Adult Passage Ladder,660,1
3DD.003E4644CC,NBD-2024-145-002.xml,CHW - Chiwaukum Creek,7/15/2024 10:50:53 PM,8/3/2025 10:15:29 PM,DOWNSTREAM ARRAY,DOWNSTREAM ARRAY,7/5/2024,7,Bull Trout,R,Resident,W,Wild Fish or Natural Production,TUMFBY - TUM - Release into the Forebay within 0.5 km upstream of Dam,LADDER,Adult Passage Ladder,450,1
3DD.003E4644CC,NBD-2024-145-002.xml,TUF - Tumwater Dam Adult Fishway,6/16/2025 4:05:04 PM,6/23/2025 8:22:04 PM,High Flow Ladder Entrance,WEIR 17,7/5/2024,7,Bull Trout,R,Resident,W,Wild Fish or Natural Production,TUMFBY - TUM - Release into the Forebay within 0.5 km upstream of Dam,LADDER,Adult Passage Ladder,450,1
3DD.003E4644D3,NBD-2024-145-002.xml,CHL - Lower Chiwawa River,8/2/2024 9:10:36 PM,9/13/2024 1:08:07 AM,LOWER IN-STREAM ARRAY,LOWER IN-STREAM ARRAY,7/4/2024,7,Bull Trout,R,Resident,W,Wild Fish or Natural Production,TUMFBY - TUM - Release into the Forebay within 0.5 km upstream of Dam,LADDER,Adult Passage Ladder,310,1
3DD.003E4644D3,NBD-2024-145-002.xml,CHU - Upper Chiwawa River,8/6/2024 9:51:52 PM,9/8/2024 4:43:38 AM,LOWER IN-STREAM ARRAY,LOWER IN-STREAM ARRAY,7/4/2024,7,Bull Trout,R,Resident,W,Wild Fish or Natural Production,TUMFBY - TUM - Release into the Forebay within 0.5 km upstream of Dam,LADDER,Adult Passage Ladder,310,1
3DD.003E4644D3,NBD-2024-145-002.xml,CHW - Chiwaukum Creek,7/13/2024 8:08:24 AM,7/13/2024 8:24:14 AM,DOWNSTREAM ARRAY,DOWNSTREAM ARRAY,7/4/2024,7,Bull Trout,R,Resident,W,Wild Fish or Natural Production,TUMFBY - TUM - Release into the Forebay within 0.5 km upstream of Dam,LADDER,Adult Passage Ladder,310,1
3DD.003E4644D3,NBD-2024-145-002.xml,UWE - Upper Wenatchee River,9/13/2024 10:59:56 PM,9/13/2024 10:59:56 PM,IN-STREAM ARRAY,IN-STREAM ARRAY,7/4/2024,7,Bull Trout,R,Resident,W,Wild Fish or Natural Production,TUMFBY - TUM - Release into the Forebay within 0.5 km upstream of Dam,LADDER,Adult Passage Ladder,310,1
3DD.003E4644D3,NBD-2024-145-002.xml,"WTL - White River, Wenatchee Basin",9/19/2024 7:45:46 PM,7/23/2025 10:35:36 PM,LOWER IN-STREAM ARRAY,UPPER IN-STREAM ARRAY,7/4/2024,7,Bull Trout,R,Resident,W,Wild Fish or Natural Production,TUMFBY - TUM - Release into the Forebay within 0.5 km upstream of Dam,LADDER,Adult Passage Ladder,310,1
3DD.003E4644DD,NBD-2024-145-002.xml,CHL - Lower Chiwawa River,7/14/2024 11:52:25 PM,9/27/2024 12:26:51 AM,UPPER IN-STREAM ARRAY,LOWER IN-STREAM ARRAY,7/5/2024,7,Bull Trout,R,Resident,W,Wild Fish or Natural Production,TUMFBY - TUM - Release into the Forebay within 0.5 km upstream of Dam,LADDER,Adult Passage Ladder,370,1
3DD.003E4644DD,NBD-2024-145-002.xml,CHW - Chiwaukum Creek,6/10/2025 4:04:50 AM,6/10/2025 4:05:05 AM,DOWNSTREAM ARRAY,UPSTREAM ARRAY,7/5/2024,7,Bull Trout,R,Resident,W,Wild Fish or Natural Production,TUMFBY - TUM - Release into the Forebay within 0.5 km upstream of Dam,LADDER,Adult Passage Ladder,370,1
3DD.003E464531,NBD-2024-145-002.xml,CHW - Chiwaukum Creek,8/1/2024 3:49:47 AM,9/26/2024 5:30:02 AM,DOWNSTREAM ARRAY,DOWNSTREAM ARRAY,6/26/2024,7,Bull Trout,R,Resident,W,Wild Fish or Natural Production,TUMFBY - TUM - Release into the Forebay within 0.5 km upstream of Dam,LADDER,Adult Passage Ladder,NA,1
3DD.003E464531,NBD-2024-145-002.xml,LWE - Lower Wenatchee River,5/26/2025 12:46:04 AM,5/26/2025 12:46:04 AM,UPSTREAM ANTENNA ARRAY,UPSTREAM ANTENNA ARRAY,6/26/2024,7,Bull Trout,R,Resident,W,Wild Fish or Natural Production,TUMFBY - TUM - Release into the Forebay within 0.5 km upstream of Dam,LADDER,Adult Passage Ladder,NA,1
3DD.003E464531,NBD-2024-145-002.xml,PES - Peshastin Creek,6/10/2025 9:38:59 PM,6/20/2025 11:56:42 PM,LOWER IN-STREAM ARRAY,LOWER IN-STREAM ARRAY,6/26/2024,7,Bull Trout,R,Resident,W,Wild Fish or Natural Production,TUMFBY - TUM - Release into the Forebay within 0.5 km upstream of Dam,LADDER,Adult Passage Ladder,NA,1
3DD.003E464531,NBD-2024-145-002.xml,TUF - Tumwater Dam Adult Fishway,6/30/2024 6:16:47 PM,6/30/2025 3:18:39 PM,High Flow Ladder Entrance,High Flow Ladder Entrance,6/26/2024,7,Bull Trout,R,Resident,W,Wild Fish or Natural Production,TUMFBY - TUM - Release into the Forebay within 0.5 km upstream of Dam,LADDER,Adult Passage Ladder,NA,1
3DD.003E46453C,NBD-2024-145-002.xml,CHW - Chiwaukum Creek,7/5/2024 8:21:01 PM,8/2/2024 10:05:52 PM,DOWNSTREAM ARRAY,UPSTREAM ARRAY,6/27/2024,7,Bull Trout,R,Resident,W,Wild Fish or Natural Production,TUMFBY - TUM - Release into the Forebay within 0.5 km upstream of Dam,LADDER,Adult Passage Ladder,450,1
3DD.003E46454C,NBD-2024-145-002.xml,CHW - Chiwaukum Creek,7/4/2024 2:40:04 AM,7/4/2024 2:41:34 AM,DOWNSTREAM ARRAY,UPSTREAM ARRAY,6/25/2024,7,Bull Trout,R,Resident,W,Wild Fish or Natural Production,TUMFBY - TUM - Release into the Forebay within 0.5 km upstream of Dam,LADDER,Adult Passage Ladder,510,1
3DD.003E464555,NBD-2024-145-002.xml,CHW - Chiwaukum Creek,6/29/2024 3:24:38 AM,7/13/2025 10:34:08 PM,UPSTREAM ARRAY,UPSTREAM ARRAY,6/25/2024,7,Bull Trout,R,Resident,W,Wild Fish or Natural Production,TUMFBY - TUM - Release into the Forebay within 0.5 km upstream of Dam,LADDER,Adult Passage Ladder,580,1
3DD.003E464555,NBD-2024-145-002.xml,TUF - Tumwater Dam Adult Fishway,6/20/2025 9:24:57 AM,7/5/2025 7:56:32 PM,High Flow Ladder Entrance,WEIR 17,6/25/2024,7,Bull Trout,R,Resident,W,Wild Fish or Natural Production,TUMFBY - TUM - Release into the Forebay within 0.5 km upstream of Dam,LADDER,Adult Passage Ladder,580,1
3DD.003E46456F,NBD-2024-145-002.xml,CHL - Lower Chiwawa River,9/13/2024 1:45:22 AM,9/8/2025 10:28:56 PM,LOWER IN-STREAM ARRAY,LOWER IN-STREAM ARRAY,6/25/2024,7,Bull Trout,R,Resident,W,Wild Fish or Natural Production,TUMFBY - TUM - Release into the Forebay within 0.5 km upstream of Dam,LADDER,Adult Passage Ladder,360,1
3DD.003E46456F,NBD-2024-145-002.xml,CHU - Upper Chiwawa River,7/18/2024 1:30:21 AM,9/8/2025 2:51:41 AM,LOWER IN-STREAM ARRAY,UPPER IN-STREAM ARRAY,6/25/2024,7,Bull Trout,R,Resident,W,Wild Fish or Natural Production,TUMFBY - TUM - Release into the Forebay within 0.5 km upstream of Dam,LADDER,Adult Passage Ladder,360,1
3DD.003E46456F,NBD-2024-145-002.xml,CWT - Chiwawa River Weir Trap Array,6/29/2025 10:56:12 PM,6/29/2025 10:56:12 PM,Single Pass,Single Pass,6/25/2024,7,Bull Trout,R,Resident,W,Wild Fish or Natural Production,TUMFBY - TUM - Release into the Forebay within 0.5 km upstream of Dam,LADDER,Adult Passage Ladder,360,1
3DD.003E46456F,NBD-2024-145-002.xml,UWE - Upper Wenatchee River,9/20/2024 11:26:06 PM,9/20/2024 11:26:06 PM,IN-STREAM ARRAY,IN-STREAM ARRAY,6/25/2024,7,Bull Trout,R,Resident,W,Wild Fish or Natural Production,TUMFBY - TUM - Release into the Forebay within 0.5 km upstream of Dam,LADDER,Adult Passage Ladder,360,1
3DD.003E46457F,NBD-2024-145-002.xml,CHW - Chiwaukum Creek,7/16/2024 8:49:19 PM,8/13/2024 1:18:26 AM,DOWNSTREAM ARRAY,DOWNSTREAM ARRAY,6/27/2024,7,Bull Trout,R,Resident,W,Wild Fish or Natural Production,TUMFBY - TUM - Release into the Forebay within 0.5 km upstream of Dam,LADDER,Adult Passage Ladder,440,1
3DD.003E464581,NBD-2024-145-002.xml,CHW - Chiwaukum Creek,7/5/2024 2:50:02 AM,7/5/2024 2:50:27 AM,DOWNSTREAM ARRAY,UPSTREAM ARRAY,6/26/2024,7,Bull Trout,R,Resident,W,Wild Fish or Natural Production,TUMFBY - TUM - Release into the Forebay within 0.5 km upstream of Dam,LADDER,Adult Passage Ladder,490,1
3DD.003E4645E1,NBD-2024-145-002.xml,CHW - Chiwaukum Creek,7/9/2024 8:27:10 PM,7/9/2024 9:06:05 PM,DOWNSTREAM ARRAY,UPSTREAM ARRAY,7/3/2024,7,Bull Trout,R,Resident,W,Wild Fish or Natural Production,TUMFBY - TUM - Release into the Forebay within 0.5 km upstream of Dam,LADDER,Adult Passage Ladder,460,1
3DD.003E4645F3,NBD-2024-145-002.xml,CHW - Chiwaukum Creek,7/7/2024 10:36:59 PM,7/7/2024 10:39:17 PM,DOWNSTREAM ARRAY,UPSTREAM ARRAY,7/3/2024,7,Bull Trout,R,Resident,W,Wild Fish or Natural Production,TUMFBY - TUM - Release into the Forebay within 0.5 km upstream of Dam,LADDER,Adult Passage Ladder,500,1
3DD.003E464654,NBD-2024-145-002.xml,CHW - Chiwaukum Creek,7/21/2024 1:48:51 PM,7/23/2024 1:08:13 AM,DOWNSTREAM ARRAY,DOWNSTREAM ARRAY,7/12/2024,7,Bull Trout,R,Resident,W,Wild Fish or Natural Production,TUMFBY - TUM - Release into the Forebay within 0.5 km upstream of Dam,LADDER,Adult Passage Ladder,410,1
3DD.003E464671,NBD-2024-145-002.xml,CHU - Upper Chiwawa River,7/6/2024 8:30:11 PM,7/6/2024 8:30:11 PM,LOWER IN-STREAM ARRAY,LOWER IN-STREAM ARRAY,6/21/2024,7,Bull Trout,R,Resident,W,Wild Fish or Natural Production,TUMFBY - TUM - Release into the Forebay within 0.5 km upstream of Dam,LADDER,Adult Passage Ladder,610,1
3DD.003E464679,NBD-2024-145-002.xml,CHW - Chiwaukum Creek,7/2/2024 11:48:47 PM,7/2/2024 11:48:59 PM,DOWNSTREAM ARRAY,UPSTREAM ARRAY,6/21/2024,7,Bull Trout,R,Resident,W,Wild Fish or Natural Production,TUMFBY - TUM - Release into the Forebay within 0.5 km upstream of Dam,LADDER,Adult Passage Ladder,690,1
3DD.003E464698,NBD-2024-145-002.xml,CHL - Lower Chiwawa River,9/22/2024 9:54:46 AM,10/3/2024 8:18:44 PM,LOWER IN-STREAM ARRAY,LOWER IN-STREAM ARRAY,6/21/2024,7,Bull Trout,R,Resident,W,Wild Fish or Natural Production,TUMFBY - TUM - Release into the Forebay within 0.5 km upstream of Dam,LADDER,Adult Passage Ladder,490,1
3DD.003E464698,NBD-2024-145-002.xml,CHU - Upper Chiwawa River,9/25/2024 1:48:03 AM,9/30/2024 5:16:43 AM,LOWER IN-STREAM ARRAY,LOWER IN-STREAM ARRAY,6/21/2024,7,Bull Trout,R,Resident,W,Wild Fish or Natural Production,TUMFBY - TUM - Release into the Forebay within 0.5 km upstream of Dam,LADDER,Adult Passage Ladder,490,1
3DD.003E464698,NBD-2024-145-002.xml,CHW - Chiwaukum Creek,8/10/2025 11:02:12 PM,8/14/2025 1:06:19 AM,DOWNSTREAM ARRAY,DOWNSTREAM ARRAY,6/21/2024,7,Bull Trout,R,Resident,W,Wild Fish or Natural Production,TUMFBY - TUM - Release into the Forebay within 0.5 km upstream of Dam,LADDER,Adult Passage Ladder,490,1
3DD.003E464698,NBD-2024-145-002.xml,CWT - Chiwawa River Weir Trap Array,10/2/2024 9:25:09 PM,10/3/2024 7:45:14 PM,Single Pass,Single Pass,6/21/2024,7,Bull Trout,R,Resident,W,Wild Fish or Natural Production,TUMFBY - TUM - Release into the Forebay within 0.5 km upstream of Dam,LADDER,Adult Passage Ladder,490,1
3DD.003E464698,NBD-2024-145-002.xml,NAL - Lower Nason Creek,7/14/2024 9:43:32 PM,9/21/2024 11:57:07 PM,LOWER IN-STREAM ARRAY,LOWER IN-STREAM ARRAY,6/21/2024,7,Bull Trout,R,Resident,W,Wild Fish or Natural Production,TUMFBY - TUM - Release into the Forebay within 0.5 km upstream of Dam,LADDER,Adult Passage Ladder,490,1
3DD.003E464698,NBD-2024-145-002.xml,NAU - Upper Nason Creek,7/17/2024 12:33:32 AM,9/21/2024 2:34:02 AM,LOWER IN-STREAM ARRAY,LOWER IN-STREAM ARRAY,6/21/2024,7,Bull Trout,R,Resident,W,Wild Fish or Natural Production,TUMFBY - TUM - Release into the Forebay within 0.5 km upstream of Dam,LADDER,Adult Passage Ladder,490,1
3DD.003E464698,NBD-2024-145-002.xml,TUF - Tumwater Dam Adult Fishway,6/19/2025 4:57:58 PM,8/9/2025 3:26:38 PM,High Flow Ladder Entrance,WEIR 17,6/21/2024,7,Bull Trout,R,Resident,W,Wild Fish or Natural Production,TUMFBY - TUM - Release into the Forebay within 0.5 km upstream of Dam,LADDER,Adult Passage Ladder,490,1
3DD.003E464698,NBD-2024-145-002.xml,UWE - Upper Wenatchee River,7/14/2024 9:21:26 AM,9/22/2024 2:02:49 AM,IN-STREAM ARRAY,IN-STREAM ARRAY,6/21/2024,7,Bull Trout,R,Resident,W,Wild Fish or Natural Production,TUMFBY - TUM - Release into the Forebay within 0.5 km upstream of Dam,LADDER,Adult Passage Ladder,490,1
3DD.003E4646A9,NBD-2024-145-002.xml,CHW - Chiwaukum Creek,6/29/2024 3:35:33 AM,9/20/2024 12:53:06 AM,DOWNSTREAM ARRAY,DOWNSTREAM ARRAY,6/21/2024,7,Bull Trout,R,Resident,W,Wild Fish or Natural Production,TUMFBY - TUM - Release into the Forebay within 0.5 km upstream of Dam,LADDER,Adult Passage Ladder,500,1
3DD.003E4646A9,NBD-2024-145-002.xml,TUF - Tumwater Dam Adult Fishway,6/9/2025 8:01:15 PM,6/23/2025 1:48:25 PM,High Flow Ladder Entrance,High Flow Ladder Entrance,6/21/2024,7,Bull Trout,R,Resident,W,Wild Fish or Natural Production,TUMFBY - TUM - Release into the Forebay within 0.5 km upstream of Dam,LADDER,Adult Passage Ladder,500,1
3DD.003E46E6CD,NBD-2023-145-001.json,CHL - Lower Chiwawa River,9/9/2023 6:59:40 PM,9/13/2024 3:41:46 AM,UPPER IN-STREAM ARRAY,LOWER IN-STREAM ARRAY,6/2/2023,7,Bull Trout,R,Resident,W,Wild Fish or Natural Production,TUMFBY - TUM - Release into the Forebay within 0.5 km upstream of Dam,LADDER,Adult Passage Ladder,NA,1
3DD.003E46E6CD,NBD-2023-145-001.json,CHU - Upper Chiwawa River,9/8/2023 11:06:08 PM,9/12/2024 11:13:49 PM,UPPER IN-STREAM ARRAY,LOWER IN-STREAM ARRAY,6/2/2023,7,Bull Trout,R,Resident,W,Wild Fish or Natural Production,TUMFBY - TUM - Release into the Forebay within 0.5 km upstream of Dam,LADDER,Adult Passage Ladder,NA,1
3DD.003E46E6F8,NBD-2023-145-001.json,CHL - Lower Chiwawa River,7/18/2024 10:29:14 PM,8/1/2024 9:21:27 PM,LOWER IN-STREAM ARRAY,UPPER IN-STREAM ARRAY,5/31/2023,7,Bull Trout,R,Resident,W,Wild Fish or Natural Production,TUMFBY - TUM - Release into the Forebay within 0.5 km upstream of Dam,LADDER,Adult Passage Ladder,330,1
3DD.003E46E6F8,NBD-2023-145-001.json,CHU - Upper Chiwawa River,8/6/2024 9:01:21 PM,8/29/2024 11:19:32 PM,LOWER IN-STREAM ARRAY,LOWER IN-STREAM ARRAY,5/31/2023,7,Bull Trout,R,Resident,W,Wild Fish or Natural Production,TUMFBY - TUM - Release into the Forebay within 0.5 km upstream of Dam,LADDER,Adult Passage Ladder,330,1
3DD.003E46E7D8,NBD-2025-169-001.xml,IC5 - Icicle Creek Historic Channel,7/13/2025 9:34:24 PM,7/26/2025 11:19:14 PM,Downstream Main,Downstream Main,7/2/2025,7,Bull Trout,R,Resident,W,Wild Fish or Natural Production,DRYFBY - DRY - Release into the Forebay within 0.5 km upstream of Dam,LADDER,Adult Passage Ladder,300,1
3DD.003E46E7D8,NBD-2025-169-001.xml,ICL - Lower Icicle Instream Array,7/9/2025 1:47:50 AM,7/9/2025 1:48:13 AM,Downstream Array,Upstream Array,7/2/2025,7,Bull Trout,R,Resident,W,Wild Fish or Natural Production,DRYFBY - DRY - Release into the Forebay within 0.5 km upstream of Dam,LADDER,Adult Passage Ladder,300,1
3DD.003E46E7D8,NBD-2025-169-001.xml,ICM - Middle Icicle Instream Array,7/14/2025 2:38:50 PM,7/14/2025 2:44:55 PM,Downstream Array,Upstream Array,7/2/2025,7,Bull Trout,R,Resident,W,Wild Fish or Natural Production,DRYFBY - DRY - Release into the Forebay within 0.5 km upstream of Dam,LADDER,Adult Passage Ladder,300,1
3DD.003E46E90E,NBD-2023-145-001.json,CHL - Lower Chiwawa River,8/28/2025 9:41:44 PM,9/13/2025 10:15:38 PM,LOWER IN-STREAM ARRAY,LOWER IN-STREAM ARRAY,7/1/2023,7,Bull Trout,R,Resident,W,Wild Fish or Natural Production,TUMFBY - TUM - Release into the Forebay within 0.5 km upstream of Dam,LADDER,Adult Passage Ladder,480,1
3DD.003E46E90E,NBD-2023-145-001.json,CHU - Upper Chiwawa River,9/10/2025 9:20:58 PM,9/11/2025 1:45:01 AM,LOWER IN-STREAM ARRAY,LOWER IN-STREAM ARRAY,7/1/2023,7,Bull Trout,R,Resident,W,Wild Fish or Natural Production,TUMFBY - TUM - Release into the Forebay within 0.5 km upstream of Dam,LADDER,Adult Passage Ladder,480,1
3DD.003E46E90E,NBD-2023-145-001.json,CHW - Chiwaukum Creek,7/1/2024 1:02:44 AM,8/16/2025 11:50:34 PM,DOWNSTREAM ARRAY,DOWNSTREAM ARRAY,7/1/2023,7,Bull Trout,R,Resident,W,Wild Fish or Natural Production,TUMFBY - TUM - Release into the Forebay within 0.5 km upstream of Dam,LADDER,Adult Passage Ladder,480,1
3DD.003E46E90E,NBD-2023-145-001.json,CWT - Chiwawa River Weir Trap Array,8/28/2025 10:21:02 PM,9/3/2025 9:37:14 PM,Single Pass,Single Pass,7/1/2023,7,Bull Trout,R,Resident,W,Wild Fish or Natural Production,TUMFBY - TUM - Release into the Forebay within 0.5 km upstream of Dam,LADDER,Adult Passage Ladder,480,1
3DD.003E46E955,NBD-2023-145-001.json,CHL - Lower Chiwawa River,7/8/2023 6:07:08 PM,7/10/2023 12:11:50 AM,LOWER IN-STREAM ARRAY,UPPER IN-STREAM ARRAY,6/30/2023,7,Bull Trout,R,Resident,W,Wild Fish or Natural Production,TUMFBY - TUM - Release into the Forebay within 0.5 km upstream of Dam,LADDER,Adult Passage Ladder,240,1
3DD.003E46E957,NBD-2023-145-001.json,CHW - Chiwaukum Creek,7/23/2024 1:02:30 AM,9/21/2024 4:50:13 AM,DOWNSTREAM ARRAY,DOWNSTREAM ARRAY,7/1/2023,7,Bull Trout,R,Resident,W,Wild Fish or Natural Production,TUMFBY - TUM - Release into the Forebay within 0.5 km upstream of Dam,LADDER,Adult Passage Ladder,480,1
3DD.003E46E957,NBD-2023-145-001.json,TUF - Tumwater Dam Adult Fishway,6/2/2024 2:08:16 PM,7/21/2024 10:07:10 AM,WEIR 3,WEIR 17,7/1/2023,7,Bull Trout,R,Resident,W,Wild Fish or Natural Production,TUMFBY - TUM - Release into the Forebay within 0.5 km upstream of Dam,LADDER,Adult Passage Ladder,480,1
3DD.003E46EBCC,NBD-2023-145-001.json,CHL - Lower Chiwawa River,9/26/2023 6:53:11 PM,8/26/2024 12:24:00 AM,UPPER IN-STREAM ARRAY,LOWER IN-STREAM ARRAY,6/14/2023,7,Bull Trout,R,Resident,W,Wild Fish or Natural Production,TUMFBY - TUM - Release into the Forebay within 0.5 km upstream of Dam,LADDER,Adult Passage Ladder,350,1
3DD.003E46EBCC,NBD-2023-145-001.json,CHU - Upper Chiwawa River,9/18/2023 3:36:56 AM,8/23/2024 10:00:57 PM,UPPER IN-STREAM ARRAY,LOWER IN-STREAM ARRAY,6/14/2023,7,Bull Trout,R,Resident,W,Wild Fish or Natural Production,TUMFBY - TUM - Release into the Forebay within 0.5 km upstream of Dam,LADDER,Adult Passage Ladder,350,1
3DD.003E46EBCC,NBD-2023-145-001.json,"WTL - White River, Wenatchee Basin",9/4/2024 11:49:06 PM,9/12/2024 7:17:09 PM,LOWER IN-STREAM ARRAY,LOWER IN-STREAM ARRAY,6/14/2023,7,Bull Trout,R,Resident,W,Wild Fish or Natural Production,TUMFBY - TUM - Release into the Forebay within 0.5 km upstream of Dam,LADDER,Adult Passage Ladder,350,1
3DD.003E46EC0E,NBD-2023-145-001.json,CHL - Lower Chiwawa River,6/26/2023 10:14:52 PM,9/24/2023 6:52:05 PM,UPPER IN-STREAM ARRAY,LOWER IN-STREAM ARRAY,6/14/2023,7,Bull Trout,R,Resident,W,Wild Fish or Natural Production,TUMFBY - TUM - Release into the Forebay within 0.5 km upstream of Dam,LADDER,Adult Passage Ladder,540,1
3DD.003E46EC0E,NBD-2023-145-001.json,CHU - Upper Chiwawa River,9/21/2023 7:27:00 PM,9/21/2023 7:27:00 PM,UPPER IN-STREAM ARRAY,UPPER IN-STREAM ARRAY,6/14/2023,7,Bull Trout,R,Resident,W,Wild Fish or Natural Production,TUMFBY - TUM - Release into the Forebay within 0.5 km upstream of Dam,LADDER,Adult Passage Ladder,540,1
3DD.003E46ECAB,NBD-2023-145-001.json,CHL - Lower Chiwawa River,6/24/2023 9:14:21 PM,9/25/2024 11:01:34 PM,LOWER IN-STREAM ARRAY,LOWER IN-STREAM ARRAY,6/12/2023,7,Bull Trout,R,Resident,W,Wild Fish or Natural Production,TUMFBY - TUM - Release into the Forebay within 0.5 km upstream of Dam,LADDER,Adult Passage Ladder,520,1
3DD.003E46ECAB,NBD-2023-145-001.json,CHU - Upper Chiwawa River,9/17/2023 2:37:40 AM,9/25/2024 7:15:03 PM,UPPER IN-STREAM ARRAY,LOWER IN-STREAM ARRAY,6/12/2023,7,Bull Trout,R,Resident,W,Wild Fish or Natural Production,TUMFBY - TUM - Release into the Forebay within 0.5 km upstream of Dam,LADDER,Adult Passage Ladder,520,1
3DD.003E46ECAB,NBD-2023-145-001.json,CHW - Chiwaukum Creek,7/14/2025 11:46:19 AM,7/14/2025 8:37:36 PM,DOWNSTREAM ARRAY,DOWNSTREAM ARRAY,6/12/2023,7,Bull Trout,R,Resident,W,Wild Fish or Natural Production,TUMFBY - TUM - Release into the Forebay within 0.5 km upstream of Dam,LADDER,Adult Passage Ladder,520,1
3DD.003E46ECAB,NBD-2023-145-001.json,LWE - Lower Wenatchee River,9/21/2023 10:24:43 PM,4/20/2025 8:12:09 AM,UPSTREAM ANTENNA ARRAY,DOWNSTREAM ANTENNA ARRAY,6/12/2023,7,Bull Trout,R,Resident,W,Wild Fish or Natural Production,TUMFBY - TUM - Release into the Forebay within 0.5 km upstream of Dam,LADDER,Adult Passage Ladder,520,1
3DD.003E46ECAB,NBD-2023-145-001.json,TUF - Tumwater Dam Adult Fishway,6/30/2024 8:39:23 AM,7/8/2025 7:25:51 AM,High Flow Ladder Entrance,WEIR 17,6/12/2023,7,Bull Trout,R,Resident,W,Wild Fish or Natural Production,TUMFBY - TUM - Release into the Forebay within 0.5 km upstream of Dam,LADDER,Adult Passage Ladder,520,1
3DD.003E4F2813,CGS-2025-276-MRT.xml,TWR - Lwr Twisp Rvr near MSRF Ponds,11/19/2025 3:31:10 AM,11/19/2025 3:31:10 AM,LOWER IN-STREAM ARRAY,LOWER IN-STREAM ARRAY,10/29/2025,7,Bull Trout,R,Resident,W,Wild Fish or Natural Production,TWISPR - Twisp River,SHOCK,Electro-Shock,210,1
3DD.00773786B2,TQI16255.739,ENF - Upper Entiat River at rkm 40.6,8/21/2019 8:46:35 PM,8/21/2019 8:46:35 PM,UPSTREAM ARRAY,UPSTREAM ARRAY,9/11/2016,7,Bull Trout,R,Resident,W,Wild Fish or Natural Production,ENTIAR - Entiat River,SHOCK,Electro-Shock,106,1
3DD.0077379D40,TQI16255.739,ENA - Upper Entiat River at rkm 17.1,11/22/2017 11:13:29 PM,11/22/2017 11:13:29 PM,DOWNSTREAM ANTENNA ARRAY,DOWNSTREAM ANTENNA ARRAY,9/11/2016,7,Bull Trout,R,Resident,W,Wild Fish or Natural Production,ENTIAR - Entiat River,SHOCK,Electro-Shock,130,1
3DD.0077379D40,TQI16255.739,ENF - Upper Entiat River at rkm 40.6,7/2/2017 3:45:59 AM,7/2/2017 3:45:59 AM,UPSTREAM ARRAY,UPSTREAM ARRAY,9/11/2016,7,Bull Trout,R,Resident,W,Wild Fish or Natural Production,ENTIAR - Entiat River,SHOCK,Electro-Shock,130,1
3DD.0077379D40,TQI16255.739,ENL - Lower Entiat River,11/23/2017 4:48:01 AM,11/23/2017 4:48:01 AM,UPPER IN-STREAM ARRAY,UPPER IN-STREAM ARRAY,9/11/2016,7,Bull Trout,R,Resident,W,Wild Fish or Natural Production,ENTIAR - Entiat River,SHOCK,Electro-Shock,130,1
3DD.0077379D40,TQI16255.739,ENS - Upper Entiat River at rkm 35.7,11/1/2017 5:48:03 AM,11/1/2017 5:48:11 AM,UPSTREAM ARRAY,DOWNSTREAM ARRAY,9/11/2016,7,Bull Trout,R,Resident,W,Wild Fish or Natural Production,ENTIAR - Entiat River,SHOCK,Electro-Shock,130,1
3DD.007737DF37,FWE-2017-237-HB4.xml,ENL - Lower Entiat River,8/25/2017 8:13:37 AM,8/25/2017 8:13:37 AM,UPPER IN-STREAM ARRAY,UPPER IN-STREAM ARRAY,8/25/2017,7,Bull Trout,R,Resident,W,Wild Fish or Natural Production,ENTIAR - Entiat River,SCREWT,Screw Trap,430,1
3DD.007737EF30,TQI16255.211,ENS - Upper Entiat River at rkm 35.7,4/30/2018 8:59:22 PM,4/30/2018 8:59:22 PM,UPSTREAM ARRAY,UPSTREAM ARRAY,9/12/2016,7,Bull Trout,R,Resident,W,Wild Fish or Natural Production,ENTIAR - Entiat River,SHOCK,Electro-Shock,81,1
3DD.00773802CE,TQI16255.739,ENA - Upper Entiat River at rkm 17.1,11/27/2018 5:32:51 PM,11/27/2018 5:32:51 PM,DOWNSTREAM ANTENNA ARRAY,DOWNSTREAM ANTENNA ARRAY,9/11/2016,7,Bull Trout,R,Resident,W,Wild Fish or Natural Production,ENTIAR - Entiat River,SHOCK,Electro-Shock,123,1
3DD.00773802CE,TQI16255.739,ENL - Lower Entiat River,12/29/2018 5:57:49 PM,12/29/2018 5:58:47 PM,UPPER IN-STREAM ARRAY,LOWER IN-STREAM ARRAY,9/11/2016,7,Bull Trout,R,Resident,W,Wild Fish or Natural Production,ENTIAR - Entiat River,SHOCK,Electro-Shock,123,1
3DD.00773802CE,TQI16255.739,ENS - Upper Entiat River at rkm 35.7,11/4/2018 3:40:14 AM,11/4/2018 3:40:14 AM,DOWNSTREAM ARRAY,DOWNSTREAM ARRAY,9/11/2016,7,Bull Trout,R,Resident,W,Wild Fish or Natural Production,ENTIAR - Entiat River,SHOCK,Electro-Shock,123,1
3DD.00773DBADA,NBD-2019-137-001.json,CHW - Chiwaukum Creek,7/5/2019 3:44:11 AM,7/5/2019 3:44:11 AM,DOWNSTREAM ARRAY,DOWNSTREAM ARRAY,6/12/2019,7,Bull Trout,R,Resident,W,Wild Fish or Natural Production,TUMFBY - TUM - Release into the Forebay within 0.5 km upstream of Dam,LADDER,Adult Passage Ladder,480,1
3DD.00773DC30F,NBD-2018-079-001.json,NAL - Lower Nason Creek,7/2/2018 9:44:08 PM,7/2/2018 9:45:00 PM,LOWER IN-STREAM ARRAY,UPPER IN-STREAM ARRAY,6/19/2018,7,Bull Trout,R,Resident,W,Wild Fish or Natural Production,TUMFBY - TUM - Release into the Forebay within 0.5 km upstream of Dam,LADDER,Adult Passage Ladder,500,1
3DD.00773DC30F,NBD-2018-079-001.json,NAU - Upper Nason Creek,7/9/2018 2:49:45 AM,7/9/2018 2:50:20 AM,LOWER IN-STREAM ARRAY,UPPER IN-STREAM ARRAY,6/19/2018,7,Bull Trout,R,Resident,W,Wild Fish or Natural Production,TUMFBY - TUM - Release into the Forebay within 0.5 km upstream of Dam,LADDER,Adult Passage Ladder,500,1
3DD.00773DC311,NBD-2019-137-001.json,CHW - Chiwaukum Creek,6/16/2019 11:54:47 PM,6/16/2019 11:55:00 PM,DOWNSTREAM ARRAY,UPSTREAM ARRAY,5/17/2019,7,Bull Trout,R,Resident,W,Wild Fish or Natural Production,TUMFBY - TUM - Release into the Forebay within 0.5 km upstream of Dam,LADDER,Adult Passage Ladder,NA,1
3DD.00773DD864,NBD-2018-079-001.json,CHW - Chiwaukum Creek,7/4/2020 12:24:24 AM,9/30/2020 5:08:56 AM,UPSTREAM ARRAY,DOWNSTREAM ARRAY,7/24/2018,7,Bull Trout,R,Resident,W,Wild Fish or Natural Production,TUMFBY - TUM - Release into the Forebay within 0.5 km upstream of Dam,LADDER,Adult Passage Ladder,340,1
3DD.00773DD864,NBD-2018-079-001.json,UWE - Upper Wenatchee River,11/26/2018 12:48:05 AM,9/25/2019 11:02:36 PM,IN-STREAM ARRAY,IN-STREAM ARRAY,7/24/2018,7,Bull Trout,R,Resident,W,Wild Fish or Natural Production,TUMFBY - TUM - Release into the Forebay within 0.5 km upstream of Dam,LADDER,Adult Passage Ladder,340,1
3DD.00773DD94D,NBD-2019-137-001.json,CHW - Chiwaukum Creek,7/13/2020 11:51:34 PM,10/24/2021 11:00:08 PM,DOWNSTREAM ARRAY,DOWNSTREAM ARRAY,7/11/2019,7,Bull Trout,R,Resident,W,Wild Fish or Natural Production,TUMFBY - TUM - Release into the Forebay within 0.5 km upstream of Dam,LADDER,Adult Passage Ladder,450,1
3DD.00773DD94D,NBD-2019-137-001.json,ICL - Lower Icicle Instream Array,11/4/2019 9:56:21 PM,2/6/2021 4:44:28 AM,Downstream Array,Downstream Array,7/11/2019,7,Bull Trout,R,Resident,W,Wild Fish or Natural Production,TUMFBY - TUM - Release into the Forebay within 0.5 km upstream of Dam,LADDER,Adult Passage Ladder,450,1
3DD.00773DD94D,NBD-2019-137-001.json,TUF - Tumwater Dam Adult Fishway,7/5/2020 7:42:19 PM,7/6/2021 7:42:55 PM,High Flow Ladder Entrance,WEIR 17,7/11/2019,7,Bull Trout,R,Resident,W,Wild Fish or Natural Production,TUMFBY - TUM - Release into the Forebay within 0.5 km upstream of Dam,LADDER,Adult Passage Ladder,450,1
3DD.00773DD966,NBD-2018-079-001.json,CHL - Lower Chiwawa River,9/18/2019 8:51:40 PM,9/11/2020 12:51:54 AM,LOWER IN-STREAM ARRAY,UPPER IN-STREAM ARRAY,7/1/2018,7,Bull Trout,R,Resident,W,Wild Fish or Natural Production,TUMFBY - TUM - Release into the Forebay within 0.5 km upstream of Dam,LADDER,Adult Passage Ladder,NA,1
3DD.00773DD966,NBD-2018-079-001.json,CHU - Upper Chiwawa River,9/25/2018 3:16:53 AM,9/10/2020 7:45:10 PM,UPPER IN-STREAM ARRAY,LOWER IN-STREAM ARRAY,7/1/2018,7,Bull Trout,R,Resident,W,Wild Fish or Natural Production,TUMFBY - TUM - Release into the Forebay within 0.5 km upstream of Dam,LADDER,Adult Passage Ladder,NA,1
3DD.00773DD966,NBD-2018-079-001.json,ICL - Lower Icicle Instream Array,9/24/2019 8:43:09 PM,9/23/2020 10:01:54 PM,Upstream Array,Downstream Array,7/1/2018,7,Bull Trout,R,Resident,W,Wild Fish or Natural Production,TUMFBY - TUM - Release into the Forebay within 0.5 km upstream of Dam,LADDER,Adult Passage Ladder,NA,1
3DD.00773DD966,NBD-2018-079-001.json,LWE - Lower Wenatchee River,10/4/2018 9:45:47 PM,4/7/2021 11:48:53 PM,UPSTREAM ANTENNA ARRAY,UPSTREAM ANTENNA ARRAY,7/1/2018,7,Bull Trout,R,Resident,W,Wild Fish or Natural Production,TUMFBY - TUM - Release into the Forebay within 0.5 km upstream of Dam,LADDER,Adult Passage Ladder,NA,1
3DD.00773DD966,NBD-2018-079-001.json,TUF - Tumwater Dam Adult Fishway,6/14/2019 11:03:40 AM,6/8/2021 5:32:06 PM,High Flow Ladder Entrance,WEIR 17,7/1/2018,7,Bull Trout,R,Resident,W,Wild Fish or Natural Production,TUMFBY - TUM - Release into the Forebay within 0.5 km upstream of Dam,LADDER,Adult Passage Ladder,NA,1
3DD.00773DDAD6,NBD-2020-140-001.xml,CHL - Lower Chiwawa River,10/4/2023 6:31:34 PM,10/4/2023 6:31:34 PM,LOWER IN-STREAM ARRAY,LOWER IN-STREAM ARRAY,6/24/2020,7,Bull Trout,R,Resident,W,Wild Fish or Natural Production,TUMFBY - TUM - Release into the Forebay within 0.5 km upstream of Dam,LADDER,Adult Passage Ladder,540,1
3DD.00773DDAD6,NBD-2020-140-001.xml,CHU - Upper Chiwawa River,9/30/2021 8:04:22 PM,10/3/2023 11:06:35 PM,UPPER IN-STREAM ARRAY,UPPER IN-STREAM ARRAY,6/24/2020,7,Bull Trout,R,Resident,W,Wild Fish or Natural Production,TUMFBY - TUM - Release into the Forebay within 0.5 km upstream of Dam,LADDER,Adult Passage Ladder,540,1
3DD.00773DDAD6,NBD-2020-140-001.xml,ICL - Lower Icicle Instream Array,7/16/2020 1:14:02 AM,9/18/2020 10:57:59 PM,Downstream Array,Downstream Array,6/24/2020,7,Bull Trout,R,Resident,W,Wild Fish or Natural Production,TUMFBY - TUM - Release into the Forebay within 0.5 km upstream of Dam,LADDER,Adult Passage Ladder,540,1
3DD.00773DDAD6,NBD-2020-140-001.xml,ICM - Middle Icicle Instream Array,7/28/2020 2:03:50 AM,7/28/2020 2:09:57 AM,Downstream Array,Upstream Array,6/24/2020,7,Bull Trout,R,Resident,W,Wild Fish or Natural Production,TUMFBY - TUM - Release into the Forebay within 0.5 km upstream of Dam,LADDER,Adult Passage Ladder,540,1
3DD.00773DDAD6,NBD-2020-140-001.xml,TUF - Tumwater Dam Adult Fishway,6/30/2020 3:55:24 PM,6/19/2021 9:03:16 AM,High Flow Ladder Entrance,WEIR 17,6/24/2020,7,Bull Trout,R,Resident,W,Wild Fish or Natural Production,TUMFBY - TUM - Release into the Forebay within 0.5 km upstream of Dam,LADDER,Adult Passage Ladder,540,1
3DD.00773DE2F2,NBD-2019-137-001.json,CHW - Chiwaukum Creek,6/23/2019 9:44:26 PM,9/17/2019 1:02:17 AM,UPSTREAM ARRAY,DOWNSTREAM ARRAY,6/10/2019,7,Bull Trout,R,Resident,W,Wild Fish or Natural Production,TUMFBY - TUM - Release into the Forebay within 0.5 km upstream of Dam,LADDER,Adult Passage Ladder,540,1
3DD.00773DE2F2,NBD-2019-137-001.json,TUF - Tumwater Dam Adult Fishway,6/12/2019 5:40:30 PM,6/17/2019 5:50:28 PM,High Flow Ladder Entrance,WEIR 17,6/10/2019,7,Bull Trout,R,Resident,W,Wild Fish or Natural Production,TUMFBY - TUM - Release into the Forebay within 0.5 km upstream of Dam,LADDER,Adult Passage Ladder,540,1
3DD.00773DE5B5,NBD-2018-079-001.json,CHW - Chiwaukum Creek,7/17/2018 4:48:02 AM,7/22/2019 9:13:46 PM,DOWNSTREAM ARRAY,UPSTREAM ARRAY,7/1/2018,7,Bull Trout,R,Resident,W,Wild Fish or Natural Production,TUMFBY - TUM - Release into the Forebay within 0.5 km upstream of Dam,LADDER,Adult Passage Ladder,NA,1
3DD.00773DE5B5,NBD-2018-079-001.json,TUF - Tumwater Dam Adult Fishway,7/7/2018 3:39:52 PM,7/11/2019 12:58:21 PM,High Flow Ladder Entrance,WEIR 17,7/1/2018,7,Bull Trout,R,Resident,W,Wild Fish or Natural Production,TUMFBY - TUM - Release into the Forebay within 0.5 km upstream of Dam,LADDER,Adult Passage Ladder,NA,1
3DD.00773DE8CA,NBD-2019-137-001.json,CHL - Lower Chiwawa River,7/5/2019 11:39:39 PM,10/1/2019 8:33:44 PM,LOWER IN-STREAM ARRAY,UPPER IN-STREAM ARRAY,6/23/2019,7,Bull Trout,R,Resident,W,Wild Fish or Natural Production,TUMFBY - TUM - Release into the Forebay within 0.5 km upstream of Dam,LADDER,Adult Passage Ladder,NA,1
3DD.00773DE8CA,NBD-2019-137-001.json,CHU - Upper Chiwawa River,7/13/2019 10:04:25 PM,9/26/2020 9:30:49 PM,LOWER IN-STREAM ARRAY,UPPER IN-STREAM ARRAY,6/23/2019,7,Bull Trout,R,Resident,W,Wild Fish or Natural Production,TUMFBY - TUM - Release into the Forebay within 0.5 km upstream of Dam,LADDER,Adult Passage Ladder,NA,1
3DD.00773DE8CA,NBD-2019-137-001.json,LWE - Lower Wenatchee River,9/30/2020 7:13:22 PM,9/30/2020 7:13:43 PM,DOWNSTREAM ANTENNA ARRAY,UPSTREAM ANTENNA ARRAY,6/23/2019,7,Bull Trout,R,Resident,W,Wild Fish or Natural Production,TUMFBY - TUM - Release into the Forebay within 0.5 km upstream of Dam,LADDER,Adult Passage Ladder,NA,1
3DD.00773DE8CA,NBD-2019-137-001.json,RRF - Rocky Reach Fishway,10/25/2019 12:31:08 PM,10/25/2019 12:38:58 PM,Lower Weir,Trap,6/23/2019,7,Bull Trout,R,Resident,W,Wild Fish or Natural Production,TUMFBY - TUM - Release into the Forebay within 0.5 km upstream of Dam,LADDER,Adult Passage Ladder,NA,1
3DD.00773DE8CA,NBD-2019-137-001.json,TUF - Tumwater Dam Adult Fishway,7/1/2020 2:59:51 AM,7/4/2020 5:00:11 PM,High Flow Ladder Entrance,WEIR 17,6/23/2019,7,Bull Trout,R,Resident,W,Wild Fish or Natural Production,TUMFBY - TUM - Release into the Forebay within 0.5 km upstream of Dam,LADDER,Adult Passage Ladder,NA,1
3DD.00773DEA6D,NBD-2019-137-001.json,CHW - Chiwaukum Creek,6/22/2019 3:31:00 AM,6/12/2023 3:15:06 AM,DOWNSTREAM ARRAY,UPSTREAM ARRAY,6/7/2019,7,Bull Trout,R,Resident,W,Wild Fish or Natural Production,TUMFBY - TUM - Release into the Forebay within 0.5 km upstream of Dam,LADDER,Adult Passage Ladder,520,1
3DD.00773DEA6D,NBD-2019-137-001.json,TUF - Tumwater Dam Adult Fishway,6/7/2020 12:56:08 AM,6/16/2021 8:13:51 PM,High Flow Ladder Entrance,High Flow Ladder Entrance,6/7/2019,7,Bull Trout,R,Resident,W,Wild Fish or Natural Production,TUMFBY - TUM - Release into the Forebay within 0.5 km upstream of Dam,LADDER,Adult Passage Ladder,520,1
3DD.00773DEA8E,NBD-2018-079-001.json,CHU - Upper Chiwawa River,7/21/2018 2:43:58 AM,7/21/2018 2:46:19 AM,LOWER IN-STREAM ARRAY,UPPER IN-STREAM ARRAY,7/12/2018,7,Bull Trout,R,Resident,W,Wild Fish or Natural Production,TUMFBY - TUM - Release into the Forebay within 0.5 km upstream of Dam,LADDER,Adult Passage Ladder,500,1
3DD.00773DF0D2,NBD-2018-079-001.json,CHW - Chiwaukum Creek,9/13/2018 4:51:44 AM,9/19/2020 11:58:43 PM,UPSTREAM ARRAY,DOWNSTREAM ARRAY,7/1/2018,7,Bull Trout,R,Resident,W,Wild Fish or Natural Production,TUMFBY - TUM - Release into the Forebay within 0.5 km upstream of Dam,LADDER,Adult Passage Ladder,NA,1
3DD.00773DF0D2,NBD-2018-079-001.json,LWE - Lower Wenatchee River,10/11/2019 3:35:46 AM,10/11/2019 3:35:46 AM,DOWNSTREAM ANTENNA ARRAY,DOWNSTREAM ANTENNA ARRAY,7/1/2018,7,Bull Trout,R,Resident,W,Wild Fish or Natural Production,TUMFBY - TUM - Release into the Forebay within 0.5 km upstream of Dam,LADDER,Adult Passage Ladder,NA,1
3DD.00773DF0D2,NBD-2018-079-001.json,TUF - Tumwater Dam Adult Fishway,6/17/2019 4:44:42 PM,7/20/2020 4:59:12 PM,High Flow Ladder Entrance,WEIR 17,7/1/2018,7,Bull Trout,R,Resident,W,Wild Fish or Natural Production,TUMFBY - TUM - Release into the Forebay within 0.5 km upstream of Dam,LADDER,Adult Passage Ladder,NA,1
3DD.00773DF2C5,NBD-2019-137-001.json,CHW - Chiwaukum Creek,7/5/2019 2:14:34 AM,7/5/2021 1:36:47 PM,DOWNSTREAM ARRAY,UPSTREAM ARRAY,6/21/2019,7,Bull Trout,R,Resident,W,Wild Fish or Natural Production,TUMFBY - TUM - Release into the Forebay within 0.5 km upstream of Dam,LADDER,Adult Passage Ladder,450,1
3DD.00773DF2C5,NBD-2019-137-001.json,TUF - Tumwater Dam Adult Fishway,7/1/2020 12:33:12 PM,7/2/2021 8:32:18 AM,High Flow Ladder Entrance,WEIR 17,6/21/2019,7,Bull Trout,R,Resident,W,Wild Fish or Natural Production,TUMFBY - TUM - Release into the Forebay within 0.5 km upstream of Dam,LADDER,Adult Passage Ladder,450,1
3DD.00773DF4BA,NBD-2018-079-001.json,CHW - Chiwaukum Creek,7/7/2018 4:24:52 AM,7/7/2018 4:25:08 AM,DOWNSTREAM ARRAY,UPSTREAM ARRAY,6/30/2018,7,Bull Trout,R,Resident,W,Wild Fish or Natural Production,TUMFBY - TUM - Release into the Forebay within 0.5 km upstream of Dam,LADDER,Adult Passage Ladder,NA,1
3DD.00773DF538,NBD-2018-079-001.json,CHW - Chiwaukum Creek,8/10/2018 10:41:31 PM,8/11/2018 12:52:08 AM,DOWNSTREAM ARRAY,DOWNSTREAM ARRAY,7/9/2018,7,Bull Trout,R,Resident,W,Wild Fish or Natural Production,TUMFBY - TUM - Release into the Forebay within 0.5 km upstream of Dam,LADDER,Adult Passage Ladder,NA,1
3DD.00773DF538,NBD-2018-079-001.json,NAL - Lower Nason Creek,10/2/2018 8:26:37 PM,10/2/2018 8:26:47 PM,UPPER IN-STREAM ARRAY,LOWER IN-STREAM ARRAY,7/9/2018,7,Bull Trout,R,Resident,W,Wild Fish or Natural Production,TUMFBY - TUM - Release into the Forebay within 0.5 km upstream of Dam,LADDER,Adult Passage Ladder,NA,1
3DD.00773DF538,NBD-2018-079-001.json,NAU - Upper Nason Creek,8/17/2018 3:54:52 AM,9/23/2018 8:45:55 PM,LOWER IN-STREAM ARRAY,LOWER IN-STREAM ARRAY,7/9/2018,7,Bull Trout,R,Resident,W,Wild Fish or Natural Production,TUMFBY - TUM - Release into the Forebay within 0.5 km upstream of Dam,LADDER,Adult Passage Ladder,NA,1
3DD.00773DF538,NBD-2018-079-001.json,TUF - Tumwater Dam Adult Fishway,5/15/2019 5:06:30 PM,5/20/2019 6:06:52 PM,High Flow Ladder Entrance,WEIR 3,7/9/2018,7,Bull Trout,R,Resident,W,Wild Fish or Natural Production,TUMFBY - TUM - Release into the Forebay within 0.5 km upstream of Dam,LADDER,Adult Passage Ladder,NA,1
3DD.00773DF538,NBD-2018-079-001.json,UWE - Upper Wenatchee River,8/14/2018 2:28:09 AM,8/14/2018 2:28:09 AM,IN-STREAM ARRAY,IN-STREAM ARRAY,7/9/2018,7,Bull Trout,R,Resident,W,Wild Fish or Natural Production,TUMFBY - TUM - Release into the Forebay within 0.5 km upstream of Dam,LADDER,Adult Passage Ladder,NA,1
3DD.00773DF948,NBD-2020-140-001.xml,CHW - Chiwaukum Creek,7/17/2020 3:20:05 AM,7/7/2021 3:23:55 AM,UPSTREAM ARRAY,UPSTREAM ARRAY,6/19/2020,7,Bull Trout,R,Resident,W,Wild Fish or Natural Production,TUMFBY - TUM - Release into the Forebay within 0.5 km upstream of Dam,LADDER,Adult Passage Ladder,NA,1
3DD.00773DF948,NBD-2020-140-001.xml,TUF - Tumwater Dam Adult Fishway,7/1/2020 3:36:13 PM,7/2/2021 7:19:50 PM,High Flow Ladder Entrance,WEIR 17,6/19/2020,7,Bull Trout,R,Resident,W,Wild Fish or Natural Production,TUMFBY - TUM - Release into the Forebay within 0.5 km upstream of Dam,LADDER,Adult Passage Ladder,NA,1
3DD.00773DFA32,NBD-2018-079-001.json,CHL - Lower Chiwawa River,6/30/2019 10:47:17 PM,9/29/2019 11:42:28 PM,LOWER IN-STREAM ARRAY,LOWER IN-STREAM ARRAY,7/1/2018,7,Bull Trout,R,Resident,W,Wild Fish or Natural Production,TUMFBY - TUM - Release into the Forebay within 0.5 km upstream of Dam,LADDER,Adult Passage Ladder,NA,1
3DD.00773DFA32,NBD-2018-079-001.json,CHU - Upper Chiwawa River,10/1/2018 10:03:58 PM,9/27/2019 9:07:54 PM,LOWER IN-STREAM ARRAY,LOWER IN-STREAM ARRAY,7/1/2018,7,Bull Trout,R,Resident,W,Wild Fish or Natural Production,TUMFBY - TUM - Release into the Forebay within 0.5 km upstream of Dam,LADDER,Adult Passage Ladder,NA,1
3DD.00773DFA32,NBD-2018-079-001.json,LWE - Lower Wenatchee River,12/9/2018 6:33:42 PM,12/17/2019 2:18:55 AM,DOWNSTREAM ANTENNA ARRAY,UPSTREAM ANTENNA ARRAY,7/1/2018,7,Bull Trout,R,Resident,W,Wild Fish or Natural Production,TUMFBY - TUM - Release into the Forebay within 0.5 km upstream of Dam,LADDER,Adult Passage Ladder,NA,1
3DD.00773DFA32,NBD-2018-079-001.json,TUF - Tumwater Dam Adult Fishway,6/18/2019 4:54:59 AM,6/18/2019 5:40:44 AM,High Flow Ladder Entrance,WEIR 17,7/1/2018,7,Bull Trout,R,Resident,W,Wild Fish or Natural Production,TUMFBY - TUM - Release into the Forebay within 0.5 km upstream of Dam,LADDER,Adult Passage Ladder,NA,1
3DD.00773DFAB0,NBD-2018-079-001.json,CHW - Chiwaukum Creek,7/14/2018 1:40:36 AM,7/14/2018 1:42:18 AM,DOWNSTREAM ARRAY,UPSTREAM ARRAY,7/6/2018,7,Bull Trout,R,Resident,W,Wild Fish or Natural Production,TUMFBY - TUM - Release into the Forebay within 0.5 km upstream of Dam,LADDER,Adult Passage Ladder,NA,1
3DD.00773DFC3C,NBD-2019-137-001.json,CHL - Lower Chiwawa River,7/19/2020 8:59:27 PM,9/19/2024 4:19:18 AM,LOWER IN-STREAM ARRAY,LOWER IN-STREAM ARRAY,7/9/2019,7,Bull Trout,R,Resident,W,Wild Fish or Natural Production,TUMFBY - TUM - Release into the Forebay within 0.5 km upstream of Dam,LADDER,Adult Passage Ladder,290,1
3DD.00773DFC3C,NBD-2019-137-001.json,CHU - Upper Chiwawa River,7/28/2020 1:07:56 AM,9/19/2024 12:22:08 AM,LOWER IN-STREAM ARRAY,LOWER IN-STREAM ARRAY,7/9/2019,7,Bull Trout,R,Resident,W,Wild Fish or Natural Production,TUMFBY - TUM - Release into the Forebay within 0.5 km upstream of Dam,LADDER,Adult Passage Ladder,290,1
3DD.00773DFC3C,NBD-2019-137-001.json,UWE - Upper Wenatchee River,7/18/2019 10:46:27 PM,9/21/2022 3:10:43 AM,IN-STREAM ARRAY,IN-STREAM ARRAY,7/9/2019,7,Bull Trout,R,Resident,W,Wild Fish or Natural Production,TUMFBY - TUM - Release into the Forebay within 0.5 km upstream of Dam,LADDER,Adult Passage Ladder,290,1
3DD.00773DFCDF,NBD-2020-140-001.xml,CHW - Chiwaukum Creek,7/4/2020 3:25:04 AM,7/4/2020 3:25:21 AM,DOWNSTREAM ARRAY,UPSTREAM ARRAY,6/24/2020,7,Bull Trout,R,Resident,W,Wild Fish or Natural Production,TUMFBY - TUM - Release into the Forebay within 0.5 km upstream of Dam,LADDER,Adult Passage Ladder,680,1
3DD.00773DFD1A,NBD-2016-074-TUM.xml,CHW - Chiwaukum Creek,6/27/2016 2:06:49 AM,10/7/2017 1:20:12 AM,UPSTREAM ARRAY,DOWNSTREAM ARRAY,6/6/2016,7,Bull Trout,R,Resident,W,Wild Fish or Natural Production,TUMFBY - TUM - Release into the Forebay within 0.5 km upstream of Dam,LADDER,Adult Passage Ladder,NA,1
3DD.00773DFD1A,NBD-2016-074-TUM.xml,TUF - Tumwater Dam Adult Fishway,6/26/2017 8:30:20 AM,8/1/2017 9:08:33 AM,High Flow Ladder Entrance,WEIR 17,6/6/2016,7,Bull Trout,R,Resident,W,Wild Fish or Natural Production,TUMFBY - TUM - Release into the Forebay within 0.5 km upstream of Dam,LADDER,Adult Passage Ladder,NA,1
3DD.00773E03F4,NBD-2018-079-001.json,CHW - Chiwaukum Creek,7/12/2018 4:26:50 AM,7/12/2018 4:27:10 AM,DOWNSTREAM ARRAY,UPSTREAM ARRAY,6/24/2018,7,Bull Trout,R,Resident,W,Wild Fish or Natural Production,TUMFBY - TUM - Release into the Forebay within 0.5 km upstream of Dam,LADDER,Adult Passage Ladder,NA,1
3DD.00773E054A,NBD-2019-137-001.json,CHL - Lower Chiwawa River,6/22/2019 3:49:35 AM,10/3/2019 8:47:50 PM,UPPER IN-STREAM ARRAY,UPPER IN-STREAM ARRAY,6/11/2019,7,Bull Trout,R,Resident,W,Wild Fish or Natural Production,TUMFBY - TUM - Release into the Forebay within 0.5 km upstream of Dam,LADDER,Adult Passage Ladder,420,1
3DD.00773E054A,NBD-2019-137-001.json,CHU - Upper Chiwawa River,6/27/2019 1:32:52 AM,7/14/2020 11:17:53 PM,LOWER IN-STREAM ARRAY,LOWER IN-STREAM ARRAY,6/11/2019,7,Bull Trout,R,Resident,W,Wild Fish or Natural Production,TUMFBY - TUM - Release into the Forebay within 0.5 km upstream of Dam,LADDER,Adult Passage Ladder,420,1
3DD.00773E080D,NBD-2018-079-001.json,CHW - Chiwaukum Creek,7/13/2018 9:16:36 PM,7/13/2018 9:21:07 PM,DOWNSTREAM ARRAY,UPSTREAM ARRAY,7/10/2018,7,Bull Trout,R,Resident,W,Wild Fish or Natural Production,TUMFBY - TUM - Release into the Forebay within 0.5 km upstream of Dam,LADDER,Adult Passage Ladder,510,1
3DD.00773E0BA3,NBD-2018-079-001.json,CHU - Upper Chiwawa River,7/10/2018 4:49:50 AM,6/29/2019 9:22:58 PM,LOWER IN-STREAM ARRAY,LOWER IN-STREAM ARRAY,6/30/2018,7,Bull Trout,R,Resident,W,Wild Fish or Natural Production,TUMFBY - TUM - Release into the Forebay within 0.5 km upstream of Dam,LADDER,Adult Passage Ladder,NA,1
3DD.00773E0BA3,NBD-2018-079-001.json,ICL - Lower Icicle Instream Array,2/26/2019 2:54:09 AM,2/27/2019 7:57:33 PM,Downstream Array,Upstream Array,6/30/2018,7,Bull Trout,R,Resident,W,Wild Fish or Natural Production,TUMFBY - TUM - Release into the Forebay within 0.5 km upstream of Dam,LADDER,Adult Passage Ladder,NA,1
3DD.00773E0BA3,NBD-2018-079-001.json,TUF - Tumwater Dam Adult Fishway,6/8/2019 6:06:03 AM,6/13/2019 9:51:55 AM,WEIR 3,WEIR 17,6/30/2018,7,Bull Trout,R,Resident,W,Wild Fish or Natural Production,TUMFBY - TUM - Release into the Forebay within 0.5 km upstream of Dam,LADDER,Adult Passage Ladder,NA,1
3DD.00773E0E47,NBD-2018-079-001.json,CHW - Chiwaukum Creek,7/16/2018 12:14:20 AM,7/16/2018 12:14:20 AM,UPSTREAM ARRAY,UPSTREAM ARRAY,7/10/2018,7,Bull Trout,R,Resident,W,Wild Fish or Natural Production,TUMFBY - TUM - Release into the Forebay within 0.5 km upstream of Dam,LADDER,Adult Passage Ladder,590,1
3DD.00773E106D,NBD-2018-079-001.json,NAL - Lower Nason Creek,7/11/2018 11:22:04 PM,7/21/2018 2:49:11 AM,LOWER IN-STREAM ARRAY,UPPER IN-STREAM ARRAY,7/1/2018,7,Bull Trout,R,Resident,W,Wild Fish or Natural Production,TUMFBY - TUM - Release into the Forebay within 0.5 km upstream of Dam,LADDER,Adult Passage Ladder,NA,1
3DD.00773E106D,NBD-2018-079-001.json,NAU - Upper Nason Creek,7/24/2018 12:34:46 AM,7/24/2018 12:35:03 AM,LOWER IN-STREAM ARRAY,UPPER IN-STREAM ARRAY,7/1/2018,7,Bull Trout,R,Resident,W,Wild Fish or Natural Production,TUMFBY - TUM - Release into the Forebay within 0.5 km upstream of Dam,LADDER,Adult Passage Ladder,NA,1
3DD.00773E106D,NBD-2018-079-001.json,UWE - Upper Wenatchee River,7/9/2018 9:47:21 PM,7/9/2018 9:47:21 PM,IN-STREAM ARRAY,IN-STREAM ARRAY,7/1/2018,7,Bull Trout,R,Resident,W,Wild Fish or Natural Production,TUMFBY - TUM - Release into the Forebay within 0.5 km upstream of Dam,LADDER,Adult Passage Ladder,NA,1
3DD.00773E27E9,NBD-2018-079-001.json,CHW - Chiwaukum Creek,7/7/2018 1:42:14 AM,7/7/2018 1:42:45 AM,DOWNSTREAM ARRAY,UPSTREAM ARRAY,6/25/2018,7,Bull Trout,R,Resident,W,Wild Fish or Natural Production,TUMFBY - TUM - Release into the Forebay within 0.5 km upstream of Dam,LADDER,Adult Passage Ladder,NA,1
3DD.00773E27F1,NBD-2018-079-001.json,CHW - Chiwaukum Creek,7/26/2018 12:52:37 AM,7/27/2018 11:09:10 PM,DOWNSTREAM ARRAY,UPSTREAM ARRAY,7/12/2018,7,Bull Trout,R,Resident,W,Wild Fish or Natural Production,TUMFBY - TUM - Release into the Forebay within 0.5 km upstream of Dam,LADDER,Adult Passage Ladder,490,1
3DD.00773E2C12,NBD-2018-079-001.json,CHW - Chiwaukum Creek,7/5/2018 11:46:51 PM,7/5/2018 11:47:56 PM,DOWNSTREAM ARRAY,UPSTREAM ARRAY,6/27/2018,7,Bull Trout,R,Resident,W,Wild Fish or Natural Production,TUMFBY - TUM - Release into the Forebay within 0.5 km upstream of Dam,LADDER,Adult Passage Ladder,NA,1
3DD.00773E2C21,NBD-2020-140-001.xml,CHL - Lower Chiwawa River,7/10/2020 11:14:53 PM,7/10/2020 11:14:53 PM,LOWER IN-STREAM ARRAY,LOWER IN-STREAM ARRAY,6/24/2020,7,Bull Trout,R,Resident,W,Wild Fish or Natural Production,TUMFBY - TUM - Release into the Forebay within 0.5 km upstream of Dam,LADDER,Adult Passage Ladder,470,1
3DD.00773E2C21,NBD-2020-140-001.xml,CHU - Upper Chiwawa River,7/15/2020 3:18:27 AM,7/15/2020 3:18:27 AM,LOWER IN-STREAM ARRAY,LOWER IN-STREAM ARRAY,6/24/2020,7,Bull Trout,R,Resident,W,Wild Fish or Natural Production,TUMFBY - TUM - Release into the Forebay within 0.5 km upstream of Dam,LADDER,Adult Passage Ladder,470,1
3DD.00773E3AD8,NBD-2018-079-001.json,CHW - Chiwaukum Creek,7/10/2018 5:13:23 AM,7/10/2018 5:14:08 AM,DOWNSTREAM ARRAY,UPSTREAM ARRAY,7/5/2018,7,Bull Trout,R,Resident,W,Wild Fish or Natural Production,TUMFBY - TUM - Release into the Forebay within 0.5 km upstream of Dam,LADDER,Adult Passage Ladder,NA,1
3DD.00773E3D9E,NBD-2018-079-001.json,CHL - Lower Chiwawa River,10/2/2019 10:26:44 PM,9/13/2020 2:13:51 AM,UPPER IN-STREAM ARRAY,UPPER IN-STREAM ARRAY,7/3/2018,7,Bull Trout,R,Resident,W,Wild Fish or Natural Production,TUMFBY - TUM - Release into the Forebay within 0.5 km upstream of Dam,LADDER,Adult Passage Ladder,54,1
3DD.00773E3D9E,NBD-2018-079-001.json,CHU - Upper Chiwawa River,10/8/2018 5:10:16 AM,10/7/2020 11:14:08 PM,LOWER IN-STREAM ARRAY,LOWER IN-STREAM ARRAY,7/3/2018,7,Bull Trout,R,Resident,W,Wild Fish or Natural Production,TUMFBY - TUM - Release into the Forebay within 0.5 km upstream of Dam,LADDER,Adult Passage Ladder,54,1
3DD.00773E3D9E,NBD-2018-079-001.json,CHW - Chiwaukum Creek,8/4/2020 11:39:54 PM,11/5/2022 1:02:16 PM,UPSTREAM ARRAY,DOWNSTREAM ARRAY,7/3/2018,7,Bull Trout,R,Resident,W,Wild Fish or Natural Production,TUMFBY - TUM - Release into the Forebay within 0.5 km upstream of Dam,LADDER,Adult Passage Ladder,54,1
3DD.00773E3D9E,NBD-2018-079-001.json,LWE - Lower Wenatchee River,12/13/2018 10:25:50 PM,12/28/2022 5:52:29 AM,UPSTREAM ANTENNA ARRAY,UPSTREAM ANTENNA ARRAY,7/3/2018,7,Bull Trout,R,Resident,W,Wild Fish or Natural Production,TUMFBY - TUM - Release into the Forebay within 0.5 km upstream of Dam,LADDER,Adult Passage Ladder,54,1
3DD.00773E3D9E,NBD-2018-079-001.json,TUF - Tumwater Dam Adult Fishway,6/19/2019 1:26:27 PM,6/25/2023 7:16:44 PM,High Flow Ladder Entrance,WEIR 17,7/3/2018,7,Bull Trout,R,Resident,W,Wild Fish or Natural Production,TUMFBY - TUM - Release into the Forebay within 0.5 km upstream of Dam,LADDER,Adult Passage Ladder,54,1
3DD.00773E3EED,NBD-2018-079-001.json,CHW - Chiwaukum Creek,7/31/2018 2:07:34 AM,6/30/2019 1:37:47 AM,UPSTREAM ARRAY,UPSTREAM ARRAY,6/23/2018,7,Bull Trout,R,Resident,W,Wild Fish or Natural Production,TUMFBY - TUM - Release into the Forebay within 0.5 km upstream of Dam,LADDER,Adult Passage Ladder,570,1
3DD.00773E41ED,NBD-2018-079-001.json,CHW - Chiwaukum Creek,7/31/2018 11:02:12 PM,9/8/2018 11:32:17 PM,UPSTREAM ARRAY,DOWNSTREAM ARRAY,6/19/2018,7,Bull Trout,R,Resident,W,Wild Fish or Natural Production,TUMFBY - TUM - Release into the Forebay within 0.5 km upstream of Dam,LADDER,Adult Passage Ladder,NA,1
3DD.00773E4303,NBD-2016-074-TUM.xml,CHW - Chiwaukum Creek,7/23/2016 11:54:08 PM,7/28/2018 11:20:50 PM,UPSTREAM ARRAY,UPSTREAM ARRAY,6/6/2016,7,Bull Trout,R,Resident,W,Wild Fish or Natural Production,TUMFBY - TUM - Release into the Forebay within 0.5 km upstream of Dam,LADDER,Adult Passage Ladder,NA,1
3DD.00773E4303,NBD-2016-074-TUM.xml,TUF - Tumwater Dam Adult Fishway,7/1/2017 4:47:53 AM,7/15/2018 1:05:11 PM,High Flow Ladder Entrance,WEIR 17,6/6/2016,7,Bull Trout,R,Resident,W,Wild Fish or Natural Production,TUMFBY - TUM - Release into the Forebay within 0.5 km upstream of Dam,LADDER,Adult Passage Ladder,NA,1
3DD.00773E47F2,NBD-2019-137-001.json,CHL - Lower Chiwawa River,7/13/2019 8:57:27 PM,7/13/2020 9:24:44 PM,LOWER IN-STREAM ARRAY,LOWER IN-STREAM ARRAY,7/5/2019,7,Bull Trout,R,Resident,W,Wild Fish or Natural Production,TUMFBY - TUM - Release into the Forebay within 0.5 km upstream of Dam,LADDER,Adult Passage Ladder,400,1
3DD.00773E47F2,NBD-2019-137-001.json,CHU - Upper Chiwawa River,7/18/2019 10:09:25 PM,9/23/2019 12:37:19 AM,LOWER IN-STREAM ARRAY,LOWER IN-STREAM ARRAY,7/5/2019,7,Bull Trout,R,Resident,W,Wild Fish or Natural Production,TUMFBY - TUM - Release into the Forebay within 0.5 km upstream of Dam,LADDER,Adult Passage Ladder,400,1
3DD.00773E4B9E,NBD-2018-079-001.json,CHW - Chiwaukum Creek,7/5/2018 5:44:58 AM,7/5/2018 5:45:05 AM,DOWNSTREAM ARRAY,UPSTREAM ARRAY,6/28/2018,7,Bull Trout,R,Resident,W,Wild Fish or Natural Production,TUMFBY - TUM - Release into the Forebay within 0.5 km upstream of Dam,LADDER,Adult Passage Ladder,52,1
3DD.00773E8017,NBD-2020-140-001.xml,TUF - Tumwater Dam Adult Fishway,6/23/2020 8:09:54 PM,6/27/2020 1:12:27 PM,WEIR 3,High Flow Ladder Entrance,6/17/2020,7,Bull Trout,R,Resident,W,Wild Fish or Natural Production,TUMFBY - TUM - Release into the Forebay within 0.5 km upstream of Dam,LADDER,Adult Passage Ladder,150,1
3DD.00773E80AB,NBD-2019-137-001.json,CHW - Chiwaukum Creek,6/17/2019 4:08:33 AM,6/17/2019 4:08:50 AM,DOWNSTREAM ARRAY,UPSTREAM ARRAY,6/10/2019,7,Bull Trout,R,Resident,W,Wild Fish or Natural Production,TUMFBY - TUM - Release into the Forebay within 0.5 km upstream of Dam,LADDER,Adult Passage Ladder,NA,1
3DD.00773E8D30,NBD-2020-140-001.xml,CHL - Lower Chiwawa River,9/23/2020 12:20:53 AM,9/23/2020 12:20:53 AM,LOWER IN-STREAM ARRAY,LOWER IN-STREAM ARRAY,6/23/2020,7,Bull Trout,R,Resident,W,Wild Fish or Natural Production,TUMFBY - TUM - Release into the Forebay within 0.5 km upstream of Dam,LADDER,Adult Passage Ladder,520,1
3DD.00773E8D30,NBD-2020-140-001.xml,CHU - Upper Chiwawa River,9/22/2020 9:09:34 PM,9/22/2020 9:09:44 PM,UPPER IN-STREAM ARRAY,LOWER IN-STREAM ARRAY,6/23/2020,7,Bull Trout,R,Resident,W,Wild Fish or Natural Production,TUMFBY - TUM - Release into the Forebay within 0.5 km upstream of Dam,LADDER,Adult Passage Ladder,520,1
3DD.00773E8D30,NBD-2020-140-001.xml,TUF - Tumwater Dam Adult Fishway,5/1/2021 4:14:07 PM,5/1/2021 5:40:02 PM,High Flow Ladder Entrance,WEIR 17,6/23/2020,7,Bull Trout,R,Resident,W,Wild Fish or Natural Production,TUMFBY - TUM - Release into the Forebay within 0.5 km upstream of Dam,LADDER,Adult Passage Ladder,520,1
3DD.00773ED04D,NBD-2018-079-001.json,CHW - Chiwaukum Creek,7/5/2018 11:51:43 PM,7/5/2018 11:54:14 PM,DOWNSTREAM ARRAY,UPSTREAM ARRAY,6/26/2018,7,Bull Trout,R,Resident,W,Wild Fish or Natural Production,TUMFBY - TUM - Release into the Forebay within 0.5 km upstream of Dam,LADDER,Adult Passage Ladder,NA,1
3DD.00773ED057,NBD-2018-079-001.json,CHW - Chiwaukum Creek,7/15/2018 2:13:57 AM,7/15/2018 2:14:21 AM,DOWNSTREAM ARRAY,UPSTREAM ARRAY,7/5/2018,7,Bull Trout,R,Resident,W,Wild Fish or Natural Production,TUMFBY - TUM - Release into the Forebay within 0.5 km upstream of Dam,LADDER,Adult Passage Ladder,51,1
3DD.00774042C2,NBD18225.AAZ,CHL - Lower Chiwawa River,7/5/2020 12:42:49 AM,7/5/2020 12:42:49 AM,LOWER IN-STREAM ARRAY,LOWER IN-STREAM ARRAY,8/13/2018,7,Bull Trout,R,Resident,W,Wild Fish or Natural Production,"CHIWAT - Chiwawa River Trap, 0.5 km below CHIP acclimation pond",SCREWT,Screw Trap,392,1
3DD.00774042C2,NBD18225.AAZ,CHU - Upper Chiwawa River,7/5/2019 2:44:11 AM,9/29/2020 4:18:41 AM,LOWER IN-STREAM ARRAY,LOWER IN-STREAM ARRAY,8/13/2018,7,Bull Trout,R,Resident,W,Wild Fish or Natural Production,"CHIWAT - Chiwawa River Trap, 0.5 km below CHIP acclimation pond",SCREWT,Screw Trap,392,1
3DD.00774042C2,NBD18225.AAZ,UWE - Upper Wenatchee River,8/14/2018 12:09:53 AM,9/29/2020 10:27:20 PM,IN-STREAM ARRAY,IN-STREAM ARRAY,8/13/2018,7,Bull Trout,R,Resident,W,Wild Fish or Natural Production,"CHIWAT - Chiwawa River Trap, 0.5 km below CHIP acclimation pond",SCREWT,Screw Trap,392,1
3DD.00774043D2,CSS-2020-241-112.xml,UWE - Upper Wenatchee River,8/29/2020 10:08:41 PM,8/29/2020 10:08:42 PM,IN-STREAM ARRAY,IN-STREAM ARRAY,8/28/2020,7,Bull Trout,R,Resident,W,Wild Fish or Natural Production,"CHIWAT - Chiwawa River Trap, 0.5 km below CHIP acclimation pond",SCREWT,Screw Trap,255,1
3DD.00774058E9,NBD-2018-178-001.xml,CHU - Upper Chiwawa River,7/7/2018 12:48:37 PM,7/7/2018 12:49:14 PM,LOWER IN-STREAM ARRAY,UPPER IN-STREAM ARRAY,7/7/2018,7,Bull Trout,R,Resident,W,Wild Fish or Natural Production,CHIWAR - Chiwawa River,WTRAP,Weir Trap,540,1
3DD.0077405AE2,NBD18202.AAZ,"WTL - White River, Wenatchee Basin",7/27/2018 10:04:44 AM,7/27/2018 10:05:07 AM,LOWER IN-STREAM ARRAY,UPPER IN-STREAM ARRAY,7/21/2018,7,Bull Trout,R,Resident,W,Wild Fish or Natural Production,"CHIWAT - Chiwawa River Trap, 0.5 km below CHIP acclimation pond",SCREWT,Screw Trap,144,1
3DD.0077405BD5,NBD-2018-178-001.xml,CHU - Upper Chiwawa River,7/3/2018 9:10:37 PM,7/3/2018 9:10:37 PM,LOWER IN-STREAM ARRAY,LOWER IN-STREAM ARRAY,7/3/2018,7,Bull Trout,R,Resident,W,Wild Fish or Natural Production,CHIWAR - Chiwawa River,WTRAP,Weir Trap,520,1
3DD.0077405BD5,NBD-2018-178-001.xml,LWN - Little Wenatchee River,10/27/2018 2:36:52 AM,6/28/2020 2:54:58 AM,LOWER IN-STREAM ARRAY,UPPER IN-STREAM ARRAY,7/3/2018,7,Bull Trout,R,Resident,W,Wild Fish or Natural Production,CHIWAR - Chiwawa River,WTRAP,Weir Trap,520,1
3DD.0077405BD5,NBD-2018-178-001.xml,UWE - Upper Wenatchee River,9/28/2018 2:05:30 AM,9/28/2018 2:05:31 AM,IN-STREAM ARRAY,IN-STREAM ARRAY,7/3/2018,7,Bull Trout,R,Resident,W,Wild Fish or Natural Production,CHIWAR - Chiwawa River,WTRAP,Weir Trap,520,1
3DD.0077405BD5,NBD-2018-178-001.xml,"WTL - White River, Wenatchee Basin",7/2/2019 10:30:45 PM,7/17/2019 8:51:01 PM,LOWER IN-STREAM ARRAY,UPPER IN-STREAM ARRAY,7/3/2018,7,Bull Trout,R,Resident,W,Wild Fish or Natural Production,CHIWAR - Chiwawa River,WTRAP,Weir Trap,520,1
3DD.007740673F,NBD-2018-178-001.xml,CHU - Upper Chiwawa River,9/26/2018 10:37:10 PM,9/26/2018 10:37:10 PM,LOWER IN-STREAM ARRAY,LOWER IN-STREAM ARRAY,7/3/2018,7,Bull Trout,R,Resident,W,Wild Fish or Natural Production,CHIWAR - Chiwawa River,WTRAP,Weir Trap,680,1
3DD.007740673F,NBD-2018-178-001.xml,UWE - Upper Wenatchee River,9/28/2018 12:49:50 AM,9/28/2018 12:49:50 AM,IN-STREAM ARRAY,IN-STREAM ARRAY,7/3/2018,7,Bull Trout,R,Resident,W,Wild Fish or Natural Production,CHIWAR - Chiwawa River,WTRAP,Weir Trap,680,1
3DD.00774073EB,NBD15285.AAZ,CHL - Lower Chiwawa River,11/21/2019 4:20:20 AM,10/15/2020 5:03:12 AM,UPPER IN-STREAM ARRAY,LOWER IN-STREAM ARRAY,10/12/2015,7,Bull Trout,R,Resident,W,Wild Fish or Natural Production,"CHIWAT - Chiwawa River Trap, 0.5 km below CHIP acclimation pond",SCREWT,Screw Trap,235,1
3DD.00774073EB,NBD15285.AAZ,UWE - Upper Wenatchee River,10/12/2015 11:43:52 PM,10/12/2015 11:43:52 PM,IN-STREAM ARRAY,IN-STREAM ARRAY,10/12/2015,7,Bull Trout,R,Resident,W,Wild Fish or Natural Production,"CHIWAT - Chiwawa River Trap, 0.5 km below CHIP acclimation pond",SCREWT,Screw Trap,235,1
3DD.00774073EB,NBD15285.AAZ,"WTL - White River, Wenatchee Basin",8/18/2018 12:20:27 AM,8/18/2018 12:20:47 AM,LOWER IN-STREAM ARRAY,UPPER IN-STREAM ARRAY,10/12/2015,7,Bull Trout,R,Resident,W,Wild Fish or Natural Production,"CHIWAT - Chiwawa River Trap, 0.5 km below CHIP acclimation pond",SCREWT,Screw Trap,235,1
3DD.0077407548,NBD15287.AAZ,CHL - Lower Chiwawa River,9/28/2019 7:31:49 PM,9/28/2019 7:31:49 PM,LOWER IN-STREAM ARRAY,LOWER IN-STREAM ARRAY,10/14/2015,7,Bull Trout,R,Resident,W,Wild Fish or Natural Production,"CHIWAT - Chiwawa River Trap, 0.5 km below CHIP acclimation pond",SCREWT,Screw Trap,215,1
3DD.0077407548,NBD15287.AAZ,CHU - Upper Chiwawa River,6/11/2019 10:23:35 PM,7/12/2020 12:33:51 AM,LOWER IN-STREAM ARRAY,LOWER IN-STREAM ARRAY,10/14/2015,7,Bull Trout,R,Resident,W,Wild Fish or Natural Production,"CHIWAT - Chiwawa River Trap, 0.5 km below CHIP acclimation pond",SCREWT,Screw Trap,215,1
3DD.0077407548,NBD15287.AAZ,UWE - Upper Wenatchee River,9/28/2019 10:22:09 PM,9/28/2019 10:22:09 PM,IN-STREAM ARRAY,IN-STREAM ARRAY,10/14/2015,7,Bull Trout,R,Resident,W,Wild Fish or Natural Production,"CHIWAT - Chiwawa River Trap, 0.5 km below CHIP acclimation pond",SCREWT,Screw Trap,215,1
3DD.0077407793,NBD15287.AAZ,CHL - Lower Chiwawa River,10/14/2015 10:31:11 AM,10/14/2015 10:31:43 AM,UPPER IN-STREAM ARRAY,UPPER IN-STREAM ARRAY,10/14/2015,7,Bull Trout,R,Resident,W,Wild Fish or Natural Production,"CHIWAT - Chiwawa River Trap, 0.5 km below CHIP acclimation pond",SCREWT,Screw Trap,227,1
3DD.0077407A6C,NBD-2016-074-TUM.xml,CHW - Chiwaukum Creek,7/2/2016 3:46:09 AM,7/2/2016 3:46:09 AM,UPSTREAM ARRAY,UPSTREAM ARRAY,6/15/2016,7,Bull Trout,R,Resident,W,Wild Fish or Natural Production,TUMFBY - TUM - Release into the Forebay within 0.5 km upstream of Dam,LADDER,Adult Passage Ladder,NA,1
3DD.0077408110,NBD16286.AAZ,CHL - Lower Chiwawa River,9/29/2020 11:03:47 PM,9/22/2023 12:33:37 AM,LOWER IN-STREAM ARRAY,LOWER IN-STREAM ARRAY,10/12/2016,7,Bull Trout,R,Resident,W,Wild Fish or Natural Production,"CHIWAT - Chiwawa River Trap, 0.5 km below CHIP acclimation pond",SCREWT,Screw Trap,194,1
3DD.0077408110,NBD16286.AAZ,CHU - Upper Chiwawa River,7/16/2020 3:28:32 AM,9/21/2023 8:56:02 PM,LOWER IN-STREAM ARRAY,UPPER IN-STREAM ARRAY,10/12/2016,7,Bull Trout,R,Resident,W,Wild Fish or Natural Production,"CHIWAT - Chiwawa River Trap, 0.5 km below CHIP acclimation pond",SCREWT,Screw Trap,194,1
3DD.0077408110,NBD16286.AAZ,UWE - Upper Wenatchee River,9/21/2021 4:54:23 AM,9/21/2021 4:54:24 AM,IN-STREAM ARRAY,IN-STREAM ARRAY,10/12/2016,7,Bull Trout,R,Resident,W,Wild Fish or Natural Production,"CHIWAT - Chiwawa River Trap, 0.5 km below CHIP acclimation pond",SCREWT,Screw Trap,194,1
3DD.007740813E,NBD-2018-178-001.xml,CHU - Upper Chiwawa River,7/7/2018 11:28:27 AM,10/8/2018 1:44:19 AM,LOWER IN-STREAM ARRAY,LOWER IN-STREAM ARRAY,7/7/2018,7,Bull Trout,R,Resident,W,Wild Fish or Natural Production,CHIWAR - Chiwawa River,WTRAP,Weir Trap,450,1
3DD.0077408194,NBD15286.AAZ,UWE - Upper Wenatchee River,10/14/2015 7:13:39 PM,10/14/2015 7:13:39 PM,IN-STREAM ARRAY,IN-STREAM ARRAY,10/13/2015,7,Bull Trout,R,Resident,W,Wild Fish or Natural Production,"CHIWAT - Chiwawa River Trap, 0.5 km below CHIP acclimation pond",SCREWT,Screw Trap,250,1
3DD.007740833F,NBD15246.AAZ,UWE - Upper Wenatchee River,9/4/2015 12:09:36 AM,9/4/2015 12:09:36 AM,IN-STREAM ARRAY,IN-STREAM ARRAY,9/3/2015,7,Bull Trout,R,Resident,W,Wild Fish or Natural Production,"CHIWAT - Chiwawa River Trap, 0.5 km below CHIP acclimation pond",SCREWT,Screw Trap,265,1
3DD.0077408EA8,NBD15292.AAZ,UWE - Upper Wenatchee River,10/20/2015 3:28:16 AM,10/20/2015 3:28:16 AM,IN-STREAM ARRAY,IN-STREAM ARRAY,10/19/2015,7,Bull Trout,R,Resident,W,Wild Fish or Natural Production,"CHIWAT - Chiwawa River Trap, 0.5 km below CHIP acclimation pond",SCREWT,Screw Trap,244,1
3DD.007740927C,NBD15266.AAZ,UWE - Upper Wenatchee River,9/23/2015 10:36:25 PM,9/23/2015 10:36:25 PM,IN-STREAM ARRAY,IN-STREAM ARRAY,9/23/2015,7,Bull Trout,R,Resident,W,Wild Fish or Natural Production,"CHIWAT - Chiwawa River Trap, 0.5 km below CHIP acclimation pond",SCREWT,Screw Trap,510,1
3DD.007740927C,NBD15266.AAZ,"WTL - White River, Wenatchee Basin",9/25/2015 2:12:47 AM,10/29/2015 9:30:09 PM,LOWER IN-STREAM ARRAY,UPPER IN-STREAM ARRAY,9/23/2015,7,Bull Trout,R,Resident,W,Wild Fish or Natural Production,"CHIWAT - Chiwawa River Trap, 0.5 km below CHIP acclimation pond",SCREWT,Screw Trap,510,1
3DD.0077409319,NBD15228.AAZ,UWE - Upper Wenatchee River,8/16/2015 11:13:58 PM,8/16/2015 11:13:58 PM,IN-STREAM ARRAY,IN-STREAM ARRAY,8/16/2015,7,Bull Trout,R,Resident,W,Wild Fish or Natural Production,"CHIWAT - Chiwawa River Trap, 0.5 km below CHIP acclimation pond",SCREWT,Screw Trap,222,1
3DD.0077409D30,NBD-2019-163-001.xml,CHL - Lower Chiwawa River,9/29/2019 12:24:09 AM,9/29/2019 12:24:09 AM,UPPER IN-STREAM ARRAY,UPPER IN-STREAM ARRAY,6/27/2019,7,Bull Trout,R,Resident,W,Wild Fish or Natural Production,CHIWAR - Chiwawa River,WTRAP,Weir Trap,540,1
3DD.0077409D30,NBD-2019-163-001.xml,CHU - Upper Chiwawa River,6/27/2019 4:29:19 PM,9/28/2019 5:26:56 AM,LOWER IN-STREAM ARRAY,LOWER IN-STREAM ARRAY,6/27/2019,7,Bull Trout,R,Resident,W,Wild Fish or Natural Production,CHIWAR - Chiwawa River,WTRAP,Weir Trap,540,1
3DD.0077409D30,NBD-2019-163-001.xml,UWE - Upper Wenatchee River,9/29/2019 7:09:25 PM,9/29/2019 7:09:26 PM,IN-STREAM ARRAY,IN-STREAM ARRAY,6/27/2019,7,Bull Trout,R,Resident,W,Wild Fish or Natural Production,CHIWAR - Chiwawa River,WTRAP,Weir Trap,540,1
3DD.0077409D30,NBD-2019-163-001.xml,"WTL - White River, Wenatchee Basin",10/1/2019 4:40:33 AM,11/10/2019 10:16:48 PM,LOWER IN-STREAM ARRAY,UPPER IN-STREAM ARRAY,6/27/2019,7,Bull Trout,R,Resident,W,Wild Fish or Natural Production,CHIWAR - Chiwawa River,WTRAP,Weir Trap,540,1
3DD.0077409D48,NBD-2016-074-TUM.xml,CHL - Lower Chiwawa River,7/14/2016 2:50:21 AM,8/15/2017 11:11:17 PM,LOWER IN-STREAM ARRAY,LOWER IN-STREAM ARRAY,6/25/2016,7,Bull Trout,R,Resident,W,Wild Fish or Natural Production,TUMFBY - TUM - Release into the Forebay within 0.5 km upstream of Dam,LADDER,Adult Passage Ladder,NA,1
3DD.0077409D48,NBD-2016-074-TUM.xml,CHU - Upper Chiwawa River,7/18/2016 12:02:39 AM,7/6/2018 4:39:31 AM,LOWER IN-STREAM ARRAY,LOWER IN-STREAM ARRAY,6/25/2016,7,Bull Trout,R,Resident,W,Wild Fish or Natural Production,TUMFBY - TUM - Release into the Forebay within 0.5 km upstream of Dam,LADDER,Adult Passage Ladder,NA,1
3DD.0077409D48,NBD-2016-074-TUM.xml,UWE - Upper Wenatchee River,11/28/2016 12:14:18 AM,9/17/2017 7:51:23 PM,IN-STREAM ARRAY,IN-STREAM ARRAY,6/25/2016,7,Bull Trout,R,Resident,W,Wild Fish or Natural Production,TUMFBY - TUM - Release into the Forebay within 0.5 km upstream of Dam,LADDER,Adult Passage Ladder,NA,1
3DD.0077409DB7,CSS-2021-288-112.xml,UWE - Upper Wenatchee River,10/15/2021 11:49:47 PM,10/15/2021 11:49:47 PM,IN-STREAM ARRAY,IN-STREAM ARRAY,10/15/2021,7,Bull Trout,R,Resident,W,Wild Fish or Natural Production,"CHIWAT - Chiwawa River Trap, 0.5 km below CHIP acclimation pond",SCREWT,Screw Trap,179,1
3DD.007740A00C,NBD-2016-074-TUM.xml,CHW - Chiwaukum Creek,7/9/2016 4:43:39 AM,7/9/2016 4:44:00 AM,DOWNSTREAM ARRAY,UPSTREAM ARRAY,6/29/2016,7,Bull Trout,R,Resident,W,Wild Fish or Natural Production,TUMFBY - TUM - Release into the Forebay within 0.5 km upstream of Dam,LADDER,Adult Passage Ladder,NA,1
3DD.007740A122,CSS-2021-283-112.xml,CWT - Chiwawa River Weir Trap Array,5/24/2025 11:25:16 PM,5/24/2025 11:25:16 PM,Single Pass,Single Pass,10/10/2021,7,Bull Trout,R,Resident,W,Wild Fish or Natural Production,"CHIWAT - Chiwawa River Trap, 0.5 km below CHIP acclimation pond",SCREWT,Screw Trap,232,1
3DD.007740A122,CSS-2021-283-112.xml,UWE - Upper Wenatchee River,10/10/2021 10:33:30 PM,10/10/2021 10:33:31 PM,IN-STREAM ARRAY,IN-STREAM ARRAY,10/10/2021,7,Bull Trout,R,Resident,W,Wild Fish or Natural Production,"CHIWAT - Chiwawa River Trap, 0.5 km below CHIP acclimation pond",SCREWT,Screw Trap,232,1
3DD.007740A12A,NBD-2019-163-001.xml,CHU - Upper Chiwawa River,6/20/2019 9:27:17 PM,6/20/2019 9:28:50 PM,LOWER IN-STREAM ARRAY,UPPER IN-STREAM ARRAY,6/12/2019,7,Bull Trout,R,Resident,W,Wild Fish or Natural Production,CHIWAR - Chiwawa River,WTRAP,Weir Trap,460,1
3DD.007740AAD5,NBD-2015-065-TUM.xml,ICL - Lower Icicle Instream Array,7/3/2015 3:17:31 PM,7/4/2015 10:02:35 PM,Downstream Array,Upstream Array,6/28/2015,7,Bull Trout,R,Resident,W,Wild Fish or Natural Production,TUMFBY - TUM - Release into the Forebay within 0.5 km upstream of Dam,LADDER,Adult Passage Ladder,NA,1
3DD.007740AC39,NBD15282.AAZ,CHL - Lower Chiwawa River,9/28/2019 1:37:03 AM,9/24/2022 1:21:11 AM,UPPER IN-STREAM ARRAY,UPPER IN-STREAM ARRAY,10/9/2015,7,Bull Trout,R,Resident,W,Wild Fish or Natural Production,"CHIWAT - Chiwawa River Trap, 0.5 km below CHIP acclimation pond",SCREWT,Screw Trap,240,1
3DD.007740AC39,NBD15282.AAZ,CHU - Upper Chiwawa River,7/1/2019 9:51:21 PM,9/20/2021 10:59:33 PM,LOWER IN-STREAM ARRAY,LOWER IN-STREAM ARRAY,10/9/2015,7,Bull Trout,R,Resident,W,Wild Fish or Natural Production,"CHIWAT - Chiwawa River Trap, 0.5 km below CHIP acclimation pond",SCREWT,Screw Trap,240,1
3DD.007740AC39,NBD15282.AAZ,UWE - Upper Wenatchee River,10/9/2015 11:09:48 PM,9/24/2022 4:47:08 AM,IN-STREAM ARRAY,IN-STREAM ARRAY,10/9/2015,7,Bull Trout,R,Resident,W,Wild Fish or Natural Production,"CHIWAT - Chiwawa River Trap, 0.5 km below CHIP acclimation pond",SCREWT,Screw Trap,240,1
3DD.007740AC64,NBD17269.AAZ,UWE - Upper Wenatchee River,9/26/2017 9:51:56 PM,9/26/2017 9:51:56 PM,IN-STREAM ARRAY,IN-STREAM ARRAY,9/26/2017,7,Bull Trout,R,Resident,W,Wild Fish or Natural Production,"CHIWAT - Chiwawa River Trap, 0.5 km below CHIP acclimation pond",SCREWT,Screw Trap,281,1
3DD.007740B3C9,NBD18332.AAZ,UWE - Upper Wenatchee River,11/29/2018 8:11:54 PM,11/29/2018 8:11:54 PM,IN-STREAM ARRAY,IN-STREAM ARRAY,11/28/2018,7,Bull Trout,R,Resident,W,Wild Fish or Natural Production,"CHIWAT - Chiwawa River Trap, 0.5 km below CHIP acclimation pond",SCREWT,Screw Trap,178,1
3DD.007740B879,NBD-2018-178-001.xml,BCP - Butcher Creek Acclimation Pond,4/2/2019 8:15:18 PM,6/1/2019 10:25:16 PM,POND EXIT,POND EXIT,7/3/2018,7,Bull Trout,R,Resident,W,Wild Fish or Natural Production,CHIWAR - Chiwawa River,WTRAP,Weir Trap,590,1
3DD.007740B879,NBD-2018-178-001.xml,CHU - Upper Chiwawa River,7/7/2018 8:51:02 PM,7/2/2019 8:47:16 PM,UPPER IN-STREAM ARRAY,UPPER IN-STREAM ARRAY,7/3/2018,7,Bull Trout,R,Resident,W,Wild Fish or Natural Production,CHIWAR - Chiwawa River,WTRAP,Weir Trap,590,1
3DD.007740B879,NBD-2018-178-001.xml,NAL - Lower Nason Creek,3/29/2019 12:35:26 AM,6/15/2019 8:51:18 PM,LOWER IN-STREAM ARRAY,LOWER IN-STREAM ARRAY,7/3/2018,7,Bull Trout,R,Resident,W,Wild Fish or Natural Production,CHIWAR - Chiwawa River,WTRAP,Weir Trap,590,1
3DD.007740B879,NBD-2018-178-001.xml,UWE - Upper Wenatchee River,10/5/2018 11:15:30 PM,10/5/2018 11:15:30 PM,IN-STREAM ARRAY,IN-STREAM ARRAY,7/3/2018,7,Bull Trout,R,Resident,W,Wild Fish or Natural Production,CHIWAR - Chiwawa River,WTRAP,Weir Trap,590,1
3DD.007740B92D,NBD15286.AAZ,UWE - Upper Wenatchee River,10/13/2015 11:54:13 PM,10/13/2015 11:54:13 PM,IN-STREAM ARRAY,IN-STREAM ARRAY,10/13/2015,7,Bull Trout,R,Resident,W,Wild Fish or Natural Production,"CHIWAT - Chiwawa River Trap, 0.5 km below CHIP acclimation pond",SCREWT,Screw Trap,247,1
3DD.007740BAB6,NBD-2020-189-001.xml,CHL - Lower Chiwawa River,9/24/2020 3:41:51 AM,9/26/2021 2:03:18 AM,LOWER IN-STREAM ARRAY,UPPER IN-STREAM ARRAY,7/11/2020,7,Bull Trout,R,Resident,W,Wild Fish or Natural Production,CHIWAR - Chiwawa River,WTRAP,Weir Trap,530,1
3DD.007740BAB6,NBD-2020-189-001.xml,CHU - Upper Chiwawa River,9/24/2020 12:44:27 AM,7/17/2022 9:40:22 PM,UPPER IN-STREAM ARRAY,UPPER IN-STREAM ARRAY,7/11/2020,7,Bull Trout,R,Resident,W,Wild Fish or Natural Production,CHIWAR - Chiwawa River,WTRAP,Weir Trap,530,1
3DD.007740BAB6,NBD-2020-189-001.xml,UWE - Upper Wenatchee River,9/24/2020 7:14:10 PM,9/26/2021 4:36:21 AM,IN-STREAM ARRAY,IN-STREAM ARRAY,7/11/2020,7,Bull Trout,R,Resident,W,Wild Fish or Natural Production,CHIWAR - Chiwawa River,WTRAP,Weir Trap,530,1
3DD.007740CBE6,NBD15307.AAZ,CHU - Upper Chiwawa River,9/30/2019 3:53:26 AM,9/30/2019 3:53:26 AM,UPPER IN-STREAM ARRAY,UPPER IN-STREAM ARRAY,11/3/2015,7,Bull Trout,R,Resident,W,Wild Fish or Natural Production,"CHIWAT - Chiwawa River Trap, 0.5 km below CHIP acclimation pond",SCREWT,Screw Trap,222,1
3DD.007740CBE6,NBD15307.AAZ,UWE - Upper Wenatchee River,9/30/2019 11:45:02 PM,2/13/2020 8:47:26 PM,IN-STREAM ARRAY,IN-STREAM ARRAY,11/3/2015,7,Bull Trout,R,Resident,W,Wild Fish or Natural Production,"CHIWAT - Chiwawa River Trap, 0.5 km below CHIP acclimation pond",SCREWT,Screw Trap,222,1
3DD.007740CBEC,CSS-2021-301-112.xml,CHL - Lower Chiwawa River,10/17/2024 4:59:42 AM,7/7/2025 2:46:25 AM,UPPER IN-STREAM ARRAY,LOWER IN-STREAM ARRAY,10/28/2021,7,Bull Trout,R,Resident,W,Wild Fish or Natural Production,"CHIWAT - Chiwawa River Trap, 0.5 km below CHIP acclimation pond",SCREWT,Screw Trap,229,1
3DD.007740CBEC,CSS-2021-301-112.xml,CHU - Upper Chiwawa River,10/16/2024 5:49:31 AM,7/10/2025 12:12:47 AM,UPPER IN-STREAM ARRAY,UPPER IN-STREAM ARRAY,10/28/2021,7,Bull Trout,R,Resident,W,Wild Fish or Natural Production,"CHIWAT - Chiwawa River Trap, 0.5 km below CHIP acclimation pond",SCREWT,Screw Trap,229,1
3DD.007740CBEC,CSS-2021-301-112.xml,CWT - Chiwawa River Weir Trap Array,10/17/2024 4:42:29 AM,7/7/2025 12:17:08 PM,Single Pass,Single Pass,10/28/2021,7,Bull Trout,R,Resident,W,Wild Fish or Natural Production,"CHIWAT - Chiwawa River Trap, 0.5 km below CHIP acclimation pond",SCREWT,Screw Trap,229,1
3DD.007740CC04,NBD17278.AAZ,UWE - Upper Wenatchee River,10/5/2017 7:52:53 PM,10/5/2017 7:52:53 PM,IN-STREAM ARRAY,IN-STREAM ARRAY,10/5/2017,7,Bull Trout,R,Resident,W,Wild Fish or Natural Production,"CHIWAT - Chiwawa River Trap, 0.5 km below CHIP acclimation pond",SCREWT,Screw Trap,270,1
3DD.007740D773,NBD-2016-074-TUM.xml,CHL - Lower Chiwawa River,6/22/2016 9:44:54 PM,9/15/2016 4:58:48 AM,LOWER IN-STREAM ARRAY,LOWER IN-STREAM ARRAY,6/2/2016,7,Bull Trout,R,Resident,W,Wild Fish or Natural Production,TUMFBY - TUM - Release into the Forebay within 0.5 km upstream of Dam,LADDER,Adult Passage Ladder,NA,1
3DD.007740D773,NBD-2016-074-TUM.xml,CHU - Upper Chiwawa River,9/15/2016 1:57:55 AM,7/5/2018 8:49:01 PM,LOWER IN-STREAM ARRAY,LOWER IN-STREAM ARRAY,6/2/2016,7,Bull Trout,R,Resident,W,Wild Fish or Natural Production,TUMFBY - TUM - Release into the Forebay within 0.5 km upstream of Dam,LADDER,Adult Passage Ladder,NA,1
3DD.007740D773,NBD-2016-074-TUM.xml,LWE - Lower Wenatchee River,9/17/2018 9:48:36 AM,9/17/2018 9:48:36 AM,DOWNSTREAM ANTENNA ARRAY,DOWNSTREAM ANTENNA ARRAY,6/2/2016,7,Bull Trout,R,Resident,W,Wild Fish or Natural Production,TUMFBY - TUM - Release into the Forebay within 0.5 km upstream of Dam,LADDER,Adult Passage Ladder,NA,1
3DD.007740D773,NBD-2016-074-TUM.xml,TUF - Tumwater Dam Adult Fishway,6/17/2017 7:51:18 AM,6/16/2018 6:21:31 PM,High Flow Ladder Entrance,WEIR 17,6/2/2016,7,Bull Trout,R,Resident,W,Wild Fish or Natural Production,TUMFBY - TUM - Release into the Forebay within 0.5 km upstream of Dam,LADDER,Adult Passage Ladder,NA,1
3DD.007740D971,NBD16284.AAZ,CHL - Lower Chiwawa River,10/10/2016 1:34:17 PM,10/10/2016 5:46:24 PM,LOWER IN-STREAM ARRAY,LOWER IN-STREAM ARRAY,10/10/2016,7,Bull Trout,R,Resident,W,Wild Fish or Natural Production,"CHIWAT - Chiwawa River Trap, 0.5 km below CHIP acclimation pond",SCREWT,Screw Trap,216,1
3DD.007740D971,NBD16284.AAZ,UWE - Upper Wenatchee River,10/11/2016 2:58:25 PM,10/11/2016 2:58:25 PM,IN-STREAM ARRAY,IN-STREAM ARRAY,10/10/2016,7,Bull Trout,R,Resident,W,Wild Fish or Natural Production,"CHIWAT - Chiwawa River Trap, 0.5 km below CHIP acclimation pond",SCREWT,Screw Trap,216,1
3DD.007740DC98,NBD18315.AAZ,LWN - Little Wenatchee River,3/30/2019 2:25:42 AM,3/30/2019 2:25:42 AM,LOWER IN-STREAM ARRAY,LOWER IN-STREAM ARRAY,11/11/2018,7,Bull Trout,R,Resident,W,Wild Fish or Natural Production,"CHIWAT - Chiwawa River Trap, 0.5 km below CHIP acclimation pond",SCREWT,Screw Trap,194,1
3DD.007740DC98,NBD18315.AAZ,UWE - Upper Wenatchee River,11/12/2018 8:15:34 PM,11/12/2018 8:15:37 PM,IN-STREAM ARRAY,IN-STREAM ARRAY,11/11/2018,7,Bull Trout,R,Resident,W,Wild Fish or Natural Production,"CHIWAT - Chiwawa River Trap, 0.5 km below CHIP acclimation pond",SCREWT,Screw Trap,194,1
3DD.007740DCDE,NBD17266.AAZ,CHL - Lower Chiwawa River,9/22/2017 6:42:51 PM,9/27/2019 2:51:08 AM,UPPER IN-STREAM ARRAY,LOWER IN-STREAM ARRAY,9/23/2017,7,Bull Trout,R,Resident,W,Wild Fish or Natural Production,"CHIWAT - Chiwawa River Trap, 0.5 km below CHIP acclimation pond",SCREWT,Screw Trap,465,1
3DD.007740DCDE,NBD17266.AAZ,CHU - Upper Chiwawa River,9/26/2019 11:22:16 PM,9/19/2020 3:13:02 AM,UPPER IN-STREAM ARRAY,LOWER IN-STREAM ARRAY,9/23/2017,7,Bull Trout,R,Resident,W,Wild Fish or Natural Production,"CHIWAT - Chiwawa River Trap, 0.5 km below CHIP acclimation pond",SCREWT,Screw Trap,465,1
3DD.007740DCDE,NBD17266.AAZ,UWE - Upper Wenatchee River,9/26/2017 7:11:38 PM,9/19/2020 9:49:00 PM,IN-STREAM ARRAY,IN-STREAM ARRAY,9/23/2017,7,Bull Trout,R,Resident,W,Wild Fish or Natural Production,"CHIWAT - Chiwawa River Trap, 0.5 km below CHIP acclimation pond",SCREWT,Screw Trap,465,1
3DD.007740DF36,CSS-2021-284-112.xml,UWE - Upper Wenatchee River,10/12/2021 2:55:26 AM,10/12/2021 2:55:27 AM,IN-STREAM ARRAY,IN-STREAM ARRAY,10/11/2021,7,Bull Trout,R,Resident,W,Wild Fish or Natural Production,"CHIWAT - Chiwawa River Trap, 0.5 km below CHIP acclimation pond",SCREWT,Screw Trap,207,1
3DD.007740DFF4,CSS-2020-242-112.xml,CHL - Lower Chiwawa River,8/29/2020 8:36:05 AM,9/7/2020 7:40:02 PM,LOWER IN-STREAM ARRAY,LOWER IN-STREAM ARRAY,8/29/2020,7,Bull Trout,R,Resident,W,Wild Fish or Natural Production,"CHIWAT - Chiwawa River Trap, 0.5 km below CHIP acclimation pond",SCREWT,Screw Trap,275,1
3DD.007740DFF4,CSS-2020-242-112.xml,UWE - Upper Wenatchee River,9/7/2020 11:37:40 PM,9/7/2020 11:37:40 PM,IN-STREAM ARRAY,IN-STREAM ARRAY,8/29/2020,7,Bull Trout,R,Resident,W,Wild Fish or Natural Production,"CHIWAT - Chiwawa River Trap, 0.5 km below CHIP acclimation pond",SCREWT,Screw Trap,275,1
3DD.007740E1CD,NBD17265.AAZ,CHL - Lower Chiwawa River,9/26/2017 7:24:56 PM,9/26/2017 7:24:56 PM,LOWER IN-STREAM ARRAY,LOWER IN-STREAM ARRAY,9/23/2017,7,Bull Trout,R,Resident,W,Wild Fish or Natural Production,"CHIWAT - Chiwawa River Trap, 0.5 km below CHIP acclimation pond",SCREWT,Screw Trap,600,1
3DD.007740E1CD,NBD17265.AAZ,UWE - Upper Wenatchee River,10/6/2017 3:09:35 AM,10/6/2017 3:09:35 AM,IN-STREAM ARRAY,IN-STREAM ARRAY,9/23/2017,7,Bull Trout,R,Resident,W,Wild Fish or Natural Production,"CHIWAT - Chiwawa River Trap, 0.5 km below CHIP acclimation pond",SCREWT,Screw Trap,600,1
3DD.007740E2EC,NBD-2019-163-001.xml,CHL - Lower Chiwawa River,9/26/2019 3:41:32 AM,9/25/2021 8:12:17 PM,UPPER IN-STREAM ARRAY,LOWER IN-STREAM ARRAY,7/1/2019,7,Bull Trout,R,Resident,W,Wild Fish or Natural Production,CHIWAR - Chiwawa River,WTRAP,Weir Trap,510,1
3DD.007740E2EC,NBD-2019-163-001.xml,CHU - Upper Chiwawa River,7/3/2019 8:16:27 PM,7/18/2021 9:39:34 PM,LOWER IN-STREAM ARRAY,UPPER IN-STREAM ARRAY,7/1/2019,7,Bull Trout,R,Resident,W,Wild Fish or Natural Production,CHIWAR - Chiwawa River,WTRAP,Weir Trap,510,1
3DD.007740E2EC,NBD-2019-163-001.xml,UWE - Upper Wenatchee River,9/20/2020 11:15:39 PM,9/26/2021 9:46:47 PM,IN-STREAM ARRAY,IN-STREAM ARRAY,7/1/2019,7,Bull Trout,R,Resident,W,Wild Fish or Natural Production,CHIWAR - Chiwawa River,WTRAP,Weir Trap,510,1
3DD.007740E4D5,NBD17281.AAZ,CHL - Lower Chiwawa River,9/22/2020 7:14:33 PM,10/4/2020 9:37:11 PM,LOWER IN-STREAM ARRAY,LOWER IN-STREAM ARRAY,10/8/2017,7,Bull Trout,R,Resident,W,Wild Fish or Natural Production,"CHIWAT - Chiwawa River Trap, 0.5 km below CHIP acclimation pond",SCREWT,Screw Trap,259,1
3DD.007740E4D5,NBD17281.AAZ,CHU - Upper Chiwawa River,9/22/2020 12:52:54 AM,9/22/2020 12:53:03 AM,UPPER IN-STREAM ARRAY,LOWER IN-STREAM ARRAY,10/8/2017,7,Bull Trout,R,Resident,W,Wild Fish or Natural Production,"CHIWAT - Chiwawa River Trap, 0.5 km below CHIP acclimation pond",SCREWT,Screw Trap,259,1
3DD.007740E4D5,NBD17281.AAZ,UWE - Upper Wenatchee River,10/8/2017 10:21:49 PM,10/5/2020 2:50:18 AM,IN-STREAM ARRAY,IN-STREAM ARRAY,10/8/2017,7,Bull Trout,R,Resident,W,Wild Fish or Natural Production,"CHIWAT - Chiwawa River Trap, 0.5 km below CHIP acclimation pond",SCREWT,Screw Trap,259,1
3DD.007740E52E,NBD15283.AAZ,CHL - Lower Chiwawa River,6/19/2019 10:20:57 PM,6/19/2019 10:20:58 PM,UPPER IN-STREAM ARRAY,UPPER IN-STREAM ARRAY,10/10/2015,7,Bull Trout,R,Resident,W,Wild Fish or Natural Production,"CHIWAT - Chiwawa River Trap, 0.5 km below CHIP acclimation pond",SCREWT,Screw Trap,276,1
3DD.007740E52E,NBD15283.AAZ,CHU - Upper Chiwawa River,6/23/2019 11:00:07 PM,9/27/2019 10:29:24 PM,UPPER IN-STREAM ARRAY,LOWER IN-STREAM ARRAY,10/10/2015,7,Bull Trout,R,Resident,W,Wild Fish or Natural Production,"CHIWAT - Chiwawa River Trap, 0.5 km below CHIP acclimation pond",SCREWT,Screw Trap,276,1
3DD.007740E52E,NBD15283.AAZ,UWE - Upper Wenatchee River,10/10/2015 10:45:55 PM,9/29/2019 4:16:03 AM,IN-STREAM ARRAY,IN-STREAM ARRAY,10/10/2015,7,Bull Trout,R,Resident,W,Wild Fish or Natural Production,"CHIWAT - Chiwawa River Trap, 0.5 km below CHIP acclimation pond",SCREWT,Screw Trap,276,1
3DD.007740E69A,CSS-2021-276-112.xml,UWE - Upper Wenatchee River,10/3/2021 11:44:18 PM,10/3/2021 11:44:19 PM,IN-STREAM ARRAY,IN-STREAM ARRAY,10/3/2021,7,Bull Trout,R,Resident,W,Wild Fish or Natural Production,"CHIWAT - Chiwawa River Trap, 0.5 km below CHIP acclimation pond",SCREWT,Screw Trap,194,1
3DD.007740E727,NBD15285.AAZ,CHL - Lower Chiwawa River,10/12/2015 10:20:11 AM,10/12/2015 10:20:27 AM,UPPER IN-STREAM ARRAY,UPPER IN-STREAM ARRAY,10/12/2015,7,Bull Trout,R,Resident,W,Wild Fish or Natural Production,"CHIWAT - Chiwawa River Trap, 0.5 km below CHIP acclimation pond",SCREWT,Screw Trap,216,1
3DD.007740E727,NBD15285.AAZ,UWE - Upper Wenatchee River,10/13/2015 7:27:58 PM,10/13/2015 7:27:58 PM,IN-STREAM ARRAY,IN-STREAM ARRAY,10/12/2015,7,Bull Trout,R,Resident,W,Wild Fish or Natural Production,"CHIWAT - Chiwawa River Trap, 0.5 km below CHIP acclimation pond",SCREWT,Screw Trap,216,1
3DD.007740E7B5,NBD-2018-178-001.xml,CHL - Lower Chiwawa River,9/25/2018 1:42:28 AM,9/23/2019 7:58:03 PM,UPPER IN-STREAM ARRAY,LOWER IN-STREAM ARRAY,7/3/2018,7,Bull Trout,R,Resident,W,Wild Fish or Natural Production,CHIWAR - Chiwawa River,WTRAP,Weir Trap,470,1
3DD.007740E7B5,NBD-2018-178-001.xml,CHU - Upper Chiwawa River,7/9/2018 5:48:09 AM,9/23/2018 1:28:42 AM,LOWER IN-STREAM ARRAY,LOWER IN-STREAM ARRAY,7/3/2018,7,Bull Trout,R,Resident,W,Wild Fish or Natural Production,CHIWAR - Chiwawa River,WTRAP,Weir Trap,470,1
3DD.007740E7B5,NBD-2018-178-001.xml,UWE - Upper Wenatchee River,9/26/2018 2:40:40 AM,9/23/2019 10:12:43 PM,IN-STREAM ARRAY,IN-STREAM ARRAY,7/3/2018,7,Bull Trout,R,Resident,W,Wild Fish or Natural Production,CHIWAR - Chiwawa River,WTRAP,Weir Trap,470,1
3DD.007740E860,NBD15291.AAZ,CHL - Lower Chiwawa River,10/20/2015 9:17:28 PM,10/20/2015 11:32:47 PM,LOWER IN-STREAM ARRAY,LOWER IN-STREAM ARRAY,10/18/2015,7,Bull Trout,R,Resident,W,Wild Fish or Natural Production,"CHIWAT - Chiwawa River Trap, 0.5 km below CHIP acclimation pond",SCREWT,Screw Trap,244,1
3DD.007740E860,NBD15291.AAZ,UWE - Upper Wenatchee River,10/21/2015 6:10:44 PM,10/21/2015 6:10:44 PM,IN-STREAM ARRAY,IN-STREAM ARRAY,10/18/2015,7,Bull Trout,R,Resident,W,Wild Fish or Natural Production,"CHIWAT - Chiwawa River Trap, 0.5 km below CHIP acclimation pond",SCREWT,Screw Trap,244,1
3DD.007740E860,NBD15291.AAZ,"WTL - White River, Wenatchee Basin",9/16/2016 9:48:33 PM,10/1/2016 7:10:20 PM,LOWER IN-STREAM ARRAY,LOWER IN-STREAM ARRAY,10/18/2015,7,Bull Trout,R,Resident,W,Wild Fish or Natural Production,"CHIWAT - Chiwawa River Trap, 0.5 km below CHIP acclimation pond",SCREWT,Screw Trap,244,1
3DD.007740E953,NBD15292.AAZ,CHL - Lower Chiwawa River,7/25/2019 12:27:16 AM,7/25/2019 12:27:18 AM,UPPER IN-STREAM ARRAY,UPPER IN-STREAM ARRAY,10/19/2015,7,Bull Trout,R,Resident,W,Wild Fish or Natural Production,"CHIWAT - Chiwawa River Trap, 0.5 km below CHIP acclimation pond",SCREWT,Screw Trap,202,1
3DD.007740E953,NBD15292.AAZ,CHU - Upper Chiwawa River,7/26/2019 10:19:35 PM,7/26/2019 10:19:39 PM,UPPER IN-STREAM ARRAY,UPPER IN-STREAM ARRAY,10/19/2015,7,Bull Trout,R,Resident,W,Wild Fish or Natural Production,"CHIWAT - Chiwawa River Trap, 0.5 km below CHIP acclimation pond",SCREWT,Screw Trap,202,1
3DD.007740E953,NBD15292.AAZ,UWE - Upper Wenatchee River,7/24/2019 10:09:44 PM,7/24/2019 10:09:45 PM,IN-STREAM ARRAY,IN-STREAM ARRAY,10/19/2015,7,Bull Trout,R,Resident,W,Wild Fish or Natural Production,"CHIWAT - Chiwawa River Trap, 0.5 km below CHIP acclimation pond",SCREWT,Screw Trap,202,1
3DD.007740E953,NBD15292.AAZ,"WTL - White River, Wenatchee Basin",7/1/2016 5:10:12 AM,7/1/2016 5:10:19 AM,UPPER IN-STREAM ARRAY,UPPER IN-STREAM ARRAY,10/19/2015,7,Bull Trout,R,Resident,W,Wild Fish or Natural Production,"CHIWAT - Chiwawa River Trap, 0.5 km below CHIP acclimation pond",SCREWT,Screw Trap,202,1
3DD.007740E9C5,NBD17269.AAZ,CHU - Upper Chiwawa River,10/2/2020 2:44:06 AM,10/2/2020 2:44:06 AM,LOWER IN-STREAM ARRAY,LOWER IN-STREAM ARRAY,9/26/2017,7,Bull Trout,R,Resident,W,Wild Fish or Natural Production,"CHIWAT - Chiwawa River Trap, 0.5 km below CHIP acclimation pond",SCREWT,Screw Trap,273,1
3DD.007740E9C5,NBD17269.AAZ,UWE - Upper Wenatchee River,9/26/2017 9:23:35 PM,10/1/2021 3:58:47 AM,IN-STREAM ARRAY,IN-STREAM ARRAY,9/26/2017,7,Bull Trout,R,Resident,W,Wild Fish or Natural Production,"CHIWAT - Chiwawa River Trap, 0.5 km below CHIP acclimation pond",SCREWT,Screw Trap,273,1
3DD.007740EA16,NBD17272.AAZ,"WTL - White River, Wenatchee Basin",8/18/2018 8:21:46 PM,8/18/2018 8:21:59 PM,UPPER IN-STREAM ARRAY,LOWER IN-STREAM ARRAY,9/29/2017,7,Bull Trout,R,Resident,W,Wild Fish or Natural Production,"CHIWAT - Chiwawa River Trap, 0.5 km below CHIP acclimation pond",SCREWT,Screw Trap,226,1
3DD.007740EE3C,NBD17272.AAZ,EBO - East Bank Hatchery Outfall,10/31/2017 4:56:56 PM,11/2/2017 12:08:46 PM,Downstream Antenna,Downstream Antenna,9/29/2017,7,Bull Trout,R,Resident,W,Wild Fish or Natural Production,"CHIWAT - Chiwawa River Trap, 0.5 km below CHIP acclimation pond",SCREWT,Screw Trap,208,1
3DD.007740EE3C,NBD17272.AAZ,LWE - Lower Wenatchee River,10/27/2017 7:56:22 PM,10/27/2017 7:56:24 PM,UPSTREAM ANTENNA ARRAY,UPSTREAM ANTENNA ARRAY,9/29/2017,7,Bull Trout,R,Resident,W,Wild Fish or Natural Production,"CHIWAT - Chiwawa River Trap, 0.5 km below CHIP acclimation pond",SCREWT,Screw Trap,208,1
3DD.007740EE3C,NBD17272.AAZ,RRF - Rocky Reach Fishway,10/30/2017 4:10:33 PM,10/30/2017 4:30:46 PM,Lower Weir,Trap,9/29/2017,7,Bull Trout,R,Resident,W,Wild Fish or Natural Production,"CHIWAT - Chiwawa River Trap, 0.5 km below CHIP acclimation pond",SCREWT,Screw Trap,208,1
3DD.007740EEBB,CSS-2020-258-112.xml,UWE - Upper Wenatchee River,9/14/2020 9:04:30 PM,9/14/2020 9:04:30 PM,IN-STREAM ARRAY,IN-STREAM ARRAY,9/14/2020,7,Bull Trout,R,Resident,W,Wild Fish or Natural Production,"CHIWAT - Chiwawa River Trap, 0.5 km below CHIP acclimation pond",SCREWT,Screw Trap,260,1
3DD.007740F0A2,NBD15266.AAZ,UWE - Upper Wenatchee River,9/23/2015 11:26:37 PM,9/23/2015 11:26:37 PM,IN-STREAM ARRAY,IN-STREAM ARRAY,9/23/2015,7,Bull Trout,R,Resident,W,Wild Fish or Natural Production,"CHIWAT - Chiwawa River Trap, 0.5 km below CHIP acclimation pond",SCREWT,Screw Trap,237,1
3DD.007740F0D3,NBD16292.AAZ,UWE - Upper Wenatchee River,10/24/2016 5:31:27 PM,10/24/2016 5:31:27 PM,IN-STREAM ARRAY,IN-STREAM ARRAY,10/18/2016,7,Bull Trout,R,Resident,W,Wild Fish or Natural Production,"CHIWAT - Chiwawa River Trap, 0.5 km below CHIP acclimation pond",SCREWT,Screw Trap,196,1
3DD.007740F0E4,NBD-2016-074-TUM.xml,CHL - Lower Chiwawa River,9/17/2016 9:58:39 PM,9/17/2016 9:58:39 PM,LOWER IN-STREAM ARRAY,LOWER IN-STREAM ARRAY,6/10/2016,7,Bull Trout,R,Resident,W,Wild Fish or Natural Production,TUMFBY - TUM - Release into the Forebay within 0.5 km upstream of Dam,LADDER,Adult Passage Ladder,NA,1
3DD.007740F0E4,NBD-2016-074-TUM.xml,CHU - Upper Chiwawa River,7/1/2016 11:30:04 PM,9/17/2016 6:53:42 PM,LOWER IN-STREAM ARRAY,LOWER IN-STREAM ARRAY,6/10/2016,7,Bull Trout,R,Resident,W,Wild Fish or Natural Production,TUMFBY - TUM - Release into the Forebay within 0.5 km upstream of Dam,LADDER,Adult Passage Ladder,NA,1
3DD.007740F13A,NBD15285.AAZ,UWE - Upper Wenatchee River,10/13/2015 9:35:08 PM,10/13/2015 9:35:08 PM,IN-STREAM ARRAY,IN-STREAM ARRAY,10/12/2015,7,Bull Trout,R,Resident,W,Wild Fish or Natural Production,"CHIWAT - Chiwawa River Trap, 0.5 km below CHIP acclimation pond",SCREWT,Screw Trap,263,1
3DD.007740F397,NBD17287.AAZ,CHL - Lower Chiwawa River,7/12/2019 1:16:51 AM,8/11/2021 12:15:10 AM,LOWER IN-STREAM ARRAY,UPPER IN-STREAM ARRAY,10/14/2017,7,Bull Trout,R,Resident,W,Wild Fish or Natural Production,"CHIWAT - Chiwawa River Trap, 0.5 km below CHIP acclimation pond",SCREWT,Screw Trap,470,1
3DD.007740F397,NBD17287.AAZ,CHU - Upper Chiwawa River,9/30/2018 9:02:05 PM,8/13/2021 1:41:17 AM,LOWER IN-STREAM ARRAY,LOWER IN-STREAM ARRAY,10/14/2017,7,Bull Trout,R,Resident,W,Wild Fish or Natural Production,"CHIWAT - Chiwawa River Trap, 0.5 km below CHIP acclimation pond",SCREWT,Screw Trap,470,1
3DD.007740F397,NBD17287.AAZ,UWE - Upper Wenatchee River,10/14/2017 9:33:32 PM,10/7/2019 11:08:46 PM,IN-STREAM ARRAY,IN-STREAM ARRAY,10/14/2017,7,Bull Trout,R,Resident,W,Wild Fish or Natural Production,"CHIWAT - Chiwawa River Trap, 0.5 km below CHIP acclimation pond",SCREWT,Screw Trap,470,1
3DD.007740F3EA,NBD15251.AAZ,CHL - Lower Chiwawa River,9/15/2017 8:02:24 PM,9/15/2017 8:02:24 PM,LOWER IN-STREAM ARRAY,LOWER IN-STREAM ARRAY,9/8/2015,7,Bull Trout,R,Resident,W,Wild Fish or Natural Production,"CHIWAT - Chiwawa River Trap, 0.5 km below CHIP acclimation pond",SCREWT,Screw Trap,231,1
3DD.007740F3EA,NBD15251.AAZ,CHU - Upper Chiwawa River,9/15/2017 1:21:13 AM,9/15/2017 1:21:13 AM,UPPER IN-STREAM ARRAY,UPPER IN-STREAM ARRAY,9/8/2015,7,Bull Trout,R,Resident,W,Wild Fish or Natural Production,"CHIWAT - Chiwawa River Trap, 0.5 km below CHIP acclimation pond",SCREWT,Screw Trap,231,1
3DD.007740F3EA,NBD15251.AAZ,UWE - Upper Wenatchee River,9/9/2015 4:05:23 AM,9/15/2017 10:37:40 PM,IN-STREAM ARRAY,IN-STREAM ARRAY,9/8/2015,7,Bull Trout,R,Resident,W,Wild Fish or Natural Production,"CHIWAT - Chiwawa River Trap, 0.5 km below CHIP acclimation pond",SCREWT,Screw Trap,231,1
3DD.007740F4CC,NBD15285.AAZ,UWE - Upper Wenatchee River,10/14/2015 7:05:53 PM,10/14/2015 7:05:53 PM,IN-STREAM ARRAY,IN-STREAM ARRAY,10/12/2015,7,Bull Trout,R,Resident,W,Wild Fish or Natural Production,"CHIWAT - Chiwawa River Trap, 0.5 km below CHIP acclimation pond",SCREWT,Screw Trap,193,1
3DD.007740F689,NBD-2016-074-TUM.xml,CHW - Chiwaukum Creek,6/29/2016 1:21:56 PM,6/29/2016 1:21:56 PM,UPSTREAM ARRAY,UPSTREAM ARRAY,6/14/2016,7,Bull Trout,R,Resident,W,Wild Fish or Natural Production,TUMFBY - TUM - Release into the Forebay within 0.5 km upstream of Dam,LADDER,Adult Passage Ladder,NA,1
3DD.007740F6AB,CSS-2021-308-112.xml,UWE - Upper Wenatchee River,11/6/2021 1:22:01 AM,11/6/2021 1:22:01 AM,IN-STREAM ARRAY,IN-STREAM ARRAY,11/4/2021,7,Bull Trout,R,Resident,W,Wild Fish or Natural Production,"CHIWAT - Chiwawa River Trap, 0.5 km below CHIP acclimation pond",SCREWT,Screw Trap,217,1
3DD.007740F6D0,NBD17278.AAZ,CHL - Lower Chiwawa River,9/24/2021 2:08:33 AM,9/24/2021 6:54:50 PM,LOWER IN-STREAM ARRAY,UPPER IN-STREAM ARRAY,10/5/2017,7,Bull Trout,R,Resident,W,Wild Fish or Natural Production,"CHIWAT - Chiwawa River Trap, 0.5 km below CHIP acclimation pond",SCREWT,Screw Trap,280,1
3DD.007740F6D0,NBD17278.AAZ,CHU - Upper Chiwawa River,9/23/2021 8:16:51 PM,9/23/2021 8:16:51 PM,LOWER IN-STREAM ARRAY,LOWER IN-STREAM ARRAY,10/5/2017,7,Bull Trout,R,Resident,W,Wild Fish or Natural Production,"CHIWAT - Chiwawa River Trap, 0.5 km below CHIP acclimation pond",SCREWT,Screw Trap,280,1
3DD.007740F6D0,NBD17278.AAZ,UWE - Upper Wenatchee River,10/6/2017 9:55:12 PM,9/24/2021 9:30:47 PM,IN-STREAM ARRAY,IN-STREAM ARRAY,10/5/2017,7,Bull Trout,R,Resident,W,Wild Fish or Natural Production,"CHIWAT - Chiwawa River Trap, 0.5 km below CHIP acclimation pond",SCREWT,Screw Trap,280,1
3DD.007740F912,NBD15266.AAZ,UWE - Upper Wenatchee River,9/24/2015 12:54:49 AM,9/24/2015 12:54:49 AM,IN-STREAM ARRAY,IN-STREAM ARRAY,9/23/2015,7,Bull Trout,R,Resident,W,Wild Fish or Natural Production,"CHIWAT - Chiwawa River Trap, 0.5 km below CHIP acclimation pond",SCREWT,Screw Trap,265,1
3DD.007740FA5A,CSS-2020-260-112.xml,CHL - Lower Chiwawa River,9/17/2022 1:33:16 AM,9/17/2022 1:33:16 AM,UPPER IN-STREAM ARRAY,UPPER IN-STREAM ARRAY,9/16/2020,7,Bull Trout,R,Resident,W,Wild Fish or Natural Production,"CHIWAT - Chiwawa River Trap, 0.5 km below CHIP acclimation pond",SCREWT,Screw Trap,605,1
3DD.007740FA5A,CSS-2020-260-112.xml,CHU - Upper Chiwawa River,7/16/2022 9:45:51 PM,7/16/2022 9:45:51 PM,UPPER IN-STREAM ARRAY,UPPER IN-STREAM ARRAY,9/16/2020,7,Bull Trout,R,Resident,W,Wild Fish or Natural Production,"CHIWAT - Chiwawa River Trap, 0.5 km below CHIP acclimation pond",SCREWT,Screw Trap,605,1
3DD.007740FA5A,CSS-2020-260-112.xml,UWE - Upper Wenatchee River,9/16/2020 9:24:52 PM,9/17/2022 4:40:20 AM,IN-STREAM ARRAY,IN-STREAM ARRAY,9/16/2020,7,Bull Trout,R,Resident,W,Wild Fish or Natural Production,"CHIWAT - Chiwawa River Trap, 0.5 km below CHIP acclimation pond",SCREWT,Screw Trap,605,1
3DD.007740FD18,NBD18229.AAZ,CHL - Lower Chiwawa River,8/17/2018 9:27:22 AM,8/17/2018 9:27:22 AM,UPPER IN-STREAM ARRAY,UPPER IN-STREAM ARRAY,8/17/2018,7,Bull Trout,R,Resident,W,Wild Fish or Natural Production,"CHIWAT - Chiwawa River Trap, 0.5 km below CHIP acclimation pond",SCREWT,Screw Trap,200,1
3DD.007740FE22,NBD-2015-212-TUM.xml,CHU - Upper Chiwawa River,6/26/2016 10:52:26 PM,6/29/2016 12:45:43 PM,LOWER IN-STREAM ARRAY,LOWER IN-STREAM ARRAY,9/29/2015,7,Bull Trout,R,Resident,W,Wild Fish or Natural Production,TUMFBY - TUM - Release into the Forebay within 0.5 km upstream of Dam,LADDER,Adult Passage Ladder,NA,1
3DD.00774100AF,NBD15285.AAZ,CHL - Lower Chiwawa River,6/12/2019 8:34:52 PM,7/31/2020 10:53:24 AM,UPPER IN-STREAM ARRAY,UPPER IN-STREAM ARRAY,10/12/2015,7,Bull Trout,R,Resident,W,Wild Fish or Natural Production,"CHIWAT - Chiwawa River Trap, 0.5 km below CHIP acclimation pond",SCREWT,Screw Trap,222,1
3DD.00774100AF,NBD15285.AAZ,CHU - Upper Chiwawa River,9/27/2019 12:02:12 AM,9/27/2019 12:02:21 AM,UPPER IN-STREAM ARRAY,LOWER IN-STREAM ARRAY,10/12/2015,7,Bull Trout,R,Resident,W,Wild Fish or Natural Production,"CHIWAT - Chiwawa River Trap, 0.5 km below CHIP acclimation pond",SCREWT,Screw Trap,222,1
3DD.00774100AF,NBD15285.AAZ,LWN - Little Wenatchee River,7/19/2016 11:42:08 PM,5/13/2018 10:08:27 PM,UPPER IN-STREAM ARRAY,UPPER IN-STREAM ARRAY,10/12/2015,7,Bull Trout,R,Resident,W,Wild Fish or Natural Production,"CHIWAT - Chiwawa River Trap, 0.5 km below CHIP acclimation pond",SCREWT,Screw Trap,222,1
3DD.00774100AF,NBD15285.AAZ,UWE - Upper Wenatchee River,6/30/2016 12:01:52 AM,6/30/2016 12:01:52 AM,IN-STREAM ARRAY,IN-STREAM ARRAY,10/12/2015,7,Bull Trout,R,Resident,W,Wild Fish or Natural Production,"CHIWAT - Chiwawa River Trap, 0.5 km below CHIP acclimation pond",SCREWT,Screw Trap,222,1
3DD.0077410376,CSS-2021-290-112.xml,UWE - Upper Wenatchee River,10/17/2021 7:28:33 PM,10/17/2021 7:28:33 PM,IN-STREAM ARRAY,IN-STREAM ARRAY,10/17/2021,7,Bull Trout,R,Resident,W,Wild Fish or Natural Production,"CHIWAT - Chiwawa River Trap, 0.5 km below CHIP acclimation pond",SCREWT,Screw Trap,235,1
3DD.0077410470,CSS-2020-257-112.xml,UWE - Upper Wenatchee River,9/13/2020 11:52:18 PM,9/13/2020 11:52:19 PM,IN-STREAM ARRAY,IN-STREAM ARRAY,9/13/2020,7,Bull Trout,R,Resident,W,Wild Fish or Natural Production,"CHIWAT - Chiwawa River Trap, 0.5 km below CHIP acclimation pond",SCREWT,Screw Trap,258,1
3DD.007741080F,NBD-2016-222-TUM.xml,ICL - Lower Icicle Instream Array,6/18/2017 8:57:34 PM,6/18/2017 8:58:17 PM,Downstream Array,Upstream Array,9/29/2016,7,Bull Trout,R,Resident,W,Wild Fish or Natural Production,TUMFBY - TUM - Release into the Forebay within 0.5 km upstream of Dam,LADDER,Adult Passage Ladder,NA,1
3DD.007741080F,NBD-2016-222-TUM.xml,ICM - Middle Icicle Instream Array,4/16/2024 8:19:00 PM,4/17/2024 8:59:29 AM,Upstream Array,Upstream Array,9/29/2016,7,Bull Trout,R,Resident,W,Wild Fish or Natural Production,TUMFBY - TUM - Release into the Forebay within 0.5 km upstream of Dam,LADDER,Adult Passage Ladder,NA,1
3DD.0077410821,NBD15293.AAZ,UWE - Upper Wenatchee River,10/21/2015 6:36:01 PM,10/21/2015 6:36:02 PM,IN-STREAM ARRAY,IN-STREAM ARRAY,10/20/2015,7,Bull Trout,R,Resident,W,Wild Fish or Natural Production,"CHIWAT - Chiwawa River Trap, 0.5 km below CHIP acclimation pond",SCREWT,Screw Trap,249,1
3DD.0077410828,NBD16265.AAZ,CHL - Lower Chiwawa River,9/21/2016 11:15:50 AM,9/23/2016 7:54:03 PM,LOWER IN-STREAM ARRAY,UPPER IN-STREAM ARRAY,9/21/2016,7,Bull Trout,R,Resident,W,Wild Fish or Natural Production,"CHIWAT - Chiwawa River Trap, 0.5 km below CHIP acclimation pond",SCREWT,Screw Trap,272,1
3DD.0077410828,NBD16265.AAZ,UWE - Upper Wenatchee River,9/23/2016 11:29:55 PM,9/23/2016 11:29:55 PM,IN-STREAM ARRAY,IN-STREAM ARRAY,9/21/2016,7,Bull Trout,R,Resident,W,Wild Fish or Natural Production,"CHIWAT - Chiwawa River Trap, 0.5 km below CHIP acclimation pond",SCREWT,Screw Trap,272,1
3DD.007741095D,NBD15135.AAZ,CHU - Upper Chiwawa River,6/12/2019 2:47:24 AM,6/12/2019 2:47:24 AM,UPPER IN-STREAM ARRAY,UPPER IN-STREAM ARRAY,5/15/2015,7,Bull Trout,R,Resident,W,Wild Fish or Natural Production,"CHIWAT - Chiwawa River Trap, 0.5 km below CHIP acclimation pond",SCREWT,Screw Trap,182,1
3DD.0077410C69,NBD16284.AAZ,CHL - Lower Chiwawa River,6/10/2019 11:48:45 PM,10/1/2019 11:31:38 PM,LOWER IN-STREAM ARRAY,LOWER IN-STREAM ARRAY,10/10/2016,7,Bull Trout,R,Resident,W,Wild Fish or Natural Production,"CHIWAT - Chiwawa River Trap, 0.5 km below CHIP acclimation pond",SCREWT,Screw Trap,249,1
3DD.0077410C69,NBD16284.AAZ,CHU - Upper Chiwawa River,9/30/2019 12:57:39 AM,7/13/2020 9:43:34 PM,UPPER IN-STREAM ARRAY,UPPER IN-STREAM ARRAY,10/10/2016,7,Bull Trout,R,Resident,W,Wild Fish or Natural Production,"CHIWAT - Chiwawa River Trap, 0.5 km below CHIP acclimation pond",SCREWT,Screw Trap,249,1
3DD.0077410C69,NBD16284.AAZ,UWE - Upper Wenatchee River,10/11/2016 7:11:18 AM,10/2/2019 2:12:33 AM,IN-STREAM ARRAY,IN-STREAM ARRAY,10/10/2016,7,Bull Trout,R,Resident,W,Wild Fish or Natural Production,"CHIWAT - Chiwawa River Trap, 0.5 km below CHIP acclimation pond",SCREWT,Screw Trap,249,1
3DD.007741103B,NBD18237.AAZ,"WTL - White River, Wenatchee Basin",8/1/2019 9:34:09 PM,9/23/2019 10:46:41 PM,LOWER IN-STREAM ARRAY,LOWER IN-STREAM ARRAY,8/25/2018,7,Bull Trout,R,Resident,W,Wild Fish or Natural Production,"CHIWAT - Chiwawa River Trap, 0.5 km below CHIP acclimation pond",SCREWT,Screw Trap,284,1
3DD.00774112BA,NBD-2016-074-TUM.xml,NAL - Lower Nason Creek,6/23/2016 10:35:19 PM,7/14/2016 11:09:52 PM,UPPER IN-STREAM ARRAY,UPPER IN-STREAM ARRAY,6/11/2016,7,Bull Trout,R,Resident,W,Wild Fish or Natural Production,TUMFBY - TUM - Release into the Forebay within 0.5 km upstream of Dam,LADDER,Adult Passage Ladder,NA,1
3DD.00774112BA,NBD-2016-074-TUM.xml,NAU - Upper Nason Creek,7/17/2016 2:41:54 AM,7/26/2016 1:37:18 AM,LOWER IN-STREAM ARRAY,UPPER IN-STREAM ARRAY,6/11/2016,7,Bull Trout,R,Resident,W,Wild Fish or Natural Production,TUMFBY - TUM - Release into the Forebay within 0.5 km upstream of Dam,LADDER,Adult Passage Ladder,NA,1
3DD.00774112BA,NBD-2016-074-TUM.xml,"WTL - White River, Wenatchee Basin",7/7/2016 10:49:27 PM,7/7/2016 10:49:44 PM,LOWER IN-STREAM ARRAY,UPPER IN-STREAM ARRAY,6/11/2016,7,Bull Trout,R,Resident,W,Wild Fish or Natural Production,TUMFBY - TUM - Release into the Forebay within 0.5 km upstream of Dam,LADDER,Adult Passage Ladder,NA,1
3DD.00774114BF,NBD17274.AAZ,UWE - Upper Wenatchee River,10/1/2017 10:48:26 PM,10/1/2017 10:48:26 PM,IN-STREAM ARRAY,IN-STREAM ARRAY,10/1/2017,7,Bull Trout,R,Resident,W,Wild Fish or Natural Production,"CHIWAT - Chiwawa River Trap, 0.5 km below CHIP acclimation pond",SCREWT,Screw Trap,425,1
3DD.0077411598,NBD-2019-163-001.xml,CHL - Lower Chiwawa River,9/29/2019 5:13:59 AM,9/28/2020 2:08:50 AM,LOWER IN-STREAM ARRAY,UPPER IN-STREAM ARRAY,7/1/2019,7,Bull Trout,R,Resident,W,Wild Fish or Natural Production,CHIWAR - Chiwawa River,WTRAP,Weir Trap,500,1
3DD.0077411598,NBD-2019-163-001.xml,CHU - Upper Chiwawa River,7/1/2019 8:34:08 PM,7/21/2022 2:35:26 AM,UPPER IN-STREAM ARRAY,UPPER IN-STREAM ARRAY,7/1/2019,7,Bull Trout,R,Resident,W,Wild Fish or Natural Production,CHIWAR - Chiwawa River,WTRAP,Weir Trap,500,1
3DD.0077411598,NBD-2019-163-001.xml,UWE - Upper Wenatchee River,9/30/2019 2:55:20 AM,9/30/2019 2:55:20 AM,IN-STREAM ARRAY,IN-STREAM ARRAY,7/1/2019,7,Bull Trout,R,Resident,W,Wild Fish or Natural Production,CHIWAR - Chiwawa River,WTRAP,Weir Trap,500,1
3DD.0077411709,NBD15292.AAZ,UWE - Upper Wenatchee River,10/20/2015 12:00:37 AM,10/20/2015 12:00:37 AM,IN-STREAM ARRAY,IN-STREAM ARRAY,10/19/2015,7,Bull Trout,R,Resident,W,Wild Fish or Natural Production,"CHIWAT - Chiwawa River Trap, 0.5 km below CHIP acclimation pond",SCREWT,Screw Trap,243,1
3DD.0077411890,CSS-2021-275-112.xml,UWE - Upper Wenatchee River,10/2/2021 9:16:47 PM,10/2/2021 9:16:47 PM,IN-STREAM ARRAY,IN-STREAM ARRAY,10/2/2021,7,Bull Trout,R,Resident,W,Wild Fish or Natural Production,"CHIWAT - Chiwawa River Trap, 0.5 km below CHIP acclimation pond",SCREWT,Screw Trap,235,1
3DD.0077411897,NBD-2019-163-001.xml,CHL - Lower Chiwawa River,9/22/2019 9:17:07 PM,9/22/2019 9:17:07 PM,LOWER IN-STREAM ARRAY,LOWER IN-STREAM ARRAY,6/12/2019,7,Bull Trout,R,Resident,W,Wild Fish or Natural Production,CHIWAR - Chiwawa River,WTRAP,Weir Trap,530,1
3DD.0077411897,NBD-2019-163-001.xml,CHU - Upper Chiwawa River,6/15/2019 7:28:02 AM,6/15/2019 7:28:02 AM,LOWER IN-STREAM ARRAY,LOWER IN-STREAM ARRAY,6/12/2019,7,Bull Trout,R,Resident,W,Wild Fish or Natural Production,CHIWAR - Chiwawa River,WTRAP,Weir Trap,530,1
3DD.0077411897,NBD-2019-163-001.xml,UWE - Upper Wenatchee River,9/23/2019 12:09:27 AM,9/23/2019 12:09:28 AM,IN-STREAM ARRAY,IN-STREAM ARRAY,6/12/2019,7,Bull Trout,R,Resident,W,Wild Fish or Natural Production,CHIWAR - Chiwawa River,WTRAP,Weir Trap,530,1
3DD.00774118BA,NBD18251.AAZ,CHL - Lower Chiwawa River,9/28/2021 9:37:13 PM,9/26/2024 6:42:38 PM,LOWER IN-STREAM ARRAY,LOWER IN-STREAM ARRAY,9/8/2018,7,Bull Trout,R,Resident,W,Wild Fish or Natural Production,"CHIWAT - Chiwawa River Trap, 0.5 km below CHIP acclimation pond",SCREWT,Screw Trap,277,1
3DD.00774118BA,NBD18251.AAZ,CHU - Upper Chiwawa River,9/27/2021 11:17:17 PM,9/25/2024 11:40:39 PM,LOWER IN-STREAM ARRAY,LOWER IN-STREAM ARRAY,9/8/2018,7,Bull Trout,R,Resident,W,Wild Fish or Natural Production,"CHIWAT - Chiwawa River Trap, 0.5 km below CHIP acclimation pond",SCREWT,Screw Trap,277,1
3DD.00774118BA,NBD18251.AAZ,UWE - Upper Wenatchee River,9/29/2021 2:06:53 AM,5/27/2023 11:48:53 PM,IN-STREAM ARRAY,IN-STREAM ARRAY,9/8/2018,7,Bull Trout,R,Resident,W,Wild Fish or Natural Production,"CHIWAT - Chiwawa River Trap, 0.5 km below CHIP acclimation pond",SCREWT,Screw Trap,277,1
3DD.0077411DAF,NBD15285.AAZ,UWE - Upper Wenatchee River,10/13/2015 4:02:48 AM,10/13/2015 4:02:48 AM,IN-STREAM ARRAY,IN-STREAM ARRAY,10/12/2015,7,Bull Trout,R,Resident,W,Wild Fish or Natural Production,"CHIWAT - Chiwawa River Trap, 0.5 km below CHIP acclimation pond",SCREWT,Screw Trap,197,1
3DD.0077411F73,CSS-2019-181-112.xml,UWE - Upper Wenatchee River,7/1/2019 6:58:11 PM,7/1/2019 6:58:11 PM,IN-STREAM ARRAY,IN-STREAM ARRAY,6/30/2019,7,Bull Trout,R,Resident,W,Wild Fish or Natural Production,"CHIWAT - Chiwawa River Trap, 0.5 km below CHIP acclimation pond",SCREWT,Screw Trap,170,1
3DD.0077411F8E,NBD-2020-189-001.xml,CHL - Lower Chiwawa River,9/17/2020 11:55:02 PM,9/17/2020 11:55:11 PM,UPPER IN-STREAM ARRAY,LOWER IN-STREAM ARRAY,7/13/2020,7,Bull Trout,R,Resident,W,Wild Fish or Natural Production,CHIWAR - Chiwawa River,WTRAP,Weir Trap,570,1
3DD.0077411F8E,NBD-2020-189-001.xml,CHU - Upper Chiwawa River,9/17/2020 8:51:45 PM,9/14/2021 4:48:20 AM,UPPER IN-STREAM ARRAY,LOWER IN-STREAM ARRAY,7/13/2020,7,Bull Trout,R,Resident,W,Wild Fish or Natural Production,CHIWAR - Chiwawa River,WTRAP,Weir Trap,570,1
3DD.0077411F8E,NBD-2020-189-001.xml,UWE - Upper Wenatchee River,9/18/2020 2:14:29 AM,8/6/2022 1:04:15 AM,IN-STREAM ARRAY,IN-STREAM ARRAY,7/13/2020,7,Bull Trout,R,Resident,W,Wild Fish or Natural Production,CHIWAR - Chiwawa River,WTRAP,Weir Trap,570,1
3DD.007741228D,NBD18334.AAZ,UWE - Upper Wenatchee River,12/4/2018 6:47:53 PM,12/4/2018 6:47:57 PM,IN-STREAM ARRAY,IN-STREAM ARRAY,11/30/2018,7,Bull Trout,R,Resident,W,Wild Fish or Natural Production,"CHIWAT - Chiwawa River Trap, 0.5 km below CHIP acclimation pond",SCREWT,Screw Trap,160,1
3DD.00774122EE,NBD15286.AAZ,CHL - Lower Chiwawa River,9/25/2019 6:35:50 PM,9/26/2019 1:34:36 AM,LOWER IN-STREAM ARRAY,LOWER IN-STREAM ARRAY,10/13/2015,7,Bull Trout,R,Resident,W,Wild Fish or Natural Production,"CHIWAT - Chiwawa River Trap, 0.5 km below CHIP acclimation pond",SCREWT,Screw Trap,241,1
3DD.00774122EE,NBD15286.AAZ,CHU - Upper Chiwawa River,7/7/2019 12:42:55 AM,9/24/2019 11:26:30 PM,LOWER IN-STREAM ARRAY,UPPER IN-STREAM ARRAY,10/13/2015,7,Bull Trout,R,Resident,W,Wild Fish or Natural Production,"CHIWAT - Chiwawa River Trap, 0.5 km below CHIP acclimation pond",SCREWT,Screw Trap,241,1
3DD.00774122EE,NBD15286.AAZ,UWE - Upper Wenatchee River,10/14/2015 11:04:32 PM,9/26/2019 4:51:48 AM,IN-STREAM ARRAY,IN-STREAM ARRAY,10/13/2015,7,Bull Trout,R,Resident,W,Wild Fish or Natural Production,"CHIWAT - Chiwawa River Trap, 0.5 km below CHIP acclimation pond",SCREWT,Screw Trap,241,1
3DD.007741231C,CSS-2019-211-112.xml,CHL - Lower Chiwawa River,9/21/2023 11:24:10 PM,9/21/2023 11:27:48 PM,LOWER IN-STREAM ARRAY,UPPER IN-STREAM ARRAY,7/30/2019,7,Bull Trout,R,Resident,W,Wild Fish or Natural Production,"CHIWAT - Chiwawa River Trap, 0.5 km below CHIP acclimation pond",SCREWT,Screw Trap,228,1
3DD.007741231C,CSS-2019-211-112.xml,CHU - Upper Chiwawa River,10/11/2020 1:20:55 AM,6/27/2024 4:14:48 AM,LOWER IN-STREAM ARRAY,LOWER IN-STREAM ARRAY,7/30/2019,7,Bull Trout,R,Resident,W,Wild Fish or Natural Production,"CHIWAT - Chiwawa River Trap, 0.5 km below CHIP acclimation pond",SCREWT,Screw Trap,228,1
3DD.007741231C,CSS-2019-211-112.xml,CHW - Chiwaukum Creek,8/5/2019 9:16:51 PM,8/24/2019 8:08:01 PM,DOWNSTREAM ARRAY,UPSTREAM ARRAY,7/30/2019,7,Bull Trout,R,Resident,W,Wild Fish or Natural Production,"CHIWAT - Chiwawa River Trap, 0.5 km below CHIP acclimation pond",SCREWT,Screw Trap,228,1
3DD.007741231C,CSS-2019-211-112.xml,TUF - Tumwater Dam Adult Fishway,6/9/2020 6:08:20 PM,6/9/2020 7:31:29 PM,High Flow Ladder Entrance,WEIR 17,7/30/2019,7,Bull Trout,R,Resident,W,Wild Fish or Natural Production,"CHIWAT - Chiwawa River Trap, 0.5 km below CHIP acclimation pond",SCREWT,Screw Trap,228,1
3DD.007741231C,CSS-2019-211-112.xml,UWE - Upper Wenatchee River,10/14/2020 10:29:25 AM,9/22/2023 10:31:22 PM,IN-STREAM ARRAY,IN-STREAM ARRAY,7/30/2019,7,Bull Trout,R,Resident,W,Wild Fish or Natural Production,"CHIWAT - Chiwawa River Trap, 0.5 km below CHIP acclimation pond",SCREWT,Screw Trap,228,1
3DD.007741231C,CSS-2019-211-112.xml,"WTL - White River, Wenatchee Basin",11/8/2020 11:09:39 PM,11/8/2020 11:10:18 PM,LOWER IN-STREAM ARRAY,UPPER IN-STREAM ARRAY,7/30/2019,7,Bull Trout,R,Resident,W,Wild Fish or Natural Production,"CHIWAT - Chiwawa River Trap, 0.5 km below CHIP acclimation pond",SCREWT,Screw Trap,228,1
3DD.00774123B7,NBD-2016-074-TUM.xml,CHW - Chiwaukum Creek,7/6/2016 1:26:29 AM,7/6/2016 1:27:08 AM,DOWNSTREAM ARRAY,UPSTREAM ARRAY,6/23/2016,7,Bull Trout,R,Resident,W,Wild Fish or Natural Production,TUMFBY - TUM - Release into the Forebay within 0.5 km upstream of Dam,LADDER,Adult Passage Ladder,NA,1
3DD.00774123E1,NBD17275.AAZ,CHU - Upper Chiwawa River,10/4/2020 1:58:27 AM,10/4/2020 1:58:27 AM,LOWER IN-STREAM ARRAY,LOWER IN-STREAM ARRAY,10/2/2017,7,Bull Trout,R,Resident,W,Wild Fish or Natural Production,"CHIWAT - Chiwawa River Trap, 0.5 km below CHIP acclimation pond",SCREWT,Screw Trap,520,1
3DD.00774123E1,NBD17275.AAZ,UWE - Upper Wenatchee River,10/2/2017 10:39:30 PM,10/4/2020 9:43:05 PM,IN-STREAM ARRAY,IN-STREAM ARRAY,10/2/2017,7,Bull Trout,R,Resident,W,Wild Fish or Natural Production,"CHIWAT - Chiwawa River Trap, 0.5 km below CHIP acclimation pond",SCREWT,Screw Trap,520,1
3DD.0077412455,NBD17276.AAZ,UWE - Upper Wenatchee River,10/5/2017 7:16:26 PM,9/20/2018 4:35:37 AM,IN-STREAM ARRAY,IN-STREAM ARRAY,10/4/2017,7,Bull Trout,R,Resident,W,Wild Fish or Natural Production,"CHIWAT - Chiwawa River Trap, 0.5 km below CHIP acclimation pond",SCREWT,Screw Trap,380,1
3DD.0077412584,CSS-2020-258-112.xml,UWE - Upper Wenatchee River,9/14/2020 9:24:06 PM,9/14/2020 9:24:06 PM,IN-STREAM ARRAY,IN-STREAM ARRAY,9/14/2020,7,Bull Trout,R,Resident,W,Wild Fish or Natural Production,"CHIWAT - Chiwawa River Trap, 0.5 km below CHIP acclimation pond",SCREWT,Screw Trap,212,1
3DD.00774127DF,NBD-2016-074-TUM.xml,CHL - Lower Chiwawa River,6/27/2016 9:04:18 PM,9/19/2016 12:28:48 AM,UPPER IN-STREAM ARRAY,LOWER IN-STREAM ARRAY,6/17/2016,7,Bull Trout,R,Resident,W,Wild Fish or Natural Production,TUMFBY - TUM - Release into the Forebay within 0.5 km upstream of Dam,LADDER,Adult Passage Ladder,NA,1
3DD.00774127DF,NBD-2016-074-TUM.xml,CHU - Upper Chiwawa River,7/12/2016 9:59:08 PM,9/18/2016 7:52:22 PM,LOWER IN-STREAM ARRAY,LOWER IN-STREAM ARRAY,6/17/2016,7,Bull Trout,R,Resident,W,Wild Fish or Natural Production,TUMFBY - TUM - Release into the Forebay within 0.5 km upstream of Dam,LADDER,Adult Passage Ladder,NA,1
3DD.00774127E3,NBD17279.AAZ,LWE - Lower Wenatchee River,10/27/2017 11:42:48 PM,10/27/2017 11:48:36 PM,DOWNSTREAM ANTENNA ARRAY,UPSTREAM ANTENNA ARRAY,10/6/2017,7,Bull Trout,R,Resident,W,Wild Fish or Natural Production,"CHIWAT - Chiwawa River Trap, 0.5 km below CHIP acclimation pond",SCREWT,Screw Trap,209,1
3DD.007741283C,NBD16284.AAZ,CHL - Lower Chiwawa River,7/23/2019 4:20:47 AM,7/23/2019 4:26:08 AM,UPPER IN-STREAM ARRAY,UPPER IN-STREAM ARRAY,10/10/2016,7,Bull Trout,R,Resident,W,Wild Fish or Natural Production,"CHIWAT - Chiwawa River Trap, 0.5 km below CHIP acclimation pond",SCREWT,Screw Trap,229,1
3DD.007741283C,NBD16284.AAZ,CHU - Upper Chiwawa River,10/3/2019 1:36:56 AM,10/3/2019 1:37:06 AM,UPPER IN-STREAM ARRAY,LOWER IN-STREAM ARRAY,10/10/2016,7,Bull Trout,R,Resident,W,Wild Fish or Natural Production,"CHIWAT - Chiwawa River Trap, 0.5 km below CHIP acclimation pond",SCREWT,Screw Trap,229,1
3DD.007741283C,NBD16284.AAZ,UWE - Upper Wenatchee River,10/12/2016 6:46:27 PM,10/5/2019 2:24:13 AM,IN-STREAM ARRAY,IN-STREAM ARRAY,10/10/2016,7,Bull Trout,R,Resident,W,Wild Fish or Natural Production,"CHIWAT - Chiwawa River Trap, 0.5 km below CHIP acclimation pond",SCREWT,Screw Trap,229,1
3DD.007741298D,NBD15286.AAZ,UWE - Upper Wenatchee River,10/14/2015 6:30:29 AM,10/14/2015 6:30:29 AM,IN-STREAM ARRAY,IN-STREAM ARRAY,10/13/2015,7,Bull Trout,R,Resident,W,Wild Fish or Natural Production,"CHIWAT - Chiwawa River Trap, 0.5 km below CHIP acclimation pond",SCREWT,Screw Trap,202,1
3DD.0077412A85,NBD15244.AAZ,CHU - Upper Chiwawa River,9/28/2018 4:35:07 AM,9/28/2018 4:35:07 AM,LOWER IN-STREAM ARRAY,LOWER IN-STREAM ARRAY,9/1/2015,7,Bull Trout,R,Resident,W,Wild Fish or Natural Production,"CHIWAT - Chiwawa River Trap, 0.5 km below CHIP acclimation pond",SCREWT,Screw Trap,230,1
3DD.0077412A85,NBD15244.AAZ,UWE - Upper Wenatchee River,9/1/2015 10:38:24 PM,9/29/2018 3:55:29 AM,IN-STREAM ARRAY,IN-STREAM ARRAY,9/1/2015,7,Bull Trout,R,Resident,W,Wild Fish or Natural Production,"CHIWAT - Chiwawa River Trap, 0.5 km below CHIP acclimation pond",SCREWT,Screw Trap,230,1
3DD.0077412B08,NBD15285.AAZ,CHL - Lower Chiwawa River,10/12/2015 3:43:45 PM,10/12/2015 3:43:45 PM,LOWER IN-STREAM ARRAY,LOWER IN-STREAM ARRAY,10/12/2015,7,Bull Trout,R,Resident,W,Wild Fish or Natural Production,"CHIWAT - Chiwawa River Trap, 0.5 km below CHIP acclimation pond",SCREWT,Screw Trap,285,1
3DD.0077412B08,NBD15285.AAZ,UWE - Upper Wenatchee River,10/13/2015 5:04:35 AM,10/13/2015 5:04:35 AM,IN-STREAM ARRAY,IN-STREAM ARRAY,10/12/2015,7,Bull Trout,R,Resident,W,Wild Fish or Natural Production,"CHIWAT - Chiwawa River Trap, 0.5 km below CHIP acclimation pond",SCREWT,Screw Trap,285,1
3DD.0077412D7F,NBD-2017-091-TUM.xml,CHL - Lower Chiwawa River,7/22/2017 3:17:43 AM,7/22/2017 3:17:43 AM,LOWER IN-STREAM ARRAY,LOWER IN-STREAM ARRAY,7/6/2017,7,Bull Trout,R,Resident,W,Wild Fish or Natural Production,TUMFBY - TUM - Release into the Forebay within 0.5 km upstream of Dam,LADDER,Adult Passage Ladder,450,1
3DD.0077412D7F,NBD-2017-091-TUM.xml,CHU - Upper Chiwawa River,7/24/2017 9:33:45 PM,7/24/2017 9:33:45 PM,UPPER IN-STREAM ARRAY,UPPER IN-STREAM ARRAY,7/6/2017,7,Bull Trout,R,Resident,W,Wild Fish or Natural Production,TUMFBY - TUM - Release into the Forebay within 0.5 km upstream of Dam,LADDER,Adult Passage Ladder,450,1
3DD.0077412D7F,NBD-2017-091-TUM.xml,CHW - Chiwaukum Creek,7/10/2018 3:44:19 AM,7/10/2018 3:47:14 AM,DOWNSTREAM ARRAY,UPSTREAM ARRAY,7/6/2017,7,Bull Trout,R,Resident,W,Wild Fish or Natural Production,TUMFBY - TUM - Release into the Forebay within 0.5 km upstream of Dam,LADDER,Adult Passage Ladder,450,1
3DD.0077412D7F,NBD-2017-091-TUM.xml,TUF - Tumwater Dam Adult Fishway,7/1/2018 5:59:38 PM,7/2/2018 8:55:56 AM,High Flow Ladder Entrance,WEIR 17,7/6/2017,7,Bull Trout,R,Resident,W,Wild Fish or Natural Production,TUMFBY - TUM - Release into the Forebay within 0.5 km upstream of Dam,LADDER,Adult Passage Ladder,450,1
3DD.0077412D7F,NBD-2017-091-TUM.xml,UWE - Upper Wenatchee River,7/17/2017 11:23:01 PM,7/18/2017 2:31:30 AM,IN-STREAM ARRAY,IN-STREAM ARRAY,7/6/2017,7,Bull Trout,R,Resident,W,Wild Fish or Natural Production,TUMFBY - TUM - Release into the Forebay within 0.5 km upstream of Dam,LADDER,Adult Passage Ladder,450,1
3DD.0077412D8C,NBD17281.AAZ,UWE - Upper Wenatchee River,10/11/2017 11:09:51 PM,10/11/2017 11:09:51 PM,IN-STREAM ARRAY,IN-STREAM ARRAY,10/8/2017,7,Bull Trout,R,Resident,W,Wild Fish or Natural Production,"CHIWAT - Chiwawa River Trap, 0.5 km below CHIP acclimation pond",SCREWT,Screw Trap,235,1
3DD.0077412DE7,NBD15286.AAZ,UWE - Upper Wenatchee River,10/14/2015 1:06:59 AM,10/14/2015 1:06:59 AM,IN-STREAM ARRAY,IN-STREAM ARRAY,10/13/2015,7,Bull Trout,R,Resident,W,Wild Fish or Natural Production,"CHIWAT - Chiwawa River Trap, 0.5 km below CHIP acclimation pond",SCREWT,Screw Trap,195,1
3DD.0077412EF3,NBD15246.AAZ,CHL - Lower Chiwawa River,9/3/2015 10:54:33 AM,9/3/2015 10:54:33 AM,LOWER IN-STREAM ARRAY,LOWER IN-STREAM ARRAY,9/3/2015,7,Bull Trout,R,Resident,W,Wild Fish or Natural Production,"CHIWAT - Chiwawa River Trap, 0.5 km below CHIP acclimation pond",SCREWT,Screw Trap,237,1
3DD.0077412FB6,NBD17267.AAZ,CHL - Lower Chiwawa River,9/24/2017 6:38:33 PM,9/24/2017 6:38:33 PM,UPPER IN-STREAM ARRAY,UPPER IN-STREAM ARRAY,9/24/2017,7,Bull Trout,R,Resident,W,Wild Fish or Natural Production,"CHIWAT - Chiwawa River Trap, 0.5 km below CHIP acclimation pond",SCREWT,Screw Trap,470,1
3DD.0077412FB6,NBD17267.AAZ,UWE - Upper Wenatchee River,9/24/2017 11:15:00 PM,9/24/2017 11:15:00 PM,IN-STREAM ARRAY,IN-STREAM ARRAY,9/24/2017,7,Bull Trout,R,Resident,W,Wild Fish or Natural Production,"CHIWAT - Chiwawa River Trap, 0.5 km below CHIP acclimation pond",SCREWT,Screw Trap,470,1
3DD.0077413057,CSS-2021-285-112.xml,CHL - Lower Chiwawa River,6/11/2025 3:12:10 AM,6/11/2025 3:12:10 AM,LOWER IN-STREAM ARRAY,LOWER IN-STREAM ARRAY,10/12/2021,7,Bull Trout,R,Resident,W,Wild Fish or Natural Production,"CHIWAT - Chiwawa River Trap, 0.5 km below CHIP acclimation pond",SCREWT,Screw Trap,212,1
3DD.0077413057,CSS-2021-285-112.xml,CWT - Chiwawa River Weir Trap Array,6/11/2025 8:27:38 PM,6/11/2025 8:27:38 PM,Single Pass,Single Pass,10/12/2021,7,Bull Trout,R,Resident,W,Wild Fish or Natural Production,"CHIWAT - Chiwawa River Trap, 0.5 km below CHIP acclimation pond",SCREWT,Screw Trap,212,1
3DD.00774130C1,NBD-2016-074-TUM.xml,CHL - Lower Chiwawa River,7/13/2016 11:08:38 PM,7/13/2016 11:08:38 PM,LOWER IN-STREAM ARRAY,LOWER IN-STREAM ARRAY,6/26/2016,7,Bull Trout,R,Resident,W,Wild Fish or Natural Production,TUMFBY - TUM - Release into the Forebay within 0.5 km upstream of Dam,LADDER,Adult Passage Ladder,NA,1
3DD.00774130C1,NBD-2016-074-TUM.xml,CHU - Upper Chiwawa River,7/25/2016 9:18:41 PM,9/17/2016 11:50:44 PM,UPPER IN-STREAM ARRAY,LOWER IN-STREAM ARRAY,6/26/2016,7,Bull Trout,R,Resident,W,Wild Fish or Natural Production,TUMFBY - TUM - Release into the Forebay within 0.5 km upstream of Dam,LADDER,Adult Passage Ladder,NA,1
3DD.00774130C1,NBD-2016-074-TUM.xml,CHW - Chiwaukum Creek,8/3/2017 10:24:07 PM,9/21/2017 11:08:48 PM,DOWNSTREAM ARRAY,DOWNSTREAM ARRAY,6/26/2016,7,Bull Trout,R,Resident,W,Wild Fish or Natural Production,TUMFBY - TUM - Release into the Forebay within 0.5 km upstream of Dam,LADDER,Adult Passage Ladder,NA,1
3DD.00774130C1,NBD-2016-074-TUM.xml,LWE - Lower Wenatchee River,12/7/2016 9:21:10 PM,3/18/2017 9:20:11 AM,UPSTREAM ANTENNA ARRAY,UPSTREAM ANTENNA ARRAY,6/26/2016,7,Bull Trout,R,Resident,W,Wild Fish or Natural Production,TUMFBY - TUM - Release into the Forebay within 0.5 km upstream of Dam,LADDER,Adult Passage Ladder,NA,1
3DD.00774130C1,NBD-2016-074-TUM.xml,NAL - Lower Nason Creek,7/11/2018 1:41:20 AM,7/11/2018 1:41:39 AM,LOWER IN-STREAM ARRAY,UPPER IN-STREAM ARRAY,6/26/2016,7,Bull Trout,R,Resident,W,Wild Fish or Natural Production,TUMFBY - TUM - Release into the Forebay within 0.5 km upstream of Dam,LADDER,Adult Passage Ladder,NA,1
3DD.00774130C1,NBD-2016-074-TUM.xml,NAU - Upper Nason Creek,7/14/2018 2:46:56 AM,9/15/2018 10:46:28 PM,LOWER IN-STREAM ARRAY,LOWER IN-STREAM ARRAY,6/26/2016,7,Bull Trout,R,Resident,W,Wild Fish or Natural Production,TUMFBY - TUM - Release into the Forebay within 0.5 km upstream of Dam,LADDER,Adult Passage Ladder,NA,1
3DD.00774130C1,NBD-2016-074-TUM.xml,TUF - Tumwater Dam Adult Fishway,7/4/2017 5:52:53 AM,7/6/2018 6:31:34 AM,High Flow Ladder Entrance,WEIR 17,6/26/2016,7,Bull Trout,R,Resident,W,Wild Fish or Natural Production,TUMFBY - TUM - Release into the Forebay within 0.5 km upstream of Dam,LADDER,Adult Passage Ladder,NA,1
3DD.00774130C1,NBD-2016-074-TUM.xml,UWE - Upper Wenatchee River,7/10/2018 11:41:44 AM,7/10/2018 11:41:44 AM,IN-STREAM ARRAY,IN-STREAM ARRAY,6/26/2016,7,Bull Trout,R,Resident,W,Wild Fish or Natural Production,TUMFBY - TUM - Release into the Forebay within 0.5 km upstream of Dam,LADDER,Adult Passage Ladder,NA,1
3DD.00774135CA,NBD15287.AAZ,UWE - Upper Wenatchee River,10/14/2015 11:35:31 PM,10/14/2015 11:35:31 PM,IN-STREAM ARRAY,IN-STREAM ARRAY,10/14/2015,7,Bull Trout,R,Resident,W,Wild Fish or Natural Production,"CHIWAT - Chiwawa River Trap, 0.5 km below CHIP acclimation pond",SCREWT,Screw Trap,233,1
3DD.00774137E5,NBD-2018-178-001.xml,CHL - Lower Chiwawa River,9/29/2019 8:48:35 PM,9/29/2019 8:48:36 PM,UPPER IN-STREAM ARRAY,UPPER IN-STREAM ARRAY,7/7/2018,7,Bull Trout,R,Resident,W,Wild Fish or Natural Production,CHIWAR - Chiwawa River,WTRAP,Weir Trap,600,1
3DD.00774137E5,NBD-2018-178-001.xml,CHU - Upper Chiwawa River,7/15/2018 10:59:01 PM,9/29/2019 4:25:42 AM,UPPER IN-STREAM ARRAY,LOWER IN-STREAM ARRAY,7/7/2018,7,Bull Trout,R,Resident,W,Wild Fish or Natural Production,CHIWAR - Chiwawa River,WTRAP,Weir Trap,600,1
3DD.00774137E5,NBD-2018-178-001.xml,NAL - Lower Nason Creek,11/2/2018 12:17:52 AM,6/5/2020 11:17:24 PM,LOWER IN-STREAM ARRAY,UPPER IN-STREAM ARRAY,7/7/2018,7,Bull Trout,R,Resident,W,Wild Fish or Natural Production,CHIWAR - Chiwawa River,WTRAP,Weir Trap,600,1
3DD.00774137E5,NBD-2018-178-001.xml,UWE - Upper Wenatchee River,9/30/2018 2:23:55 AM,9/29/2019 11:29:32 PM,IN-STREAM ARRAY,IN-STREAM ARRAY,7/7/2018,7,Bull Trout,R,Resident,W,Wild Fish or Natural Production,CHIWAR - Chiwawa River,WTRAP,Weir Trap,600,1
3DD.007741388C,NBD15295.AAZ,UWE - Upper Wenatchee River,10/23/2015 3:47:40 AM,10/23/2015 3:47:40 AM,IN-STREAM ARRAY,IN-STREAM ARRAY,10/22/2015,7,Bull Trout,R,Resident,W,Wild Fish or Natural Production,"CHIWAT - Chiwawa River Trap, 0.5 km below CHIP acclimation pond",SCREWT,Screw Trap,201,1
3DD.00774138CA,NBD15285.AAZ,CHL - Lower Chiwawa River,10/12/2015 10:03:53 AM,10/12/2015 10:03:53 AM,UPPER IN-STREAM ARRAY,UPPER IN-STREAM ARRAY,10/12/2015,7,Bull Trout,R,Resident,W,Wild Fish or Natural Production,"CHIWAT - Chiwawa River Trap, 0.5 km below CHIP acclimation pond",SCREWT,Screw Trap,237,1
3DD.0077413911,NBD15285.AAZ,CHL - Lower Chiwawa River,10/12/2015 10:40:15 AM,9/29/2018 11:36:00 PM,LOWER IN-STREAM ARRAY,UPPER IN-STREAM ARRAY,10/12/2015,7,Bull Trout,R,Resident,W,Wild Fish or Natural Production,"CHIWAT - Chiwawa River Trap, 0.5 km below CHIP acclimation pond",SCREWT,Screw Trap,243,1
3DD.0077413B08,NBD17287.AAZ,ICM - Middle Icicle Instream Array,7/23/2018 9:43:00 PM,7/24/2018 10:48:00 PM,Downstream Array,Upstream Array,10/14/2017,7,Bull Trout,R,Resident,W,Wild Fish or Natural Production,"CHIWAT - Chiwawa River Trap, 0.5 km below CHIP acclimation pond",SCREWT,Screw Trap,243,1
3DD.0077413E29,NBD-2016-074-TUM.xml,CHL - Lower Chiwawa River,9/12/2016 12:25:49 AM,9/14/2019 7:55:34 PM,LOWER IN-STREAM ARRAY,UPPER IN-STREAM ARRAY,6/5/2016,7,Bull Trout,R,Resident,W,Wild Fish or Natural Production,TUMFBY - TUM - Release into the Forebay within 0.5 km upstream of Dam,LADDER,Adult Passage Ladder,NA,1
3DD.0077413E29,NBD-2016-074-TUM.xml,CHU - Upper Chiwawa River,9/11/2016 9:40:35 PM,6/21/2019 9:56:31 PM,LOWER IN-STREAM ARRAY,UPPER IN-STREAM ARRAY,6/5/2016,7,Bull Trout,R,Resident,W,Wild Fish or Natural Production,TUMFBY - TUM - Release into the Forebay within 0.5 km upstream of Dam,LADDER,Adult Passage Ladder,NA,1
3DD.0077413E29,NBD-2016-074-TUM.xml,TUF - Tumwater Dam Adult Fishway,6/10/2016 2:11:22 PM,6/16/2016 5:35:57 PM,WEIR 14,WEIR 17,6/5/2016,7,Bull Trout,R,Resident,W,Wild Fish or Natural Production,TUMFBY - TUM - Release into the Forebay within 0.5 km upstream of Dam,LADDER,Adult Passage Ladder,NA,1
3DD.0077413F19,NBD-2019-163-001.xml,CHU - Upper Chiwawa River,9/28/2019 3:14:25 AM,9/28/2019 3:14:34 AM,UPPER IN-STREAM ARRAY,LOWER IN-STREAM ARRAY,7/1/2019,7,Bull Trout,R,Resident,W,Wild Fish or Natural Production,CHIWAR - Chiwawa River,WTRAP,Weir Trap,550,1
3DD.0077413F19,NBD-2019-163-001.xml,UWE - Upper Wenatchee River,9/29/2019 8:40:33 PM,9/29/2019 8:40:34 PM,IN-STREAM ARRAY,IN-STREAM ARRAY,7/1/2019,7,Bull Trout,R,Resident,W,Wild Fish or Natural Production,CHIWAR - Chiwawa River,WTRAP,Weir Trap,550,1
3DD.0077413F19,NBD-2019-163-001.xml,"WTL - White River, Wenatchee Basin",10/1/2019 4:46:38 AM,10/1/2019 6:41:59 PM,LOWER IN-STREAM ARRAY,UPPER IN-STREAM ARRAY,7/1/2019,7,Bull Trout,R,Resident,W,Wild Fish or Natural Production,CHIWAR - Chiwawa River,WTRAP,Weir Trap,550,1
3DD.0077413F8A,NBD18309.AAZ,ICL - Lower Icicle Instream Array,4/2/2019 9:20:02 PM,11/21/2020 10:21:16 PM,Downstream Array,Downstream Array,11/5/2018,7,Bull Trout,R,Resident,W,Wild Fish or Natural Production,"CHIWAT - Chiwawa River Trap, 0.5 km below CHIP acclimation pond",SCREWT,Screw Trap,241,1
3DD.0077413F8A,NBD18309.AAZ,ICM - Middle Icicle Instream Array,7/31/2019 3:21:00 AM,10/8/2019 11:01:37 PM,Downstream Array,Downstream Array,11/5/2018,7,Bull Trout,R,Resident,W,Wild Fish or Natural Production,"CHIWAT - Chiwawa River Trap, 0.5 km below CHIP acclimation pond",SCREWT,Screw Trap,241,1
3DD.0077413F8A,NBD18309.AAZ,LNF - Leavenworth NFH Adult Ladder,8/18/2019 5:20:01 AM,10/19/2019 5:29:09 PM,LOWER FISH LADDER,LOWER FISH LADDER,11/5/2018,7,Bull Trout,R,Resident,W,Wild Fish or Natural Production,"CHIWAT - Chiwawa River Trap, 0.5 km below CHIP acclimation pond",SCREWT,Screw Trap,241,1
3DD.0077413F8A,NBD18309.AAZ,TUF - Tumwater Dam Adult Fishway,7/3/2021 2:15:21 PM,7/3/2021 7:34:44 PM,High Flow Ladder Entrance,WEIR 17,11/5/2018,7,Bull Trout,R,Resident,W,Wild Fish or Natural Production,"CHIWAT - Chiwawa River Trap, 0.5 km below CHIP acclimation pond",SCREWT,Screw Trap,241,1
3DD.007741407B,NBD15292.AAZ,UWE - Upper Wenatchee River,10/22/2015 6:26:27 AM,10/22/2015 11:20:18 AM,IN-STREAM ARRAY,IN-STREAM ARRAY,10/19/2015,7,Bull Trout,R,Resident,W,Wild Fish or Natural Production,"CHIWAT - Chiwawa River Trap, 0.5 km below CHIP acclimation pond",SCREWT,Screw Trap,253,1
3DD.00774140A2,CSS-2020-253-112.xml,CHL - Lower Chiwawa River,9/10/2020 7:58:29 PM,9/23/2024 10:47:56 PM,UPPER IN-STREAM ARRAY,LOWER IN-STREAM ARRAY,9/9/2020,7,Bull Trout,R,Resident,W,Wild Fish or Natural Production,"CHIWAT - Chiwawa River Trap, 0.5 km below CHIP acclimation pond",SCREWT,Screw Trap,269,1
3DD.00774140A2,CSS-2020-253-112.xml,CHU - Upper Chiwawa River,6/17/2023 9:50:10 PM,9/24/2025 9:58:55 PM,LOWER IN-STREAM ARRAY,LOWER IN-STREAM ARRAY,9/9/2020,7,Bull Trout,R,Resident,W,Wild Fish or Natural Production,"CHIWAT - Chiwawa River Trap, 0.5 km below CHIP acclimation pond",SCREWT,Screw Trap,269,1
3DD.00774140A2,CSS-2020-253-112.xml,CWT - Chiwawa River Weir Trap Array,9/25/2025 1:19:49 AM,9/25/2025 1:19:49 AM,Single Pass,Single Pass,9/9/2020,7,Bull Trout,R,Resident,W,Wild Fish or Natural Production,"CHIWAT - Chiwawa River Trap, 0.5 km below CHIP acclimation pond",SCREWT,Screw Trap,269,1
3DD.00774140A2,CSS-2020-253-112.xml,UWE - Upper Wenatchee River,9/11/2020 2:57:37 AM,9/29/2023 1:57:30 AM,IN-STREAM ARRAY,IN-STREAM ARRAY,9/9/2020,7,Bull Trout,R,Resident,W,Wild Fish or Natural Production,"CHIWAT - Chiwawa River Trap, 0.5 km below CHIP acclimation pond",SCREWT,Screw Trap,269,1
3DD.007741439D,NBD15225.AAZ,CHL - Lower Chiwawa River,8/13/2015 9:19:10 AM,8/13/2015 9:19:10 AM,LOWER IN-STREAM ARRAY,LOWER IN-STREAM ARRAY,8/13/2015,7,Bull Trout,R,Resident,W,Wild Fish or Natural Production,"CHIWAT - Chiwawa River Trap, 0.5 km below CHIP acclimation pond",SCREWT,Screw Trap,220,1
3DD.00774143B2,NBD-2020-189-001.xml,CHU - Upper Chiwawa River,7/11/2020 9:00:10 PM,7/11/2020 9:00:10 PM,UPPER IN-STREAM ARRAY,UPPER IN-STREAM ARRAY,7/11/2020,7,Bull Trout,R,Resident,W,Wild Fish or Natural Production,CHIWAR - Chiwawa River,WTRAP,Weir Trap,530,1
3DD.00774144AD,NBD17271.AAZ,UWE - Upper Wenatchee River,9/28/2017 10:16:27 PM,10/1/2018 2:01:17 AM,IN-STREAM ARRAY,IN-STREAM ARRAY,9/28/2017,7,Bull Trout,R,Resident,W,Wild Fish or Natural Production,"CHIWAT - Chiwawa River Trap, 0.5 km below CHIP acclimation pond",SCREWT,Screw Trap,460,1
3DD.0077414761,NBD15286.AAZ,CHL - Lower Chiwawa River,7/13/2019 8:44:17 PM,7/13/2019 8:44:17 PM,LOWER IN-STREAM ARRAY,LOWER IN-STREAM ARRAY,10/13/2015,7,Bull Trout,R,Resident,W,Wild Fish or Natural Production,"CHIWAT - Chiwawa River Trap, 0.5 km below CHIP acclimation pond",SCREWT,Screw Trap,193,1
3DD.0077414761,NBD15286.AAZ,CHU - Upper Chiwawa River,7/17/2019 8:42:57 PM,7/17/2019 8:42:57 PM,LOWER IN-STREAM ARRAY,LOWER IN-STREAM ARRAY,10/13/2015,7,Bull Trout,R,Resident,W,Wild Fish or Natural Production,"CHIWAT - Chiwawa River Trap, 0.5 km below CHIP acclimation pond",SCREWT,Screw Trap,193,1
3DD.00774147A5,NBD-2019-163-001.xml,CHL - Lower Chiwawa River,8/26/2019 10:36:52 PM,10/8/2025 7:19:12 PM,UPPER IN-STREAM ARRAY,LOWER IN-STREAM ARRAY,6/27/2019,7,Bull Trout,R,Resident,W,Wild Fish or Natural Production,CHIWAR - Chiwawa River,WTRAP,Weir Trap,360,1
3DD.00774147A5,NBD-2019-163-001.xml,CHU - Upper Chiwawa River,8/25/2019 1:43:20 AM,10/7/2025 6:44:41 PM,LOWER IN-STREAM ARRAY,LOWER IN-STREAM ARRAY,6/27/2019,7,Bull Trout,R,Resident,W,Wild Fish or Natural Production,CHIWAR - Chiwawa River,WTRAP,Weir Trap,360,1
3DD.00774147A5,NBD-2019-163-001.xml,CWT - Chiwawa River Weir Trap Array,6/24/2025 3:36:21 AM,10/8/2025 7:00:45 PM,Single Pass,Single Pass,6/27/2019,7,Bull Trout,R,Resident,W,Wild Fish or Natural Production,CHIWAR - Chiwawa River,WTRAP,Weir Trap,360,1
3DD.00774147A5,NBD-2019-163-001.xml,UWE - Upper Wenatchee River,10/11/2020 3:05:12 AM,10/2/2024 5:52:43 PM,IN-STREAM ARRAY,IN-STREAM ARRAY,6/27/2019,7,Bull Trout,R,Resident,W,Wild Fish or Natural Production,CHIWAR - Chiwawa River,WTRAP,Weir Trap,360,1
3DD.007741481B,NBD15286.AAZ,LWN - Little Wenatchee River,6/28/2016 9:21:32 PM,6/28/2016 9:41:41 PM,LOWER IN-STREAM ARRAY,LOWER IN-STREAM ARRAY,10/13/2015,7,Bull Trout,R,Resident,W,Wild Fish or Natural Production,"CHIWAT - Chiwawa River Trap, 0.5 km below CHIP acclimation pond",SCREWT,Screw Trap,210,1
3DD.0077414944,CSS-2020-256-112.xml,CHL - Lower Chiwawa River,9/12/2020 10:44:03 AM,9/13/2020 2:07:24 AM,LOWER IN-STREAM ARRAY,UPPER IN-STREAM ARRAY,9/12/2020,7,Bull Trout,R,Resident,W,Wild Fish or Natural Production,"CHIWAT - Chiwawa River Trap, 0.5 km below CHIP acclimation pond",SCREWT,Screw Trap,237,1
3DD.00774149D1,NBD15285.AAZ,CHL - Lower Chiwawa River,9/26/2019 9:49:39 PM,9/26/2019 9:49:40 PM,LOWER IN-STREAM ARRAY,LOWER IN-STREAM ARRAY,10/12/2015,7,Bull Trout,R,Resident,W,Wild Fish or Natural Production,"CHIWAT - Chiwawa River Trap, 0.5 km below CHIP acclimation pond",SCREWT,Screw Trap,184,1
3DD.00774149D1,NBD15285.AAZ,CHU - Upper Chiwawa River,7/6/2019 8:33:40 PM,7/6/2019 8:34:58 PM,LOWER IN-STREAM ARRAY,UPPER IN-STREAM ARRAY,10/12/2015,7,Bull Trout,R,Resident,W,Wild Fish or Natural Production,"CHIWAT - Chiwawa River Trap, 0.5 km below CHIP acclimation pond",SCREWT,Screw Trap,184,1
3DD.00774149D1,NBD15285.AAZ,UWE - Upper Wenatchee River,10/13/2015 12:11:45 PM,9/30/2019 2:10:06 PM,IN-STREAM ARRAY,IN-STREAM ARRAY,10/12/2015,7,Bull Trout,R,Resident,W,Wild Fish or Natural Production,"CHIWAT - Chiwawa River Trap, 0.5 km below CHIP acclimation pond",SCREWT,Screw Trap,184,1
3DD.00774149D1,NBD15285.AAZ,"WTL - White River, Wenatchee Basin",9/28/2019 7:01:35 PM,9/28/2019 8:03:50 PM,LOWER IN-STREAM ARRAY,LOWER IN-STREAM ARRAY,10/12/2015,7,Bull Trout,R,Resident,W,Wild Fish or Natural Production,"CHIWAT - Chiwawa River Trap, 0.5 km below CHIP acclimation pond",SCREWT,Screw Trap,184,1
3DD.0077414A62,CSS-2021-287-112.xml,CHL - Lower Chiwawa River,8/13/2024 1:03:55 AM,10/8/2024 3:04:41 AM,LOWER IN-STREAM ARRAY,LOWER IN-STREAM ARRAY,10/14/2021,7,Bull Trout,R,Resident,W,Wild Fish or Natural Production,"CHIWAT - Chiwawa River Trap, 0.5 km below CHIP acclimation pond",SCREWT,Screw Trap,194,1
3DD.0077414A62,CSS-2021-287-112.xml,CHU - Upper Chiwawa River,8/14/2024 9:55:00 PM,10/7/2024 10:09:44 PM,LOWER IN-STREAM ARRAY,LOWER IN-STREAM ARRAY,10/14/2021,7,Bull Trout,R,Resident,W,Wild Fish or Natural Production,"CHIWAT - Chiwawa River Trap, 0.5 km below CHIP acclimation pond",SCREWT,Screw Trap,194,1
3DD.0077414A62,CSS-2021-287-112.xml,UWE - Upper Wenatchee River,8/12/2024 10:47:06 PM,10/8/2024 5:25:33 AM,IN-STREAM ARRAY,IN-STREAM ARRAY,10/14/2021,7,Bull Trout,R,Resident,W,Wild Fish or Natural Production,"CHIWAT - Chiwawa River Trap, 0.5 km below CHIP acclimation pond",SCREWT,Screw Trap,194,1
3DD.0077414BFC,NBD15166.AAZ,CHL - Lower Chiwawa River,6/15/2015 11:33:56 AM,6/15/2015 11:36:27 AM,UPPER IN-STREAM ARRAY,UPPER IN-STREAM ARRAY,6/15/2015,7,Bull Trout,R,Resident,W,Wild Fish or Natural Production,"CHIWAT - Chiwawa River Trap, 0.5 km below CHIP acclimation pond",SCREWT,Screw Trap,194,1
3DD.0077414C16,NBD-2017-091-TUM.xml,CHW - Chiwaukum Creek,7/26/2017 11:44:41 PM,9/17/2020 12:41:18 AM,DOWNSTREAM ARRAY,DOWNSTREAM ARRAY,6/24/2017,7,Bull Trout,R,Resident,W,Wild Fish or Natural Production,TUMFBY - TUM - Release into the Forebay within 0.5 km upstream of Dam,LADDER,Adult Passage Ladder,NA,1
3DD.0077414C16,NBD-2017-091-TUM.xml,TUF - Tumwater Dam Adult Fishway,6/2/2018 2:25:34 PM,6/14/2018 9:00:29 PM,High Flow Ladder Entrance,WEIR 17,6/24/2017,7,Bull Trout,R,Resident,W,Wild Fish or Natural Production,TUMFBY - TUM - Release into the Forebay within 0.5 km upstream of Dam,LADDER,Adult Passage Ladder,NA,1
3DD.0077414C21,CSS-2020-241-112.xml,CHL - Lower Chiwawa River,9/25/2021 1:34:51 AM,4/19/2023 1:48:31 AM,LOWER IN-STREAM ARRAY,LOWER IN-STREAM ARRAY,8/28/2020,7,Bull Trout,R,Resident,W,Wild Fish or Natural Production,"CHIWAT - Chiwawa River Trap, 0.5 km below CHIP acclimation pond",SCREWT,Screw Trap,455,1
3DD.0077414C21,CSS-2020-241-112.xml,CHU - Upper Chiwawa River,9/22/2021 3:46:56 AM,9/24/2023 2:18:17 AM,LOWER IN-STREAM ARRAY,LOWER IN-STREAM ARRAY,8/28/2020,7,Bull Trout,R,Resident,W,Wild Fish or Natural Production,"CHIWAT - Chiwawa River Trap, 0.5 km below CHIP acclimation pond",SCREWT,Screw Trap,455,1
3DD.0077414C21,CSS-2020-241-112.xml,UWE - Upper Wenatchee River,8/28/2020 9:17:53 PM,9/25/2021 4:14:41 AM,IN-STREAM ARRAY,IN-STREAM ARRAY,8/28/2020,7,Bull Trout,R,Resident,W,Wild Fish or Natural Production,"CHIWAT - Chiwawa River Trap, 0.5 km below CHIP acclimation pond",SCREWT,Screw Trap,455,1
3DD.0077414C45,NBD-2016-074-TUM.xml,CHW - Chiwaukum Creek,6/28/2016 1:38:17 PM,6/28/2016 1:38:45 PM,DOWNSTREAM ARRAY,UPSTREAM ARRAY,6/23/2016,7,Bull Trout,R,Resident,W,Wild Fish or Natural Production,TUMFBY - TUM - Release into the Forebay within 0.5 km upstream of Dam,LADDER,Adult Passage Ladder,NA,1
3DD.0077414D33,NBD-2015-065-TUM.xml,CHW - Chiwaukum Creek,6/30/2015 12:14:22 AM,6/30/2015 12:15:27 AM,DOWNSTREAM ARRAY,UPSTREAM ARRAY,6/26/2015,7,Bull Trout,R,Resident,W,Wild Fish or Natural Production,TUMFBY - TUM - Release into the Forebay within 0.5 km upstream of Dam,LADDER,Adult Passage Ladder,NA,1
3DD.0077414E8C,NBD-2018-178-001.xml,CHL - Lower Chiwawa River,7/7/2019 10:56:49 PM,9/26/2021 8:34:06 PM,UPPER IN-STREAM ARRAY,LOWER IN-STREAM ARRAY,7/7/2018,7,Bull Trout,R,Resident,W,Wild Fish or Natural Production,CHIWAR - Chiwawa River,WTRAP,Weir Trap,540,1
3DD.0077414E8C,NBD-2018-178-001.xml,CHU - Upper Chiwawa River,7/11/2019 9:50:29 PM,9/26/2021 1:36:27 AM,LOWER IN-STREAM ARRAY,LOWER IN-STREAM ARRAY,7/7/2018,7,Bull Trout,R,Resident,W,Wild Fish or Natural Production,CHIWAR - Chiwawa River,WTRAP,Weir Trap,540,1
3DD.0077414E8C,NBD-2018-178-001.xml,UWE - Upper Wenatchee River,9/26/2018 1:13:25 AM,9/26/2021 10:44:26 PM,IN-STREAM ARRAY,IN-STREAM ARRAY,7/7/2018,7,Bull Trout,R,Resident,W,Wild Fish or Natural Production,CHIWAR - Chiwawa River,WTRAP,Weir Trap,540,1
3DD.00774150DE,CSS-2020-259-112.xml,CHL - Lower Chiwawa River,9/19/2022 2:59:36 AM,9/25/2023 3:17:18 AM,UPPER IN-STREAM ARRAY,LOWER IN-STREAM ARRAY,9/15/2020,7,Bull Trout,R,Resident,W,Wild Fish or Natural Production,"CHIWAT - Chiwawa River Trap, 0.5 km below CHIP acclimation pond",SCREWT,Screw Trap,505,1
3DD.00774150DE,CSS-2020-259-112.xml,CHU - Upper Chiwawa River,7/20/2021 11:39:56 PM,7/12/2024 8:20:12 PM,UPPER IN-STREAM ARRAY,LOWER IN-STREAM ARRAY,9/15/2020,7,Bull Trout,R,Resident,W,Wild Fish or Natural Production,"CHIWAT - Chiwawa River Trap, 0.5 km below CHIP acclimation pond",SCREWT,Screw Trap,505,1
3DD.00774150DE,CSS-2020-259-112.xml,UWE - Upper Wenatchee River,9/15/2020 8:51:59 PM,9/25/2023 5:32:41 AM,IN-STREAM ARRAY,IN-STREAM ARRAY,9/15/2020,7,Bull Trout,R,Resident,W,Wild Fish or Natural Production,"CHIWAT - Chiwawa River Trap, 0.5 km below CHIP acclimation pond",SCREWT,Screw Trap,505,1
3DD.00774151E2,NBD15173.AAZ,CHL - Lower Chiwawa River,7/5/2015 5:29:18 PM,7/6/2015 6:34:22 PM,LOWER IN-STREAM ARRAY,LOWER IN-STREAM ARRAY,6/22/2015,7,Bull Trout,R,Resident,W,Wild Fish or Natural Production,"CHIWAT - Chiwawa River Trap, 0.5 km below CHIP acclimation pond",SCREWT,Screw Trap,181,1
3DD.0077415358,NBD15286.AAZ,UWE - Upper Wenatchee River,10/14/2015 12:15:08 AM,10/14/2015 12:15:08 AM,IN-STREAM ARRAY,IN-STREAM ARRAY,10/13/2015,7,Bull Trout,R,Resident,W,Wild Fish or Natural Production,"CHIWAT - Chiwawa River Trap, 0.5 km below CHIP acclimation pond",SCREWT,Screw Trap,225,1
3DD.0077415437,NBD-2018-178-001.xml,CHL - Lower Chiwawa River,9/29/2018 12:23:07 AM,9/29/2018 12:23:07 AM,UPPER IN-STREAM ARRAY,UPPER IN-STREAM ARRAY,7/3/2018,7,Bull Trout,R,Resident,W,Wild Fish or Natural Production,CHIWAR - Chiwawa River,WTRAP,Weir Trap,460,1
3DD.0077415437,NBD-2018-178-001.xml,CHU - Upper Chiwawa River,7/6/2018 8:58:33 PM,9/28/2018 7:56:09 PM,LOWER IN-STREAM ARRAY,LOWER IN-STREAM ARRAY,7/3/2018,7,Bull Trout,R,Resident,W,Wild Fish or Natural Production,CHIWAR - Chiwawa River,WTRAP,Weir Trap,460,1
3DD.0077415437,NBD-2018-178-001.xml,UWE - Upper Wenatchee River,9/29/2018 6:14:20 AM,9/29/2018 6:14:21 AM,IN-STREAM ARRAY,IN-STREAM ARRAY,7/3/2018,7,Bull Trout,R,Resident,W,Wild Fish or Natural Production,CHIWAR - Chiwawa River,WTRAP,Weir Trap,460,1
3DD.00774154DC,NBD-2016-263-AAZ.xml,CHL - Lower Chiwawa River,9/19/2016 1:52:04 PM,9/19/2016 1:52:04 PM,UPPER IN-STREAM ARRAY,UPPER IN-STREAM ARRAY,9/19/2016,7,Bull Trout,R,Resident,W,Wild Fish or Natural Production,"CHIWAT - Chiwawa River Trap, 0.5 km below CHIP acclimation pond",SCREWT,Screw Trap,228,1
3DD.00774154DC,NBD-2016-263-AAZ.xml,UWE - Upper Wenatchee River,9/20/2016 2:51:51 AM,9/20/2016 2:51:51 AM,IN-STREAM ARRAY,IN-STREAM ARRAY,9/19/2016,7,Bull Trout,R,Resident,W,Wild Fish or Natural Production,"CHIWAT - Chiwawa River Trap, 0.5 km below CHIP acclimation pond",SCREWT,Screw Trap,228,1
3DD.0077415576,NBD-2016-074-TUM.xml,CHU - Upper Chiwawa River,6/30/2016 7:12:25 AM,6/30/2016 7:12:25 AM,LOWER IN-STREAM ARRAY,LOWER IN-STREAM ARRAY,6/13/2016,7,Bull Trout,R,Resident,W,Wild Fish or Natural Production,TUMFBY - TUM - Release into the Forebay within 0.5 km upstream of Dam,LADDER,Adult Passage Ladder,NA,1
3DD.0077415584,NBD15211.AAZ,CHW - Chiwaukum Creek,8/3/2015 5:04:19 AM,8/5/2015 1:39:50 AM,DOWNSTREAM ARRAY,DOWNSTREAM ARRAY,7/30/2015,7,Bull Trout,R,Resident,W,Wild Fish or Natural Production,"CHIWAT - Chiwawa River Trap, 0.5 km below CHIP acclimation pond",SCREWT,Screw Trap,362,1
3DD.0077415584,NBD15211.AAZ,TUF - Tumwater Dam Adult Fishway,8/17/2015 9:52:21 PM,8/17/2015 9:54:04 PM,WEIR 17,WEIR 14,7/30/2015,7,Bull Trout,R,Resident,W,Wild Fish or Natural Production,"CHIWAT - Chiwawa River Trap, 0.5 km below CHIP acclimation pond",SCREWT,Screw Trap,362,1
3DD.00774155A3,NBD-2016-074-TUM.xml,CHW - Chiwaukum Creek,7/1/2016 6:42:54 AM,7/1/2016 6:42:54 AM,UPSTREAM ARRAY,UPSTREAM ARRAY,6/20/2016,7,Bull Trout,R,Resident,W,Wild Fish or Natural Production,TUMFBY - TUM - Release into the Forebay within 0.5 km upstream of Dam,LADDER,Adult Passage Ladder,NA,1
3DD.00774155A3,NBD-2016-074-TUM.xml,TUF - Tumwater Dam Adult Fishway,6/26/2016 8:12:41 PM,6/26/2016 8:17:31 PM,WEIR 14,WEIR 17,6/20/2016,7,Bull Trout,R,Resident,W,Wild Fish or Natural Production,TUMFBY - TUM - Release into the Forebay within 0.5 km upstream of Dam,LADDER,Adult Passage Ladder,NA,1
3DD.0077415685,NBD16284.AAZ,CHU - Upper Chiwawa River,7/31/2017 8:37:21 PM,7/31/2017 8:38:18 PM,LOWER IN-STREAM ARRAY,UPPER IN-STREAM ARRAY,10/10/2016,7,Bull Trout,R,Resident,W,Wild Fish or Natural Production,"CHIWAT - Chiwawa River Trap, 0.5 km below CHIP acclimation pond",SCREWT,Screw Trap,253,1
3DD.0077415685,NBD16284.AAZ,UWE - Upper Wenatchee River,10/11/2016 6:06:22 PM,10/11/2016 6:06:22 PM,IN-STREAM ARRAY,IN-STREAM ARRAY,10/10/2016,7,Bull Trout,R,Resident,W,Wild Fish or Natural Production,"CHIWAT - Chiwawa River Trap, 0.5 km below CHIP acclimation pond",SCREWT,Screw Trap,253,1
3DD.007741590E,NBD17283.AAZ,UWE - Upper Wenatchee River,10/20/2017 6:35:03 AM,10/20/2017 6:35:03 AM,IN-STREAM ARRAY,IN-STREAM ARRAY,10/10/2017,7,Bull Trout,R,Resident,W,Wild Fish or Natural Production,"CHIWAT - Chiwawa River Trap, 0.5 km below CHIP acclimation pond",SCREWT,Screw Trap,202,1
3DD.00774159AE,NBD18315.AAZ,CHL - Lower Chiwawa River,7/20/2022 3:37:50 AM,10/6/2025 9:35:30 PM,UPPER IN-STREAM ARRAY,LOWER IN-STREAM ARRAY,11/11/2018,7,Bull Trout,R,Resident,W,Wild Fish or Natural Production,"CHIWAT - Chiwawa River Trap, 0.5 km below CHIP acclimation pond",SCREWT,Screw Trap,206,1
3DD.00774159AE,NBD18315.AAZ,CHU - Upper Chiwawa River,8/19/2025 1:21:41 AM,10/6/2025 3:33:57 AM,LOWER IN-STREAM ARRAY,LOWER IN-STREAM ARRAY,11/11/2018,7,Bull Trout,R,Resident,W,Wild Fish or Natural Production,"CHIWAT - Chiwawa River Trap, 0.5 km below CHIP acclimation pond",SCREWT,Screw Trap,206,1
3DD.00774159AE,NBD18315.AAZ,CWT - Chiwawa River Weir Trap Array,8/17/2025 12:11:20 AM,10/6/2025 9:08:37 PM,Single Pass,Single Pass,11/11/2018,7,Bull Trout,R,Resident,W,Wild Fish or Natural Production,"CHIWAT - Chiwawa River Trap, 0.5 km below CHIP acclimation pond",SCREWT,Screw Trap,206,1
3DD.00774159AE,NBD18315.AAZ,LWN - Little Wenatchee River,8/4/2019 10:53:22 PM,4/14/2026 9:48:45 PM,LOWER IN-STREAM ARRAY,UPPER IN-STREAM ARRAY,11/11/2018,7,Bull Trout,R,Resident,W,Wild Fish or Natural Production,"CHIWAT - Chiwawa River Trap, 0.5 km below CHIP acclimation pond",SCREWT,Screw Trap,206,1
3DD.00774159AE,NBD18315.AAZ,UWE - Upper Wenatchee River,6/9/2022 9:59:28 PM,6/9/2022 9:59:29 PM,IN-STREAM ARRAY,IN-STREAM ARRAY,11/11/2018,7,Bull Trout,R,Resident,W,Wild Fish or Natural Production,"CHIWAT - Chiwawa River Trap, 0.5 km below CHIP acclimation pond",SCREWT,Screw Trap,206,1
3DD.0077415A28,NBD-2016-074-TUM.xml,CHW - Chiwaukum Creek,7/4/2016 4:23:30 AM,7/4/2016 4:23:41 AM,DOWNSTREAM ARRAY,UPSTREAM ARRAY,6/30/2016,7,Bull Trout,R,Resident,W,Wild Fish or Natural Production,TUMFBY - TUM - Release into the Forebay within 0.5 km upstream of Dam,LADDER,Adult Passage Ladder,NA,1
3DD.0077415D4B,NBD15290.AAZ,UWE - Upper Wenatchee River,10/25/2015 7:48:00 PM,10/25/2015 7:48:00 PM,IN-STREAM ARRAY,IN-STREAM ARRAY,10/17/2015,7,Bull Trout,R,Resident,W,Wild Fish or Natural Production,"CHIWAT - Chiwawa River Trap, 0.5 km below CHIP acclimation pond",SCREWT,Screw Trap,289,1
3DD.00774163B5,NBD-2020-189-001.xml,CHL - Lower Chiwawa River,8/7/2021 12:52:34 AM,10/10/2025 11:51:36 PM,LOWER IN-STREAM ARRAY,LOWER IN-STREAM ARRAY,8/2/2020,7,Bull Trout,R,Resident,W,Wild Fish or Natural Production,CHIWAR - Chiwawa River,WTRAP,Weir Trap,540,1
3DD.00774163B5,NBD-2020-189-001.xml,CHU - Upper Chiwawa River,8/2/2020 10:21:25 AM,10/10/2025 7:57:11 PM,LOWER IN-STREAM ARRAY,LOWER IN-STREAM ARRAY,8/2/2020,7,Bull Trout,R,Resident,W,Wild Fish or Natural Production,CHIWAR - Chiwawa River,WTRAP,Weir Trap,540,1
3DD.00774163B5,NBD-2020-189-001.xml,CWT - Chiwawa River Weir Trap Array,8/13/2025 12:59:14 AM,10/10/2025 11:46:21 PM,Single Pass,Single Pass,8/2/2020,7,Bull Trout,R,Resident,W,Wild Fish or Natural Production,CHIWAR - Chiwawa River,WTRAP,Weir Trap,540,1
3DD.00774163B5,NBD-2020-189-001.xml,UWE - Upper Wenatchee River,10/2/2020 10:34:07 PM,10/3/2022 3:52:00 AM,IN-STREAM ARRAY,IN-STREAM ARRAY,8/2/2020,7,Bull Trout,R,Resident,W,Wild Fish or Natural Production,CHIWAR - Chiwawa River,WTRAP,Weir Trap,540,1
3DD.00774164EB,NBD15244.AAZ,CHL - Lower Chiwawa River,9/22/2018 9:02:23 PM,9/13/2020 12:37:56 AM,UPPER IN-STREAM ARRAY,LOWER IN-STREAM ARRAY,9/1/2015,7,Bull Trout,R,Resident,W,Wild Fish or Natural Production,"CHIWAT - Chiwawa River Trap, 0.5 km below CHIP acclimation pond",SCREWT,Screw Trap,259,1
3DD.00774164EB,NBD15244.AAZ,CHU - Upper Chiwawa River,6/13/2018 11:10:12 PM,7/8/2021 11:55:52 PM,LOWER IN-STREAM ARRAY,UPPER IN-STREAM ARRAY,9/1/2015,7,Bull Trout,R,Resident,W,Wild Fish or Natural Production,"CHIWAT - Chiwawa River Trap, 0.5 km below CHIP acclimation pond",SCREWT,Screw Trap,259,1
3DD.00774164EB,NBD15244.AAZ,UWE - Upper Wenatchee River,9/1/2015 9:56:08 PM,9/19/2022 4:11:10 AM,IN-STREAM ARRAY,IN-STREAM ARRAY,9/1/2015,7,Bull Trout,R,Resident,W,Wild Fish or Natural Production,"CHIWAT - Chiwawa River Trap, 0.5 km below CHIP acclimation pond",SCREWT,Screw Trap,259,1
3DD.00774168D3,NBD18220.AAZ,CHL - Lower Chiwawa River,8/8/2018 11:35:58 AM,8/8/2018 11:36:15 AM,UPPER IN-STREAM ARRAY,UPPER IN-STREAM ARRAY,8/8/2018,7,Bull Trout,R,Resident,W,Wild Fish or Natural Production,"CHIWAT - Chiwawa River Trap, 0.5 km below CHIP acclimation pond",SCREWT,Screw Trap,119,1
3DD.0077416AAA,NBD-2019-163-001.xml,CHL - Lower Chiwawa River,9/23/2019 8:57:21 PM,9/17/2021 7:02:46 PM,LOWER IN-STREAM ARRAY,LOWER IN-STREAM ARRAY,7/1/2019,7,Bull Trout,R,Resident,W,Wild Fish or Natural Production,CHIWAR - Chiwawa River,WTRAP,Weir Trap,420,1
3DD.0077416AAA,NBD-2019-163-001.xml,CHU - Upper Chiwawa River,9/23/2019 3:42:20 AM,9/16/2021 11:57:42 PM,LOWER IN-STREAM ARRAY,LOWER IN-STREAM ARRAY,7/1/2019,7,Bull Trout,R,Resident,W,Wild Fish or Natural Production,CHIWAR - Chiwawa River,WTRAP,Weir Trap,420,1
3DD.0077416AAA,NBD-2019-163-001.xml,UWE - Upper Wenatchee River,9/24/2019 1:14:49 AM,9/17/2021 10:20:07 PM,IN-STREAM ARRAY,IN-STREAM ARRAY,7/1/2019,7,Bull Trout,R,Resident,W,Wild Fish or Natural Production,CHIWAR - Chiwawa River,WTRAP,Weir Trap,420,1
3DD.007741713C,NBD-2016-074-TUM.xml,CHW - Chiwaukum Creek,7/1/2017 12:31:30 AM,6/17/2018 3:15:48 AM,DOWNSTREAM ARRAY,UPSTREAM ARRAY,6/15/2016,7,Bull Trout,R,Resident,W,Wild Fish or Natural Production,TUMFBY - TUM - Release into the Forebay within 0.5 km upstream of Dam,LADDER,Adult Passage Ladder,NA,1
3DD.0077417782,NBD17275.AAZ,CHL - Lower Chiwawa River,10/4/2021 1:14:52 AM,10/4/2021 1:14:52 AM,LOWER IN-STREAM ARRAY,LOWER IN-STREAM ARRAY,10/2/2017,7,Bull Trout,R,Resident,W,Wild Fish or Natural Production,"CHIWAT - Chiwawa River Trap, 0.5 km below CHIP acclimation pond",SCREWT,Screw Trap,243,1
3DD.0077417782,NBD17275.AAZ,CHU - Upper Chiwawa River,6/22/2023 10:26:50 PM,6/22/2023 10:26:50 PM,UPPER IN-STREAM ARRAY,UPPER IN-STREAM ARRAY,10/2/2017,7,Bull Trout,R,Resident,W,Wild Fish or Natural Production,"CHIWAT - Chiwawa River Trap, 0.5 km below CHIP acclimation pond",SCREWT,Screw Trap,243,1
3DD.0077417782,NBD17275.AAZ,UWE - Upper Wenatchee River,10/3/2017 4:12:09 AM,10/3/2017 4:12:09 AM,IN-STREAM ARRAY,IN-STREAM ARRAY,10/2/2017,7,Bull Trout,R,Resident,W,Wild Fish or Natural Production,"CHIWAT - Chiwawa River Trap, 0.5 km below CHIP acclimation pond",SCREWT,Screw Trap,243,1
3DD.0077417782,NBD17275.AAZ,"WTL - White River, Wenatchee Basin",8/17/2020 8:15:51 PM,8/24/2020 8:54:42 PM,UPPER IN-STREAM ARRAY,UPPER IN-STREAM ARRAY,10/2/2017,7,Bull Trout,R,Resident,W,Wild Fish or Natural Production,"CHIWAT - Chiwawa River Trap, 0.5 km below CHIP acclimation pond",SCREWT,Screw Trap,243,1
3DD.00774177E4,NBD-2020-189-001.xml,CHL - Lower Chiwawa River,9/23/2020 11:21:40 PM,7/24/2021 3:25:03 AM,LOWER IN-STREAM ARRAY,UPPER IN-STREAM ARRAY,8/2/2020,7,Bull Trout,R,Resident,W,Wild Fish or Natural Production,CHIWAR - Chiwawa River,WTRAP,Weir Trap,510,1
3DD.00774177E4,NBD-2020-189-001.xml,CHU - Upper Chiwawa River,8/2/2020 8:18:06 PM,7/26/2021 3:54:19 AM,LOWER IN-STREAM ARRAY,LOWER IN-STREAM ARRAY,8/2/2020,7,Bull Trout,R,Resident,W,Wild Fish or Natural Production,CHIWAR - Chiwawa River,WTRAP,Weir Trap,510,1
3DD.00774177E4,NBD-2020-189-001.xml,UWE - Upper Wenatchee River,9/24/2020 3:47:35 AM,9/24/2020 3:47:36 AM,IN-STREAM ARRAY,IN-STREAM ARRAY,8/2/2020,7,Bull Trout,R,Resident,W,Wild Fish or Natural Production,CHIWAR - Chiwawa River,WTRAP,Weir Trap,510,1
3DD.0077417818,NBD-2017-091-TUM.xml,ICL - Lower Icicle Instream Array,6/11/2019 9:47:30 PM,6/11/2019 9:47:51 PM,Downstream Array,Upstream Array,7/10/2017,7,Bull Trout,R,Resident,W,Wild Fish or Natural Production,TUMFBY - TUM - Release into the Forebay within 0.5 km upstream of Dam,LADDER,Adult Passage Ladder,NA,1
3DD.0077417818,NBD-2017-091-TUM.xml,LWE - Lower Wenatchee River,5/24/2019 4:32:29 PM,5/24/2019 4:32:29 PM,DOWNSTREAM ANTENNA ARRAY,DOWNSTREAM ANTENNA ARRAY,7/10/2017,7,Bull Trout,R,Resident,W,Wild Fish or Natural Production,TUMFBY - TUM - Release into the Forebay within 0.5 km upstream of Dam,LADDER,Adult Passage Ladder,NA,1
3DD.0077417818,NBD-2017-091-TUM.xml,NAL - Lower Nason Creek,7/18/2017 10:18:36 PM,7/3/2019 11:28:07 PM,UPPER IN-STREAM ARRAY,LOWER IN-STREAM ARRAY,7/10/2017,7,Bull Trout,R,Resident,W,Wild Fish or Natural Production,TUMFBY - TUM - Release into the Forebay within 0.5 km upstream of Dam,LADDER,Adult Passage Ladder,NA,1
3DD.0077417818,NBD-2017-091-TUM.xml,NAU - Upper Nason Creek,7/22/2017 11:09:15 PM,8/1/2019 12:30:31 AM,LOWER IN-STREAM ARRAY,UPPER IN-STREAM ARRAY,7/10/2017,7,Bull Trout,R,Resident,W,Wild Fish or Natural Production,TUMFBY - TUM - Release into the Forebay within 0.5 km upstream of Dam,LADDER,Adult Passage Ladder,NA,1
3DD.0077417818,NBD-2017-091-TUM.xml,RRF - Rocky Reach Fishway,10/28/2017 1:03:04 PM,9/5/2018 5:15:10 PM,Lower Weir,Trap,7/10/2017,7,Bull Trout,R,Resident,W,Wild Fish or Natural Production,TUMFBY - TUM - Release into the Forebay within 0.5 km upstream of Dam,LADDER,Adult Passage Ladder,NA,1
3DD.0077417818,NBD-2017-091-TUM.xml,TUF - Tumwater Dam Adult Fishway,6/30/2018 12:26:23 PM,6/22/2019 1:56:20 PM,High Flow Ladder Entrance,WEIR 17,7/10/2017,7,Bull Trout,R,Resident,W,Wild Fish or Natural Production,TUMFBY - TUM - Release into the Forebay within 0.5 km upstream of Dam,LADDER,Adult Passage Ladder,NA,1
3DD.0077417818,NBD-2017-091-TUM.xml,UWE - Upper Wenatchee River,7/18/2017 12:41:22 AM,10/7/2017 2:48:13 AM,IN-STREAM ARRAY,IN-STREAM ARRAY,7/10/2017,7,Bull Trout,R,Resident,W,Wild Fish or Natural Production,TUMFBY - TUM - Release into the Forebay within 0.5 km upstream of Dam,LADDER,Adult Passage Ladder,NA,1
3DD.00774178A6,NBD15294.AAZ,CHU - Upper Chiwawa River,6/22/2019 10:35:30 PM,6/22/2019 10:36:15 PM,LOWER IN-STREAM ARRAY,UPPER IN-STREAM ARRAY,10/21/2015,7,Bull Trout,R,Resident,W,Wild Fish or Natural Production,"CHIWAT - Chiwawa River Trap, 0.5 km below CHIP acclimation pond",SCREWT,Screw Trap,217,1
3DD.00774178A6,NBD15294.AAZ,UWE - Upper Wenatchee River,7/18/2018 1:33:29 AM,7/18/2018 1:33:29 AM,IN-STREAM ARRAY,IN-STREAM ARRAY,10/21/2015,7,Bull Trout,R,Resident,W,Wild Fish or Natural Production,"CHIWAT - Chiwawa River Trap, 0.5 km below CHIP acclimation pond",SCREWT,Screw Trap,217,1
3DD.0077417A7B,NBD15228.AAZ,CHL - Lower Chiwawa River,8/16/2015 8:08:56 PM,8/16/2015 8:09:35 PM,LOWER IN-STREAM ARRAY,UPPER IN-STREAM ARRAY,8/16/2015,7,Bull Trout,R,Resident,W,Wild Fish or Natural Production,"CHIWAT - Chiwawa River Trap, 0.5 km below CHIP acclimation pond",SCREWT,Screw Trap,241,1
3DD.0077417A7B,NBD15228.AAZ,CHU - Upper Chiwawa River,9/17/2015 11:37:08 PM,10/2/2015 6:39:22 AM,LOWER IN-STREAM ARRAY,LOWER IN-STREAM ARRAY,8/16/2015,7,Bull Trout,R,Resident,W,Wild Fish or Natural Production,"CHIWAT - Chiwawa River Trap, 0.5 km below CHIP acclimation pond",SCREWT,Screw Trap,241,1
3DD.0077417AAE,NBD-2016-074-TUM.xml,NAL - Lower Nason Creek,7/8/2016 12:14:25 AM,7/19/2016 10:18:52 PM,UPPER IN-STREAM ARRAY,UPPER IN-STREAM ARRAY,6/26/2016,7,Bull Trout,R,Resident,W,Wild Fish or Natural Production,TUMFBY - TUM - Release into the Forebay within 0.5 km upstream of Dam,LADDER,Adult Passage Ladder,NA,1
3DD.0077417AAE,NBD-2016-074-TUM.xml,NAU - Upper Nason Creek,7/22/2016 8:59:16 PM,7/22/2016 8:59:35 PM,LOWER IN-STREAM ARRAY,UPPER IN-STREAM ARRAY,6/26/2016,7,Bull Trout,R,Resident,W,Wild Fish or Natural Production,TUMFBY - TUM - Release into the Forebay within 0.5 km upstream of Dam,LADDER,Adult Passage Ladder,NA,1
3DD.0077417C45,NBD-2020-189-001.xml,CHL - Lower Chiwawa River,9/29/2020 9:27:11 PM,9/29/2020 9:27:11 PM,LOWER IN-STREAM ARRAY,LOWER IN-STREAM ARRAY,7/13/2020,7,Bull Trout,R,Resident,W,Wild Fish or Natural Production,CHIWAR - Chiwawa River,WTRAP,Weir Trap,540,1
3DD.0077417C45,NBD-2020-189-001.xml,CHU - Upper Chiwawa River,7/13/2020 4:32:32 PM,7/18/2022 9:30:34 PM,LOWER IN-STREAM ARRAY,UPPER IN-STREAM ARRAY,7/13/2020,7,Bull Trout,R,Resident,W,Wild Fish or Natural Production,CHIWAR - Chiwawa River,WTRAP,Weir Trap,540,1
3DD.0077417C45,NBD-2020-189-001.xml,UWE - Upper Wenatchee River,9/30/2020 1:23:23 AM,7/17/2022 1:34:26 AM,IN-STREAM ARRAY,IN-STREAM ARRAY,7/13/2020,7,Bull Trout,R,Resident,W,Wild Fish or Natural Production,CHIWAR - Chiwawa River,WTRAP,Weir Trap,540,1
3DD.0077417C45,NBD-2020-189-001.xml,"WTL - White River, Wenatchee Basin",10/6/2022 6:13:29 PM,10/6/2022 6:13:29 PM,UPPER IN-STREAM ARRAY,UPPER IN-STREAM ARRAY,7/13/2020,7,Bull Trout,R,Resident,W,Wild Fish or Natural Production,CHIWAR - Chiwawa River,WTRAP,Weir Trap,540,1
3DD.0077417D71,NBD15287.AAZ,UWE - Upper Wenatchee River,10/14/2015 11:32:55 PM,10/14/2015 11:32:55 PM,IN-STREAM ARRAY,IN-STREAM ARRAY,10/14/2015,7,Bull Trout,R,Resident,W,Wild Fish or Natural Production,"CHIWAT - Chiwawa River Trap, 0.5 km below CHIP acclimation pond",SCREWT,Screw Trap,230,1
3DD.0077417E67,CSS-2021-299-112.xml,CHL - Lower Chiwawa River,9/19/2022 7:06:51 PM,9/19/2022 7:06:51 PM,LOWER IN-STREAM ARRAY,LOWER IN-STREAM ARRAY,10/26/2021,7,Bull Trout,R,Resident,W,Wild Fish or Natural Production,"CHIWAT - Chiwawa River Trap, 0.5 km below CHIP acclimation pond",SCREWT,Screw Trap,248,1
3DD.0077417E67,CSS-2021-299-112.xml,UWE - Upper Wenatchee River,10/26/2021 9:33:33 PM,9/19/2022 9:28:17 PM,IN-STREAM ARRAY,IN-STREAM ARRAY,10/26/2021,7,Bull Trout,R,Resident,W,Wild Fish or Natural Production,"CHIWAT - Chiwawa River Trap, 0.5 km below CHIP acclimation pond",SCREWT,Screw Trap,248,1
3DD.0077417F94,NBD17283.AAZ,CHU - Upper Chiwawa River,8/30/2020 3:58:57 AM,8/30/2020 3:58:57 AM,LOWER IN-STREAM ARRAY,LOWER IN-STREAM ARRAY,10/10/2017,7,Bull Trout,R,Resident,W,Wild Fish or Natural Production,"CHIWAT - Chiwawa River Trap, 0.5 km below CHIP acclimation pond",SCREWT,Screw Trap,234,1
3DD.0077417F94,NBD17283.AAZ,UWE - Upper Wenatchee River,10/11/2017 12:18:06 AM,8/27/2020 10:18:18 PM,IN-STREAM ARRAY,IN-STREAM ARRAY,10/10/2017,7,Bull Trout,R,Resident,W,Wild Fish or Natural Production,"CHIWAT - Chiwawa River Trap, 0.5 km below CHIP acclimation pond",SCREWT,Screw Trap,234,1
3DD.007741801E,NBD-2016-074-TUM.xml,NAL - Lower Nason Creek,6/26/2016 9:49:48 PM,6/26/2016 9:49:48 PM,UPPER IN-STREAM ARRAY,UPPER IN-STREAM ARRAY,6/12/2016,7,Bull Trout,R,Resident,W,Wild Fish or Natural Production,TUMFBY - TUM - Release into the Forebay within 0.5 km upstream of Dam,LADDER,Adult Passage Ladder,NA,1
3DD.007741801E,NBD-2016-074-TUM.xml,NAU - Upper Nason Creek,6/29/2016 10:47:12 PM,6/29/2016 10:47:29 PM,LOWER IN-STREAM ARRAY,UPPER IN-STREAM ARRAY,6/12/2016,7,Bull Trout,R,Resident,W,Wild Fish or Natural Production,TUMFBY - TUM - Release into the Forebay within 0.5 km upstream of Dam,LADDER,Adult Passage Ladder,NA,1
3DD.007741801E,NBD-2016-074-TUM.xml,UWE - Upper Wenatchee River,6/25/2016 9:36:48 PM,6/25/2016 9:36:48 PM,IN-STREAM ARRAY,IN-STREAM ARRAY,6/12/2016,7,Bull Trout,R,Resident,W,Wild Fish or Natural Production,TUMFBY - TUM - Release into the Forebay within 0.5 km upstream of Dam,LADDER,Adult Passage Ladder,NA,1
3DD.007741805E,NBD-2016-074-TUM.xml,ICL - Lower Icicle Instream Array,6/27/2017 12:26:05 AM,6/27/2017 4:30:07 AM,Downstream Array,Upstream Array,6/2/2016,7,Bull Trout,R,Resident,W,Wild Fish or Natural Production,TUMFBY - TUM - Release into the Forebay within 0.5 km upstream of Dam,LADDER,Adult Passage Ladder,NA,1
3DD.007741805E,NBD-2016-074-TUM.xml,NAL - Lower Nason Creek,7/12/2016 12:48:22 AM,9/11/2018 7:06:06 PM,UPPER IN-STREAM ARRAY,LOWER IN-STREAM ARRAY,6/2/2016,7,Bull Trout,R,Resident,W,Wild Fish or Natural Production,TUMFBY - TUM - Release into the Forebay within 0.5 km upstream of Dam,LADDER,Adult Passage Ladder,NA,1
3DD.007741805E,NBD-2016-074-TUM.xml,NAU - Upper Nason Creek,7/25/2016 3:39:47 AM,7/2/2019 1:13:41 AM,UPPER IN-STREAM ARRAY,UPPER IN-STREAM ARRAY,6/2/2016,7,Bull Trout,R,Resident,W,Wild Fish or Natural Production,TUMFBY - TUM - Release into the Forebay within 0.5 km upstream of Dam,LADDER,Adult Passage Ladder,NA,1
3DD.007741805E,NBD-2016-074-TUM.xml,TUF - Tumwater Dam Adult Fishway,6/13/2016 1:25:04 PM,6/10/2019 5:59:05 PM,WEIR 14,WEIR 17,6/2/2016,7,Bull Trout,R,Resident,W,Wild Fish or Natural Production,TUMFBY - TUM - Release into the Forebay within 0.5 km upstream of Dam,LADDER,Adult Passage Ladder,NA,1
3DD.007741805E,NBD-2016-074-TUM.xml,UWE - Upper Wenatchee River,9/18/2016 8:42:09 PM,9/22/2017 6:53:56 PM,IN-STREAM ARRAY,IN-STREAM ARRAY,6/2/2016,7,Bull Trout,R,Resident,W,Wild Fish or Natural Production,TUMFBY - TUM - Release into the Forebay within 0.5 km upstream of Dam,LADDER,Adult Passage Ladder,NA,1
3DD.00774180B5,NBD18312.AAZ,UWE - Upper Wenatchee River,11/11/2018 6:54:47 PM,11/11/2018 6:54:53 PM,IN-STREAM ARRAY,IN-STREAM ARRAY,11/9/2018,7,Bull Trout,R,Resident,W,Wild Fish or Natural Production,"CHIWAT - Chiwawa River Trap, 0.5 km below CHIP acclimation pond",SCREWT,Screw Trap,173,1
3DD.0077418154,NBD-2019-163-001.xml,CHU - Upper Chiwawa River,6/12/2019 2:42:28 PM,6/12/2019 2:42:29 PM,LOWER IN-STREAM ARRAY,LOWER IN-STREAM ARRAY,6/12/2019,7,Bull Trout,R,Resident,W,Wild Fish or Natural Production,CHIWAR - Chiwawa River,WTRAP,Weir Trap,640,1
3DD.007741853A,NBD17286.AAZ,UWE - Upper Wenatchee River,10/14/2017 9:52:47 PM,9/20/2018 3:07:38 AM,IN-STREAM ARRAY,IN-STREAM ARRAY,10/13/2017,7,Bull Trout,R,Resident,W,Wild Fish or Natural Production,"CHIWAT - Chiwawa River Trap, 0.5 km below CHIP acclimation pond",SCREWT,Screw Trap,399,1
3DD.0077418636,NBD-2019-163-001.xml,CHL - Lower Chiwawa River,10/9/2019 5:15:10 AM,10/9/2019 5:15:11 AM,LOWER IN-STREAM ARRAY,LOWER IN-STREAM ARRAY,7/1/2019,7,Bull Trout,R,Resident,W,Wild Fish or Natural Production,CHIWAR - Chiwawa River,WTRAP,Weir Trap,560,1
3DD.0077418636,NBD-2019-163-001.xml,CHU - Upper Chiwawa River,7/1/2019 8:55:31 PM,7/16/2020 3:04:06 AM,LOWER IN-STREAM ARRAY,UPPER IN-STREAM ARRAY,7/1/2019,7,Bull Trout,R,Resident,W,Wild Fish or Natural Production,CHIWAR - Chiwawa River,WTRAP,Weir Trap,560,1
3DD.0077418636,NBD-2019-163-001.xml,UWE - Upper Wenatchee River,10/9/2019 11:45:35 PM,10/9/2019 11:45:36 PM,IN-STREAM ARRAY,IN-STREAM ARRAY,7/1/2019,7,Bull Trout,R,Resident,W,Wild Fish or Natural Production,CHIWAR - Chiwawa River,WTRAP,Weir Trap,560,1
3DD.007741865D,NBD18315.AAZ,CHL - Lower Chiwawa River,11/12/2018 9:23:30 PM,11/12/2018 9:23:30 PM,UPPER IN-STREAM ARRAY,UPPER IN-STREAM ARRAY,11/11/2018,7,Bull Trout,R,Resident,W,Wild Fish or Natural Production,"CHIWAT - Chiwawa River Trap, 0.5 km below CHIP acclimation pond",SCREWT,Screw Trap,221,1
3DD.007741865D,NBD18315.AAZ,UWE - Upper Wenatchee River,11/14/2018 6:27:51 PM,11/14/2018 6:27:54 PM,IN-STREAM ARRAY,IN-STREAM ARRAY,11/11/2018,7,Bull Trout,R,Resident,W,Wild Fish or Natural Production,"CHIWAT - Chiwawa River Trap, 0.5 km below CHIP acclimation pond",SCREWT,Screw Trap,221,1
3DD.007741866A,NBD-2020-189-001.xml,CHL - Lower Chiwawa River,10/5/2020 9:07:07 PM,10/5/2020 9:07:07 PM,UPPER IN-STREAM ARRAY,UPPER IN-STREAM ARRAY,8/2/2020,7,Bull Trout,R,Resident,W,Wild Fish or Natural Production,CHIWAR - Chiwawa River,WTRAP,Weir Trap,620,1
3DD.007741866A,NBD-2020-189-001.xml,CHU - Upper Chiwawa River,8/2/2020 8:04:57 PM,9/30/2021 8:40:00 PM,LOWER IN-STREAM ARRAY,LOWER IN-STREAM ARRAY,8/2/2020,7,Bull Trout,R,Resident,W,Wild Fish or Natural Production,CHIWAR - Chiwawa River,WTRAP,Weir Trap,620,1
3DD.007741866A,NBD-2020-189-001.xml,LWN - Little Wenatchee River,10/23/2020 7:37:03 PM,10/29/2020 8:28:59 PM,UPPER IN-STREAM ARRAY,UPPER IN-STREAM ARRAY,8/2/2020,7,Bull Trout,R,Resident,W,Wild Fish or Natural Production,CHIWAR - Chiwawa River,WTRAP,Weir Trap,620,1
3DD.007741866A,NBD-2020-189-001.xml,UWE - Upper Wenatchee River,10/5/2020 11:56:26 PM,10/1/2021 3:07:17 AM,IN-STREAM ARRAY,IN-STREAM ARRAY,8/2/2020,7,Bull Trout,R,Resident,W,Wild Fish or Natural Production,CHIWAR - Chiwawa River,WTRAP,Weir Trap,620,1
3DD.00774186E7,NBD15205.AAZ,CHW - Chiwaukum Creek,7/27/2015 2:36:02 PM,7/27/2015 2:43:46 PM,DOWNSTREAM ARRAY,UPSTREAM ARRAY,7/24/2015,7,Bull Trout,R,Resident,W,Wild Fish or Natural Production,"CHIWAT - Chiwawa River Trap, 0.5 km below CHIP acclimation pond",SCREWT,Screw Trap,152,1
3DD.0077418732,NBD15310.AAZ,CHL - Lower Chiwawa River,11/6/2015 7:27:20 PM,11/6/2015 7:27:20 PM,LOWER IN-STREAM ARRAY,LOWER IN-STREAM ARRAY,11/6/2015,7,Bull Trout,R,Resident,W,Wild Fish or Natural Production,"CHIWAT - Chiwawa River Trap, 0.5 km below CHIP acclimation pond",SCREWT,Screw Trap,188,1
3DD.0077418732,NBD15310.AAZ,UWE - Upper Wenatchee River,11/8/2015 6:19:18 PM,11/8/2015 6:19:18 PM,IN-STREAM ARRAY,IN-STREAM ARRAY,11/6/2015,7,Bull Trout,R,Resident,W,Wild Fish or Natural Production,"CHIWAT - Chiwawa River Trap, 0.5 km below CHIP acclimation pond",SCREWT,Screw Trap,188,1
3DD.0077418755,CSS-2021-283-112.xml,UWE - Upper Wenatchee River,10/11/2021 4:43:22 AM,10/11/2021 4:43:22 AM,IN-STREAM ARRAY,IN-STREAM ARRAY,10/10/2021,7,Bull Trout,R,Resident,W,Wild Fish or Natural Production,"CHIWAT - Chiwawa River Trap, 0.5 km below CHIP acclimation pond",SCREWT,Screw Trap,238,1
3DD.007741890E,NBD-2016-074-TUM.xml,CHL - Lower Chiwawa River,9/18/2016 4:42:10 AM,9/18/2016 4:42:59 AM,UPPER IN-STREAM ARRAY,LOWER IN-STREAM ARRAY,6/2/2016,7,Bull Trout,R,Resident,W,Wild Fish or Natural Production,TUMFBY - TUM - Release into the Forebay within 0.5 km upstream of Dam,LADDER,Adult Passage Ladder,NA,1
3DD.007741890E,NBD-2016-074-TUM.xml,CHU - Upper Chiwawa River,9/18/2016 1:21:50 AM,9/15/2017 1:44:44 AM,LOWER IN-STREAM ARRAY,LOWER IN-STREAM ARRAY,6/2/2016,7,Bull Trout,R,Resident,W,Wild Fish or Natural Production,TUMFBY - TUM - Release into the Forebay within 0.5 km upstream of Dam,LADDER,Adult Passage Ladder,NA,1
3DD.007741890E,NBD-2016-074-TUM.xml,LWE - Lower Wenatchee River,9/30/2017 11:52:40 PM,9/21/2018 9:37:25 PM,DOWNSTREAM ANTENNA ARRAY,UPSTREAM ANTENNA ARRAY,6/2/2016,7,Bull Trout,R,Resident,W,Wild Fish or Natural Production,TUMFBY - TUM - Release into the Forebay within 0.5 km upstream of Dam,LADDER,Adult Passage Ladder,NA,1
3DD.007741890E,NBD-2016-074-TUM.xml,TUF - Tumwater Dam Adult Fishway,6/17/2017 12:22:49 PM,6/20/2018 10:44:25 AM,High Flow Ladder Entrance,WEIR 17,6/2/2016,7,Bull Trout,R,Resident,W,Wild Fish or Natural Production,TUMFBY - TUM - Release into the Forebay within 0.5 km upstream of Dam,LADDER,Adult Passage Ladder,NA,1
3DD.00774189FC,NBD17265.AAZ,UWE - Upper Wenatchee River,9/24/2017 12:19:29 AM,9/24/2017 12:19:29 AM,IN-STREAM ARRAY,IN-STREAM ARRAY,9/23/2017,7,Bull Trout,R,Resident,W,Wild Fish or Natural Production,"CHIWAT - Chiwawa River Trap, 0.5 km below CHIP acclimation pond",SCREWT,Screw Trap,222,1
3DD.0077418A31,CSS-2021-276-112.xml,CHL - Lower Chiwawa River,10/3/2021 9:13:02 AM,10/3/2021 9:13:02 AM,LOWER IN-STREAM ARRAY,LOWER IN-STREAM ARRAY,10/3/2021,7,Bull Trout,R,Resident,W,Wild Fish or Natural Production,"CHIWAT - Chiwawa River Trap, 0.5 km below CHIP acclimation pond",SCREWT,Screw Trap,237,1
3DD.0077418B28,NBD-2017-091-TUM.xml,CHW - Chiwaukum Creek,7/16/2017 1:40:26 AM,7/2/2019 1:10:33 AM,UPSTREAM ARRAY,UPSTREAM ARRAY,7/7/2017,7,Bull Trout,R,Resident,W,Wild Fish or Natural Production,TUMFBY - TUM - Release into the Forebay within 0.5 km upstream of Dam,LADDER,Adult Passage Ladder,NA,1
3DD.0077418B28,NBD-2017-091-TUM.xml,TUF - Tumwater Dam Adult Fishway,6/29/2018 4:16:30 PM,6/23/2019 1:36:54 PM,High Flow Ladder Entrance,WEIR 17,7/7/2017,7,Bull Trout,R,Resident,W,Wild Fish or Natural Production,TUMFBY - TUM - Release into the Forebay within 0.5 km upstream of Dam,LADDER,Adult Passage Ladder,NA,1
3DD.0077418BE0,NBD15287.AAZ,UWE - Upper Wenatchee River,10/15/2015 6:24:58 PM,10/15/2015 6:24:58 PM,IN-STREAM ARRAY,IN-STREAM ARRAY,10/14/2015,7,Bull Trout,R,Resident,W,Wild Fish or Natural Production,"CHIWAT - Chiwawa River Trap, 0.5 km below CHIP acclimation pond",SCREWT,Screw Trap,272,1
3DD.0077418C0D,NBD17288.AAZ,UWE - Upper Wenatchee River,10/16/2017 3:43:57 AM,10/16/2017 3:43:57 AM,IN-STREAM ARRAY,IN-STREAM ARRAY,10/15/2017,7,Bull Trout,R,Resident,W,Wild Fish or Natural Production,"CHIWAT - Chiwawa River Trap, 0.5 km below CHIP acclimation pond",SCREWT,Screw Trap,212,1
3DD.0077418CD0,NBD15304.AAZ,UWE - Upper Wenatchee River,10/4/2018 1:31:05 AM,10/4/2018 1:31:05 AM,IN-STREAM ARRAY,IN-STREAM ARRAY,10/31/2015,7,Bull Trout,R,Resident,W,Wild Fish or Natural Production,"CHIWAT - Chiwawa River Trap, 0.5 km below CHIP acclimation pond",SCREWT,Screw Trap,252,1
3DD.0077418D50,NBD-2018-178-001.xml,CHL - Lower Chiwawa River,7/25/2020 3:56:03 AM,9/28/2021 1:52:07 AM,LOWER IN-STREAM ARRAY,LOWER IN-STREAM ARRAY,7/7/2018,7,Bull Trout,R,Resident,W,Wild Fish or Natural Production,CHIWAR - Chiwawa River,WTRAP,Weir Trap,470,1
3DD.0077418D50,NBD-2018-178-001.xml,CHU - Upper Chiwawa River,10/2/2018 1:09:38 AM,9/25/2020 2:28:45 AM,LOWER IN-STREAM ARRAY,UPPER IN-STREAM ARRAY,7/7/2018,7,Bull Trout,R,Resident,W,Wild Fish or Natural Production,CHIWAR - Chiwawa River,WTRAP,Weir Trap,470,1
3DD.0077418D50,NBD-2018-178-001.xml,UWE - Upper Wenatchee River,10/4/2018 5:58:09 AM,10/4/2018 5:58:09 AM,IN-STREAM ARRAY,IN-STREAM ARRAY,7/7/2018,7,Bull Trout,R,Resident,W,Wild Fish or Natural Production,CHIWAR - Chiwawa River,WTRAP,Weir Trap,470,1
3DD.0077418D50,NBD-2018-178-001.xml,"WTL - White River, Wenatchee Basin",10/24/2018 10:43:57 PM,11/20/2021 12:40:38 AM,LOWER IN-STREAM ARRAY,UPPER IN-STREAM ARRAY,7/7/2018,7,Bull Trout,R,Resident,W,Wild Fish or Natural Production,CHIWAR - Chiwawa River,WTRAP,Weir Trap,470,1
3DD.0077418F17,NBD17274.AAZ,UWE - Upper Wenatchee River,10/2/2017 2:56:11 AM,9/22/2020 2:10:28 AM,IN-STREAM ARRAY,IN-STREAM ARRAY,10/1/2017,7,Bull Trout,R,Resident,W,Wild Fish or Natural Production,"CHIWAT - Chiwawa River Trap, 0.5 km below CHIP acclimation pond",SCREWT,Screw Trap,268,1
3DD.0077418FF6,NBD-2019-163-001.xml,CHU - Upper Chiwawa River,10/8/2019 5:53:05 PM,10/8/2019 5:53:12 PM,UPPER IN-STREAM ARRAY,LOWER IN-STREAM ARRAY,6/12/2019,7,Bull Trout,R,Resident,W,Wild Fish or Natural Production,CHIWAR - Chiwawa River,WTRAP,Weir Trap,490,1
3DD.007741912C,CSS-2020-257-112.xml,CHL - Lower Chiwawa River,9/13/2020 11:47:43 AM,10/5/2020 2:14:16 AM,LOWER IN-STREAM ARRAY,UPPER IN-STREAM ARRAY,9/13/2020,7,Bull Trout,R,Resident,W,Wild Fish or Natural Production,"CHIWAT - Chiwawa River Trap, 0.5 km below CHIP acclimation pond",SCREWT,Screw Trap,271,1
3DD.007741912C,CSS-2020-257-112.xml,UWE - Upper Wenatchee River,10/5/2020 8:37:52 PM,10/5/2020 8:37:53 PM,IN-STREAM ARRAY,IN-STREAM ARRAY,9/13/2020,7,Bull Trout,R,Resident,W,Wild Fish or Natural Production,"CHIWAT - Chiwawa River Trap, 0.5 km below CHIP acclimation pond",SCREWT,Screw Trap,271,1
3DD.00774192FF,NBD17282.AAZ,CHL - Lower Chiwawa River,10/9/2017 6:25:32 PM,9/23/2022 7:46:49 PM,UPPER IN-STREAM ARRAY,LOWER IN-STREAM ARRAY,10/9/2017,7,Bull Trout,R,Resident,W,Wild Fish or Natural Production,"CHIWAT - Chiwawa River Trap, 0.5 km below CHIP acclimation pond",SCREWT,Screw Trap,500,1
3DD.00774192FF,NBD17282.AAZ,CHU - Upper Chiwawa River,9/24/2018 1:23:35 AM,7/18/2023 9:17:12 PM,LOWER IN-STREAM ARRAY,UPPER IN-STREAM ARRAY,10/9/2017,7,Bull Trout,R,Resident,W,Wild Fish or Natural Production,"CHIWAT - Chiwawa River Trap, 0.5 km below CHIP acclimation pond",SCREWT,Screw Trap,500,1
3DD.00774192FF,NBD17282.AAZ,UWE - Upper Wenatchee River,10/19/2017 2:37:23 AM,6/9/2023 3:51:51 AM,IN-STREAM ARRAY,IN-STREAM ARRAY,10/9/2017,7,Bull Trout,R,Resident,W,Wild Fish or Natural Production,"CHIWAT - Chiwawa River Trap, 0.5 km below CHIP acclimation pond",SCREWT,Screw Trap,500,1
3DD.0077419311,CSS-2020-259-112.xml,UWE - Upper Wenatchee River,9/15/2020 10:45:29 PM,9/15/2020 10:45:29 PM,IN-STREAM ARRAY,IN-STREAM ARRAY,9/15/2020,7,Bull Trout,R,Resident,W,Wild Fish or Natural Production,"CHIWAT - Chiwawa River Trap, 0.5 km below CHIP acclimation pond",SCREWT,Screw Trap,218,1
3DD.00774193D4,CSS-2020-257-112.xml,CHL - Lower Chiwawa River,8/30/2021 4:09:11 AM,9/25/2023 2:53:30 AM,LOWER IN-STREAM ARRAY,LOWER IN-STREAM ARRAY,9/13/2020,7,Bull Trout,R,Resident,W,Wild Fish or Natural Production,"CHIWAT - Chiwawa River Trap, 0.5 km below CHIP acclimation pond",SCREWT,Screw Trap,236,1
3DD.00774193D4,CSS-2020-257-112.xml,CHU - Upper Chiwawa River,7/30/2021 11:03:20 PM,9/24/2023 8:26:10 PM,LOWER IN-STREAM ARRAY,LOWER IN-STREAM ARRAY,9/13/2020,7,Bull Trout,R,Resident,W,Wild Fish or Natural Production,"CHIWAT - Chiwawa River Trap, 0.5 km below CHIP acclimation pond",SCREWT,Screw Trap,236,1
3DD.00774193D4,CSS-2020-257-112.xml,NAL - Lower Nason Creek,9/6/2021 6:53:23 PM,9/6/2021 9:14:59 PM,LOWER IN-STREAM ARRAY,LOWER IN-STREAM ARRAY,9/13/2020,7,Bull Trout,R,Resident,W,Wild Fish or Natural Production,"CHIWAT - Chiwawa River Trap, 0.5 km below CHIP acclimation pond",SCREWT,Screw Trap,236,1
3DD.00774193D4,CSS-2020-257-112.xml,UWE - Upper Wenatchee River,9/6/2022 3:05:55 AM,9/27/2023 8:54:56 PM,IN-STREAM ARRAY,IN-STREAM ARRAY,9/13/2020,7,Bull Trout,R,Resident,W,Wild Fish or Natural Production,"CHIWAT - Chiwawa River Trap, 0.5 km below CHIP acclimation pond",SCREWT,Screw Trap,236,1
3DD.0077419432,CSS-2021-295-112.xml,UWE - Upper Wenatchee River,10/22/2021 10:59:23 PM,10/22/2021 10:59:23 PM,IN-STREAM ARRAY,IN-STREAM ARRAY,10/22/2021,7,Bull Trout,R,Resident,W,Wild Fish or Natural Production,"CHIWAT - Chiwawa River Trap, 0.5 km below CHIP acclimation pond",SCREWT,Screw Trap,195,1
3DD.00774195A7,NBD18333.AAZ,UWE - Upper Wenatchee River,12/7/2018 9:21:31 PM,12/7/2018 9:23:54 PM,IN-STREAM ARRAY,IN-STREAM ARRAY,11/29/2018,7,Bull Trout,R,Resident,W,Wild Fish or Natural Production,"CHIWAT - Chiwawa River Trap, 0.5 km below CHIP acclimation pond",SCREWT,Screw Trap,175,1
3DD.00774195E2,NBD15295.AAZ,UWE - Upper Wenatchee River,10/22/2015 11:26:19 PM,10/22/2015 11:26:19 PM,IN-STREAM ARRAY,IN-STREAM ARRAY,10/22/2015,7,Bull Trout,R,Resident,W,Wild Fish or Natural Production,"CHIWAT - Chiwawa River Trap, 0.5 km below CHIP acclimation pond",SCREWT,Screw Trap,199,1
3DD.007741976C,NBD18323.AAZ,UWE - Upper Wenatchee River,11/22/2018 9:45:35 PM,11/22/2018 9:45:39 PM,IN-STREAM ARRAY,IN-STREAM ARRAY,11/20/2018,7,Bull Trout,R,Resident,W,Wild Fish or Natural Production,"CHIWAT - Chiwawa River Trap, 0.5 km below CHIP acclimation pond",SCREWT,Screw Trap,197,1
3DD.007741976C,NBD18323.AAZ,"WTL - White River, Wenatchee Basin",2/23/2019 10:28:34 PM,2/23/2019 10:29:11 PM,LOWER IN-STREAM ARRAY,UPPER IN-STREAM ARRAY,11/20/2018,7,Bull Trout,R,Resident,W,Wild Fish or Natural Production,"CHIWAT - Chiwawa River Trap, 0.5 km below CHIP acclimation pond",SCREWT,Screw Trap,197,1
3DD.00774198E1,NBD17279.AAZ,UWE - Upper Wenatchee River,10/7/2017 5:55:25 AM,10/7/2017 5:55:25 AM,IN-STREAM ARRAY,IN-STREAM ARRAY,10/6/2017,7,Bull Trout,R,Resident,W,Wild Fish or Natural Production,"CHIWAT - Chiwawa River Trap, 0.5 km below CHIP acclimation pond",SCREWT,Screw Trap,244,1
3DD.00774199AB,NBD15270.AAZ,UWE - Upper Wenatchee River,9/27/2015 8:57:21 PM,9/27/2015 8:57:21 PM,IN-STREAM ARRAY,IN-STREAM ARRAY,9/27/2015,7,Bull Trout,R,Resident,W,Wild Fish or Natural Production,"CHIWAT - Chiwawa River Trap, 0.5 km below CHIP acclimation pond",SCREWT,Screw Trap,480,1
3DD.0077419A09,CSS-2019-192-112.xml,CHL - Lower Chiwawa River,7/13/2019 9:00:39 PM,9/17/2021 7:49:21 PM,UPPER IN-STREAM ARRAY,LOWER IN-STREAM ARRAY,7/11/2019,7,Bull Trout,R,Resident,W,Wild Fish or Natural Production,"CHIWAT - Chiwawa River Trap, 0.5 km below CHIP acclimation pond",SCREWT,Screw Trap,500,1
3DD.0077419A09,CSS-2019-192-112.xml,CHU - Upper Chiwawa River,7/16/2019 3:02:34 AM,9/17/2021 2:22:01 AM,LOWER IN-STREAM ARRAY,LOWER IN-STREAM ARRAY,7/11/2019,7,Bull Trout,R,Resident,W,Wild Fish or Natural Production,"CHIWAT - Chiwawa River Trap, 0.5 km below CHIP acclimation pond",SCREWT,Screw Trap,500,1
3DD.0077419A09,CSS-2019-192-112.xml,UWE - Upper Wenatchee River,9/22/2019 4:17:59 AM,9/18/2021 12:43:00 AM,IN-STREAM ARRAY,IN-STREAM ARRAY,7/11/2019,7,Bull Trout,R,Resident,W,Wild Fish or Natural Production,"CHIWAT - Chiwawa River Trap, 0.5 km below CHIP acclimation pond",SCREWT,Screw Trap,500,1
3DD.0077419A09,CSS-2019-192-112.xml,"WTL - White River, Wenatchee Basin",9/19/2020 9:10:01 PM,10/9/2021 12:53:30 AM,LOWER IN-STREAM ARRAY,UPPER IN-STREAM ARRAY,7/11/2019,7,Bull Trout,R,Resident,W,Wild Fish or Natural Production,"CHIWAT - Chiwawa River Trap, 0.5 km below CHIP acclimation pond",SCREWT,Screw Trap,500,1
3DD.0077419D30,NBD-2017-091-TUM.xml,CHW - Chiwaukum Creek,7/22/2017 11:58:26 PM,7/1/2018 1:24:40 AM,UPSTREAM ARRAY,UPSTREAM ARRAY,7/7/2017,7,Bull Trout,R,Resident,W,Wild Fish or Natural Production,TUMFBY - TUM - Release into the Forebay within 0.5 km upstream of Dam,LADDER,Adult Passage Ladder,NA,1
3DD.0077419D30,NBD-2017-091-TUM.xml,TUF - Tumwater Dam Adult Fishway,6/12/2018 3:16:32 PM,6/15/2018 8:12:42 PM,Low Flow Ladder Entrance,WEIR 17,7/7/2017,7,Bull Trout,R,Resident,W,Wild Fish or Natural Production,TUMFBY - TUM - Release into the Forebay within 0.5 km upstream of Dam,LADDER,Adult Passage Ladder,NA,1
3DD.0077419DAB,NBD-2020-189-001.xml,CHU - Upper Chiwawa River,7/11/2020 2:03:20 PM,7/11/2020 2:03:20 PM,LOWER IN-STREAM ARRAY,LOWER IN-STREAM ARRAY,7/11/2020,7,Bull Trout,R,Resident,W,Wild Fish or Natural Production,CHIWAR - Chiwawa River,WTRAP,Weir Trap,500,1
3DD.0077419DAB,NBD-2020-189-001.xml,NAL - Lower Nason Creek,3/15/2021 1:33:51 AM,3/31/2021 9:21:57 PM,LOWER IN-STREAM ARRAY,UPPER IN-STREAM ARRAY,7/11/2020,7,Bull Trout,R,Resident,W,Wild Fish or Natural Production,CHIWAR - Chiwawa River,WTRAP,Weir Trap,500,1
3DD.0077419DB4,NBD17277.AAZ,UWE - Upper Wenatchee River,10/5/2017 7:10:16 PM,10/5/2017 7:10:16 PM,IN-STREAM ARRAY,IN-STREAM ARRAY,10/4/2017,7,Bull Trout,R,Resident,W,Wild Fish or Natural Production,"CHIWAT - Chiwawa River Trap, 0.5 km below CHIP acclimation pond",SCREWT,Screw Trap,211,1
3DD.007741A06D,NBD17266.AAZ,CHL - Lower Chiwawa River,9/22/2017 6:35:35 PM,9/22/2017 6:35:35 PM,UPPER IN-STREAM ARRAY,UPPER IN-STREAM ARRAY,9/23/2017,7,Bull Trout,R,Resident,W,Wild Fish or Natural Production,"CHIWAT - Chiwawa River Trap, 0.5 km below CHIP acclimation pond",SCREWT,Screw Trap,545,1
3DD.007741A06D,NBD17266.AAZ,UWE - Upper Wenatchee River,9/23/2017 8:08:16 PM,1/16/2018 6:52:15 PM,IN-STREAM ARRAY,IN-STREAM ARRAY,9/23/2017,7,Bull Trout,R,Resident,W,Wild Fish or Natural Production,"CHIWAT - Chiwawa River Trap, 0.5 km below CHIP acclimation pond",SCREWT,Screw Trap,545,1
3DD.007741A09E,NBD17265.AAZ,UWE - Upper Wenatchee River,9/23/2017 9:58:50 PM,9/23/2017 9:58:50 PM,IN-STREAM ARRAY,IN-STREAM ARRAY,9/23/2017,7,Bull Trout,R,Resident,W,Wild Fish or Natural Production,"CHIWAT - Chiwawa River Trap, 0.5 km below CHIP acclimation pond",SCREWT,Screw Trap,227,1
3DD.007741A105,NBD15292.AAZ,CHL - Lower Chiwawa River,6/5/2019 4:59:55 AM,9/28/2021 5:01:06 AM,UPPER IN-STREAM ARRAY,LOWER IN-STREAM ARRAY,10/19/2015,7,Bull Trout,R,Resident,W,Wild Fish or Natural Production,"CHIWAT - Chiwawa River Trap, 0.5 km below CHIP acclimation pond",SCREWT,Screw Trap,235,1
3DD.007741A105,NBD15292.AAZ,CHU - Upper Chiwawa River,10/16/2019 7:38:52 PM,7/9/2023 9:08:17 PM,LOWER IN-STREAM ARRAY,LOWER IN-STREAM ARRAY,10/19/2015,7,Bull Trout,R,Resident,W,Wild Fish or Natural Production,"CHIWAT - Chiwawa River Trap, 0.5 km below CHIP acclimation pond",SCREWT,Screw Trap,235,1
3DD.007741A105,NBD15292.AAZ,UWE - Upper Wenatchee River,10/17/2019 11:45:48 PM,10/2/2022 4:06:41 AM,IN-STREAM ARRAY,IN-STREAM ARRAY,10/19/2015,7,Bull Trout,R,Resident,W,Wild Fish or Natural Production,"CHIWAT - Chiwawa River Trap, 0.5 km below CHIP acclimation pond",SCREWT,Screw Trap,235,1
3DD.007741A38F,NBD15298.AAZ,UWE - Upper Wenatchee River,10/27/2015 4:12:50 AM,10/27/2015 4:12:50 AM,IN-STREAM ARRAY,IN-STREAM ARRAY,10/25/2015,7,Bull Trout,R,Resident,W,Wild Fish or Natural Production,"CHIWAT - Chiwawa River Trap, 0.5 km below CHIP acclimation pond",SCREWT,Screw Trap,223,1
3DD.007741A40B,NBD-2017-091-TUM.xml,CHW - Chiwaukum Creek,7/16/2017 12:18:46 AM,10/4/2017 5:01:53 AM,DOWNSTREAM ARRAY,DOWNSTREAM ARRAY,7/4/2017,7,Bull Trout,R,Resident,W,Wild Fish or Natural Production,TUMFBY - TUM - Release into the Forebay within 0.5 km upstream of Dam,LADDER,Adult Passage Ladder,520,1
3DD.007741A4A0,NBD15310.AAZ,CHL - Lower Chiwawa River,11/6/2015 6:09:44 PM,11/6/2015 6:09:44 PM,LOWER IN-STREAM ARRAY,LOWER IN-STREAM ARRAY,11/6/2015,7,Bull Trout,R,Resident,W,Wild Fish or Natural Production,"CHIWAT - Chiwawa River Trap, 0.5 km below CHIP acclimation pond",SCREWT,Screw Trap,253,1
3DD.007741A4A0,NBD15310.AAZ,UWE - Upper Wenatchee River,11/8/2015 2:16:48 AM,11/8/2015 2:16:48 AM,IN-STREAM ARRAY,IN-STREAM ARRAY,11/6/2015,7,Bull Trout,R,Resident,W,Wild Fish or Natural Production,"CHIWAT - Chiwawa River Trap, 0.5 km below CHIP acclimation pond",SCREWT,Screw Trap,253,1
3DD.007741A52D,CSS-2021-275-112.xml,CHL - Lower Chiwawa River,6/3/2025 3:40:33 AM,9/27/2025 3:08:48 AM,LOWER IN-STREAM ARRAY,LOWER IN-STREAM ARRAY,10/2/2021,7,Bull Trout,R,Resident,W,Wild Fish or Natural Production,"CHIWAT - Chiwawa River Trap, 0.5 km below CHIP acclimation pond",SCREWT,Screw Trap,185,1
3DD.007741A52D,CSS-2021-275-112.xml,CHU - Upper Chiwawa River,9/26/2025 3:31:51 AM,9/26/2025 3:32:00 AM,UPPER IN-STREAM ARRAY,LOWER IN-STREAM ARRAY,10/2/2021,7,Bull Trout,R,Resident,W,Wild Fish or Natural Production,"CHIWAT - Chiwawa River Trap, 0.5 km below CHIP acclimation pond",SCREWT,Screw Trap,185,1
3DD.007741A52D,CSS-2021-275-112.xml,CWT - Chiwawa River Weir Trap Array,9/27/2025 2:52:41 AM,9/27/2025 2:52:41 AM,Single Pass,Single Pass,10/2/2021,7,Bull Trout,R,Resident,W,Wild Fish or Natural Production,"CHIWAT - Chiwawa River Trap, 0.5 km below CHIP acclimation pond",SCREWT,Screw Trap,185,1
3DD.007741A52D,CSS-2021-275-112.xml,UWE - Upper Wenatchee River,10/3/2021 6:15:45 PM,10/3/2021 6:15:46 PM,IN-STREAM ARRAY,IN-STREAM ARRAY,10/2/2021,7,Bull Trout,R,Resident,W,Wild Fish or Natural Production,"CHIWAT - Chiwawa River Trap, 0.5 km below CHIP acclimation pond",SCREWT,Screw Trap,185,1
3DD.007741A5F1,NBD15286.AAZ,CHL - Lower Chiwawa River,10/13/2015 10:26:10 AM,10/13/2015 5:54:25 PM,LOWER IN-STREAM ARRAY,LOWER IN-STREAM ARRAY,10/13/2015,7,Bull Trout,R,Resident,W,Wild Fish or Natural Production,"CHIWAT - Chiwawa River Trap, 0.5 km below CHIP acclimation pond",SCREWT,Screw Trap,181,1
3DD.007741A5F1,NBD15286.AAZ,UWE - Upper Wenatchee River,10/15/2015 5:27:05 AM,10/15/2015 5:27:05 AM,IN-STREAM ARRAY,IN-STREAM ARRAY,10/13/2015,7,Bull Trout,R,Resident,W,Wild Fish or Natural Production,"CHIWAT - Chiwawa River Trap, 0.5 km below CHIP acclimation pond",SCREWT,Screw Trap,181,1
3DD.007741A647,NBD15289.AAZ,CHL - Lower Chiwawa River,10/16/2015 6:35:01 PM,10/17/2015 1:41:15 AM,LOWER IN-STREAM ARRAY,LOWER IN-STREAM ARRAY,10/16/2015,7,Bull Trout,R,Resident,W,Wild Fish or Natural Production,"CHIWAT - Chiwawa River Trap, 0.5 km below CHIP acclimation pond",SCREWT,Screw Trap,199,1
3DD.007741A647,NBD15289.AAZ,UWE - Upper Wenatchee River,10/17/2015 5:59:35 AM,10/17/2015 5:59:35 AM,IN-STREAM ARRAY,IN-STREAM ARRAY,10/16/2015,7,Bull Trout,R,Resident,W,Wild Fish or Natural Production,"CHIWAT - Chiwawa River Trap, 0.5 km below CHIP acclimation pond",SCREWT,Screw Trap,199,1
3DD.007741A64D,NBD18227.AAZ,NAL - Lower Nason Creek,10/8/2018 12:28:30 AM,4/13/2020 4:37:34 AM,UPPER IN-STREAM ARRAY,UPPER IN-STREAM ARRAY,8/15/2018,7,Bull Trout,R,Resident,W,Wild Fish or Natural Production,"CHIWAT - Chiwawa River Trap, 0.5 km below CHIP acclimation pond",SCREWT,Screw Trap,226,1
3DD.007741A64D,NBD18227.AAZ,UWE - Upper Wenatchee River,8/16/2018 3:16:10 AM,8/16/2018 3:16:10 AM,IN-STREAM ARRAY,IN-STREAM ARRAY,8/15/2018,7,Bull Trout,R,Resident,W,Wild Fish or Natural Production,"CHIWAT - Chiwawa River Trap, 0.5 km below CHIP acclimation pond",SCREWT,Screw Trap,226,1
3DD.007741A64D,NBD18227.AAZ,"WTL - White River, Wenatchee Basin",7/6/2019 10:03:13 PM,7/6/2019 10:03:36 PM,LOWER IN-STREAM ARRAY,UPPER IN-STREAM ARRAY,8/15/2018,7,Bull Trout,R,Resident,W,Wild Fish or Natural Production,"CHIWAT - Chiwawa River Trap, 0.5 km below CHIP acclimation pond",SCREWT,Screw Trap,226,1
3DD.007741A85B,NBD-2018-178-001.xml,CHL - Lower Chiwawa River,7/7/2020 2:35:49 AM,7/7/2020 2:35:49 AM,LOWER IN-STREAM ARRAY,LOWER IN-STREAM ARRAY,7/3/2018,7,Bull Trout,R,Resident,W,Wild Fish or Natural Production,CHIWAR - Chiwawa River,WTRAP,Weir Trap,500,1
3DD.007741A85B,NBD-2018-178-001.xml,CHU - Upper Chiwawa River,7/3/2018 8:42:03 PM,9/12/2020 9:05:28 PM,LOWER IN-STREAM ARRAY,LOWER IN-STREAM ARRAY,7/3/2018,7,Bull Trout,R,Resident,W,Wild Fish or Natural Production,CHIWAR - Chiwawa River,WTRAP,Weir Trap,500,1
3DD.007741A87A,NBD16284.AAZ,UWE - Upper Wenatchee River,10/11/2016 11:39:18 AM,10/11/2016 11:39:18 AM,IN-STREAM ARRAY,IN-STREAM ARRAY,10/10/2016,7,Bull Trout,R,Resident,W,Wild Fish or Natural Production,"CHIWAT - Chiwawa River Trap, 0.5 km below CHIP acclimation pond",SCREWT,Screw Trap,234,1
3DD.007741AA49,NBD15285.AAZ,CHL - Lower Chiwawa River,10/12/2015 10:07:16 AM,10/12/2015 10:07:16 AM,UPPER IN-STREAM ARRAY,UPPER IN-STREAM ARRAY,10/12/2015,7,Bull Trout,R,Resident,W,Wild Fish or Natural Production,"CHIWAT - Chiwawa River Trap, 0.5 km below CHIP acclimation pond",SCREWT,Screw Trap,275,1
3DD.007741AAC5,NBD-2017-091-TUM.xml,CHW - Chiwaukum Creek,7/22/2017 11:54:53 PM,7/7/2018 12:52:03 AM,DOWNSTREAM ARRAY,UPSTREAM ARRAY,7/8/2017,7,Bull Trout,R,Resident,W,Wild Fish or Natural Production,TUMFBY - TUM - Release into the Forebay within 0.5 km upstream of Dam,LADDER,Adult Passage Ladder,NA,1
3DD.007741AAC5,NBD-2017-091-TUM.xml,TUF - Tumwater Dam Adult Fishway,6/23/2018 7:55:23 PM,6/23/2018 9:06:18 PM,High Flow Ladder Entrance,WEIR 17,7/8/2017,7,Bull Trout,R,Resident,W,Wild Fish or Natural Production,TUMFBY - TUM - Release into the Forebay within 0.5 km upstream of Dam,LADDER,Adult Passage Ladder,NA,1
3DD.007741ACC8,NBD-2019-163-001.xml,CHL - Lower Chiwawa River,9/24/2019 12:37:17 AM,9/24/2019 12:37:19 AM,LOWER IN-STREAM ARRAY,LOWER IN-STREAM ARRAY,6/12/2019,7,Bull Trout,R,Resident,W,Wild Fish or Natural Production,CHIWAR - Chiwawa River,WTRAP,Weir Trap,580,1
3DD.007741ACC8,NBD-2019-163-001.xml,CHU - Upper Chiwawa River,9/23/2019 8:41:25 PM,9/23/2019 8:41:25 PM,LOWER IN-STREAM ARRAY,LOWER IN-STREAM ARRAY,6/12/2019,7,Bull Trout,R,Resident,W,Wild Fish or Natural Production,CHIWAR - Chiwawa River,WTRAP,Weir Trap,580,1
3DD.007741ACC8,NBD-2019-163-001.xml,UWE - Upper Wenatchee River,10/3/2019 11:33:03 PM,10/3/2019 11:33:03 PM,IN-STREAM ARRAY,IN-STREAM ARRAY,6/12/2019,7,Bull Trout,R,Resident,W,Wild Fish or Natural Production,CHIWAR - Chiwawa River,WTRAP,Weir Trap,580,1
3DD.007741AD21,NBD-2016-074-TUM.xml,CHW - Chiwaukum Creek,6/29/2016 12:56:57 AM,6/29/2016 12:56:57 AM,UPSTREAM ARRAY,UPSTREAM ARRAY,5/27/2016,7,Bull Trout,R,Resident,W,Wild Fish or Natural Production,TUMFBY - TUM - Release into the Forebay within 0.5 km upstream of Dam,LADDER,Adult Passage Ladder,NA,1
3DD.007741AD5B,NBD18337.AAZ,UWE - Upper Wenatchee River,12/4/2018 4:06:26 AM,12/4/2018 4:06:30 AM,IN-STREAM ARRAY,IN-STREAM ARRAY,12/3/2018,7,Bull Trout,R,Resident,W,Wild Fish or Natural Production,"CHIWAT - Chiwawa River Trap, 0.5 km below CHIP acclimation pond",SCREWT,Screw Trap,182,1
3DD.007741AD91,NBD15231.AAZ,CHL - Lower Chiwawa River,8/19/2015 10:35:26 AM,8/19/2015 7:55:17 PM,LOWER IN-STREAM ARRAY,LOWER IN-STREAM ARRAY,8/19/2015,7,Bull Trout,R,Resident,W,Wild Fish or Natural Production,"CHIWAT - Chiwawa River Trap, 0.5 km below CHIP acclimation pond",SCREWT,Screw Trap,383,1
3DD.007741AD91,NBD15231.AAZ,UWE - Upper Wenatchee River,8/28/2015 9:48:43 PM,8/28/2015 9:48:43 PM,IN-STREAM ARRAY,IN-STREAM ARRAY,8/19/2015,7,Bull Trout,R,Resident,W,Wild Fish or Natural Production,"CHIWAT - Chiwawa River Trap, 0.5 km below CHIP acclimation pond",SCREWT,Screw Trap,383,1
3DD.007741AE0A,NBD-2019-163-001.xml,CHU - Upper Chiwawa River,7/13/2019 10:16:33 PM,7/13/2019 10:16:33 PM,UPPER IN-STREAM ARRAY,UPPER IN-STREAM ARRAY,6/27/2019,7,Bull Trout,R,Resident,W,Wild Fish or Natural Production,CHIWAR - Chiwawa River,WTRAP,Weir Trap,540,1
3DD.007741AE7F,NBD-2019-163-001.xml,CHL - Lower Chiwawa River,9/28/2019 6:37:06 PM,9/28/2019 6:37:40 PM,UPPER IN-STREAM ARRAY,LOWER IN-STREAM ARRAY,7/3/2019,7,Bull Trout,R,Resident,W,Wild Fish or Natural Production,CHIWAR - Chiwawa River,WTRAP,Weir Trap,590,1
3DD.007741AE7F,NBD-2019-163-001.xml,CHU - Upper Chiwawa River,7/3/2019 8:29:37 PM,9/27/2019 8:39:58 PM,LOWER IN-STREAM ARRAY,LOWER IN-STREAM ARRAY,7/3/2019,7,Bull Trout,R,Resident,W,Wild Fish or Natural Production,CHIWAR - Chiwawa River,WTRAP,Weir Trap,590,1
3DD.007741AE7F,NBD-2019-163-001.xml,UWE - Upper Wenatchee River,9/28/2019 11:04:09 PM,9/28/2019 11:04:09 PM,IN-STREAM ARRAY,IN-STREAM ARRAY,7/3/2019,7,Bull Trout,R,Resident,W,Wild Fish or Natural Production,CHIWAR - Chiwawa River,WTRAP,Weir Trap,590,1
3DD.007741AFD3,NBD-2016-074-TUM.xml,NAL - Lower Nason Creek,6/30/2016 12:49:18 AM,6/30/2016 12:49:18 AM,UPPER IN-STREAM ARRAY,UPPER IN-STREAM ARRAY,6/21/2016,7,Bull Trout,R,Resident,W,Wild Fish or Natural Production,TUMFBY - TUM - Release into the Forebay within 0.5 km upstream of Dam,LADDER,Adult Passage Ladder,NA,1
3DD.007741AFD3,NBD-2016-074-TUM.xml,NAU - Upper Nason Creek,7/2/2016 11:37:26 PM,7/25/2016 12:37:18 AM,LOWER IN-STREAM ARRAY,UPPER IN-STREAM ARRAY,6/21/2016,7,Bull Trout,R,Resident,W,Wild Fish or Natural Production,TUMFBY - TUM - Release into the Forebay within 0.5 km upstream of Dam,LADDER,Adult Passage Ladder,NA,1
3DD.007741AFD3,NBD-2016-074-TUM.xml,UWE - Upper Wenatchee River,6/29/2016 2:14:54 AM,6/29/2016 2:14:54 AM,IN-STREAM ARRAY,IN-STREAM ARRAY,6/21/2016,7,Bull Trout,R,Resident,W,Wild Fish or Natural Production,TUMFBY - TUM - Release into the Forebay within 0.5 km upstream of Dam,LADDER,Adult Passage Ladder,NA,1
3DD.007741B1A0,NBD-2019-163-001.xml,CHL - Lower Chiwawa River,9/14/2019 7:53:57 PM,9/10/2020 7:19:14 PM,LOWER IN-STREAM ARRAY,LOWER IN-STREAM ARRAY,6/12/2019,7,Bull Trout,R,Resident,W,Wild Fish or Natural Production,CHIWAR - Chiwawa River,WTRAP,Weir Trap,540,1
3DD.007741B1A0,NBD-2019-163-001.xml,CHU - Upper Chiwawa River,6/12/2019 1:32:39 PM,9/9/2020 11:37:36 PM,LOWER IN-STREAM ARRAY,LOWER IN-STREAM ARRAY,6/12/2019,7,Bull Trout,R,Resident,W,Wild Fish or Natural Production,CHIWAR - Chiwawa River,WTRAP,Weir Trap,540,1
3DD.007741B1A0,NBD-2019-163-001.xml,UWE - Upper Wenatchee River,9/14/2019 10:10:10 PM,12/1/2020 8:42:25 PM,IN-STREAM ARRAY,IN-STREAM ARRAY,6/12/2019,7,Bull Trout,R,Resident,W,Wild Fish or Natural Production,CHIWAR - Chiwawa River,WTRAP,Weir Trap,540,1
3DD.007741B1EE,NBD15200.AAZ,UWE - Upper Wenatchee River,7/20/2015 5:04:18 AM,7/20/2015 5:04:18 AM,IN-STREAM ARRAY,IN-STREAM ARRAY,7/19/2015,7,Bull Trout,R,Resident,W,Wild Fish or Natural Production,"CHIWAT - Chiwawa River Trap, 0.5 km below CHIP acclimation pond",SCREWT,Screw Trap,162,1
3DD.007741B2F8,CSS-2021-283-112.xml,UWE - Upper Wenatchee River,10/10/2021 11:53:24 PM,10/10/2021 11:53:24 PM,IN-STREAM ARRAY,IN-STREAM ARRAY,10/10/2021,7,Bull Trout,R,Resident,W,Wild Fish or Natural Production,"CHIWAT - Chiwawa River Trap, 0.5 km below CHIP acclimation pond",SCREWT,Screw Trap,221,1
3DD.007741B451,NBD17268.AAZ,UWE - Upper Wenatchee River,9/25/2017 9:14:55 PM,9/20/2020 7:15:50 PM,IN-STREAM ARRAY,IN-STREAM ARRAY,9/25/2017,7,Bull Trout,R,Resident,W,Wild Fish or Natural Production,"CHIWAT - Chiwawa River Trap, 0.5 km below CHIP acclimation pond",SCREWT,Screw Trap,273,1
3DD.007741B719,NBD15285.AAZ,CHL - Lower Chiwawa River,10/12/2015 2:28:12 PM,10/12/2015 2:30:58 PM,LOWER IN-STREAM ARRAY,UPPER IN-STREAM ARRAY,10/12/2015,7,Bull Trout,R,Resident,W,Wild Fish or Natural Production,"CHIWAT - Chiwawa River Trap, 0.5 km below CHIP acclimation pond",SCREWT,Screw Trap,255,1
3DD.007741B7DB,CSS-2020-260-112.xml,UWE - Upper Wenatchee River,9/16/2020 11:33:22 PM,9/16/2020 11:33:23 PM,IN-STREAM ARRAY,IN-STREAM ARRAY,9/16/2020,7,Bull Trout,R,Resident,W,Wild Fish or Natural Production,"CHIWAT - Chiwawa River Trap, 0.5 km below CHIP acclimation pond",SCREWT,Screw Trap,234,1
3DD.007741B960,NBD17288.AAZ,CHU - Upper Chiwawa River,7/2/2020 9:37:34 PM,9/20/2020 8:15:27 PM,LOWER IN-STREAM ARRAY,LOWER IN-STREAM ARRAY,10/15/2017,7,Bull Trout,R,Resident,W,Wild Fish or Natural Production,"CHIWAT - Chiwawa River Trap, 0.5 km below CHIP acclimation pond",SCREWT,Screw Trap,243,1
3DD.007741B960,NBD17288.AAZ,UWE - Upper Wenatchee River,10/16/2017 12:44:01 AM,9/21/2020 1:14:23 AM,IN-STREAM ARRAY,IN-STREAM ARRAY,10/15/2017,7,Bull Trout,R,Resident,W,Wild Fish or Natural Production,"CHIWAT - Chiwawa River Trap, 0.5 km below CHIP acclimation pond",SCREWT,Screw Trap,243,1
3DD.007741BA23,NBD-2019-163-001.xml,CHL - Lower Chiwawa River,9/19/2021 11:02:19 PM,9/19/2021 11:02:19 PM,LOWER IN-STREAM ARRAY,LOWER IN-STREAM ARRAY,7/1/2019,7,Bull Trout,R,Resident,W,Wild Fish or Natural Production,CHIWAR - Chiwawa River,WTRAP,Weir Trap,440,1
3DD.007741BA23,NBD-2019-163-001.xml,CHU - Upper Chiwawa River,7/1/2019 8:45:43 PM,9/19/2021 8:37:09 PM,LOWER IN-STREAM ARRAY,LOWER IN-STREAM ARRAY,7/1/2019,7,Bull Trout,R,Resident,W,Wild Fish or Natural Production,CHIWAR - Chiwawa River,WTRAP,Weir Trap,440,1
3DD.007741BA23,NBD-2019-163-001.xml,UWE - Upper Wenatchee River,9/14/2019 10:54:56 PM,9/23/2020 2:20:53 AM,IN-STREAM ARRAY,IN-STREAM ARRAY,7/1/2019,7,Bull Trout,R,Resident,W,Wild Fish or Natural Production,CHIWAR - Chiwawa River,WTRAP,Weir Trap,440,1
3DD.007741BAD1,CSS-2021-284-112.xml,CHL - Lower Chiwawa River,5/4/2024 11:52:40 PM,9/27/2025 8:34:00 PM,UPPER IN-STREAM ARRAY,LOWER IN-STREAM ARRAY,10/11/2021,7,Bull Trout,R,Resident,W,Wild Fish or Natural Production,"CHIWAT - Chiwawa River Trap, 0.5 km below CHIP acclimation pond",SCREWT,Screw Trap,220,1
3DD.007741BAD1,CSS-2021-284-112.xml,CHU - Upper Chiwawa River,5/23/2024 11:20:41 PM,9/27/2025 12:20:46 AM,LOWER IN-STREAM ARRAY,LOWER IN-STREAM ARRAY,10/11/2021,7,Bull Trout,R,Resident,W,Wild Fish or Natural Production,"CHIWAT - Chiwawa River Trap, 0.5 km below CHIP acclimation pond",SCREWT,Screw Trap,220,1
3DD.007741BAD1,CSS-2021-284-112.xml,CWT - Chiwawa River Weir Trap Array,8/5/2025 1:19:06 AM,9/27/2025 8:24:36 PM,Single Pass,Single Pass,10/11/2021,7,Bull Trout,R,Resident,W,Wild Fish or Natural Production,"CHIWAT - Chiwawa River Trap, 0.5 km below CHIP acclimation pond",SCREWT,Screw Trap,220,1
3DD.007741BAD1,CSS-2021-284-112.xml,UWE - Upper Wenatchee River,10/11/2021 10:33:37 PM,10/11/2021 10:33:37 PM,IN-STREAM ARRAY,IN-STREAM ARRAY,10/11/2021,7,Bull Trout,R,Resident,W,Wild Fish or Natural Production,"CHIWAT - Chiwawa River Trap, 0.5 km below CHIP acclimation pond",SCREWT,Screw Trap,220,1
3DD.007741BB64,NBD15293.AAZ,UWE - Upper Wenatchee River,10/21/2015 3:27:47 AM,10/21/2015 3:27:47 AM,IN-STREAM ARRAY,IN-STREAM ARRAY,10/20/2015,7,Bull Trout,R,Resident,W,Wild Fish or Natural Production,"CHIWAT - Chiwawa River Trap, 0.5 km below CHIP acclimation pond",SCREWT,Screw Trap,254,1
3DD.007741BC4D,CSS-2020-253-112.xml,CHL - Lower Chiwawa River,9/9/2020 8:11:07 AM,9/9/2020 8:11:07 AM,LOWER IN-STREAM ARRAY,LOWER IN-STREAM ARRAY,9/9/2020,7,Bull Trout,R,Resident,W,Wild Fish or Natural Production,"CHIWAT - Chiwawa River Trap, 0.5 km below CHIP acclimation pond",SCREWT,Screw Trap,233,1
3DD.007741BC9B,NBD17283.AAZ,CHL - Lower Chiwawa River,10/10/2017 8:09:18 PM,9/22/2018 9:24:08 PM,LOWER IN-STREAM ARRAY,UPPER IN-STREAM ARRAY,10/10/2017,7,Bull Trout,R,Resident,W,Wild Fish or Natural Production,"CHIWAT - Chiwawa River Trap, 0.5 km below CHIP acclimation pond",SCREWT,Screw Trap,450,1
3DD.007741BC9B,NBD17283.AAZ,CHU - Upper Chiwawa River,9/22/2018 5:21:23 AM,9/22/2018 5:21:34 AM,UPPER IN-STREAM ARRAY,LOWER IN-STREAM ARRAY,10/10/2017,7,Bull Trout,R,Resident,W,Wild Fish or Natural Production,"CHIWAT - Chiwawa River Trap, 0.5 km below CHIP acclimation pond",SCREWT,Screw Trap,450,1
3DD.007741BC9B,NBD17283.AAZ,NAL - Lower Nason Creek,3/11/2018 1:32:09 AM,4/25/2018 4:30:18 AM,UPPER IN-STREAM ARRAY,LOWER IN-STREAM ARRAY,10/10/2017,7,Bull Trout,R,Resident,W,Wild Fish or Natural Production,"CHIWAT - Chiwawa River Trap, 0.5 km below CHIP acclimation pond",SCREWT,Screw Trap,450,1
3DD.007741BC9B,NBD17283.AAZ,UWE - Upper Wenatchee River,10/13/2017 7:27:07 PM,9/23/2018 5:30:01 AM,IN-STREAM ARRAY,IN-STREAM ARRAY,10/10/2017,7,Bull Trout,R,Resident,W,Wild Fish or Natural Production,"CHIWAT - Chiwawa River Trap, 0.5 km below CHIP acclimation pond",SCREWT,Screw Trap,450,1
3DD.007741BD81,NBD-2017-091-TUM.xml,CHW - Chiwaukum Creek,7/13/2017 12:59:26 AM,7/18/2021 3:36:48 AM,DOWNSTREAM ARRAY,UPSTREAM ARRAY,6/30/2017,7,Bull Trout,R,Resident,W,Wild Fish or Natural Production,TUMFBY - TUM - Release into the Forebay within 0.5 km upstream of Dam,LADDER,Adult Passage Ladder,NA,1
3DD.007741BD81,NBD-2017-091-TUM.xml,TUF - Tumwater Dam Adult Fishway,6/30/2018 8:29:35 PM,7/14/2021 11:02:02 AM,High Flow Ladder Entrance,WEIR 17,6/30/2017,7,Bull Trout,R,Resident,W,Wild Fish or Natural Production,TUMFBY - TUM - Release into the Forebay within 0.5 km upstream of Dam,LADDER,Adult Passage Ladder,NA,1
3DD.007741BEEE,NBD18313.AAZ,CHL - Lower Chiwawa River,8/20/2021 3:42:01 AM,7/12/2024 11:45:37 PM,UPPER IN-STREAM ARRAY,UPPER IN-STREAM ARRAY,11/11/2018,7,Bull Trout,R,Resident,W,Wild Fish or Natural Production,"CHIWAT - Chiwawa River Trap, 0.5 km below CHIP acclimation pond",SCREWT,Screw Trap,236,1
3DD.007741BEEE,NBD18313.AAZ,CHU - Upper Chiwawa River,8/22/2021 12:52:50 AM,10/10/2024 11:06:35 PM,LOWER IN-STREAM ARRAY,LOWER IN-STREAM ARRAY,11/11/2018,7,Bull Trout,R,Resident,W,Wild Fish or Natural Production,"CHIWAT - Chiwawa River Trap, 0.5 km below CHIP acclimation pond",SCREWT,Screw Trap,236,1
3DD.007741BEEE,NBD18313.AAZ,UWE - Upper Wenatchee River,10/22/2021 12:48:48 AM,10/14/2023 6:02:24 AM,IN-STREAM ARRAY,IN-STREAM ARRAY,11/11/2018,7,Bull Trout,R,Resident,W,Wild Fish or Natural Production,"CHIWAT - Chiwawa River Trap, 0.5 km below CHIP acclimation pond",SCREWT,Screw Trap,236,1
3DD.007741BF05,NBD-2016-074-TUM.xml,CHW - Chiwaukum Creek,7/12/2016 4:25:32 AM,7/12/2016 4:27:07 AM,UPSTREAM ARRAY,UPSTREAM ARRAY,5/26/2016,7,Bull Trout,R,Resident,W,Wild Fish or Natural Production,TUMFBY - TUM - Release into the Forebay within 0.5 km upstream of Dam,LADDER,Adult Passage Ladder,NA,1
3DD.007741BF05,NBD-2016-074-TUM.xml,TUF - Tumwater Dam Adult Fishway,6/5/2016 7:45:55 PM,7/9/2016 7:28:38 PM,WEIR 14,WEIR 17,5/26/2016,7,Bull Trout,R,Resident,W,Wild Fish or Natural Production,TUMFBY - TUM - Release into the Forebay within 0.5 km upstream of Dam,LADDER,Adult Passage Ladder,NA,1
3DD.007741BF76,NBD15186.AAZ,CHL - Lower Chiwawa River,7/8/2015 1:31:04 AM,7/17/2015 7:08:50 PM,LOWER IN-STREAM ARRAY,UPPER IN-STREAM ARRAY,7/5/2015,7,Bull Trout,R,Resident,W,Wild Fish or Natural Production,"CHIWAT - Chiwawa River Trap, 0.5 km below CHIP acclimation pond",SCREWT,Screw Trap,171,1
3DD.007741BFCE,NBD-2019-163-001.xml,CHL - Lower Chiwawa River,8/8/2020 11:38:57 PM,9/30/2023 7:50:37 PM,UPPER IN-STREAM ARRAY,LOWER IN-STREAM ARRAY,7/3/2019,7,Bull Trout,R,Resident,W,Wild Fish or Natural Production,CHIWAR - Chiwawa River,WTRAP,Weir Trap,580,1
3DD.007741BFCE,NBD-2019-163-001.xml,CHU - Upper Chiwawa River,9/25/2019 11:49:39 PM,9/29/2023 10:32:39 PM,UPPER IN-STREAM ARRAY,UPPER IN-STREAM ARRAY,7/3/2019,7,Bull Trout,R,Resident,W,Wild Fish or Natural Production,CHIWAR - Chiwawa River,WTRAP,Weir Trap,580,1
3DD.007741BFCE,NBD-2019-163-001.xml,LWN - Little Wenatchee River,6/3/2020 10:58:45 PM,4/15/2024 5:43:27 AM,UPPER IN-STREAM ARRAY,UPPER IN-STREAM ARRAY,7/3/2019,7,Bull Trout,R,Resident,W,Wild Fish or Natural Production,CHIWAR - Chiwawa River,WTRAP,Weir Trap,580,1
3DD.007741BFCE,NBD-2019-163-001.xml,UWE - Upper Wenatchee River,9/26/2019 10:27:09 PM,9/26/2019 10:27:10 PM,IN-STREAM ARRAY,IN-STREAM ARRAY,7/3/2019,7,Bull Trout,R,Resident,W,Wild Fish or Natural Production,CHIWAR - Chiwawa River,WTRAP,Weir Trap,580,1
3DD.007741C052,NBD16292.AAZ,CHL - Lower Chiwawa River,10/20/2019 2:16:23 AM,7/29/2020 3:40:09 AM,UPPER IN-STREAM ARRAY,LOWER IN-STREAM ARRAY,10/18/2016,7,Bull Trout,R,Resident,W,Wild Fish or Natural Production,"CHIWAT - Chiwawa River Trap, 0.5 km below CHIP acclimation pond",SCREWT,Screw Trap,251,1
3DD.007741C052,NBD16292.AAZ,CHU - Upper Chiwawa River,8/13/2019 1:47:01 AM,9/27/2021 7:54:40 PM,LOWER IN-STREAM ARRAY,LOWER IN-STREAM ARRAY,10/18/2016,7,Bull Trout,R,Resident,W,Wild Fish or Natural Production,"CHIWAT - Chiwawa River Trap, 0.5 km below CHIP acclimation pond",SCREWT,Screw Trap,251,1
3DD.007741C052,NBD16292.AAZ,LWN - Little Wenatchee River,6/1/2017 9:21:16 AM,8/3/2017 12:22:27 AM,LOWER IN-STREAM ARRAY,LOWER IN-STREAM ARRAY,10/18/2016,7,Bull Trout,R,Resident,W,Wild Fish or Natural Production,"CHIWAT - Chiwawa River Trap, 0.5 km below CHIP acclimation pond",SCREWT,Screw Trap,251,1
3DD.007741C052,NBD16292.AAZ,UWE - Upper Wenatchee River,10/19/2016 7:10:38 AM,9/28/2021 12:58:35 AM,IN-STREAM ARRAY,IN-STREAM ARRAY,10/18/2016,7,Bull Trout,R,Resident,W,Wild Fish or Natural Production,"CHIWAT - Chiwawa River Trap, 0.5 km below CHIP acclimation pond",SCREWT,Screw Trap,251,1
3DD.007741C052,NBD16292.AAZ,"WTL - White River, Wenatchee Basin",6/3/2018 11:44:35 AM,5/29/2020 11:32:23 AM,LOWER IN-STREAM ARRAY,UPPER IN-STREAM ARRAY,10/18/2016,7,Bull Trout,R,Resident,W,Wild Fish or Natural Production,"CHIWAT - Chiwawa River Trap, 0.5 km below CHIP acclimation pond",SCREWT,Screw Trap,251,1
3DD.007741C054,NBD-2015-212-TUM.xml,TUF - Tumwater Dam Adult Fishway,7/4/2016 12:08:37 PM,7/4/2016 12:23:37 PM,WEIR 14,WEIR 17,11/3/2015,7,Bull Trout,R,Resident,W,Wild Fish or Natural Production,TUMFBY - TUM - Release into the Forebay within 0.5 km upstream of Dam,LADDER,Adult Passage Ladder,NA,1
3DD.007741C054,NBD-2015-212-TUM.xml,UWE - Upper Wenatchee River,9/19/2016 7:14:42 PM,9/19/2016 7:14:42 PM,IN-STREAM ARRAY,IN-STREAM ARRAY,11/3/2015,7,Bull Trout,R,Resident,W,Wild Fish or Natural Production,TUMFBY - TUM - Release into the Forebay within 0.5 km upstream of Dam,LADDER,Adult Passage Ladder,NA,1
3DD.007741C0BC,CSS-2020-254-112.xml,CHL - Lower Chiwawa River,7/17/2023 2:53:18 AM,6/25/2025 1:48:43 AM,LOWER IN-STREAM ARRAY,LOWER IN-STREAM ARRAY,9/10/2020,7,Bull Trout,R,Resident,W,Wild Fish or Natural Production,"CHIWAT - Chiwawa River Trap, 0.5 km below CHIP acclimation pond",SCREWT,Screw Trap,213,1
3DD.007741C0BC,CSS-2020-254-112.xml,CHU - Upper Chiwawa River,7/19/2023 10:42:14 PM,9/29/2025 5:22:08 AM,LOWER IN-STREAM ARRAY,LOWER IN-STREAM ARRAY,9/10/2020,7,Bull Trout,R,Resident,W,Wild Fish or Natural Production,"CHIWAT - Chiwawa River Trap, 0.5 km below CHIP acclimation pond",SCREWT,Screw Trap,213,1
3DD.007741C0BC,CSS-2020-254-112.xml,CWT - Chiwawa River Weir Trap Array,6/25/2025 8:55:21 PM,10/2/2025 5:48:38 AM,Single Pass,Single Pass,9/10/2020,7,Bull Trout,R,Resident,W,Wild Fish or Natural Production,"CHIWAT - Chiwawa River Trap, 0.5 km below CHIP acclimation pond",SCREWT,Screw Trap,213,1
3DD.007741C0BC,CSS-2020-254-112.xml,UWE - Upper Wenatchee River,9/11/2020 9:09:02 AM,9/11/2020 6:32:08 PM,IN-STREAM ARRAY,IN-STREAM ARRAY,9/10/2020,7,Bull Trout,R,Resident,W,Wild Fish or Natural Production,"CHIWAT - Chiwawa River Trap, 0.5 km below CHIP acclimation pond",SCREWT,Screw Trap,213,1
3DD.007741C13D,NBD17279.AAZ,UWE - Upper Wenatchee River,10/6/2017 11:52:34 PM,10/6/2017 11:52:34 PM,IN-STREAM ARRAY,IN-STREAM ARRAY,10/6/2017,7,Bull Trout,R,Resident,W,Wild Fish or Natural Production,"CHIWAT - Chiwawa River Trap, 0.5 km below CHIP acclimation pond",SCREWT,Screw Trap,271,1
3DD.007741C181,NBD15282.AAZ,UWE - Upper Wenatchee River,10/9/2015 11:03:03 PM,10/9/2015 11:03:03 PM,IN-STREAM ARRAY,IN-STREAM ARRAY,10/9/2015,7,Bull Trout,R,Resident,W,Wild Fish or Natural Production,"CHIWAT - Chiwawa River Trap, 0.5 km below CHIP acclimation pond",SCREWT,Screw Trap,219,1
3DD.007741C1DB,NBD-2018-178-001.xml,BCP - Butcher Creek Acclimation Pond,4/16/2019 1:28:11 AM,5/2/2019 8:34:38 PM,POND EXIT,POND EXIT,7/7/2018,7,Bull Trout,R,Resident,W,Wild Fish or Natural Production,CHIWAR - Chiwawa River,WTRAP,Weir Trap,580,1
3DD.007741C1DB,NBD-2018-178-001.xml,CHL - Lower Chiwawa River,7/1/2019 10:44:24 PM,7/1/2019 10:44:26 PM,LOWER IN-STREAM ARRAY,LOWER IN-STREAM ARRAY,7/7/2018,7,Bull Trout,R,Resident,W,Wild Fish or Natural Production,CHIWAR - Chiwawa River,WTRAP,Weir Trap,580,1
3DD.007741C1DB,NBD-2018-178-001.xml,CHU - Upper Chiwawa River,7/7/2018 8:45:25 PM,7/8/2018 4:03:33 AM,LOWER IN-STREAM ARRAY,UPPER IN-STREAM ARRAY,7/7/2018,7,Bull Trout,R,Resident,W,Wild Fish or Natural Production,CHIWAR - Chiwawa River,WTRAP,Weir Trap,580,1
3DD.007741C1DB,NBD-2018-178-001.xml,NAL - Lower Nason Creek,11/3/2018 8:31:52 PM,6/7/2019 11:55:10 PM,LOWER IN-STREAM ARRAY,LOWER IN-STREAM ARRAY,7/7/2018,7,Bull Trout,R,Resident,W,Wild Fish or Natural Production,CHIWAR - Chiwawa River,WTRAP,Weir Trap,580,1
3DD.007741C1DB,NBD-2018-178-001.xml,UWE - Upper Wenatchee River,10/11/2018 8:10:41 PM,10/11/2018 8:10:41 PM,IN-STREAM ARRAY,IN-STREAM ARRAY,7/7/2018,7,Bull Trout,R,Resident,W,Wild Fish or Natural Production,CHIWAR - Chiwawa River,WTRAP,Weir Trap,580,1
3DD.007741C6B0,NBD17283.AAZ,RIA - Rock Island Adult,6/24/2018 9:06:22 PM,6/24/2018 9:06:37 PM,Right Ladder Exit Channel,Right Ladder Exit Channel,10/10/2017,7,Bull Trout,R,Resident,W,Wild Fish or Natural Production,"CHIWAT - Chiwawa River Trap, 0.5 km below CHIP acclimation pond",SCREWT,Screw Trap,220,1
3DD.007741C6B0,NBD17283.AAZ,TUF - Tumwater Dam Adult Fishway,10/19/2017 12:12:59 AM,10/19/2017 12:12:59 AM,Low Flow Ladder Entrance,Low Flow Ladder Entrance,10/10/2017,7,Bull Trout,R,Resident,W,Wild Fish or Natural Production,"CHIWAT - Chiwawa River Trap, 0.5 km below CHIP acclimation pond",SCREWT,Screw Trap,220,1
3DD.007741C7EF,NBD15176.AAZ,CHL - Lower Chiwawa River,8/5/2018 1:39:58 AM,8/5/2018 1:39:58 AM,UPPER IN-STREAM ARRAY,UPPER IN-STREAM ARRAY,6/25/2015,7,Bull Trout,R,Resident,W,Wild Fish or Natural Production,"CHIWAT - Chiwawa River Trap, 0.5 km below CHIP acclimation pond",SCREWT,Screw Trap,236,1
3DD.007741C7EF,NBD15176.AAZ,UWE - Upper Wenatchee River,6/30/2015 5:53:30 AM,6/30/2015 5:53:30 AM,IN-STREAM ARRAY,IN-STREAM ARRAY,6/25/2015,7,Bull Trout,R,Resident,W,Wild Fish or Natural Production,"CHIWAT - Chiwawa River Trap, 0.5 km below CHIP acclimation pond",SCREWT,Screw Trap,236,1
3DD.007741C7EF,NBD15176.AAZ,"WTL - White River, Wenatchee Basin",7/3/2015 6:07:34 AM,8/14/2015 2:47:59 PM,LOWER IN-STREAM ARRAY,LOWER IN-STREAM ARRAY,6/25/2015,7,Bull Trout,R,Resident,W,Wild Fish or Natural Production,"CHIWAT - Chiwawa River Trap, 0.5 km below CHIP acclimation pond",SCREWT,Screw Trap,236,1
3DD.007741C87D,NBD17275.AAZ,CHL - Lower Chiwawa River,10/2/2017 6:35:03 PM,10/3/2017 7:06:53 PM,UPPER IN-STREAM ARRAY,LOWER IN-STREAM ARRAY,10/2/2017,7,Bull Trout,R,Resident,W,Wild Fish or Natural Production,"CHIWAT - Chiwawa River Trap, 0.5 km below CHIP acclimation pond",SCREWT,Screw Trap,271,1
3DD.007741C87D,NBD17275.AAZ,CHU - Upper Chiwawa River,7/6/2020 9:57:48 PM,7/6/2020 9:57:48 PM,LOWER IN-STREAM ARRAY,LOWER IN-STREAM ARRAY,10/2/2017,7,Bull Trout,R,Resident,W,Wild Fish or Natural Production,"CHIWAT - Chiwawa River Trap, 0.5 km below CHIP acclimation pond",SCREWT,Screw Trap,271,1
3DD.007741C87D,NBD17275.AAZ,UWE - Upper Wenatchee River,10/23/2017 10:22:03 AM,7/3/2019 9:23:04 PM,IN-STREAM ARRAY,IN-STREAM ARRAY,10/2/2017,7,Bull Trout,R,Resident,W,Wild Fish or Natural Production,"CHIWAT - Chiwawa River Trap, 0.5 km below CHIP acclimation pond",SCREWT,Screw Trap,271,1
3DD.007741C9A6,NBD17266.AAZ,CHL - Lower Chiwawa River,9/22/2017 7:08:00 PM,9/28/2020 8:16:29 PM,LOWER IN-STREAM ARRAY,LOWER IN-STREAM ARRAY,9/23/2017,7,Bull Trout,R,Resident,W,Wild Fish or Natural Production,"CHIWAT - Chiwawa River Trap, 0.5 km below CHIP acclimation pond",SCREWT,Screw Trap,380,1
3DD.007741C9A6,NBD17266.AAZ,CHU - Upper Chiwawa River,10/6/2019 10:11:00 PM,10/6/2019 10:11:02 PM,UPPER IN-STREAM ARRAY,UPPER IN-STREAM ARRAY,9/23/2017,7,Bull Trout,R,Resident,W,Wild Fish or Natural Production,"CHIWAT - Chiwawa River Trap, 0.5 km below CHIP acclimation pond",SCREWT,Screw Trap,380,1
3DD.007741C9A6,NBD17266.AAZ,UWE - Upper Wenatchee River,9/23/2017 12:21:33 AM,10/8/2020 9:06:58 PM,IN-STREAM ARRAY,IN-STREAM ARRAY,9/23/2017,7,Bull Trout,R,Resident,W,Wild Fish or Natural Production,"CHIWAT - Chiwawa River Trap, 0.5 km below CHIP acclimation pond",SCREWT,Screw Trap,380,1
3DD.007741CA84,NBD-2020-189-001.xml,CHL - Lower Chiwawa River,10/1/2020 3:11:42 AM,9/26/2024 6:37:51 PM,UPPER IN-STREAM ARRAY,LOWER IN-STREAM ARRAY,7/13/2020,7,Bull Trout,R,Resident,W,Wild Fish or Natural Production,CHIWAR - Chiwawa River,WTRAP,Weir Trap,460,1
3DD.007741CA84,NBD-2020-189-001.xml,CHU - Upper Chiwawa River,7/13/2020 3:04:12 PM,9/25/2024 10:14:12 PM,LOWER IN-STREAM ARRAY,UPPER IN-STREAM ARRAY,7/13/2020,7,Bull Trout,R,Resident,W,Wild Fish or Natural Production,CHIWAR - Chiwawa River,WTRAP,Weir Trap,460,1
3DD.007741CA84,NBD-2020-189-001.xml,UWE - Upper Wenatchee River,10/1/2020 6:30:14 PM,7/4/2023 12:17:04 AM,IN-STREAM ARRAY,IN-STREAM ARRAY,7/13/2020,7,Bull Trout,R,Resident,W,Wild Fish or Natural Production,CHIWAR - Chiwawa River,WTRAP,Weir Trap,460,1
3DD.007741CB90,NBD18335.AAZ,UWE - Upper Wenatchee River,12/4/2018 5:36:18 PM,12/4/2018 5:36:34 PM,IN-STREAM ARRAY,IN-STREAM ARRAY,12/1/2018,7,Bull Trout,R,Resident,W,Wild Fish or Natural Production,"CHIWAT - Chiwawa River Trap, 0.5 km below CHIP acclimation pond",SCREWT,Screw Trap,207,1
3DD.007741CBE3,NBD-2017-091-TUM.xml,CHW - Chiwaukum Creek,7/24/2017 11:04:31 PM,7/6/2018 4:15:54 AM,DOWNSTREAM ARRAY,UPSTREAM ARRAY,7/10/2017,7,Bull Trout,R,Resident,W,Wild Fish or Natural Production,TUMFBY - TUM - Release into the Forebay within 0.5 km upstream of Dam,LADDER,Adult Passage Ladder,NA,1
3DD.007741CBE3,NBD-2017-091-TUM.xml,TUF - Tumwater Dam Adult Fishway,6/23/2018 4:39:33 PM,6/28/2018 10:25:30 PM,High Flow Ladder Entrance,WEIR 17,7/10/2017,7,Bull Trout,R,Resident,W,Wild Fish or Natural Production,TUMFBY - TUM - Release into the Forebay within 0.5 km upstream of Dam,LADDER,Adult Passage Ladder,NA,1
3DD.007741CBF7,NBD15297.AAZ,UWE - Upper Wenatchee River,10/24/2015 10:27:15 PM,10/24/2015 10:27:15 PM,IN-STREAM ARRAY,IN-STREAM ARRAY,10/24/2015,7,Bull Trout,R,Resident,W,Wild Fish or Natural Production,"CHIWAT - Chiwawa River Trap, 0.5 km below CHIP acclimation pond",SCREWT,Screw Trap,210,1
3DD.007741CD41,NBD18317.AAZ,UWE - Upper Wenatchee River,11/14/2018 2:38:47 AM,11/14/2018 2:39:52 AM,IN-STREAM ARRAY,IN-STREAM ARRAY,11/13/2018,7,Bull Trout,R,Resident,W,Wild Fish or Natural Production,"CHIWAT - Chiwawa River Trap, 0.5 km below CHIP acclimation pond",SCREWT,Screw Trap,202,1
3DD.007741CD7C,NBD-2019-163-001.xml,CHL - Lower Chiwawa River,9/25/2019 3:49:36 AM,9/29/2023 12:00:40 AM,UPPER IN-STREAM ARRAY,LOWER IN-STREAM ARRAY,7/3/2019,7,Bull Trout,R,Resident,W,Wild Fish or Natural Production,CHIWAR - Chiwawa River,WTRAP,Weir Trap,530,1
3DD.007741CD7C,NBD-2019-163-001.xml,CHU - Upper Chiwawa River,7/3/2019 8:33:08 PM,9/28/2023 7:47:06 PM,LOWER IN-STREAM ARRAY,UPPER IN-STREAM ARRAY,7/3/2019,7,Bull Trout,R,Resident,W,Wild Fish or Natural Production,CHIWAR - Chiwawa River,WTRAP,Weir Trap,530,1
3DD.007741CD7C,NBD-2019-163-001.xml,LWN - Little Wenatchee River,7/7/2024 2:35:01 PM,7/7/2024 2:35:08 PM,LOWER IN-STREAM ARRAY,UPPER IN-STREAM ARRAY,7/3/2019,7,Bull Trout,R,Resident,W,Wild Fish or Natural Production,CHIWAR - Chiwawa River,WTRAP,Weir Trap,530,1
3DD.007741CD7C,NBD-2019-163-001.xml,UWE - Upper Wenatchee River,9/25/2019 6:58:28 PM,9/29/2021 2:45:13 AM,IN-STREAM ARRAY,IN-STREAM ARRAY,7/3/2019,7,Bull Trout,R,Resident,W,Wild Fish or Natural Production,CHIWAR - Chiwawa River,WTRAP,Weir Trap,530,1
3DD.007741D45E,NBD15288.AAZ,CHL - Lower Chiwawa River,10/15/2015 9:53:00 AM,10/15/2015 9:53:00 AM,UPPER IN-STREAM ARRAY,UPPER IN-STREAM ARRAY,10/15/2015,7,Bull Trout,R,Resident,W,Wild Fish or Natural Production,"CHIWAT - Chiwawa River Trap, 0.5 km below CHIP acclimation pond",SCREWT,Screw Trap,236,1
3DD.007741D480,NBD-2018-318-AAZ.xml,UWE - Upper Wenatchee River,11/24/2018 2:25:44 AM,11/24/2018 2:25:50 AM,IN-STREAM ARRAY,IN-STREAM ARRAY,11/14/2018,7,Bull Trout,R,Resident,W,Wild Fish or Natural Production,"CHIWAT - Chiwawa River Trap, 0.5 km below CHIP acclimation pond",SCREWT,Screw Trap,195,1
3DD.007741D487,NBD-2015-212-TUM.xml,CHL - Lower Chiwawa River,8/27/2015 7:36:35 PM,8/28/2015 12:29:13 AM,LOWER IN-STREAM ARRAY,LOWER IN-STREAM ARRAY,8/24/2015,7,Bull Trout,R,Resident,W,Wild Fish or Natural Production,TUMFBY - TUM - Release into the Forebay within 0.5 km upstream of Dam,LADDER,Adult Passage Ladder,NA,1
3DD.007741D487,NBD-2015-212-TUM.xml,NAL - Lower Nason Creek,9/2/2015 9:20:40 PM,9/3/2015 3:58:17 AM,UPPER IN-STREAM ARRAY,LOWER IN-STREAM ARRAY,8/24/2015,7,Bull Trout,R,Resident,W,Wild Fish or Natural Production,TUMFBY - TUM - Release into the Forebay within 0.5 km upstream of Dam,LADDER,Adult Passage Ladder,NA,1
3DD.007741D487,NBD-2015-212-TUM.xml,NAU - Upper Nason Creek,6/26/2016 12:46:19 AM,6/26/2016 12:46:38 AM,LOWER IN-STREAM ARRAY,UPPER IN-STREAM ARRAY,8/24/2015,7,Bull Trout,R,Resident,W,Wild Fish or Natural Production,TUMFBY - TUM - Release into the Forebay within 0.5 km upstream of Dam,LADDER,Adult Passage Ladder,NA,1
3DD.007741D487,NBD-2015-212-TUM.xml,TUF - Tumwater Dam Adult Fishway,6/13/2016 2:18:56 PM,6/16/2016 4:15:36 PM,WEIR 14,WEIR 17,8/24/2015,7,Bull Trout,R,Resident,W,Wild Fish or Natural Production,TUMFBY - TUM - Release into the Forebay within 0.5 km upstream of Dam,LADDER,Adult Passage Ladder,NA,1
3DD.007741D487,NBD-2015-212-TUM.xml,UWE - Upper Wenatchee River,9/1/2015 10:10:10 PM,9/1/2015 10:10:10 PM,IN-STREAM ARRAY,IN-STREAM ARRAY,8/24/2015,7,Bull Trout,R,Resident,W,Wild Fish or Natural Production,TUMFBY - TUM - Release into the Forebay within 0.5 km upstream of Dam,LADDER,Adult Passage Ladder,NA,1
3DD.007741D4A6,NBD17271.AAZ,UWE - Upper Wenatchee River,9/28/2017 10:27:16 PM,9/28/2017 10:27:16 PM,IN-STREAM ARRAY,IN-STREAM ARRAY,9/28/2017,7,Bull Trout,R,Resident,W,Wild Fish or Natural Production,"CHIWAT - Chiwawa River Trap, 0.5 km below CHIP acclimation pond",SCREWT,Screw Trap,410,1
3DD.007741D4FB,CSS-2019-095-112.xml,CHL - Lower Chiwawa River,4/5/2019 10:55:39 AM,4/5/2019 11:03:43 AM,UPPER IN-STREAM ARRAY,UPPER IN-STREAM ARRAY,4/5/2019,7,Bull Trout,R,Resident,W,Wild Fish or Natural Production,"CHIWAT - Chiwawa River Trap, 0.5 km below CHIP acclimation pond",SCREWT,Screw Trap,177,1
3DD.007741D561,CSS-2020-258-112.xml,CHL - Lower Chiwawa River,10/1/2024 2:32:10 AM,5/26/2026 3:04:36 AM,LOWER IN-STREAM ARRAY,UPPER IN-STREAM ARRAY,9/14/2020,7,Bull Trout,R,Resident,W,Wild Fish or Natural Production,"CHIWAT - Chiwawa River Trap, 0.5 km below CHIP acclimation pond",SCREWT,Screw Trap,262,1
3DD.007741D561,CSS-2020-258-112.xml,CHU - Upper Chiwawa River,6/15/2024 11:58:27 PM,9/29/2025 10:27:24 PM,UPPER IN-STREAM ARRAY,LOWER IN-STREAM ARRAY,9/14/2020,7,Bull Trout,R,Resident,W,Wild Fish or Natural Production,"CHIWAT - Chiwawa River Trap, 0.5 km below CHIP acclimation pond",SCREWT,Screw Trap,262,1
3DD.007741D561,CSS-2020-258-112.xml,CWT - Chiwawa River Weir Trap Array,5/26/2026 3:59:50 AM,5/26/2026 3:59:50 AM,Single Pass,Single Pass,9/14/2020,7,Bull Trout,R,Resident,W,Wild Fish or Natural Production,"CHIWAT - Chiwawa River Trap, 0.5 km below CHIP acclimation pond",SCREWT,Screw Trap,262,1
3DD.007741D561,CSS-2020-258-112.xml,UWE - Upper Wenatchee River,9/14/2020 10:09:12 PM,9/14/2020 10:09:13 PM,IN-STREAM ARRAY,IN-STREAM ARRAY,9/14/2020,7,Bull Trout,R,Resident,W,Wild Fish or Natural Production,"CHIWAT - Chiwawa River Trap, 0.5 km below CHIP acclimation pond",SCREWT,Screw Trap,262,1
3DD.007741D7B5,NBD17271.AAZ,UWE - Upper Wenatchee River,9/28/2017 11:30:36 PM,9/28/2017 11:30:36 PM,IN-STREAM ARRAY,IN-STREAM ARRAY,9/28/2017,7,Bull Trout,R,Resident,W,Wild Fish or Natural Production,"CHIWAT - Chiwawa River Trap, 0.5 km below CHIP acclimation pond",SCREWT,Screw Trap,519,1
3DD.007741D7DE,NBD-2016-074-TUM.xml,CHW - Chiwaukum Creek,6/29/2016 4:41:49 PM,10/2/2016 3:54:53 AM,DOWNSTREAM ARRAY,DOWNSTREAM ARRAY,6/21/2016,7,Bull Trout,R,Resident,W,Wild Fish or Natural Production,TUMFBY - TUM - Release into the Forebay within 0.5 km upstream of Dam,LADDER,Adult Passage Ladder,NA,1
3DD.007741DA5E,NBD-2016-074-TUM.xml,CHW - Chiwaukum Creek,7/7/2016 3:04:07 AM,7/7/2016 3:04:26 AM,DOWNSTREAM ARRAY,UPSTREAM ARRAY,6/13/2016,7,Bull Trout,R,Resident,W,Wild Fish or Natural Production,TUMFBY - TUM - Release into the Forebay within 0.5 km upstream of Dam,LADDER,Adult Passage Ladder,NA,1
3DD.007741DA5E,NBD-2016-074-TUM.xml,TUF - Tumwater Dam Adult Fishway,6/22/2016 7:54:29 PM,6/28/2016 3:58:53 PM,WEIR 14,WEIR 17,6/13/2016,7,Bull Trout,R,Resident,W,Wild Fish or Natural Production,TUMFBY - TUM - Release into the Forebay within 0.5 km upstream of Dam,LADDER,Adult Passage Ladder,NA,1
3DD.007741DB1B,NBD16229.AAZ,CHL - Lower Chiwawa River,8/16/2016 9:51:11 AM,8/16/2016 9:52:23 AM,LOWER IN-STREAM ARRAY,UPPER IN-STREAM ARRAY,8/16/2016,7,Bull Trout,R,Resident,W,Wild Fish or Natural Production,"CHIWAT - Chiwawa River Trap, 0.5 km below CHIP acclimation pond",SCREWT,Screw Trap,204,1
3DD.007741DB1B,NBD16229.AAZ,UWE - Upper Wenatchee River,10/8/2016 9:23:56 PM,10/8/2016 9:23:56 PM,IN-STREAM ARRAY,IN-STREAM ARRAY,8/16/2016,7,Bull Trout,R,Resident,W,Wild Fish or Natural Production,"CHIWAT - Chiwawa River Trap, 0.5 km below CHIP acclimation pond",SCREWT,Screw Trap,204,1
3DD.007741DC08,CSS-2021-289-112.xml,UWE - Upper Wenatchee River,10/16/2021 11:40:32 PM,10/16/2021 11:40:32 PM,IN-STREAM ARRAY,IN-STREAM ARRAY,10/16/2021,7,Bull Trout,R,Resident,W,Wild Fish or Natural Production,"CHIWAT - Chiwawa River Trap, 0.5 km below CHIP acclimation pond",SCREWT,Screw Trap,244,1
3DD.007741DC67,CSS-2019-142-112.xml,UWE - Upper Wenatchee River,5/25/2019 4:06:43 AM,5/25/2019 4:06:44 AM,IN-STREAM ARRAY,IN-STREAM ARRAY,5/22/2019,7,Bull Trout,R,Resident,W,Wild Fish or Natural Production,"CHIWAT - Chiwawa River Trap, 0.5 km below CHIP acclimation pond",SCREWT,Screw Trap,169,1
3DD.007741DDA4,NBD16292.AAZ,UWE - Upper Wenatchee River,10/19/2016 2:04:43 PM,10/19/2016 2:04:43 PM,IN-STREAM ARRAY,IN-STREAM ARRAY,10/18/2016,7,Bull Trout,R,Resident,W,Wild Fish or Natural Production,"CHIWAT - Chiwawa River Trap, 0.5 km below CHIP acclimation pond",SCREWT,Screw Trap,177,1
3DD.007741DF07,NBD15266.AAZ,CHL - Lower Chiwawa River,9/18/2017 4:42:00 AM,7/27/2023 11:28:24 PM,UPPER IN-STREAM ARRAY,LOWER IN-STREAM ARRAY,9/23/2015,7,Bull Trout,R,Resident,W,Wild Fish or Natural Production,"CHIWAT - Chiwawa River Trap, 0.5 km below CHIP acclimation pond",SCREWT,Screw Trap,450,1
3DD.007741DF07,NBD15266.AAZ,CHU - Upper Chiwawa River,9/20/2016 8:41:02 PM,7/27/2023 1:08:28 AM,LOWER IN-STREAM ARRAY,UPPER IN-STREAM ARRAY,9/23/2015,7,Bull Trout,R,Resident,W,Wild Fish or Natural Production,"CHIWAT - Chiwawa River Trap, 0.5 km below CHIP acclimation pond",SCREWT,Screw Trap,450,1
3DD.007741DF07,NBD15266.AAZ,UWE - Upper Wenatchee River,9/23/2015 9:24:40 PM,9/21/2019 4:08:54 AM,IN-STREAM ARRAY,IN-STREAM ARRAY,9/23/2015,7,Bull Trout,R,Resident,W,Wild Fish or Natural Production,"CHIWAT - Chiwawa River Trap, 0.5 km below CHIP acclimation pond",SCREWT,Screw Trap,450,1
3DD.007741E244,NBD-2017-091-TUM.xml,CHL - Lower Chiwawa River,9/19/2017 10:00:46 PM,9/19/2017 10:00:46 PM,UPPER IN-STREAM ARRAY,UPPER IN-STREAM ARRAY,7/8/2017,7,Bull Trout,R,Resident,W,Wild Fish or Natural Production,TUMFBY - TUM - Release into the Forebay within 0.5 km upstream of Dam,LADDER,Adult Passage Ladder,NA,1
3DD.007741E244,NBD-2017-091-TUM.xml,CHU - Upper Chiwawa River,9/19/2017 5:09:22 AM,7/10/2018 3:29:31 AM,LOWER IN-STREAM ARRAY,LOWER IN-STREAM ARRAY,7/8/2017,7,Bull Trout,R,Resident,W,Wild Fish or Natural Production,TUMFBY - TUM - Release into the Forebay within 0.5 km upstream of Dam,LADDER,Adult Passage Ladder,NA,1
3DD.007741E244,NBD-2017-091-TUM.xml,ICL - Lower Icicle Instream Array,1/8/2018 6:11:55 PM,5/25/2018 9:31:58 PM,Downstream Array,Upstream Array,7/8/2017,7,Bull Trout,R,Resident,W,Wild Fish or Natural Production,TUMFBY - TUM - Release into the Forebay within 0.5 km upstream of Dam,LADDER,Adult Passage Ladder,NA,1
3DD.007741E244,NBD-2017-091-TUM.xml,TUF - Tumwater Dam Adult Fishway,6/9/2018 3:35:34 PM,6/25/2018 12:43:11 PM,High Flow Ladder Entrance,WEIR 17,7/8/2017,7,Bull Trout,R,Resident,W,Wild Fish or Natural Production,TUMFBY - TUM - Release into the Forebay within 0.5 km upstream of Dam,LADDER,Adult Passage Ladder,NA,1
3DD.007741E559,NBD15308.AAZ,CHL - Lower Chiwawa River,11/4/2015 5:24:05 PM,11/4/2015 5:52:24 PM,LOWER IN-STREAM ARRAY,LOWER IN-STREAM ARRAY,11/4/2015,7,Bull Trout,R,Resident,W,Wild Fish or Natural Production,"CHIWAT - Chiwawa River Trap, 0.5 km below CHIP acclimation pond",SCREWT,Screw Trap,214,1
3DD.007741E5D3,NBD18219.AAZ,CHU - Upper Chiwawa River,9/27/2019 3:49:51 AM,9/27/2019 3:49:59 AM,UPPER IN-STREAM ARRAY,LOWER IN-STREAM ARRAY,8/7/2018,7,Bull Trout,R,Resident,W,Wild Fish or Natural Production,"CHIWAT - Chiwawa River Trap, 0.5 km below CHIP acclimation pond",SCREWT,Screw Trap,465,1
3DD.007741E5D3,NBD18219.AAZ,UWE - Upper Wenatchee River,8/7/2018 11:56:41 PM,9/27/2019 10:44:08 PM,IN-STREAM ARRAY,IN-STREAM ARRAY,8/7/2018,7,Bull Trout,R,Resident,W,Wild Fish or Natural Production,"CHIWAT - Chiwawa River Trap, 0.5 km below CHIP acclimation pond",SCREWT,Screw Trap,465,1
3DD.007741E5E7,NBD16265.AAZ,CHL - Lower Chiwawa River,9/21/2016 6:46:23 PM,9/22/2016 1:38:33 AM,LOWER IN-STREAM ARRAY,LOWER IN-STREAM ARRAY,9/21/2016,7,Bull Trout,R,Resident,W,Wild Fish or Natural Production,"CHIWAT - Chiwawa River Trap, 0.5 km below CHIP acclimation pond",SCREWT,Screw Trap,470,1
3DD.007741E5E7,NBD16265.AAZ,UWE - Upper Wenatchee River,9/22/2016 10:02:20 PM,9/22/2016 10:02:20 PM,IN-STREAM ARRAY,IN-STREAM ARRAY,9/21/2016,7,Bull Trout,R,Resident,W,Wild Fish or Natural Production,"CHIWAT - Chiwawa River Trap, 0.5 km below CHIP acclimation pond",SCREWT,Screw Trap,470,1
3DD.007741E604,NBD15136.AAZ,"WTL - White River, Wenatchee Basin",5/26/2015 2:50:25 AM,5/26/2015 2:50:25 AM,LOWER IN-STREAM ARRAY,LOWER IN-STREAM ARRAY,5/16/2015,7,Bull Trout,R,Resident,W,Wild Fish or Natural Production,"CHIWAT - Chiwawa River Trap, 0.5 km below CHIP acclimation pond",SCREWT,Screw Trap,143,1
3DD.007741E6E1,NBD17280.AAZ,CHL - Lower Chiwawa River,9/26/2022 2:00:05 AM,9/26/2022 2:00:05 AM,LOWER IN-STREAM ARRAY,LOWER IN-STREAM ARRAY,10/7/2017,7,Bull Trout,R,Resident,W,Wild Fish or Natural Production,"CHIWAT - Chiwawa River Trap, 0.5 km below CHIP acclimation pond",SCREWT,Screw Trap,220,1
3DD.007741E6E1,NBD17280.AAZ,CHU - Upper Chiwawa River,10/3/2021 11:04:24 PM,10/3/2021 11:04:24 PM,LOWER IN-STREAM ARRAY,LOWER IN-STREAM ARRAY,10/7/2017,7,Bull Trout,R,Resident,W,Wild Fish or Natural Production,"CHIWAT - Chiwawa River Trap, 0.5 km below CHIP acclimation pond",SCREWT,Screw Trap,220,1
3DD.007741E6E1,NBD17280.AAZ,UWE - Upper Wenatchee River,10/12/2017 7:16:06 PM,10/4/2021 5:18:50 AM,IN-STREAM ARRAY,IN-STREAM ARRAY,10/7/2017,7,Bull Trout,R,Resident,W,Wild Fish or Natural Production,"CHIWAT - Chiwawa River Trap, 0.5 km below CHIP acclimation pond",SCREWT,Screw Trap,220,1
3DD.007741E6E1,NBD17280.AAZ,"WTL - White River, Wenatchee Basin",5/22/2021 9:36:25 PM,5/22/2021 9:37:03 PM,LOWER IN-STREAM ARRAY,UPPER IN-STREAM ARRAY,10/7/2017,7,Bull Trout,R,Resident,W,Wild Fish or Natural Production,"CHIWAT - Chiwawa River Trap, 0.5 km below CHIP acclimation pond",SCREWT,Screw Trap,220,1
3DD.007741E79D,NBD-2017-091-TUM.xml,NAL - Lower Nason Creek,7/14/2017 12:28:15 AM,7/14/2017 12:28:15 AM,UPPER IN-STREAM ARRAY,UPPER IN-STREAM ARRAY,7/4/2017,7,Bull Trout,R,Resident,W,Wild Fish or Natural Production,TUMFBY - TUM - Release into the Forebay within 0.5 km upstream of Dam,LADDER,Adult Passage Ladder,NA,1
3DD.007741E79D,NBD-2017-091-TUM.xml,NAU - Upper Nason Creek,7/17/2017 12:21:22 AM,7/17/2017 12:21:49 AM,LOWER IN-STREAM ARRAY,UPPER IN-STREAM ARRAY,7/4/2017,7,Bull Trout,R,Resident,W,Wild Fish or Natural Production,TUMFBY - TUM - Release into the Forebay within 0.5 km upstream of Dam,LADDER,Adult Passage Ladder,NA,1
3DD.007741E7DB,NBD15292.AAZ,CHL - Lower Chiwawa River,8/11/2019 1:20:24 AM,8/11/2019 1:20:27 AM,UPPER IN-STREAM ARRAY,UPPER IN-STREAM ARRAY,10/19/2015,7,Bull Trout,R,Resident,W,Wild Fish or Natural Production,"CHIWAT - Chiwawa River Trap, 0.5 km below CHIP acclimation pond",SCREWT,Screw Trap,247,1
3DD.007741E7DB,NBD15292.AAZ,CHU - Upper Chiwawa River,8/13/2019 12:59:17 AM,8/13/2019 1:00:02 AM,LOWER IN-STREAM ARRAY,UPPER IN-STREAM ARRAY,10/19/2015,7,Bull Trout,R,Resident,W,Wild Fish or Natural Production,"CHIWAT - Chiwawa River Trap, 0.5 km below CHIP acclimation pond",SCREWT,Screw Trap,247,1
3DD.007741E7DB,NBD15292.AAZ,UWE - Upper Wenatchee River,8/10/2019 9:08:49 PM,8/10/2019 9:08:50 PM,IN-STREAM ARRAY,IN-STREAM ARRAY,10/19/2015,7,Bull Trout,R,Resident,W,Wild Fish or Natural Production,"CHIWAT - Chiwawa River Trap, 0.5 km below CHIP acclimation pond",SCREWT,Screw Trap,247,1
3DD.007741E83F,NBD16290.AAZ,UWE - Upper Wenatchee River,10/17/2016 7:58:46 AM,10/17/2016 7:58:46 AM,IN-STREAM ARRAY,IN-STREAM ARRAY,10/16/2016,7,Bull Trout,R,Resident,W,Wild Fish or Natural Production,"CHIWAT - Chiwawa River Trap, 0.5 km below CHIP acclimation pond",SCREWT,Screw Trap,205,1
3DD.007741E84F,CSS-2020-260-112.xml,CHL - Lower Chiwawa River,7/12/2022 5:23:18 PM,6/7/2023 8:44:24 PM,LOWER IN-STREAM ARRAY,LOWER IN-STREAM ARRAY,9/16/2020,7,Bull Trout,R,Resident,W,Wild Fish or Natural Production,"CHIWAT - Chiwawa River Trap, 0.5 km below CHIP acclimation pond",SCREWT,Screw Trap,205,1
3DD.007741E84F,CSS-2020-260-112.xml,UWE - Upper Wenatchee River,9/4/2022 10:26:24 PM,9/4/2022 10:26:24 PM,IN-STREAM ARRAY,IN-STREAM ARRAY,9/16/2020,7,Bull Trout,R,Resident,W,Wild Fish or Natural Production,"CHIWAT - Chiwawa River Trap, 0.5 km below CHIP acclimation pond",SCREWT,Screw Trap,205,1
3DD.007741E8B5,CSS-2021-284-112.xml,CHU - Upper Chiwawa River,6/17/2024 11:50:17 PM,6/17/2024 11:50:17 PM,LOWER IN-STREAM ARRAY,LOWER IN-STREAM ARRAY,10/11/2021,7,Bull Trout,R,Resident,W,Wild Fish or Natural Production,"CHIWAT - Chiwawa River Trap, 0.5 km below CHIP acclimation pond",SCREWT,Screw Trap,221,1
3DD.007741E8B5,CSS-2021-284-112.xml,UWE - Upper Wenatchee River,5/18/2024 9:47:11 PM,5/18/2024 9:47:13 PM,IN-STREAM ARRAY,IN-STREAM ARRAY,10/11/2021,7,Bull Trout,R,Resident,W,Wild Fish or Natural Production,"CHIWAT - Chiwawa River Trap, 0.5 km below CHIP acclimation pond",SCREWT,Screw Trap,221,1
3DD.007741E8BF,CSS-2021-301-112.xml,UWE - Upper Wenatchee River,5/15/2022 7:44:27 PM,5/15/2022 7:44:28 PM,IN-STREAM ARRAY,IN-STREAM ARRAY,10/28/2021,7,Bull Trout,R,Resident,W,Wild Fish or Natural Production,"CHIWAT - Chiwawa River Trap, 0.5 km below CHIP acclimation pond",SCREWT,Screw Trap,297,1
3DD.007741EA2A,CSS-2021-296-112.xml,UWE - Upper Wenatchee River,10/24/2021 2:47:31 AM,10/24/2021 2:47:32 AM,IN-STREAM ARRAY,IN-STREAM ARRAY,10/23/2021,7,Bull Trout,R,Resident,W,Wild Fish or Natural Production,"CHIWAT - Chiwawa River Trap, 0.5 km below CHIP acclimation pond",SCREWT,Screw Trap,161,1
3DD.007741EF7B,NBD17270.AAZ,UWE - Upper Wenatchee River,9/28/2017 2:25:04 AM,7/5/2019 9:55:36 PM,IN-STREAM ARRAY,IN-STREAM ARRAY,9/27/2017,7,Bull Trout,R,Resident,W,Wild Fish or Natural Production,"CHIWAT - Chiwawa River Trap, 0.5 km below CHIP acclimation pond",SCREWT,Screw Trap,203,1
3DD.007741EF8C,NBD18320.AAZ,CHU - Upper Chiwawa River,7/17/2022 9:42:56 PM,7/17/2022 9:42:56 PM,UPPER IN-STREAM ARRAY,UPPER IN-STREAM ARRAY,11/16/2018,7,Bull Trout,R,Resident,W,Wild Fish or Natural Production,"CHIWAT - Chiwawa River Trap, 0.5 km below CHIP acclimation pond",SCREWT,Screw Trap,219,1
3DD.007741EF8C,NBD18320.AAZ,UWE - Upper Wenatchee River,7/13/2019 12:24:19 AM,7/20/2021 12:39:29 AM,IN-STREAM ARRAY,IN-STREAM ARRAY,11/16/2018,7,Bull Trout,R,Resident,W,Wild Fish or Natural Production,"CHIWAT - Chiwawa River Trap, 0.5 km below CHIP acclimation pond",SCREWT,Screw Trap,219,1
3DD.007741EFAB,NBD17268.AAZ,LWE - Lower Wenatchee River,10/27/2017 10:30:39 PM,4/11/2018 1:29:28 PM,UPSTREAM ANTENNA ARRAY,UPSTREAM ANTENNA ARRAY,9/25/2017,7,Bull Trout,R,Resident,W,Wild Fish or Natural Production,"CHIWAT - Chiwawa River Trap, 0.5 km below CHIP acclimation pond",SCREWT,Screw Trap,253,1
3DD.007741EFAB,NBD17268.AAZ,RRF - Rocky Reach Fishway,10/30/2017 2:24:19 PM,10/30/2017 3:01:09 PM,Lower Weir,Trap,9/25/2017,7,Bull Trout,R,Resident,W,Wild Fish or Natural Production,"CHIWAT - Chiwawa River Trap, 0.5 km below CHIP acclimation pond",SCREWT,Screw Trap,253,1
3DD.007741EFCF,NBD-2019-163-001.xml,CHL - Lower Chiwawa River,9/22/2019 8:25:39 PM,9/23/2020 2:27:17 AM,UPPER IN-STREAM ARRAY,LOWER IN-STREAM ARRAY,7/1/2019,7,Bull Trout,R,Resident,W,Wild Fish or Natural Production,CHIWAR - Chiwawa River,WTRAP,Weir Trap,590,1
3DD.007741EFCF,NBD-2019-163-001.xml,CHU - Upper Chiwawa River,7/1/2019 9:55:05 PM,9/22/2020 11:21:45 PM,UPPER IN-STREAM ARRAY,UPPER IN-STREAM ARRAY,7/1/2019,7,Bull Trout,R,Resident,W,Wild Fish or Natural Production,CHIWAR - Chiwawa River,WTRAP,Weir Trap,590,1
3DD.007741EFCF,NBD-2019-163-001.xml,UWE - Upper Wenatchee River,9/22/2019 11:05:31 PM,9/23/2020 1:15:25 PM,IN-STREAM ARRAY,IN-STREAM ARRAY,7/1/2019,7,Bull Trout,R,Resident,W,Wild Fish or Natural Production,CHIWAR - Chiwawa River,WTRAP,Weir Trap,590,1
3DD.007741F024,NBD16284.AAZ,CHL - Lower Chiwawa River,7/28/2019 1:54:19 AM,7/13/2020 8:45:21 PM,UPPER IN-STREAM ARRAY,UPPER IN-STREAM ARRAY,10/10/2016,7,Bull Trout,R,Resident,W,Wild Fish or Natural Production,"CHIWAT - Chiwawa River Trap, 0.5 km below CHIP acclimation pond",SCREWT,Screw Trap,259,1
3DD.007741F024,NBD16284.AAZ,CHU - Upper Chiwawa River,7/30/2019 9:07:25 PM,9/23/2020 11:49:51 PM,UPPER IN-STREAM ARRAY,LOWER IN-STREAM ARRAY,10/10/2016,7,Bull Trout,R,Resident,W,Wild Fish or Natural Production,"CHIWAT - Chiwawa River Trap, 0.5 km below CHIP acclimation pond",SCREWT,Screw Trap,259,1
3DD.007741F024,NBD16284.AAZ,UWE - Upper Wenatchee River,10/12/2016 5:48:06 PM,9/24/2020 9:59:20 PM,IN-STREAM ARRAY,IN-STREAM ARRAY,10/10/2016,7,Bull Trout,R,Resident,W,Wild Fish or Natural Production,"CHIWAT - Chiwawa River Trap, 0.5 km below CHIP acclimation pond",SCREWT,Screw Trap,259,1
3DD.007741F0BB,NBD-2016-263-AAZ.xml,UWE - Upper Wenatchee River,9/20/2016 9:45:51 PM,9/20/2016 9:45:51 PM,IN-STREAM ARRAY,IN-STREAM ARRAY,9/19/2016,7,Bull Trout,R,Resident,W,Wild Fish or Natural Production,"CHIWAT - Chiwawa River Trap, 0.5 km below CHIP acclimation pond",SCREWT,Screw Trap,213,1
3DD.007741F1A5,NBD-2020-189-001.xml,CHL - Lower Chiwawa River,7/6/2021 6:22:22 AM,7/6/2021 10:05:38 AM,UPPER IN-STREAM ARRAY,LOWER IN-STREAM ARRAY,7/13/2020,7,Bull Trout,R,Resident,W,Wild Fish or Natural Production,CHIWAR - Chiwawa River,WTRAP,Weir Trap,460,1
3DD.007741F1A5,NBD-2020-189-001.xml,CHU - Upper Chiwawa River,9/24/2020 7:43:15 PM,9/24/2020 7:43:15 PM,UPPER IN-STREAM ARRAY,UPPER IN-STREAM ARRAY,7/13/2020,7,Bull Trout,R,Resident,W,Wild Fish or Natural Production,CHIWAR - Chiwawa River,WTRAP,Weir Trap,460,1
3DD.007741F1A5,NBD-2020-189-001.xml,UWE - Upper Wenatchee River,9/25/2020 12:52:18 AM,9/20/2021 1:34:14 AM,IN-STREAM ARRAY,IN-STREAM ARRAY,7/13/2020,7,Bull Trout,R,Resident,W,Wild Fish or Natural Production,CHIWAR - Chiwawa River,WTRAP,Weir Trap,460,1
3DD.007741F6D7,NBD15295.AAZ,UWE - Upper Wenatchee River,10/23/2015 5:54:18 AM,10/23/2015 5:54:18 AM,IN-STREAM ARRAY,IN-STREAM ARRAY,10/22/2015,7,Bull Trout,R,Resident,W,Wild Fish or Natural Production,"CHIWAT - Chiwawa River Trap, 0.5 km below CHIP acclimation pond",SCREWT,Screw Trap,182,1
3DD.007741F774,NBD17288.AAZ,UWE - Upper Wenatchee River,10/16/2017 4:45:38 AM,10/16/2017 4:45:38 AM,IN-STREAM ARRAY,IN-STREAM ARRAY,10/15/2017,7,Bull Trout,R,Resident,W,Wild Fish or Natural Production,"CHIWAT - Chiwawa River Trap, 0.5 km below CHIP acclimation pond",SCREWT,Screw Trap,198,1
3DD.007741FB09,NBD-2018-178-001.xml,CHL - Lower Chiwawa River,9/18/2022 11:50:27 PM,6/25/2023 10:58:02 PM,UPPER IN-STREAM ARRAY,UPPER IN-STREAM ARRAY,7/3/2018,7,Bull Trout,R,Resident,W,Wild Fish or Natural Production,CHIWAR - Chiwawa River,WTRAP,Weir Trap,490,1
3DD.007741FB09,NBD-2018-178-001.xml,CHU - Upper Chiwawa River,7/3/2018 1:44:31 PM,7/4/2023 10:10:10 PM,LOWER IN-STREAM ARRAY,UPPER IN-STREAM ARRAY,7/3/2018,7,Bull Trout,R,Resident,W,Wild Fish or Natural Production,CHIWAR - Chiwawa River,WTRAP,Weir Trap,490,1
3DD.007741FB09,NBD-2018-178-001.xml,UWE - Upper Wenatchee River,9/23/2018 8:05:13 AM,6/24/2023 10:21:41 PM,IN-STREAM ARRAY,IN-STREAM ARRAY,7/3/2018,7,Bull Trout,R,Resident,W,Wild Fish or Natural Production,CHIWAR - Chiwawa River,WTRAP,Weir Trap,490,1
3DD.007741FBA5,NBD-2020-189-001.xml,CHL - Lower Chiwawa River,9/22/2020 12:52:28 AM,9/21/2022 8:58:01 PM,LOWER IN-STREAM ARRAY,LOWER IN-STREAM ARRAY,7/13/2020,7,Bull Trout,R,Resident,W,Wild Fish or Natural Production,CHIWAR - Chiwawa River,WTRAP,Weir Trap,530,1
3DD.007741FBA5,NBD-2020-189-001.xml,CHU - Upper Chiwawa River,9/21/2020 8:57:07 PM,9/23/2021 6:27:46 PM,LOWER IN-STREAM ARRAY,LOWER IN-STREAM ARRAY,7/13/2020,7,Bull Trout,R,Resident,W,Wild Fish or Natural Production,CHIWAR - Chiwawa River,WTRAP,Weir Trap,530,1
3DD.007741FBA5,NBD-2020-189-001.xml,UWE - Upper Wenatchee River,9/22/2020 8:54:26 PM,9/23/2021 11:35:03 PM,IN-STREAM ARRAY,IN-STREAM ARRAY,7/13/2020,7,Bull Trout,R,Resident,W,Wild Fish or Natural Production,CHIWAR - Chiwawa River,WTRAP,Weir Trap,530,1
3DD.007741FCE3,NBD17279.AAZ,CHL - Lower Chiwawa River,7/3/2021 10:05:11 PM,10/8/2025 9:21:53 PM,LOWER IN-STREAM ARRAY,LOWER IN-STREAM ARRAY,10/6/2017,7,Bull Trout,R,Resident,W,Wild Fish or Natural Production,"CHIWAT - Chiwawa River Trap, 0.5 km below CHIP acclimation pond",SCREWT,Screw Trap,225,1
3DD.007741FCE3,NBD17279.AAZ,CHU - Upper Chiwawa River,7/11/2021 8:30:12 PM,10/8/2025 1:50:53 AM,LOWER IN-STREAM ARRAY,LOWER IN-STREAM ARRAY,10/6/2017,7,Bull Trout,R,Resident,W,Wild Fish or Natural Production,"CHIWAT - Chiwawa River Trap, 0.5 km below CHIP acclimation pond",SCREWT,Screw Trap,225,1
3DD.007741FCE3,NBD17279.AAZ,CWT - Chiwawa River Weir Trap Array,10/8/2025 8:56:02 PM,10/8/2025 8:56:02 PM,Single Pass,Single Pass,10/6/2017,7,Bull Trout,R,Resident,W,Wild Fish or Natural Production,"CHIWAT - Chiwawa River Trap, 0.5 km below CHIP acclimation pond",SCREWT,Screw Trap,225,1
3DD.007741FCE3,NBD17279.AAZ,UWE - Upper Wenatchee River,10/7/2017 7:31:18 PM,4/28/2024 10:38:09 AM,IN-STREAM ARRAY,IN-STREAM ARRAY,10/6/2017,7,Bull Trout,R,Resident,W,Wild Fish or Natural Production,"CHIWAT - Chiwawa River Trap, 0.5 km below CHIP acclimation pond",SCREWT,Screw Trap,225,1
3DD.007741FD12,NBD-2016-074-TUM.xml,CHL - Lower Chiwawa River,7/1/2016 1:41:24 AM,9/29/2016 6:51:13 PM,UPPER IN-STREAM ARRAY,LOWER IN-STREAM ARRAY,6/1/2016,7,Bull Trout,R,Resident,W,Wild Fish or Natural Production,TUMFBY - TUM - Release into the Forebay within 0.5 km upstream of Dam,LADDER,Adult Passage Ladder,NA,1
3DD.007741FD12,NBD-2016-074-TUM.xml,CHU - Upper Chiwawa River,7/9/2016 4:17:42 PM,9/28/2016 11:27:36 PM,LOWER IN-STREAM ARRAY,LOWER IN-STREAM ARRAY,6/1/2016,7,Bull Trout,R,Resident,W,Wild Fish or Natural Production,TUMFBY - TUM - Release into the Forebay within 0.5 km upstream of Dam,LADDER,Adult Passage Ladder,NA,1
3DD.007741FD12,NBD-2016-074-TUM.xml,ICL - Lower Icicle Instream Array,11/4/2016 6:27:09 PM,11/6/2016 4:19:40 AM,Downstream Array,Downstream Array,6/1/2016,7,Bull Trout,R,Resident,W,Wild Fish or Natural Production,TUMFBY - TUM - Release into the Forebay within 0.5 km upstream of Dam,LADDER,Adult Passage Ladder,NA,1
3DD.007741FD12,NBD-2016-074-TUM.xml,RRF - Rocky Reach Fishway,11/23/2016 1:20:30 PM,11/23/2016 1:22:37 PM,Lower Weir,Upper Weir,6/1/2016,7,Bull Trout,R,Resident,W,Wild Fish or Natural Production,TUMFBY - TUM - Release into the Forebay within 0.5 km upstream of Dam,LADDER,Adult Passage Ladder,NA,1
3DD.007741FD12,NBD-2016-074-TUM.xml,TUF - Tumwater Dam Adult Fishway,7/1/2017 9:17:08 PM,7/9/2017 8:25:39 AM,High Flow Ladder Entrance,WEIR 17,6/1/2016,7,Bull Trout,R,Resident,W,Wild Fish or Natural Production,TUMFBY - TUM - Release into the Forebay within 0.5 km upstream of Dam,LADDER,Adult Passage Ladder,NA,1
3DD.007741FD28,NBD-2016-074-TUM.xml,CHW - Chiwaukum Creek,7/4/2017 3:01:46 AM,6/26/2021 5:12:43 AM,UPSTREAM ARRAY,UPSTREAM ARRAY,6/30/2016,7,Bull Trout,R,Resident,W,Wild Fish or Natural Production,TUMFBY - TUM - Release into the Forebay within 0.5 km upstream of Dam,LADDER,Adult Passage Ladder,NA,1
3DD.007741FD28,NBD-2016-074-TUM.xml,TUF - Tumwater Dam Adult Fishway,6/22/2017 2:21:03 PM,7/2/2018 9:09:07 PM,High Flow Ladder Entrance,WEIR 17,6/30/2016,7,Bull Trout,R,Resident,W,Wild Fish or Natural Production,TUMFBY - TUM - Release into the Forebay within 0.5 km upstream of Dam,LADDER,Adult Passage Ladder,NA,1
3DD.007741FDCC,NBD18321.AAZ,UWE - Upper Wenatchee River,11/18/2018 7:41:29 AM,11/18/2018 7:42:16 AM,IN-STREAM ARRAY,IN-STREAM ARRAY,11/17/2018,7,Bull Trout,R,Resident,W,Wild Fish or Natural Production,"CHIWAT - Chiwawa River Trap, 0.5 km below CHIP acclimation pond",SCREWT,Screw Trap,182,1
3DD.007741FE2C,CSS-2021-304-112.xml,UWE - Upper Wenatchee River,11/1/2021 2:51:21 PM,11/1/2021 2:51:21 PM,IN-STREAM ARRAY,IN-STREAM ARRAY,10/31/2021,7,Bull Trout,R,Resident,W,Wild Fish or Natural Production,"CHIWAT - Chiwawa River Trap, 0.5 km below CHIP acclimation pond",SCREWT,Screw Trap,178,1
3DD.007742007F,NBD-2019-163-001.xml,CHL - Lower Chiwawa River,9/28/2019 1:54:48 AM,9/28/2019 1:54:52 AM,UPPER IN-STREAM ARRAY,UPPER IN-STREAM ARRAY,6/12/2019,7,Bull Trout,R,Resident,W,Wild Fish or Natural Production,CHIWAR - Chiwawa River,WTRAP,Weir Trap,610,1
3DD.007742007F,NBD-2019-163-001.xml,CHU - Upper Chiwawa River,6/25/2019 11:27:06 PM,9/27/2019 4:53:11 AM,LOWER IN-STREAM ARRAY,UPPER IN-STREAM ARRAY,6/12/2019,7,Bull Trout,R,Resident,W,Wild Fish or Natural Production,CHIWAR - Chiwawa River,WTRAP,Weir Trap,610,1
3DD.007742007F,NBD-2019-163-001.xml,UWE - Upper Wenatchee River,9/28/2019 5:09:38 AM,9/28/2019 5:09:39 AM,IN-STREAM ARRAY,IN-STREAM ARRAY,6/12/2019,7,Bull Trout,R,Resident,W,Wild Fish or Natural Production,CHIWAR - Chiwawa River,WTRAP,Weir Trap,610,1
3DD.00774201CA,CSS-2021-284-112.xml,CHL - Lower Chiwawa River,10/11/2021 5:50:13 PM,10/16/2021 8:05:02 PM,UPPER IN-STREAM ARRAY,LOWER IN-STREAM ARRAY,10/11/2021,7,Bull Trout,R,Resident,W,Wild Fish or Natural Production,"CHIWAT - Chiwawa River Trap, 0.5 km below CHIP acclimation pond",SCREWT,Screw Trap,258,1
3DD.00774201CA,CSS-2021-284-112.xml,UWE - Upper Wenatchee River,10/17/2021 2:02:11 AM,10/17/2021 2:02:12 AM,IN-STREAM ARRAY,IN-STREAM ARRAY,10/11/2021,7,Bull Trout,R,Resident,W,Wild Fish or Natural Production,"CHIWAT - Chiwawa River Trap, 0.5 km below CHIP acclimation pond",SCREWT,Screw Trap,258,1
3DD.00774202A3,NBD15293.AAZ,UWE - Upper Wenatchee River,10/21/2015 12:42:04 AM,10/21/2015 12:42:04 AM,IN-STREAM ARRAY,IN-STREAM ARRAY,10/20/2015,7,Bull Trout,R,Resident,W,Wild Fish or Natural Production,"CHIWAT - Chiwawa River Trap, 0.5 km below CHIP acclimation pond",SCREWT,Screw Trap,230,1
3DD.00774202EA,NBD18225.AAZ,UWE - Upper Wenatchee River,8/14/2018 3:47:30 AM,8/14/2018 3:47:30 AM,IN-STREAM ARRAY,IN-STREAM ARRAY,8/13/2018,7,Bull Trout,R,Resident,W,Wild Fish or Natural Production,"CHIWAT - Chiwawa River Trap, 0.5 km below CHIP acclimation pond",SCREWT,Screw Trap,269,1
3DD.007742057A,NBD15282.AAZ,CHL - Lower Chiwawa River,10/11/2015 1:15:03 AM,4/21/2016 5:31:29 AM,LOWER IN-STREAM ARRAY,LOWER IN-STREAM ARRAY,10/9/2015,7,Bull Trout,R,Resident,W,Wild Fish or Natural Production,"CHIWAT - Chiwawa River Trap, 0.5 km below CHIP acclimation pond",SCREWT,Screw Trap,246,1
3DD.00774205E3,CSS-2021-308-112.xml,UWE - Upper Wenatchee River,11/6/2021 5:32:29 PM,11/6/2021 5:32:30 PM,IN-STREAM ARRAY,IN-STREAM ARRAY,11/4/2021,7,Bull Trout,R,Resident,W,Wild Fish or Natural Production,"CHIWAT - Chiwawa River Trap, 0.5 km below CHIP acclimation pond",SCREWT,Screw Trap,214,1
3DD.00774206AA,NBD15198.AAZ,UWE - Upper Wenatchee River,7/18/2015 6:03:46 PM,7/18/2015 6:03:46 PM,IN-STREAM ARRAY,IN-STREAM ARRAY,7/17/2015,7,Bull Trout,R,Resident,W,Wild Fish or Natural Production,"CHIWAT - Chiwawa River Trap, 0.5 km below CHIP acclimation pond",SCREWT,Screw Trap,243,1
3DD.00774206AA,NBD15198.AAZ,"WTL - White River, Wenatchee Basin",7/21/2015 2:34:40 AM,9/28/2015 6:13:49 PM,LOWER IN-STREAM ARRAY,LOWER IN-STREAM ARRAY,7/17/2015,7,Bull Trout,R,Resident,W,Wild Fish or Natural Production,"CHIWAT - Chiwawa River Trap, 0.5 km below CHIP acclimation pond",SCREWT,Screw Trap,243,1
3DD.00774206B8,NBD16284.AAZ,CHL - Lower Chiwawa River,10/10/2016 12:42:32 PM,10/10/2016 12:42:32 PM,UPPER IN-STREAM ARRAY,UPPER IN-STREAM ARRAY,10/10/2016,7,Bull Trout,R,Resident,W,Wild Fish or Natural Production,"CHIWAT - Chiwawa River Trap, 0.5 km below CHIP acclimation pond",SCREWT,Screw Trap,216,1
3DD.00774206B8,NBD16284.AAZ,CHU - Upper Chiwawa River,7/22/2022 4:44:35 AM,7/22/2022 4:44:35 AM,UPPER IN-STREAM ARRAY,UPPER IN-STREAM ARRAY,10/10/2016,7,Bull Trout,R,Resident,W,Wild Fish or Natural Production,"CHIWAT - Chiwawa River Trap, 0.5 km below CHIP acclimation pond",SCREWT,Screw Trap,216,1
3DD.00774206B8,NBD16284.AAZ,NAL - Lower Nason Creek,7/13/2017 11:28:19 PM,7/23/2017 11:46:53 PM,LOWER IN-STREAM ARRAY,LOWER IN-STREAM ARRAY,10/10/2016,7,Bull Trout,R,Resident,W,Wild Fish or Natural Production,"CHIWAT - Chiwawa River Trap, 0.5 km below CHIP acclimation pond",SCREWT,Screw Trap,216,1
3DD.00774206B8,NBD16284.AAZ,UWE - Upper Wenatchee River,10/11/2016 11:39:16 AM,9/29/2020 11:46:22 PM,IN-STREAM ARRAY,IN-STREAM ARRAY,10/10/2016,7,Bull Trout,R,Resident,W,Wild Fish or Natural Production,"CHIWAT - Chiwawa River Trap, 0.5 km below CHIP acclimation pond",SCREWT,Screw Trap,216,1
3DD.007742074A,NBD-2019-163-001.xml,CHU - Upper Chiwawa River,6/22/2019 12:08:24 AM,6/22/2019 12:08:24 AM,LOWER IN-STREAM ARRAY,LOWER IN-STREAM ARRAY,6/12/2019,7,Bull Trout,R,Resident,W,Wild Fish or Natural Production,CHIWAR - Chiwawa River,WTRAP,Weir Trap,540,1
3DD.0077420794,NBD-2019-163-001.xml,CHU - Upper Chiwawa River,6/27/2019 3:02:39 PM,10/7/2019 12:33:23 AM,UPPER IN-STREAM ARRAY,LOWER IN-STREAM ARRAY,6/27/2019,7,Bull Trout,R,Resident,W,Wild Fish or Natural Production,CHIWAR - Chiwawa River,WTRAP,Weir Trap,560,1
3DD.0077420794,NBD-2019-163-001.xml,UWE - Upper Wenatchee River,10/7/2019 10:33:43 PM,10/7/2019 10:33:44 PM,IN-STREAM ARRAY,IN-STREAM ARRAY,6/27/2019,7,Bull Trout,R,Resident,W,Wild Fish or Natural Production,CHIWAR - Chiwawa River,WTRAP,Weir Trap,560,1
3DD.00774208D1,NBD18321.AAZ,UWE - Upper Wenatchee River,11/18/2018 5:13:48 PM,11/18/2018 5:13:55 PM,IN-STREAM ARRAY,IN-STREAM ARRAY,11/17/2018,7,Bull Trout,R,Resident,W,Wild Fish or Natural Production,"CHIWAT - Chiwawa River Trap, 0.5 km below CHIP acclimation pond",SCREWT,Screw Trap,184,1
3DD.00774208E6,NBD-2020-189-001.xml,CHL - Lower Chiwawa River,9/23/2020 11:21:33 PM,9/24/2024 11:29:20 PM,UPPER IN-STREAM ARRAY,LOWER IN-STREAM ARRAY,7/25/2020,7,Bull Trout,R,Resident,W,Wild Fish or Natural Production,CHIWAR - Chiwawa River,WTRAP,Weir Trap,540,1
3DD.00774208E6,NBD-2020-189-001.xml,CHU - Upper Chiwawa River,9/23/2020 8:24:07 PM,7/17/2025 1:16:13 AM,LOWER IN-STREAM ARRAY,LOWER IN-STREAM ARRAY,7/25/2020,7,Bull Trout,R,Resident,W,Wild Fish or Natural Production,CHIWAR - Chiwawa River,WTRAP,Weir Trap,540,1
3DD.00774208E6,NBD-2020-189-001.xml,CWT - Chiwawa River Weir Trap Array,7/14/2025 11:59:17 PM,7/14/2025 11:59:17 PM,Single Pass,Single Pass,7/25/2020,7,Bull Trout,R,Resident,W,Wild Fish or Natural Production,CHIWAR - Chiwawa River,WTRAP,Weir Trap,540,1
3DD.00774208E6,NBD-2020-189-001.xml,UWE - Upper Wenatchee River,9/24/2020 2:13:19 AM,9/21/2022 11:16:55 PM,IN-STREAM ARRAY,IN-STREAM ARRAY,7/25/2020,7,Bull Trout,R,Resident,W,Wild Fish or Natural Production,CHIWAR - Chiwawa River,WTRAP,Weir Trap,540,1
3DD.0077420B6E,CSS-2020-254-112.xml,UWE - Upper Wenatchee River,9/11/2020 7:22:54 PM,9/11/2020 7:22:55 PM,IN-STREAM ARRAY,IN-STREAM ARRAY,9/10/2020,7,Bull Trout,R,Resident,W,Wild Fish or Natural Production,"CHIWAT - Chiwawa River Trap, 0.5 km below CHIP acclimation pond",SCREWT,Screw Trap,206,1
3DD.0077420B82,NBD-2016-263-AAZ.xml,CHL - Lower Chiwawa River,9/30/2019 7:29:19 PM,9/30/2019 8:12:18 PM,LOWER IN-STREAM ARRAY,LOWER IN-STREAM ARRAY,9/19/2016,7,Bull Trout,R,Resident,W,Wild Fish or Natural Production,"CHIWAT - Chiwawa River Trap, 0.5 km below CHIP acclimation pond",SCREWT,Screw Trap,485,1
3DD.0077420B82,NBD-2016-263-AAZ.xml,CHU - Upper Chiwawa River,9/29/2017 10:07:18 PM,9/30/2019 2:24:18 AM,UPPER IN-STREAM ARRAY,LOWER IN-STREAM ARRAY,9/19/2016,7,Bull Trout,R,Resident,W,Wild Fish or Natural Production,"CHIWAT - Chiwawa River Trap, 0.5 km below CHIP acclimation pond",SCREWT,Screw Trap,485,1
3DD.0077420B82,NBD-2016-263-AAZ.xml,UWE - Upper Wenatchee River,9/20/2016 7:39:51 PM,10/1/2019 1:30:54 AM,IN-STREAM ARRAY,IN-STREAM ARRAY,9/19/2016,7,Bull Trout,R,Resident,W,Wild Fish or Natural Production,"CHIWAT - Chiwawa River Trap, 0.5 km below CHIP acclimation pond",SCREWT,Screw Trap,485,1
3DD.0077420C99,NBD15288.AAZ,CHL - Lower Chiwawa River,6/18/2017 1:21:46 PM,10/1/2018 6:58:14 PM,LOWER IN-STREAM ARRAY,UPPER IN-STREAM ARRAY,10/15/2015,7,Bull Trout,R,Resident,W,Wild Fish or Natural Production,"CHIWAT - Chiwawa River Trap, 0.5 km below CHIP acclimation pond",SCREWT,Screw Trap,310,1
3DD.0077420C99,NBD15288.AAZ,CHU - Upper Chiwawa River,9/21/2016 9:17:42 PM,9/30/2018 1:41:07 AM,LOWER IN-STREAM ARRAY,UPPER IN-STREAM ARRAY,10/15/2015,7,Bull Trout,R,Resident,W,Wild Fish or Natural Production,"CHIWAT - Chiwawa River Trap, 0.5 km below CHIP acclimation pond",SCREWT,Screw Trap,310,1
3DD.0077420C99,NBD15288.AAZ,UWE - Upper Wenatchee River,10/17/2015 12:40:35 AM,10/2/2018 3:31:03 AM,IN-STREAM ARRAY,IN-STREAM ARRAY,10/15/2015,7,Bull Trout,R,Resident,W,Wild Fish or Natural Production,"CHIWAT - Chiwawa River Trap, 0.5 km below CHIP acclimation pond",SCREWT,Screw Trap,310,1
3DD.0077420DDD,NBD15069.AAZ,CHL - Lower Chiwawa River,3/10/2015 8:09:59 PM,3/10/2015 8:09:59 PM,LOWER IN-STREAM ARRAY,LOWER IN-STREAM ARRAY,3/10/2015,7,Bull Trout,R,Resident,W,Wild Fish or Natural Production,"CHIWAT - Chiwawa River Trap, 0.5 km below CHIP acclimation pond",SCREWT,Screw Trap,193,1
3DD.0077420DDD,NBD15069.AAZ,UWE - Upper Wenatchee River,3/17/2015 6:29:50 PM,3/17/2015 6:29:50 PM,IN-STREAM ARRAY,IN-STREAM ARRAY,3/10/2015,7,Bull Trout,R,Resident,W,Wild Fish or Natural Production,"CHIWAT - Chiwawa River Trap, 0.5 km below CHIP acclimation pond",SCREWT,Screw Trap,193,1
3DD.0077420F38,NBD-2020-189-001.xml,CHL - Lower Chiwawa River,10/3/2020 8:10:10 PM,10/3/2020 8:10:10 PM,LOWER IN-STREAM ARRAY,LOWER IN-STREAM ARRAY,7/13/2020,7,Bull Trout,R,Resident,W,Wild Fish or Natural Production,CHIWAR - Chiwawa River,WTRAP,Weir Trap,540,1
3DD.0077420F38,NBD-2020-189-001.xml,CHU - Upper Chiwawa River,10/1/2020 10:58:37 PM,9/27/2021 9:22:09 PM,LOWER IN-STREAM ARRAY,LOWER IN-STREAM ARRAY,7/13/2020,7,Bull Trout,R,Resident,W,Wild Fish or Natural Production,CHIWAR - Chiwawa River,WTRAP,Weir Trap,540,1
3DD.0077420F38,NBD-2020-189-001.xml,LWN - Little Wenatchee River,5/3/2021 10:35:19 PM,5/3/2021 10:35:28 PM,LOWER IN-STREAM ARRAY,UPPER IN-STREAM ARRAY,7/13/2020,7,Bull Trout,R,Resident,W,Wild Fish or Natural Production,CHIWAR - Chiwawa River,WTRAP,Weir Trap,540,1
3DD.0077420F38,NBD-2020-189-001.xml,UWE - Upper Wenatchee River,10/3/2020 11:26:56 PM,9/28/2021 2:41:41 AM,IN-STREAM ARRAY,IN-STREAM ARRAY,7/13/2020,7,Bull Trout,R,Resident,W,Wild Fish or Natural Production,CHIWAR - Chiwawa River,WTRAP,Weir Trap,540,1
3DD.0077420FA7,NBD-2016-074-TUM.xml,NAL - Lower Nason Creek,7/11/2016 1:54:36 AM,7/11/2016 1:54:36 AM,UPPER IN-STREAM ARRAY,UPPER IN-STREAM ARRAY,6/26/2016,7,Bull Trout,R,Resident,W,Wild Fish or Natural Production,TUMFBY - TUM - Release into the Forebay within 0.5 km upstream of Dam,LADDER,Adult Passage Ladder,NA,1
3DD.0077420FA7,NBD-2016-074-TUM.xml,NAU - Upper Nason Creek,7/17/2016 9:43:46 PM,7/17/2016 9:44:08 PM,LOWER IN-STREAM ARRAY,UPPER IN-STREAM ARRAY,6/26/2016,7,Bull Trout,R,Resident,W,Wild Fish or Natural Production,TUMFBY - TUM - Release into the Forebay within 0.5 km upstream of Dam,LADDER,Adult Passage Ladder,NA,1
3DD.0077420FA7,NBD-2016-074-TUM.xml,UWE - Upper Wenatchee River,7/10/2016 9:32:56 PM,7/10/2016 9:32:56 PM,IN-STREAM ARRAY,IN-STREAM ARRAY,6/26/2016,7,Bull Trout,R,Resident,W,Wild Fish or Natural Production,TUMFBY - TUM - Release into the Forebay within 0.5 km upstream of Dam,LADDER,Adult Passage Ladder,NA,1
3DD.0077421019,CSS-2020-256-112.xml,CHL - Lower Chiwawa River,9/12/2020 12:51:21 PM,9/12/2020 12:51:21 PM,UPPER IN-STREAM ARRAY,UPPER IN-STREAM ARRAY,9/12/2020,7,Bull Trout,R,Resident,W,Wild Fish or Natural Production,"CHIWAT - Chiwawa River Trap, 0.5 km below CHIP acclimation pond",SCREWT,Screw Trap,233,1
3DD.0077421019,CSS-2020-256-112.xml,UWE - Upper Wenatchee River,9/12/2020 10:34:10 PM,9/12/2020 10:34:11 PM,IN-STREAM ARRAY,IN-STREAM ARRAY,9/12/2020,7,Bull Trout,R,Resident,W,Wild Fish or Natural Production,"CHIWAT - Chiwawa River Trap, 0.5 km below CHIP acclimation pond",SCREWT,Screw Trap,233,1
3DD.0077421121,CSS-2020-251-112.xml,UWE - Upper Wenatchee River,9/7/2020 10:19:02 PM,9/7/2020 10:19:02 PM,IN-STREAM ARRAY,IN-STREAM ARRAY,9/7/2020,7,Bull Trout,R,Resident,W,Wild Fish or Natural Production,"CHIWAT - Chiwawa River Trap, 0.5 km below CHIP acclimation pond",SCREWT,Screw Trap,230,1
3DD.007742174B,NBD15285.AAZ,CHL - Lower Chiwawa River,10/12/2015 2:01:17 PM,10/12/2015 6:33:59 PM,LOWER IN-STREAM ARRAY,UPPER IN-STREAM ARRAY,10/12/2015,7,Bull Trout,R,Resident,W,Wild Fish or Natural Production,"CHIWAT - Chiwawa River Trap, 0.5 km below CHIP acclimation pond",SCREWT,Screw Trap,239,1
3DD.007742174B,NBD15285.AAZ,UWE - Upper Wenatchee River,10/16/2015 3:09:23 AM,10/16/2015 3:09:23 AM,IN-STREAM ARRAY,IN-STREAM ARRAY,10/12/2015,7,Bull Trout,R,Resident,W,Wild Fish or Natural Production,"CHIWAT - Chiwawa River Trap, 0.5 km below CHIP acclimation pond",SCREWT,Screw Trap,239,1
3DD.00774217BD,NBD15296.AAZ,UWE - Upper Wenatchee River,10/24/2015 12:13:17 AM,10/24/2015 12:13:17 AM,IN-STREAM ARRAY,IN-STREAM ARRAY,10/23/2015,7,Bull Trout,R,Resident,W,Wild Fish or Natural Production,"CHIWAT - Chiwawa River Trap, 0.5 km below CHIP acclimation pond",SCREWT,Screw Trap,186,1
3DD.00774217D0,NBD16264.AAZ,CHL - Lower Chiwawa River,9/20/2016 10:39:28 AM,9/20/2016 10:44:01 AM,UPPER IN-STREAM ARRAY,UPPER IN-STREAM ARRAY,9/20/2016,7,Bull Trout,R,Resident,W,Wild Fish or Natural Production,"CHIWAT - Chiwawa River Trap, 0.5 km below CHIP acclimation pond",SCREWT,Screw Trap,239,1
3DD.00774218C2,NBD15246.AAZ,CHL - Lower Chiwawa River,7/6/2019 9:16:14 PM,9/23/2019 2:27:21 AM,UPPER IN-STREAM ARRAY,UPPER IN-STREAM ARRAY,9/3/2015,7,Bull Trout,R,Resident,W,Wild Fish or Natural Production,"CHIWAT - Chiwawa River Trap, 0.5 km below CHIP acclimation pond",SCREWT,Screw Trap,280,1
3DD.00774218C2,NBD15246.AAZ,CHU - Upper Chiwawa River,9/22/2018 9:58:52 PM,9/22/2019 10:22:49 PM,LOWER IN-STREAM ARRAY,UPPER IN-STREAM ARRAY,9/3/2015,7,Bull Trout,R,Resident,W,Wild Fish or Natural Production,"CHIWAT - Chiwawa River Trap, 0.5 km below CHIP acclimation pond",SCREWT,Screw Trap,280,1
3DD.00774218C2,NBD15246.AAZ,UWE - Upper Wenatchee River,9/4/2015 10:34:41 PM,9/23/2019 5:08:11 AM,IN-STREAM ARRAY,IN-STREAM ARRAY,9/3/2015,7,Bull Trout,R,Resident,W,Wild Fish or Natural Production,"CHIWAT - Chiwawa River Trap, 0.5 km below CHIP acclimation pond",SCREWT,Screw Trap,280,1
3DD.00774218E5,NBD-2018-178-001.xml,CHL - Lower Chiwawa River,8/20/2019 12:40:02 AM,8/10/2021 3:37:26 AM,LOWER IN-STREAM ARRAY,UPPER IN-STREAM ARRAY,7/7/2018,7,Bull Trout,R,Resident,W,Wild Fish or Natural Production,CHIWAR - Chiwawa River,WTRAP,Weir Trap,440,1
3DD.00774218E5,NBD-2018-178-001.xml,CHU - Upper Chiwawa River,7/8/2018 8:30:44 AM,10/22/2021 12:36:48 AM,LOWER IN-STREAM ARRAY,LOWER IN-STREAM ARRAY,7/7/2018,7,Bull Trout,R,Resident,W,Wild Fish or Natural Production,CHIWAR - Chiwawa River,WTRAP,Weir Trap,440,1
3DD.00774218E5,NBD-2018-178-001.xml,UWE - Upper Wenatchee River,10/19/2018 1:26:48 AM,10/19/2019 3:40:00 AM,IN-STREAM ARRAY,IN-STREAM ARRAY,7/7/2018,7,Bull Trout,R,Resident,W,Wild Fish or Natural Production,CHIWAR - Chiwawa River,WTRAP,Weir Trap,440,1
3DD.00774218F6,NBD16284.AAZ,UWE - Upper Wenatchee River,10/11/2016 9:07:09 PM,10/11/2016 9:07:09 PM,IN-STREAM ARRAY,IN-STREAM ARRAY,10/10/2016,7,Bull Trout,R,Resident,W,Wild Fish or Natural Production,"CHIWAT - Chiwawa River Trap, 0.5 km below CHIP acclimation pond",SCREWT,Screw Trap,210,1
3DD.0077421B44,NBD-2019-163-001.xml,CHL - Lower Chiwawa River,10/1/2019 2:05:03 AM,9/29/2023 11:54:45 PM,UPPER IN-STREAM ARRAY,LOWER IN-STREAM ARRAY,6/12/2019,7,Bull Trout,R,Resident,W,Wild Fish or Natural Production,CHIWAR - Chiwawa River,WTRAP,Weir Trap,520,1
3DD.0077421B44,NBD-2019-163-001.xml,CHU - Upper Chiwawa River,6/30/2019 12:03:13 AM,9/29/2023 6:24:50 PM,LOWER IN-STREAM ARRAY,LOWER IN-STREAM ARRAY,6/12/2019,7,Bull Trout,R,Resident,W,Wild Fish or Natural Production,CHIWAR - Chiwawa River,WTRAP,Weir Trap,520,1
3DD.0077421B44,NBD-2019-163-001.xml,UWE - Upper Wenatchee River,10/1/2019 4:36:11 AM,9/27/2021 3:44:50 AM,IN-STREAM ARRAY,IN-STREAM ARRAY,6/12/2019,7,Bull Trout,R,Resident,W,Wild Fish or Natural Production,CHIWAR - Chiwawa River,WTRAP,Weir Trap,520,1
3DD.0077421C13,NBD-2020-189-001.xml,CHL - Lower Chiwawa River,9/10/2021 10:18:23 PM,9/10/2021 10:18:23 PM,UPPER IN-STREAM ARRAY,UPPER IN-STREAM ARRAY,7/27/2020,7,Bull Trout,R,Resident,W,Wild Fish or Natural Production,CHIWAR - Chiwawa River,WTRAP,Weir Trap,520,1
3DD.0077421C13,NBD-2020-189-001.xml,CHU - Upper Chiwawa River,7/27/2020 8:16:00 PM,10/10/2021 1:29:57 AM,LOWER IN-STREAM ARRAY,LOWER IN-STREAM ARRAY,7/27/2020,7,Bull Trout,R,Resident,W,Wild Fish or Natural Production,CHIWAR - Chiwawa River,WTRAP,Weir Trap,520,1
3DD.0077421C13,NBD-2020-189-001.xml,UWE - Upper Wenatchee River,9/26/2020 12:56:51 AM,10/10/2021 9:21:17 PM,IN-STREAM ARRAY,IN-STREAM ARRAY,7/27/2020,7,Bull Trout,R,Resident,W,Wild Fish or Natural Production,CHIWAR - Chiwawa River,WTRAP,Weir Trap,520,1
3DD.0077421C13,NBD-2020-189-001.xml,"WTL - White River, Wenatchee Basin",9/27/2020 8:45:34 PM,3/28/2022 5:04:42 AM,LOWER IN-STREAM ARRAY,UPPER IN-STREAM ARRAY,7/27/2020,7,Bull Trout,R,Resident,W,Wild Fish or Natural Production,CHIWAR - Chiwawa River,WTRAP,Weir Trap,520,1
3DD.0077421C16,NBD-2018-178-001.xml,CHL - Lower Chiwawa River,9/12/2019 10:46:29 PM,9/14/2022 10:16:48 PM,UPPER IN-STREAM ARRAY,LOWER IN-STREAM ARRAY,7/3/2018,7,Bull Trout,R,Resident,W,Wild Fish or Natural Production,CHIWAR - Chiwawa River,WTRAP,Weir Trap,490,1
3DD.0077421C16,NBD-2018-178-001.xml,CHU - Upper Chiwawa River,7/5/2018 9:29:54 PM,9/18/2021 11:56:20 PM,UPPER IN-STREAM ARRAY,LOWER IN-STREAM ARRAY,7/3/2018,7,Bull Trout,R,Resident,W,Wild Fish or Natural Production,CHIWAR - Chiwawa River,WTRAP,Weir Trap,490,1
3DD.0077421C16,NBD-2018-178-001.xml,UWE - Upper Wenatchee River,9/19/2018 5:13:03 AM,11/29/2022 1:30:17 AM,IN-STREAM ARRAY,IN-STREAM ARRAY,7/3/2018,7,Bull Trout,R,Resident,W,Wild Fish or Natural Production,CHIWAR - Chiwawa River,WTRAP,Weir Trap,490,1
3DD.0077421C9A,CSS-2021-275-112.xml,CHL - Lower Chiwawa River,10/2/2021 10:52:52 AM,10/2/2021 10:52:52 AM,UPPER IN-STREAM ARRAY,UPPER IN-STREAM ARRAY,10/2/2021,7,Bull Trout,R,Resident,W,Wild Fish or Natural Production,"CHIWAT - Chiwawa River Trap, 0.5 km below CHIP acclimation pond",SCREWT,Screw Trap,213,1
3DD.0077421C9A,CSS-2021-275-112.xml,UWE - Upper Wenatchee River,10/4/2021 1:11:51 AM,10/4/2021 1:11:52 AM,IN-STREAM ARRAY,IN-STREAM ARRAY,10/2/2021,7,Bull Trout,R,Resident,W,Wild Fish or Natural Production,"CHIWAT - Chiwawa River Trap, 0.5 km below CHIP acclimation pond",SCREWT,Screw Trap,213,1
3DD.0077421E7F,NBD15285.AAZ,UWE - Upper Wenatchee River,10/13/2015 6:33:04 PM,10/13/2015 6:33:04 PM,IN-STREAM ARRAY,IN-STREAM ARRAY,10/12/2015,7,Bull Trout,R,Resident,W,Wild Fish or Natural Production,"CHIWAT - Chiwawa River Trap, 0.5 km below CHIP acclimation pond",SCREWT,Screw Trap,197,1
3DD.0077421F35,NBD15282.AAZ,CHL - Lower Chiwawa River,10/9/2015 11:01:25 AM,10/9/2015 3:09:58 PM,LOWER IN-STREAM ARRAY,UPPER IN-STREAM ARRAY,10/9/2015,7,Bull Trout,R,Resident,W,Wild Fish or Natural Production,"CHIWAT - Chiwawa River Trap, 0.5 km below CHIP acclimation pond",SCREWT,Screw Trap,254,1
3DD.00774222D8,NBD-2018-178-001.xml,CHU - Upper Chiwawa River,7/7/2018 7:07:32 PM,10/1/2018 10:41:55 PM,LOWER IN-STREAM ARRAY,LOWER IN-STREAM ARRAY,7/7/2018,7,Bull Trout,R,Resident,W,Wild Fish or Natural Production,CHIWAR - Chiwawa River,WTRAP,Weir Trap,420,1
3DD.00774222D8,NBD-2018-178-001.xml,UWE - Upper Wenatchee River,10/2/2018 9:37:36 PM,10/2/2018 9:37:36 PM,IN-STREAM ARRAY,IN-STREAM ARRAY,7/7/2018,7,Bull Trout,R,Resident,W,Wild Fish or Natural Production,CHIWAR - Chiwawa River,WTRAP,Weir Trap,420,1
3DD.00774222D8,NBD-2018-178-001.xml,"WTL - White River, Wenatchee Basin",11/5/2018 5:20:50 AM,9/23/2019 11:11:44 PM,UPPER IN-STREAM ARRAY,UPPER IN-STREAM ARRAY,7/7/2018,7,Bull Trout,R,Resident,W,Wild Fish or Natural Production,CHIWAR - Chiwawa River,WTRAP,Weir Trap,420,1
3DD.00774223C4,NBD15285.AAZ,UWE - Upper Wenatchee River,10/15/2015 6:31:49 PM,10/15/2015 6:31:49 PM,IN-STREAM ARRAY,IN-STREAM ARRAY,10/12/2015,7,Bull Trout,R,Resident,W,Wild Fish or Natural Production,"CHIWAT - Chiwawa River Trap, 0.5 km below CHIP acclimation pond",SCREWT,Screw Trap,228,1
3DD.0077422749,NBD15285.AAZ,UWE - Upper Wenatchee River,10/14/2015 1:23:23 AM,10/14/2015 1:23:23 AM,IN-STREAM ARRAY,IN-STREAM ARRAY,10/12/2015,7,Bull Trout,R,Resident,W,Wild Fish or Natural Production,"CHIWAT - Chiwawa River Trap, 0.5 km below CHIP acclimation pond",SCREWT,Screw Trap,227,1
3DD.007742290F,NBD15227.AAZ,CHL - Lower Chiwawa River,8/15/2015 10:11:30 AM,8/15/2015 10:12:53 AM,LOWER IN-STREAM ARRAY,UPPER IN-STREAM ARRAY,8/15/2015,7,Bull Trout,R,Resident,W,Wild Fish or Natural Production,"CHIWAT - Chiwawa River Trap, 0.5 km below CHIP acclimation pond",SCREWT,Screw Trap,207,1
3DD.007742290F,NBD15227.AAZ,CHU - Upper Chiwawa River,8/18/2015 3:42:35 AM,9/11/2015 9:35:45 PM,LOWER IN-STREAM ARRAY,UPPER IN-STREAM ARRAY,8/15/2015,7,Bull Trout,R,Resident,W,Wild Fish or Natural Production,"CHIWAT - Chiwawa River Trap, 0.5 km below CHIP acclimation pond",SCREWT,Screw Trap,207,1
3DD.007742294B,NBD15132.AAZ,CHL - Lower Chiwawa River,9/22/2019 8:29:08 PM,9/22/2019 8:29:09 PM,LOWER IN-STREAM ARRAY,LOWER IN-STREAM ARRAY,5/12/2015,7,Bull Trout,R,Resident,W,Wild Fish or Natural Production,"CHIWAT - Chiwawa River Trap, 0.5 km below CHIP acclimation pond",SCREWT,Screw Trap,178,1
3DD.007742294B,NBD15132.AAZ,CHU - Upper Chiwawa River,6/17/2019 4:03:59 AM,6/17/2019 4:03:59 AM,UPPER IN-STREAM ARRAY,UPPER IN-STREAM ARRAY,5/12/2015,7,Bull Trout,R,Resident,W,Wild Fish or Natural Production,"CHIWAT - Chiwawa River Trap, 0.5 km below CHIP acclimation pond",SCREWT,Screw Trap,178,1
3DD.007742294B,NBD15132.AAZ,UWE - Upper Wenatchee River,5/18/2015 7:50:05 PM,9/22/2019 11:22:14 PM,IN-STREAM ARRAY,IN-STREAM ARRAY,5/12/2015,7,Bull Trout,R,Resident,W,Wild Fish or Natural Production,"CHIWAT - Chiwawa River Trap, 0.5 km below CHIP acclimation pond",SCREWT,Screw Trap,178,1
3DD.0077422A36,NBD15285.AAZ,UWE - Upper Wenatchee River,10/13/2015 12:05:59 AM,10/13/2015 12:05:59 AM,IN-STREAM ARRAY,IN-STREAM ARRAY,10/12/2015,7,Bull Trout,R,Resident,W,Wild Fish or Natural Production,"CHIWAT - Chiwawa River Trap, 0.5 km below CHIP acclimation pond",SCREWT,Screw Trap,224,1
3DD.0077422A7E,CSS-2021-276-112.xml,CHL - Lower Chiwawa River,10/3/2021 8:25:03 AM,10/3/2021 8:26:19 AM,LOWER IN-STREAM ARRAY,UPPER IN-STREAM ARRAY,10/3/2021,7,Bull Trout,R,Resident,W,Wild Fish or Natural Production,"CHIWAT - Chiwawa River Trap, 0.5 km below CHIP acclimation pond",SCREWT,Screw Trap,228,1
3DD.0077422C46,NBD15301.AAZ,UWE - Upper Wenatchee River,10/28/2015 11:11:02 PM,10/28/2015 11:11:02 PM,IN-STREAM ARRAY,IN-STREAM ARRAY,10/28/2015,7,Bull Trout,R,Resident,W,Wild Fish or Natural Production,"CHIWAT - Chiwawa River Trap, 0.5 km below CHIP acclimation pond",SCREWT,Screw Trap,203,1
3DD.0077422CF2,CSS-2020-258-112.xml,UWE - Upper Wenatchee River,9/14/2020 10:40:13 PM,9/14/2020 10:40:14 PM,IN-STREAM ARRAY,IN-STREAM ARRAY,9/14/2020,7,Bull Trout,R,Resident,W,Wild Fish or Natural Production,"CHIWAT - Chiwawa River Trap, 0.5 km below CHIP acclimation pond",SCREWT,Screw Trap,257,1
3DD.0077422F21,NBD15285.AAZ,CHL - Lower Chiwawa River,10/12/2015 12:52:55 PM,10/14/2015 6:23:31 PM,LOWER IN-STREAM ARRAY,UPPER IN-STREAM ARRAY,10/12/2015,7,Bull Trout,R,Resident,W,Wild Fish or Natural Production,"CHIWAT - Chiwawa River Trap, 0.5 km below CHIP acclimation pond",SCREWT,Screw Trap,248,1
3DD.0077422F21,NBD15285.AAZ,UWE - Upper Wenatchee River,10/15/2015 6:16:02 PM,10/15/2015 6:16:02 PM,IN-STREAM ARRAY,IN-STREAM ARRAY,10/12/2015,7,Bull Trout,R,Resident,W,Wild Fish or Natural Production,"CHIWAT - Chiwawa River Trap, 0.5 km below CHIP acclimation pond",SCREWT,Screw Trap,248,1
3DD.0077422F25,CSS-2021-298-112.xml,UWE - Upper Wenatchee River,10/26/2021 3:20:07 AM,10/26/2021 3:20:08 AM,IN-STREAM ARRAY,IN-STREAM ARRAY,10/25/2021,7,Bull Trout,R,Resident,W,Wild Fish or Natural Production,"CHIWAT - Chiwawa River Trap, 0.5 km below CHIP acclimation pond",SCREWT,Screw Trap,172,1
3DD.0077422F25,CSS-2021-298-112.xml,"WTL - White River, Wenatchee Basin",7/17/2024 9:16:32 PM,10/5/2024 4:39:02 AM,LOWER IN-STREAM ARRAY,LOWER IN-STREAM ARRAY,10/25/2021,7,Bull Trout,R,Resident,W,Wild Fish or Natural Production,"CHIWAT - Chiwawa River Trap, 0.5 km below CHIP acclimation pond",SCREWT,Screw Trap,172,1
3DD.0077423402,NBD18218.AAZ,CHL - Lower Chiwawa River,6/6/2020 11:37:52 PM,9/15/2021 8:28:35 PM,UPPER IN-STREAM ARRAY,LOWER IN-STREAM ARRAY,8/6/2018,7,Bull Trout,R,Resident,W,Wild Fish or Natural Production,"CHIWAT - Chiwawa River Trap, 0.5 km below CHIP acclimation pond",SCREWT,Screw Trap,335,1
3DD.0077423402,NBD18218.AAZ,CHU - Upper Chiwawa River,9/16/2020 11:20:38 PM,9/15/2021 2:01:34 AM,LOWER IN-STREAM ARRAY,LOWER IN-STREAM ARRAY,8/6/2018,7,Bull Trout,R,Resident,W,Wild Fish or Natural Production,"CHIWAT - Chiwawa River Trap, 0.5 km below CHIP acclimation pond",SCREWT,Screw Trap,335,1
3DD.0077423402,NBD18218.AAZ,UWE - Upper Wenatchee River,8/7/2018 11:49:57 PM,9/15/2021 10:43:04 PM,IN-STREAM ARRAY,IN-STREAM ARRAY,8/6/2018,7,Bull Trout,R,Resident,W,Wild Fish or Natural Production,"CHIWAT - Chiwawa River Trap, 0.5 km below CHIP acclimation pond",SCREWT,Screw Trap,335,1
3DD.007742346E,NBD-2018-178-001.xml,CHU - Upper Chiwawa River,10/2/2018 3:24:07 AM,10/2/2018 3:24:49 AM,UPPER IN-STREAM ARRAY,LOWER IN-STREAM ARRAY,7/3/2018,7,Bull Trout,R,Resident,W,Wild Fish or Natural Production,CHIWAR - Chiwawa River,WTRAP,Weir Trap,530,1
3DD.00774235F3,NBD15286.AAZ,NAL - Lower Nason Creek,7/13/2016 9:56:06 PM,7/14/2016 7:37:24 AM,UPPER IN-STREAM ARRAY,UPPER IN-STREAM ARRAY,10/13/2015,7,Bull Trout,R,Resident,W,Wild Fish or Natural Production,"CHIWAT - Chiwawa River Trap, 0.5 km below CHIP acclimation pond",SCREWT,Screw Trap,222,1
3DD.00774235F3,NBD15286.AAZ,UWE - Upper Wenatchee River,7/10/2016 9:13:59 PM,7/18/2017 1:39:07 AM,IN-STREAM ARRAY,IN-STREAM ARRAY,10/13/2015,7,Bull Trout,R,Resident,W,Wild Fish or Natural Production,"CHIWAT - Chiwawa River Trap, 0.5 km below CHIP acclimation pond",SCREWT,Screw Trap,222,1
3DD.00774235F3,NBD15286.AAZ,"WTL - White River, Wenatchee Basin",9/12/2016 1:51:21 AM,9/26/2016 7:05:53 AM,LOWER IN-STREAM ARRAY,LOWER IN-STREAM ARRAY,10/13/2015,7,Bull Trout,R,Resident,W,Wild Fish or Natural Production,"CHIWAT - Chiwawa River Trap, 0.5 km below CHIP acclimation pond",SCREWT,Screw Trap,222,1
3DD.0077423648,NBD15289.AAZ,UWE - Upper Wenatchee River,10/16/2015 10:54:02 PM,10/16/2015 10:54:02 PM,IN-STREAM ARRAY,IN-STREAM ARRAY,10/16/2015,7,Bull Trout,R,Resident,W,Wild Fish or Natural Production,"CHIWAT - Chiwawa River Trap, 0.5 km below CHIP acclimation pond",SCREWT,Screw Trap,199,1
3DD.00774239B7,NBD18317.AAZ,UWE - Upper Wenatchee River,11/16/2018 5:24:49 AM,11/16/2018 5:24:52 AM,IN-STREAM ARRAY,IN-STREAM ARRAY,11/13/2018,7,Bull Trout,R,Resident,W,Wild Fish or Natural Production,"CHIWAT - Chiwawa River Trap, 0.5 km below CHIP acclimation pond",SCREWT,Screw Trap,196,1
3DD.0077423D70,CSS-2021-309-112.xml,UWE - Upper Wenatchee River,11/6/2021 9:16:02 AM,11/6/2021 9:16:03 AM,IN-STREAM ARRAY,IN-STREAM ARRAY,11/5/2021,7,Bull Trout,R,Resident,W,Wild Fish or Natural Production,"CHIWAT - Chiwawa River Trap, 0.5 km below CHIP acclimation pond",SCREWT,Screw Trap,216,1
3DD.0077424373,NBD-2018-178-001.xml,CHL - Lower Chiwawa River,7/9/2020 3:00:40 AM,7/9/2020 8:42:23 PM,UPPER IN-STREAM ARRAY,UPPER IN-STREAM ARRAY,7/3/2018,7,Bull Trout,R,Resident,W,Wild Fish or Natural Production,CHIWAR - Chiwawa River,WTRAP,Weir Trap,480,1
3DD.0077424373,NBD-2018-178-001.xml,CHU - Upper Chiwawa River,7/3/2018 8:48:39 PM,7/6/2023 12:57:12 AM,LOWER IN-STREAM ARRAY,UPPER IN-STREAM ARRAY,7/3/2018,7,Bull Trout,R,Resident,W,Wild Fish or Natural Production,CHIWAR - Chiwawa River,WTRAP,Weir Trap,480,1
3DD.0077424373,NBD-2018-178-001.xml,LWN - Little Wenatchee River,11/2/2018 3:27:51 AM,4/29/2023 6:35:34 PM,LOWER IN-STREAM ARRAY,LOWER IN-STREAM ARRAY,7/3/2018,7,Bull Trout,R,Resident,W,Wild Fish or Natural Production,CHIWAR - Chiwawa River,WTRAP,Weir Trap,480,1
3DD.0077424373,NBD-2018-178-001.xml,UWE - Upper Wenatchee River,10/5/2018 9:42:11 PM,10/6/2021 1:20:32 AM,IN-STREAM ARRAY,IN-STREAM ARRAY,7/3/2018,7,Bull Trout,R,Resident,W,Wild Fish or Natural Production,CHIWAR - Chiwawa River,WTRAP,Weir Trap,480,1
3DD.00774244CA,NBD17274.AAZ,UWE - Upper Wenatchee River,10/2/2017 12:57:51 AM,10/2/2017 12:57:51 AM,IN-STREAM ARRAY,IN-STREAM ARRAY,10/1/2017,7,Bull Trout,R,Resident,W,Wild Fish or Natural Production,"CHIWAT - Chiwawa River Trap, 0.5 km below CHIP acclimation pond",SCREWT,Screw Trap,231,1
3DD.00774245DE,NBD16284.AAZ,UWE - Upper Wenatchee River,10/12/2016 5:52:50 PM,10/12/2016 5:52:50 PM,IN-STREAM ARRAY,IN-STREAM ARRAY,10/10/2016,7,Bull Trout,R,Resident,W,Wild Fish or Natural Production,"CHIWAT - Chiwawa River Trap, 0.5 km below CHIP acclimation pond",SCREWT,Screw Trap,185,1
3DD.007742477D,NBD-2019-163-001.xml,CHL - Lower Chiwawa River,9/25/2019 9:16:53 PM,9/22/2022 9:35:58 PM,UPPER IN-STREAM ARRAY,LOWER IN-STREAM ARRAY,6/12/2019,7,Bull Trout,R,Resident,W,Wild Fish or Natural Production,CHIWAR - Chiwawa River,WTRAP,Weir Trap,570,1
3DD.007742477D,NBD-2019-163-001.xml,CHU - Upper Chiwawa River,6/12/2019 8:05:34 PM,9/23/2020 9:47:20 PM,UPPER IN-STREAM ARRAY,LOWER IN-STREAM ARRAY,6/12/2019,7,Bull Trout,R,Resident,W,Wild Fish or Natural Production,CHIWAR - Chiwawa River,WTRAP,Weir Trap,570,1
3DD.007742477D,NBD-2019-163-001.xml,NAL - Lower Nason Creek,4/21/2020 8:43:46 PM,4/28/2022 1:22:52 AM,LOWER IN-STREAM ARRAY,UPPER IN-STREAM ARRAY,6/12/2019,7,Bull Trout,R,Resident,W,Wild Fish or Natural Production,CHIWAR - Chiwawa River,WTRAP,Weir Trap,570,1
3DD.007742477D,NBD-2019-163-001.xml,UWE - Upper Wenatchee River,9/24/2020 2:18:32 AM,9/29/2022 10:13:02 PM,IN-STREAM ARRAY,IN-STREAM ARRAY,6/12/2019,7,Bull Trout,R,Resident,W,Wild Fish or Natural Production,CHIWAR - Chiwawa River,WTRAP,Weir Trap,570,1
3DD.0077424876,NBD16265.AAZ,UWE - Upper Wenatchee River,9/21/2016 10:21:29 PM,9/21/2016 10:21:29 PM,IN-STREAM ARRAY,IN-STREAM ARRAY,9/21/2016,7,Bull Trout,R,Resident,W,Wild Fish or Natural Production,"CHIWAT - Chiwawa River Trap, 0.5 km below CHIP acclimation pond",SCREWT,Screw Trap,262,1
3DD.0077424B40,NBD16284.AAZ,CHL - Lower Chiwawa River,10/10/2016 1:43:21 PM,9/16/2022 8:26:13 PM,LOWER IN-STREAM ARRAY,LOWER IN-STREAM ARRAY,10/10/2016,7,Bull Trout,R,Resident,W,Wild Fish or Natural Production,"CHIWAT - Chiwawa River Trap, 0.5 km below CHIP acclimation pond",SCREWT,Screw Trap,234,1
3DD.0077424B40,NBD16284.AAZ,CHU - Upper Chiwawa River,9/21/2020 7:05:20 PM,9/21/2021 2:26:52 AM,LOWER IN-STREAM ARRAY,LOWER IN-STREAM ARRAY,10/10/2016,7,Bull Trout,R,Resident,W,Wild Fish or Natural Production,"CHIWAT - Chiwawa River Trap, 0.5 km below CHIP acclimation pond",SCREWT,Screw Trap,234,1
3DD.0077424B40,NBD16284.AAZ,UWE - Upper Wenatchee River,10/12/2016 2:10:05 AM,9/16/2022 10:48:42 PM,IN-STREAM ARRAY,IN-STREAM ARRAY,10/10/2016,7,Bull Trout,R,Resident,W,Wild Fish or Natural Production,"CHIWAT - Chiwawa River Trap, 0.5 km below CHIP acclimation pond",SCREWT,Screw Trap,234,1
3DD.0077424B97,NBD15285.AAZ,CHL - Lower Chiwawa River,10/22/2015 12:19:37 AM,9/14/2021 7:14:50 PM,UPPER IN-STREAM ARRAY,UPPER IN-STREAM ARRAY,10/12/2015,7,Bull Trout,R,Resident,W,Wild Fish or Natural Production,"CHIWAT - Chiwawa River Trap, 0.5 km below CHIP acclimation pond",SCREWT,Screw Trap,226,1
3DD.0077424B97,NBD15285.AAZ,CHU - Upper Chiwawa River,9/22/2019 1:30:43 AM,9/14/2021 1:19:50 AM,UPPER IN-STREAM ARRAY,LOWER IN-STREAM ARRAY,10/12/2015,7,Bull Trout,R,Resident,W,Wild Fish or Natural Production,"CHIWAT - Chiwawa River Trap, 0.5 km below CHIP acclimation pond",SCREWT,Screw Trap,226,1
3DD.0077424B97,NBD15285.AAZ,UWE - Upper Wenatchee River,9/22/2019 9:08:26 PM,9/14/2021 9:14:05 PM,IN-STREAM ARRAY,IN-STREAM ARRAY,10/12/2015,7,Bull Trout,R,Resident,W,Wild Fish or Natural Production,"CHIWAT - Chiwawa River Trap, 0.5 km below CHIP acclimation pond",SCREWT,Screw Trap,226,1
3DD.0077424BCB,NBD15116.AAZ,UWE - Upper Wenatchee River,4/30/2015 11:13:13 PM,4/30/2015 11:13:17 PM,IN-STREAM ARRAY,IN-STREAM ARRAY,4/26/2015,7,Bull Trout,R,Resident,W,Wild Fish or Natural Production,"CHIWAT - Chiwawa River Trap, 0.5 km below CHIP acclimation pond",SCREWT,Screw Trap,184,1
3DD.0077424DE3,NBD15286.AAZ,UWE - Upper Wenatchee River,10/14/2015 7:24:56 PM,10/14/2015 7:24:56 PM,IN-STREAM ARRAY,IN-STREAM ARRAY,10/13/2015,7,Bull Trout,R,Resident,W,Wild Fish or Natural Production,"CHIWAT - Chiwawa River Trap, 0.5 km below CHIP acclimation pond",SCREWT,Screw Trap,253,1
3DD.0077424F81,NBD-2020-189-001.xml,CHU - Upper Chiwawa River,8/2/2020 8:17:50 PM,8/2/2020 8:19:31 PM,LOWER IN-STREAM ARRAY,UPPER IN-STREAM ARRAY,8/2/2020,7,Bull Trout,R,Resident,W,Wild Fish or Natural Production,CHIWAR - Chiwawa River,WTRAP,Weir Trap,NA,1
3DD.0077425071,NBD-2018-178-001.xml,CHL - Lower Chiwawa River,9/30/2018 12:27:57 AM,9/30/2018 12:27:57 AM,UPPER IN-STREAM ARRAY,UPPER IN-STREAM ARRAY,7/3/2018,7,Bull Trout,R,Resident,W,Wild Fish or Natural Production,CHIWAR - Chiwawa River,WTRAP,Weir Trap,490,1
3DD.0077425071,NBD-2018-178-001.xml,UWE - Upper Wenatchee River,9/30/2018 6:22:11 AM,9/30/2018 6:22:12 AM,IN-STREAM ARRAY,IN-STREAM ARRAY,7/3/2018,7,Bull Trout,R,Resident,W,Wild Fish or Natural Production,CHIWAR - Chiwawa River,WTRAP,Weir Trap,490,1
3DD.00774251ED,NBD15286.AAZ,UWE - Upper Wenatchee River,10/14/2015 6:23:17 AM,10/14/2015 6:23:17 AM,IN-STREAM ARRAY,IN-STREAM ARRAY,10/13/2015,7,Bull Trout,R,Resident,W,Wild Fish or Natural Production,"CHIWAT - Chiwawa River Trap, 0.5 km below CHIP acclimation pond",SCREWT,Screw Trap,257,1
3DD.0077425200,NBD16265.AAZ,CHL - Lower Chiwawa River,9/28/2017 10:35:55 PM,9/28/2017 10:35:55 PM,LOWER IN-STREAM ARRAY,LOWER IN-STREAM ARRAY,9/21/2016,7,Bull Trout,R,Resident,W,Wild Fish or Natural Production,"CHIWAT - Chiwawa River Trap, 0.5 km below CHIP acclimation pond",SCREWT,Screw Trap,510,1
3DD.0077425200,NBD16265.AAZ,CHU - Upper Chiwawa River,9/25/2017 11:52:29 PM,9/25/2017 11:52:44 PM,UPPER IN-STREAM ARRAY,LOWER IN-STREAM ARRAY,9/21/2016,7,Bull Trout,R,Resident,W,Wild Fish or Natural Production,"CHIWAT - Chiwawa River Trap, 0.5 km below CHIP acclimation pond",SCREWT,Screw Trap,510,1
3DD.0077425391,CSS-2021-283-112.xml,UWE - Upper Wenatchee River,10/10/2021 10:20:13 PM,10/10/2021 10:20:13 PM,IN-STREAM ARRAY,IN-STREAM ARRAY,10/10/2021,7,Bull Trout,R,Resident,W,Wild Fish or Natural Production,"CHIWAT - Chiwawa River Trap, 0.5 km below CHIP acclimation pond",SCREWT,Screw Trap,215,1
3DD.00774255F8,NBD-2018-178-001.xml,CHL - Lower Chiwawa River,9/29/2018 6:16:43 PM,9/16/2023 2:49:17 AM,UPPER IN-STREAM ARRAY,LOWER IN-STREAM ARRAY,7/7/2018,7,Bull Trout,R,Resident,W,Wild Fish or Natural Production,CHIWAR - Chiwawa River,WTRAP,Weir Trap,430,1
3DD.00774255F8,NBD-2018-178-001.xml,CHU - Upper Chiwawa River,7/17/2018 10:30:29 PM,9/15/2023 11:18:32 PM,UPPER IN-STREAM ARRAY,UPPER IN-STREAM ARRAY,7/7/2018,7,Bull Trout,R,Resident,W,Wild Fish or Natural Production,CHIWAR - Chiwawa River,WTRAP,Weir Trap,430,1
3DD.00774255F8,NBD-2018-178-001.xml,UWE - Upper Wenatchee River,10/1/2018 3:27:52 AM,9/16/2022 8:55:07 PM,IN-STREAM ARRAY,IN-STREAM ARRAY,7/7/2018,7,Bull Trout,R,Resident,W,Wild Fish or Natural Production,CHIWAR - Chiwawa River,WTRAP,Weir Trap,430,1
3DD.0077425619,NBD-2019-163-001.xml,CHL - Lower Chiwawa River,9/26/2019 8:39:55 PM,9/26/2019 9:28:57 PM,LOWER IN-STREAM ARRAY,LOWER IN-STREAM ARRAY,7/3/2019,7,Bull Trout,R,Resident,W,Wild Fish or Natural Production,CHIWAR - Chiwawa River,WTRAP,Weir Trap,460,1
3DD.0077425619,NBD-2019-163-001.xml,CHU - Upper Chiwawa River,7/3/2019 9:17:51 PM,9/25/2019 9:34:21 PM,LOWER IN-STREAM ARRAY,LOWER IN-STREAM ARRAY,7/3/2019,7,Bull Trout,R,Resident,W,Wild Fish or Natural Production,CHIWAR - Chiwawa River,WTRAP,Weir Trap,460,1
3DD.0077425619,NBD-2019-163-001.xml,UWE - Upper Wenatchee River,9/26/2019 11:36:36 PM,9/26/2019 11:36:37 PM,IN-STREAM ARRAY,IN-STREAM ARRAY,7/3/2019,7,Bull Trout,R,Resident,W,Wild Fish or Natural Production,CHIWAR - Chiwawa River,WTRAP,Weir Trap,460,1
3DD.0077425A6F,NBD-2018-178-001.xml,CHL - Lower Chiwawa River,9/27/2020 12:07:47 AM,9/27/2020 12:07:47 AM,UPPER IN-STREAM ARRAY,UPPER IN-STREAM ARRAY,7/7/2018,7,Bull Trout,R,Resident,W,Wild Fish or Natural Production,CHIWAR - Chiwawa River,WTRAP,Weir Trap,520,1
3DD.0077425A6F,NBD-2018-178-001.xml,CHU - Upper Chiwawa River,7/7/2018 8:59:28 PM,9/29/2019 4:13:45 AM,LOWER IN-STREAM ARRAY,LOWER IN-STREAM ARRAY,7/7/2018,7,Bull Trout,R,Resident,W,Wild Fish or Natural Production,CHIWAR - Chiwawa River,WTRAP,Weir Trap,520,1
3DD.0077425A6F,NBD-2018-178-001.xml,UWE - Upper Wenatchee River,9/30/2019 12:11:43 AM,9/27/2020 4:01:28 AM,IN-STREAM ARRAY,IN-STREAM ARRAY,7/7/2018,7,Bull Trout,R,Resident,W,Wild Fish or Natural Production,CHIWAR - Chiwawa River,WTRAP,Weir Trap,520,1
3DD.0077425B68,CSS-2021-304-112.xml,UWE - Upper Wenatchee River,11/2/2021 8:19:37 AM,11/2/2021 8:19:37 AM,IN-STREAM ARRAY,IN-STREAM ARRAY,10/31/2021,7,Bull Trout,R,Resident,W,Wild Fish or Natural Production,"CHIWAT - Chiwawa River Trap, 0.5 km below CHIP acclimation pond",SCREWT,Screw Trap,223,1
3DD.0077425BC2,NBD17288.AAZ,CHL - Lower Chiwawa River,9/16/2021 9:09:20 PM,9/16/2021 9:09:20 PM,UPPER IN-STREAM ARRAY,UPPER IN-STREAM ARRAY,10/15/2017,7,Bull Trout,R,Resident,W,Wild Fish or Natural Production,"CHIWAT - Chiwawa River Trap, 0.5 km below CHIP acclimation pond",SCREWT,Screw Trap,219,1
3DD.0077425BC2,NBD17288.AAZ,CHU - Upper Chiwawa River,9/16/2021 4:17:11 AM,9/16/2021 4:17:11 AM,LOWER IN-STREAM ARRAY,LOWER IN-STREAM ARRAY,10/15/2017,7,Bull Trout,R,Resident,W,Wild Fish or Natural Production,"CHIWAT - Chiwawa River Trap, 0.5 km below CHIP acclimation pond",SCREWT,Screw Trap,219,1
3DD.0077425BC2,NBD17288.AAZ,UWE - Upper Wenatchee River,10/21/2017 6:11:17 PM,9/17/2021 12:47:29 AM,IN-STREAM ARRAY,IN-STREAM ARRAY,10/15/2017,7,Bull Trout,R,Resident,W,Wild Fish or Natural Production,"CHIWAT - Chiwawa River Trap, 0.5 km below CHIP acclimation pond",SCREWT,Screw Trap,219,1
3DD.0077425C74,NBD15312.AAZ,CHL - Lower Chiwawa River,11/8/2015 5:05:37 PM,11/8/2015 5:05:37 PM,LOWER IN-STREAM ARRAY,LOWER IN-STREAM ARRAY,11/8/2015,7,Bull Trout,R,Resident,W,Wild Fish or Natural Production,"CHIWAT - Chiwawa River Trap, 0.5 km below CHIP acclimation pond",SCREWT,Screw Trap,226,1
3DD.0077425D67,NBD-2019-163-001.xml,CHL - Lower Chiwawa River,9/26/2019 2:56:26 AM,9/23/2025 11:58:26 PM,LOWER IN-STREAM ARRAY,LOWER IN-STREAM ARRAY,6/12/2019,7,Bull Trout,R,Resident,W,Wild Fish or Natural Production,CHIWAR - Chiwawa River,WTRAP,Weir Trap,440,1
3DD.0077425D67,NBD-2019-163-001.xml,CHU - Upper Chiwawa River,6/12/2019 8:23:10 PM,9/23/2025 8:12:36 PM,LOWER IN-STREAM ARRAY,LOWER IN-STREAM ARRAY,6/12/2019,7,Bull Trout,R,Resident,W,Wild Fish or Natural Production,CHIWAR - Chiwawa River,WTRAP,Weir Trap,440,1
3DD.0077425D67,NBD-2019-163-001.xml,CWT - Chiwawa River Weir Trap Array,5/18/2025 1:43:33 AM,9/23/2025 11:47:40 PM,Single Pass,Single Pass,6/12/2019,7,Bull Trout,R,Resident,W,Wild Fish or Natural Production,CHIWAR - Chiwawa River,WTRAP,Weir Trap,440,1
3DD.0077425D67,NBD-2019-163-001.xml,LWN - Little Wenatchee River,6/7/2024 3:30:23 PM,4/27/2026 12:39:18 AM,UPPER IN-STREAM ARRAY,UPPER IN-STREAM ARRAY,6/12/2019,7,Bull Trout,R,Resident,W,Wild Fish or Natural Production,CHIWAR - Chiwawa River,WTRAP,Weir Trap,440,1
3DD.0077425D67,NBD-2019-163-001.xml,UWE - Upper Wenatchee River,9/27/2019 7:23:39 PM,9/25/2023 10:38:47 PM,IN-STREAM ARRAY,IN-STREAM ARRAY,6/12/2019,7,Bull Trout,R,Resident,W,Wild Fish or Natural Production,CHIWAR - Chiwawa River,WTRAP,Weir Trap,440,1
3DD.0077425D82,NBD15307.AAZ,CHL - Lower Chiwawa River,11/3/2015 7:20:58 PM,11/3/2015 7:20:58 PM,LOWER IN-STREAM ARRAY,LOWER IN-STREAM ARRAY,11/3/2015,7,Bull Trout,R,Resident,W,Wild Fish or Natural Production,"CHIWAT - Chiwawa River Trap, 0.5 km below CHIP acclimation pond",SCREWT,Screw Trap,244,1
3DD.0077425ED8,NBD15289.AAZ,CHL - Lower Chiwawa River,10/16/2015 6:38:51 PM,10/16/2015 6:40:29 PM,LOWER IN-STREAM ARRAY,UPPER IN-STREAM ARRAY,10/16/2015,7,Bull Trout,R,Resident,W,Wild Fish or Natural Production,"CHIWAT - Chiwawa River Trap, 0.5 km below CHIP acclimation pond",SCREWT,Screw Trap,222,1
3DD.007742602A,NBD15285.AAZ,CHL - Lower Chiwawa River,10/12/2015 11:07:52 AM,10/16/2015 9:18:05 PM,LOWER IN-STREAM ARRAY,LOWER IN-STREAM ARRAY,10/12/2015,7,Bull Trout,R,Resident,W,Wild Fish or Natural Production,"CHIWAT - Chiwawa River Trap, 0.5 km below CHIP acclimation pond",SCREWT,Screw Trap,251,1
3DD.0077426156,NBD-2018-178-001.xml,CHL - Lower Chiwawa River,9/30/2018 2:50:32 AM,9/30/2023 11:15:32 PM,UPPER IN-STREAM ARRAY,LOWER IN-STREAM ARRAY,7/7/2018,7,Bull Trout,R,Resident,W,Wild Fish or Natural Production,CHIWAR - Chiwawa River,WTRAP,Weir Trap,480,1
3DD.0077426156,NBD-2018-178-001.xml,CHU - Upper Chiwawa River,10/3/2019 7:08:08 PM,9/28/2023 1:11:25 AM,UPPER IN-STREAM ARRAY,LOWER IN-STREAM ARRAY,7/7/2018,7,Bull Trout,R,Resident,W,Wild Fish or Natural Production,CHIWAR - Chiwawa River,WTRAP,Weir Trap,480,1
3DD.0077426156,NBD-2018-178-001.xml,UWE - Upper Wenatchee River,3/12/2019 10:44:44 PM,2/20/2023 4:24:21 AM,IN-STREAM ARRAY,IN-STREAM ARRAY,7/7/2018,7,Bull Trout,R,Resident,W,Wild Fish or Natural Production,CHIWAR - Chiwawa River,WTRAP,Weir Trap,480,1
3DD.007742627F,CSS-2021-295-112.xml,CHL - Lower Chiwawa River,7/11/2024 9:35:06 PM,7/14/2024 9:12:13 PM,LOWER IN-STREAM ARRAY,UPPER IN-STREAM ARRAY,10/22/2021,7,Bull Trout,R,Resident,W,Wild Fish or Natural Production,"CHIWAT - Chiwawa River Trap, 0.5 km below CHIP acclimation pond",SCREWT,Screw Trap,221,1
3DD.007742627F,CSS-2021-295-112.xml,CHU - Upper Chiwawa River,7/15/2024 6:23:21 PM,7/15/2024 6:23:21 PM,LOWER IN-STREAM ARRAY,LOWER IN-STREAM ARRAY,10/22/2021,7,Bull Trout,R,Resident,W,Wild Fish or Natural Production,"CHIWAT - Chiwawa River Trap, 0.5 km below CHIP acclimation pond",SCREWT,Screw Trap,221,1
3DD.007742627F,CSS-2021-295-112.xml,UWE - Upper Wenatchee River,10/23/2021 4:02:13 AM,10/23/2021 4:02:14 AM,IN-STREAM ARRAY,IN-STREAM ARRAY,10/22/2021,7,Bull Trout,R,Resident,W,Wild Fish or Natural Production,"CHIWAT - Chiwawa River Trap, 0.5 km below CHIP acclimation pond",SCREWT,Screw Trap,221,1
3DD.00774263B5,NBD17281.AAZ,UWE - Upper Wenatchee River,10/9/2017 12:55:40 AM,10/9/2017 12:55:40 AM,IN-STREAM ARRAY,IN-STREAM ARRAY,10/8/2017,7,Bull Trout,R,Resident,W,Wild Fish or Natural Production,"CHIWAT - Chiwawa River Trap, 0.5 km below CHIP acclimation pond",SCREWT,Screw Trap,228,1
3DD.00774263D8,NBD15285.AAZ,UWE - Upper Wenatchee River,10/13/2015 6:29:36 PM,10/13/2015 6:29:36 PM,IN-STREAM ARRAY,IN-STREAM ARRAY,10/12/2015,7,Bull Trout,R,Resident,W,Wild Fish or Natural Production,"CHIWAT - Chiwawa River Trap, 0.5 km below CHIP acclimation pond",SCREWT,Screw Trap,266,1
3DD.0077426500,NBD15266.AAZ,CHL - Lower Chiwawa River,10/3/2018 12:35:14 AM,10/3/2018 12:35:14 AM,UPPER IN-STREAM ARRAY,UPPER IN-STREAM ARRAY,9/23/2015,7,Bull Trout,R,Resident,W,Wild Fish or Natural Production,"CHIWAT - Chiwawa River Trap, 0.5 km below CHIP acclimation pond",SCREWT,Screw Trap,250,1
3DD.0077426500,NBD15266.AAZ,UWE - Upper Wenatchee River,9/23/2015 10:07:19 PM,10/4/2018 1:33:08 AM,IN-STREAM ARRAY,IN-STREAM ARRAY,9/23/2015,7,Bull Trout,R,Resident,W,Wild Fish or Natural Production,"CHIWAT - Chiwawa River Trap, 0.5 km below CHIP acclimation pond",SCREWT,Screw Trap,250,1
3DD.007742669F,CSS-2021-275-112.xml,CHL - Lower Chiwawa River,10/2/2021 10:04:51 AM,10/2/2021 10:04:51 AM,UPPER IN-STREAM ARRAY,UPPER IN-STREAM ARRAY,10/2/2021,7,Bull Trout,R,Resident,W,Wild Fish or Natural Production,"CHIWAT - Chiwawa River Trap, 0.5 km below CHIP acclimation pond",SCREWT,Screw Trap,227,1
3DD.007742669F,CSS-2021-275-112.xml,UWE - Upper Wenatchee River,10/3/2021 12:40:04 AM,10/3/2021 12:40:04 AM,IN-STREAM ARRAY,IN-STREAM ARRAY,10/2/2021,7,Bull Trout,R,Resident,W,Wild Fish or Natural Production,"CHIWAT - Chiwawa River Trap, 0.5 km below CHIP acclimation pond",SCREWT,Screw Trap,227,1
3DD.00774267FA,CSS-2021-299-112.xml,CHL - Lower Chiwawa River,10/26/2021 11:58:40 AM,9/20/2025 3:46:06 AM,UPPER IN-STREAM ARRAY,LOWER IN-STREAM ARRAY,10/26/2021,7,Bull Trout,R,Resident,W,Wild Fish or Natural Production,"CHIWAT - Chiwawa River Trap, 0.5 km below CHIP acclimation pond",SCREWT,Screw Trap,265,1
3DD.00774267FA,CSS-2021-299-112.xml,CHU - Upper Chiwawa River,9/25/2024 11:21:27 PM,9/20/2025 12:49:21 AM,UPPER IN-STREAM ARRAY,UPPER IN-STREAM ARRAY,10/26/2021,7,Bull Trout,R,Resident,W,Wild Fish or Natural Production,"CHIWAT - Chiwawa River Trap, 0.5 km below CHIP acclimation pond",SCREWT,Screw Trap,265,1
3DD.00774267FA,CSS-2021-299-112.xml,CWT - Chiwawa River Weir Trap Array,6/22/2025 10:03:23 PM,9/20/2025 3:41:35 AM,Single Pass,Single Pass,10/26/2021,7,Bull Trout,R,Resident,W,Wild Fish or Natural Production,"CHIWAT - Chiwawa River Trap, 0.5 km below CHIP acclimation pond",SCREWT,Screw Trap,265,1
3DD.00774267FA,CSS-2021-299-112.xml,UWE - Upper Wenatchee River,9/13/2022 7:37:10 PM,9/13/2022 7:37:11 PM,IN-STREAM ARRAY,IN-STREAM ARRAY,10/26/2021,7,Bull Trout,R,Resident,W,Wild Fish or Natural Production,"CHIWAT - Chiwawa River Trap, 0.5 km below CHIP acclimation pond",SCREWT,Screw Trap,265,1
3DD.0077426802,NBD15211.AAZ,NAL - Lower Nason Creek,7/31/2015 8:02:40 PM,7/31/2015 8:04:07 PM,LOWER IN-STREAM ARRAY,UPPER IN-STREAM ARRAY,7/30/2015,7,Bull Trout,R,Resident,W,Wild Fish or Natural Production,"CHIWAT - Chiwawa River Trap, 0.5 km below CHIP acclimation pond",SCREWT,Screw Trap,167,1
3DD.0077426802,NBD15211.AAZ,UWE - Upper Wenatchee River,7/31/2015 12:30:34 AM,7/31/2015 12:30:34 AM,IN-STREAM ARRAY,IN-STREAM ARRAY,7/30/2015,7,Bull Trout,R,Resident,W,Wild Fish or Natural Production,"CHIWAT - Chiwawa River Trap, 0.5 km below CHIP acclimation pond",SCREWT,Screw Trap,167,1
3DD.0077426A19,NBD17274.AAZ,CHL - Lower Chiwawa River,10/4/2018 8:02:50 PM,10/6/2019 12:25:12 AM,UPPER IN-STREAM ARRAY,LOWER IN-STREAM ARRAY,10/1/2017,7,Bull Trout,R,Resident,W,Wild Fish or Natural Production,"CHIWAT - Chiwawa River Trap, 0.5 km below CHIP acclimation pond",SCREWT,Screw Trap,416,1
3DD.0077426A19,NBD17274.AAZ,CHU - Upper Chiwawa River,7/15/2019 8:28:52 PM,10/3/2019 11:19:01 PM,UPPER IN-STREAM ARRAY,LOWER IN-STREAM ARRAY,10/1/2017,7,Bull Trout,R,Resident,W,Wild Fish or Natural Production,"CHIWAT - Chiwawa River Trap, 0.5 km below CHIP acclimation pond",SCREWT,Screw Trap,416,1
3DD.0077426A19,NBD17274.AAZ,UWE - Upper Wenatchee River,10/3/2017 8:26:52 PM,10/6/2018 9:47:31 PM,IN-STREAM ARRAY,IN-STREAM ARRAY,10/1/2017,7,Bull Trout,R,Resident,W,Wild Fish or Natural Production,"CHIWAT - Chiwawa River Trap, 0.5 km below CHIP acclimation pond",SCREWT,Screw Trap,416,1
3DD.0077426A31,NBD-2016-074-TUM.xml,CHW - Chiwaukum Creek,6/29/2016 12:16:17 AM,6/29/2016 12:19:03 AM,DOWNSTREAM ARRAY,UPSTREAM ARRAY,6/21/2016,7,Bull Trout,R,Resident,W,Wild Fish or Natural Production,TUMFBY - TUM - Release into the Forebay within 0.5 km upstream of Dam,LADDER,Adult Passage Ladder,NA,1
3DD.0077426A56,NBD-2019-163-001.xml,CHL - Lower Chiwawa River,10/11/2019 12:13:45 AM,10/7/2021 11:47:15 PM,UPPER IN-STREAM ARRAY,UPPER IN-STREAM ARRAY,7/3/2019,7,Bull Trout,R,Resident,W,Wild Fish or Natural Production,CHIWAR - Chiwawa River,WTRAP,Weir Trap,480,1
3DD.0077426A56,NBD-2019-163-001.xml,CHU - Upper Chiwawa River,7/3/2019 8:32:52 PM,10/7/2021 6:16:00 PM,LOWER IN-STREAM ARRAY,LOWER IN-STREAM ARRAY,7/3/2019,7,Bull Trout,R,Resident,W,Wild Fish or Natural Production,CHIWAR - Chiwawa River,WTRAP,Weir Trap,480,1
3DD.0077426A56,NBD-2019-163-001.xml,UWE - Upper Wenatchee River,10/11/2019 3:27:32 AM,7/17/2021 9:34:28 PM,IN-STREAM ARRAY,IN-STREAM ARRAY,7/3/2019,7,Bull Trout,R,Resident,W,Wild Fish or Natural Production,CHIWAR - Chiwawa River,WTRAP,Weir Trap,480,1
3DD.0077426A56,NBD-2019-163-001.xml,"WTL - White River, Wenatchee Basin",9/1/2022 7:33:32 PM,8/17/2024 8:53:19 PM,LOWER IN-STREAM ARRAY,UPPER IN-STREAM ARRAY,7/3/2019,7,Bull Trout,R,Resident,W,Wild Fish or Natural Production,CHIWAR - Chiwawa River,WTRAP,Weir Trap,480,1
3DD.0077426B94,CSS-2020-241-112.xml,CHL - Lower Chiwawa River,7/14/2022 9:56:05 PM,7/14/2022 9:56:05 PM,UPPER IN-STREAM ARRAY,UPPER IN-STREAM ARRAY,8/28/2020,7,Bull Trout,R,Resident,W,Wild Fish or Natural Production,"CHIWAT - Chiwawa River Trap, 0.5 km below CHIP acclimation pond",SCREWT,Screw Trap,350,1
3DD.0077426B94,CSS-2020-241-112.xml,CHU - Upper Chiwawa River,7/4/2021 4:20:10 AM,7/4/2021 4:20:10 AM,LOWER IN-STREAM ARRAY,LOWER IN-STREAM ARRAY,8/28/2020,7,Bull Trout,R,Resident,W,Wild Fish or Natural Production,"CHIWAT - Chiwawa River Trap, 0.5 km below CHIP acclimation pond",SCREWT,Screw Trap,350,1
3DD.0077426B94,CSS-2020-241-112.xml,NAL - Lower Nason Creek,10/7/2022 3:00:10 PM,10/7/2022 3:00:32 PM,LOWER IN-STREAM ARRAY,UPPER IN-STREAM ARRAY,8/28/2020,7,Bull Trout,R,Resident,W,Wild Fish or Natural Production,"CHIWAT - Chiwawa River Trap, 0.5 km below CHIP acclimation pond",SCREWT,Screw Trap,350,1
3DD.0077426B94,CSS-2020-241-112.xml,UWE - Upper Wenatchee River,8/29/2020 9:30:07 PM,10/6/2022 11:51:51 PM,IN-STREAM ARRAY,IN-STREAM ARRAY,8/28/2020,7,Bull Trout,R,Resident,W,Wild Fish or Natural Production,"CHIWAT - Chiwawa River Trap, 0.5 km below CHIP acclimation pond",SCREWT,Screw Trap,350,1
3DD.0077426B94,CSS-2020-241-112.xml,"WTL - White River, Wenatchee Basin",8/31/2020 8:05:20 PM,10/19/2020 6:32:37 AM,LOWER IN-STREAM ARRAY,UPPER IN-STREAM ARRAY,8/28/2020,7,Bull Trout,R,Resident,W,Wild Fish or Natural Production,"CHIWAT - Chiwawa River Trap, 0.5 km below CHIP acclimation pond",SCREWT,Screw Trap,350,1
3DD.0077426C9B,NBD15296.AAZ,"WTL - White River, Wenatchee Basin",9/8/2018 10:59:11 PM,9/8/2018 10:59:57 PM,LOWER IN-STREAM ARRAY,UPPER IN-STREAM ARRAY,10/23/2015,7,Bull Trout,R,Resident,W,Wild Fish or Natural Production,"CHIWAT - Chiwawa River Trap, 0.5 km below CHIP acclimation pond",SCREWT,Screw Trap,254,1
3DD.0077426D3D,NBD-2018-178-001.xml,CHL - Lower Chiwawa River,8/30/2019 12:44:36 AM,9/28/2020 12:06:25 AM,UPPER IN-STREAM ARRAY,LOWER IN-STREAM ARRAY,7/3/2018,7,Bull Trout,R,Resident,W,Wild Fish or Natural Production,CHIWAR - Chiwawa River,WTRAP,Weir Trap,430,1
3DD.0077426D3D,NBD-2018-178-001.xml,CHU - Upper Chiwawa River,7/5/2019 11:26:42 PM,8/29/2019 7:50:47 PM,LOWER IN-STREAM ARRAY,LOWER IN-STREAM ARRAY,7/3/2018,7,Bull Trout,R,Resident,W,Wild Fish or Natural Production,CHIWAR - Chiwawa River,WTRAP,Weir Trap,430,1
3DD.0077426D3D,NBD-2018-178-001.xml,UWE - Upper Wenatchee River,8/30/2019 8:07:40 PM,8/30/2019 8:07:41 PM,IN-STREAM ARRAY,IN-STREAM ARRAY,7/3/2018,7,Bull Trout,R,Resident,W,Wild Fish or Natural Production,CHIWAR - Chiwawa River,WTRAP,Weir Trap,430,1
3DD.0077426DBB,NBD15285.AAZ,UWE - Upper Wenatchee River,10/14/2015 2:11:23 AM,10/14/2015 2:11:23 AM,IN-STREAM ARRAY,IN-STREAM ARRAY,10/12/2015,7,Bull Trout,R,Resident,W,Wild Fish or Natural Production,"CHIWAT - Chiwawa River Trap, 0.5 km below CHIP acclimation pond",SCREWT,Screw Trap,231,1
3DD.0077426F6F,NBD18232.AAZ,CHL - Lower Chiwawa River,8/18/2019 9:36:36 PM,9/30/2021 9:19:30 PM,UPPER IN-STREAM ARRAY,LOWER IN-STREAM ARRAY,8/20/2018,7,Bull Trout,R,Resident,W,Wild Fish or Natural Production,"CHIWAT - Chiwawa River Trap, 0.5 km below CHIP acclimation pond",SCREWT,Screw Trap,291,1
3DD.0077426F6F,NBD18232.AAZ,CHU - Upper Chiwawa River,7/15/2019 2:29:38 AM,10/1/2023 11:34:52 PM,LOWER IN-STREAM ARRAY,UPPER IN-STREAM ARRAY,8/20/2018,7,Bull Trout,R,Resident,W,Wild Fish or Natural Production,"CHIWAT - Chiwawa River Trap, 0.5 km below CHIP acclimation pond",SCREWT,Screw Trap,291,1
3DD.0077426F6F,NBD18232.AAZ,UWE - Upper Wenatchee River,8/20/2018 9:55:04 PM,9/28/2022 11:21:36 PM,IN-STREAM ARRAY,IN-STREAM ARRAY,8/20/2018,7,Bull Trout,R,Resident,W,Wild Fish or Natural Production,"CHIWAT - Chiwawa River Trap, 0.5 km below CHIP acclimation pond",SCREWT,Screw Trap,291,1
3DD.00774270F3,NBD15270.AAZ,CHL - Lower Chiwawa River,9/17/2016 12:50:54 AM,7/12/2019 1:40:36 AM,LOWER IN-STREAM ARRAY,UPPER IN-STREAM ARRAY,9/27/2015,7,Bull Trout,R,Resident,W,Wild Fish or Natural Production,"CHIWAT - Chiwawa River Trap, 0.5 km below CHIP acclimation pond",SCREWT,Screw Trap,420,1
3DD.00774270F3,NBD15270.AAZ,CHU - Upper Chiwawa River,9/16/2016 9:53:00 PM,7/15/2019 12:09:54 AM,LOWER IN-STREAM ARRAY,LOWER IN-STREAM ARRAY,9/27/2015,7,Bull Trout,R,Resident,W,Wild Fish or Natural Production,"CHIWAT - Chiwawa River Trap, 0.5 km below CHIP acclimation pond",SCREWT,Screw Trap,420,1
3DD.00774270F3,NBD15270.AAZ,UWE - Upper Wenatchee River,9/27/2015 9:53:49 PM,9/25/2018 6:02:08 AM,IN-STREAM ARRAY,IN-STREAM ARRAY,9/27/2015,7,Bull Trout,R,Resident,W,Wild Fish or Natural Production,"CHIWAT - Chiwawa River Trap, 0.5 km below CHIP acclimation pond",SCREWT,Screw Trap,420,1
3DD.007742714B,NBD-2018-178-001.xml,CHL - Lower Chiwawa River,7/13/2019 8:44:34 PM,9/19/2025 12:35:42 AM,UPPER IN-STREAM ARRAY,UPPER IN-STREAM ARRAY,7/7/2018,7,Bull Trout,R,Resident,W,Wild Fish or Natural Production,CHIWAR - Chiwawa River,WTRAP,Weir Trap,460,1
3DD.007742714B,NBD-2018-178-001.xml,CHU - Upper Chiwawa River,7/10/2018 3:43:53 AM,9/23/2023 8:27:16 PM,UPPER IN-STREAM ARRAY,LOWER IN-STREAM ARRAY,7/7/2018,7,Bull Trout,R,Resident,W,Wild Fish or Natural Production,CHIWAR - Chiwawa River,WTRAP,Weir Trap,460,1
3DD.007742714B,NBD-2018-178-001.xml,CWT - Chiwawa River Weir Trap Array,9/19/2025 1:06:58 AM,9/19/2025 1:06:58 AM,Single Pass,Single Pass,7/7/2018,7,Bull Trout,R,Resident,W,Wild Fish or Natural Production,CHIWAR - Chiwawa River,WTRAP,Weir Trap,460,1
3DD.007742714B,NBD-2018-178-001.xml,UWE - Upper Wenatchee River,10/3/2018 2:04:19 AM,9/21/2022 10:57:11 PM,IN-STREAM ARRAY,IN-STREAM ARRAY,7/7/2018,7,Bull Trout,R,Resident,W,Wild Fish or Natural Production,CHIWAR - Chiwawa River,WTRAP,Weir Trap,460,1
3DD.00774271B1,NBD15285.AAZ,CHL - Lower Chiwawa River,10/12/2015 10:54:55 AM,10/13/2015 7:02:36 PM,UPPER IN-STREAM ARRAY,LOWER IN-STREAM ARRAY,10/12/2015,7,Bull Trout,R,Resident,W,Wild Fish or Natural Production,"CHIWAT - Chiwawa River Trap, 0.5 km below CHIP acclimation pond",SCREWT,Screw Trap,219,1
3DD.00774271B1,NBD15285.AAZ,UWE - Upper Wenatchee River,10/14/2015 3:59:22 AM,10/14/2015 3:59:22 AM,IN-STREAM ARRAY,IN-STREAM ARRAY,10/12/2015,7,Bull Trout,R,Resident,W,Wild Fish or Natural Production,"CHIWAT - Chiwawa River Trap, 0.5 km below CHIP acclimation pond",SCREWT,Screw Trap,219,1
3DD.007742737A,NBD-2016-074-TUM.xml,CHW - Chiwaukum Creek,7/3/2016 5:29:09 AM,7/14/2018 1:44:25 AM,UPSTREAM ARRAY,UPSTREAM ARRAY,6/19/2016,7,Bull Trout,R,Resident,W,Wild Fish or Natural Production,TUMFBY - TUM - Release into the Forebay within 0.5 km upstream of Dam,LADDER,Adult Passage Ladder,NA,1
3DD.007742737A,NBD-2016-074-TUM.xml,LWE - Lower Wenatchee River,10/26/2016 11:14:10 AM,11/6/2016 1:52:24 PM,UPSTREAM ANTENNA ARRAY,DOWNSTREAM ANTENNA ARRAY,6/19/2016,7,Bull Trout,R,Resident,W,Wild Fish or Natural Production,TUMFBY - TUM - Release into the Forebay within 0.5 km upstream of Dam,LADDER,Adult Passage Ladder,NA,1
3DD.007742737A,NBD-2016-074-TUM.xml,TUF - Tumwater Dam Adult Fishway,7/2/2017 5:21:22 PM,7/7/2018 6:57:03 PM,High Flow Ladder Entrance,WEIR 17,6/19/2016,7,Bull Trout,R,Resident,W,Wild Fish or Natural Production,TUMFBY - TUM - Release into the Forebay within 0.5 km upstream of Dam,LADDER,Adult Passage Ladder,NA,1
3DD.0077427407,NBD-2018-178-001.xml,CHU - Upper Chiwawa River,7/9/2018 8:36:13 PM,9/29/2019 8:05:23 PM,LOWER IN-STREAM ARRAY,LOWER IN-STREAM ARRAY,7/3/2018,7,Bull Trout,R,Resident,W,Wild Fish or Natural Production,CHIWAR - Chiwawa River,WTRAP,Weir Trap,460,1
3DD.0077427407,NBD-2018-178-001.xml,UWE - Upper Wenatchee River,9/30/2019 10:17:03 PM,9/30/2019 10:17:04 PM,IN-STREAM ARRAY,IN-STREAM ARRAY,7/3/2018,7,Bull Trout,R,Resident,W,Wild Fish or Natural Production,CHIWAR - Chiwawa River,WTRAP,Weir Trap,460,1
3DD.00774275AF,CSS-2021-297-112.xml,UWE - Upper Wenatchee River,5/7/2024 3:19:28 AM,5/7/2024 3:19:28 AM,IN-STREAM ARRAY,IN-STREAM ARRAY,10/24/2021,7,Bull Trout,R,Resident,W,Wild Fish or Natural Production,"CHIWAT - Chiwawa River Trap, 0.5 km below CHIP acclimation pond",SCREWT,Screw Trap,168,1
3DD.00774275EC,NBD-2016-074-TUM.xml,CHW - Chiwaukum Creek,7/19/2016 11:50:11 PM,7/19/2016 11:51:17 PM,DOWNSTREAM ARRAY,UPSTREAM ARRAY,6/9/2016,7,Bull Trout,R,Resident,W,Wild Fish or Natural Production,TUMFBY - TUM - Release into the Forebay within 0.5 km upstream of Dam,LADDER,Adult Passage Ladder,NA,1
3DD.00774275EC,NBD-2016-074-TUM.xml,TUF - Tumwater Dam Adult Fishway,6/28/2016 10:44:07 AM,7/6/2016 6:36:41 PM,WEIR 14,WEIR 17,6/9/2016,7,Bull Trout,R,Resident,W,Wild Fish or Natural Production,TUMFBY - TUM - Release into the Forebay within 0.5 km upstream of Dam,LADDER,Adult Passage Ladder,NA,1
3DD.0077427627,NBD15202.AAZ,UWE - Upper Wenatchee River,7/23/2015 9:03:23 PM,7/23/2015 9:03:23 PM,IN-STREAM ARRAY,IN-STREAM ARRAY,7/21/2015,7,Bull Trout,R,Resident,W,Wild Fish or Natural Production,"CHIWAT - Chiwawa River Trap, 0.5 km below CHIP acclimation pond",SCREWT,Screw Trap,220,1
3DD.00774278FF,NBD18208.AAZ,NAL - Lower Nason Creek,7/29/2018 10:53:36 PM,10/15/2018 9:16:50 PM,LOWER IN-STREAM ARRAY,LOWER IN-STREAM ARRAY,7/27/2018,7,Bull Trout,R,Resident,W,Wild Fish or Natural Production,"CHIWAT - Chiwawa River Trap, 0.5 km below CHIP acclimation pond",SCREWT,Screw Trap,178,1
3DD.00774278FF,NBD18208.AAZ,UWE - Upper Wenatchee River,7/28/2018 10:14:48 AM,7/28/2018 10:14:48 AM,IN-STREAM ARRAY,IN-STREAM ARRAY,7/27/2018,7,Bull Trout,R,Resident,W,Wild Fish or Natural Production,"CHIWAT - Chiwawa River Trap, 0.5 km below CHIP acclimation pond",SCREWT,Screw Trap,178,1
3DD.0077427C90,NBD-2018-178-001.xml,CHU - Upper Chiwawa River,9/22/2018 4:08:23 AM,9/25/2018 2:06:26 AM,LOWER IN-STREAM ARRAY,LOWER IN-STREAM ARRAY,7/7/2018,7,Bull Trout,R,Resident,W,Wild Fish or Natural Production,CHIWAR - Chiwawa River,WTRAP,Weir Trap,430,1
3DD.0077427C90,NBD-2018-178-001.xml,UWE - Upper Wenatchee River,9/26/2018 5:51:56 AM,9/26/2018 5:51:56 AM,IN-STREAM ARRAY,IN-STREAM ARRAY,7/7/2018,7,Bull Trout,R,Resident,W,Wild Fish or Natural Production,CHIWAR - Chiwawa River,WTRAP,Weir Trap,430,1
3DD.0077427E9B,NBD15198.AAZ,CHL - Lower Chiwawa River,6/14/2019 8:37:47 PM,9/22/2022 7:17:29 PM,UPPER IN-STREAM ARRAY,LOWER IN-STREAM ARRAY,7/17/2015,7,Bull Trout,R,Resident,W,Wild Fish or Natural Production,"CHIWAT - Chiwawa River Trap, 0.5 km below CHIP acclimation pond",SCREWT,Screw Trap,231,1
3DD.0077427E9B,NBD15198.AAZ,CHU - Upper Chiwawa River,10/2/2019 2:40:55 AM,7/9/2023 12:57:34 AM,UPPER IN-STREAM ARRAY,UPPER IN-STREAM ARRAY,7/17/2015,7,Bull Trout,R,Resident,W,Wild Fish or Natural Production,"CHIWAT - Chiwawa River Trap, 0.5 km below CHIP acclimation pond",SCREWT,Screw Trap,231,1
3DD.0077427E9B,NBD15198.AAZ,CHW - Chiwaukum Creek,7/19/2015 4:29:12 AM,9/13/2015 10:42:25 PM,DOWNSTREAM ARRAY,DOWNSTREAM ARRAY,7/17/2015,7,Bull Trout,R,Resident,W,Wild Fish or Natural Production,"CHIWAT - Chiwawa River Trap, 0.5 km below CHIP acclimation pond",SCREWT,Screw Trap,231,1
3DD.0077427E9B,NBD15198.AAZ,UWE - Upper Wenatchee River,9/17/2015 3:42:07 AM,6/13/2023 9:01:02 PM,IN-STREAM ARRAY,IN-STREAM ARRAY,7/17/2015,7,Bull Trout,R,Resident,W,Wild Fish or Natural Production,"CHIWAT - Chiwawa River Trap, 0.5 km below CHIP acclimation pond",SCREWT,Screw Trap,231,1
3DD.0077427EC2,NBD15313.AAZ,CHL - Lower Chiwawa River,11/9/2015 6:26:25 PM,11/9/2015 6:26:25 PM,LOWER IN-STREAM ARRAY,LOWER IN-STREAM ARRAY,11/9/2015,7,Bull Trout,R,Resident,W,Wild Fish or Natural Production,"CHIWAT - Chiwawa River Trap, 0.5 km below CHIP acclimation pond",SCREWT,Screw Trap,206,1
3DD.0077427F6A,NBD15285.AAZ,CHL - Lower Chiwawa River,10/12/2015 10:30:37 AM,10/14/2015 8:23:35 PM,LOWER IN-STREAM ARRAY,LOWER IN-STREAM ARRAY,10/12/2015,7,Bull Trout,R,Resident,W,Wild Fish or Natural Production,"CHIWAT - Chiwawa River Trap, 0.5 km below CHIP acclimation pond",SCREWT,Screw Trap,183,1
3DD.0077427F6A,NBD15285.AAZ,UWE - Upper Wenatchee River,10/15/2015 5:49:57 AM,10/15/2015 5:49:57 AM,IN-STREAM ARRAY,IN-STREAM ARRAY,10/12/2015,7,Bull Trout,R,Resident,W,Wild Fish or Natural Production,"CHIWAT - Chiwawa River Trap, 0.5 km below CHIP acclimation pond",SCREWT,Screw Trap,183,1
3DD.0077428135,NBD-2016-074-TUM.xml,CHW - Chiwaukum Creek,6/28/2016 2:24:57 AM,6/28/2016 2:24:57 AM,UPSTREAM ARRAY,UPSTREAM ARRAY,6/14/2016,7,Bull Trout,R,Resident,W,Wild Fish or Natural Production,TUMFBY - TUM - Release into the Forebay within 0.5 km upstream of Dam,LADDER,Adult Passage Ladder,NA,1
3DD.0077428190,NBD15283.AAZ,UWE - Upper Wenatchee River,10/10/2015 11:31:09 PM,10/10/2015 11:31:09 PM,IN-STREAM ARRAY,IN-STREAM ARRAY,10/10/2015,7,Bull Trout,R,Resident,W,Wild Fish or Natural Production,"CHIWAT - Chiwawa River Trap, 0.5 km below CHIP acclimation pond",SCREWT,Screw Trap,243,1
3DD.00774281A9,NBD17267.AAZ,CHL - Lower Chiwawa River,9/24/2017 7:00:08 PM,9/24/2017 8:20:40 PM,LOWER IN-STREAM ARRAY,LOWER IN-STREAM ARRAY,9/24/2017,7,Bull Trout,R,Resident,W,Wild Fish or Natural Production,"CHIWAT - Chiwawa River Trap, 0.5 km below CHIP acclimation pond",SCREWT,Screw Trap,215,1
3DD.00774281A9,NBD17267.AAZ,UWE - Upper Wenatchee River,9/25/2017 10:12:58 PM,9/25/2017 10:12:58 PM,IN-STREAM ARRAY,IN-STREAM ARRAY,9/24/2017,7,Bull Trout,R,Resident,W,Wild Fish or Natural Production,"CHIWAT - Chiwawa River Trap, 0.5 km below CHIP acclimation pond",SCREWT,Screw Trap,215,1
3DD.00774282E1,NBD-2016-074-TUM.xml,CHL - Lower Chiwawa River,9/5/2016 2:17:02 AM,9/5/2016 2:17:48 AM,UPPER IN-STREAM ARRAY,LOWER IN-STREAM ARRAY,6/30/2016,7,Bull Trout,R,Resident,W,Wild Fish or Natural Production,TUMFBY - TUM - Release into the Forebay within 0.5 km upstream of Dam,LADDER,Adult Passage Ladder,NA,1
3DD.00774282E1,NBD-2016-074-TUM.xml,TUF - Tumwater Dam Adult Fishway,6/7/2017 4:04:15 PM,6/13/2017 2:19:27 PM,High Flow Ladder Entrance,WEIR 17,6/30/2016,7,Bull Trout,R,Resident,W,Wild Fish or Natural Production,TUMFBY - TUM - Release into the Forebay within 0.5 km upstream of Dam,LADDER,Adult Passage Ladder,NA,1
3DD.00774282EF,NBD-2017-091-TUM.xml,CHW - Chiwaukum Creek,7/9/2017 4:09:52 AM,7/9/2017 4:09:52 AM,UPSTREAM ARRAY,UPSTREAM ARRAY,7/1/2017,7,Bull Trout,R,Resident,W,Wild Fish or Natural Production,TUMFBY - TUM - Release into the Forebay within 0.5 km upstream of Dam,LADDER,Adult Passage Ladder,NA,1
3DD.007742831D,CSS-2021-305-112.xml,CHL - Lower Chiwawa River,7/5/2025 11:58:18 PM,10/1/2025 10:55:48 PM,LOWER IN-STREAM ARRAY,LOWER IN-STREAM ARRAY,11/1/2021,7,Bull Trout,R,Resident,W,Wild Fish or Natural Production,"CHIWAT - Chiwawa River Trap, 0.5 km below CHIP acclimation pond",SCREWT,Screw Trap,201,1
3DD.007742831D,CSS-2021-305-112.xml,CHU - Upper Chiwawa River,7/26/2025 9:06:14 PM,10/1/2025 3:12:17 AM,UPPER IN-STREAM ARRAY,LOWER IN-STREAM ARRAY,11/1/2021,7,Bull Trout,R,Resident,W,Wild Fish or Natural Production,"CHIWAT - Chiwawa River Trap, 0.5 km below CHIP acclimation pond",SCREWT,Screw Trap,201,1
3DD.007742831D,CSS-2021-305-112.xml,CWT - Chiwawa River Weir Trap Array,7/7/2025 1:19:35 AM,7/7/2025 1:19:35 AM,Single Pass,Single Pass,11/1/2021,7,Bull Trout,R,Resident,W,Wild Fish or Natural Production,"CHIWAT - Chiwawa River Trap, 0.5 km below CHIP acclimation pond",SCREWT,Screw Trap,201,1
3DD.007742831D,CSS-2021-305-112.xml,"WTL - White River, Wenatchee Basin",7/4/2025 1:05:09 AM,7/4/2025 2:43:54 AM,LOWER IN-STREAM ARRAY,UPPER IN-STREAM ARRAY,11/1/2021,7,Bull Trout,R,Resident,W,Wild Fish or Natural Production,"CHIWAT - Chiwawa River Trap, 0.5 km below CHIP acclimation pond",SCREWT,Screw Trap,201,1
3DD.007742834C,NBD17273.AAZ,CHL - Lower Chiwawa River,7/31/2019 12:22:15 AM,8/11/2022 10:51:10 PM,LOWER IN-STREAM ARRAY,UPPER IN-STREAM ARRAY,9/30/2017,7,Bull Trout,R,Resident,W,Wild Fish or Natural Production,"CHIWAT - Chiwawa River Trap, 0.5 km below CHIP acclimation pond",SCREWT,Screw Trap,558,1
3DD.007742834C,NBD17273.AAZ,CHU - Upper Chiwawa River,8/2/2019 1:02:05 AM,8/14/2022 10:04:16 PM,LOWER IN-STREAM ARRAY,UPPER IN-STREAM ARRAY,9/30/2017,7,Bull Trout,R,Resident,W,Wild Fish or Natural Production,"CHIWAT - Chiwawa River Trap, 0.5 km below CHIP acclimation pond",SCREWT,Screw Trap,558,1
3DD.007742834C,NBD17273.AAZ,UWE - Upper Wenatchee River,7/30/2019 10:29:53 PM,9/28/2020 12:54:18 PM,IN-STREAM ARRAY,IN-STREAM ARRAY,9/30/2017,7,Bull Trout,R,Resident,W,Wild Fish or Natural Production,"CHIWAT - Chiwawa River Trap, 0.5 km below CHIP acclimation pond",SCREWT,Screw Trap,558,1
3DD.007742847B,NBD-2020-189-001.xml,CHL - Lower Chiwawa River,9/20/2020 8:51:42 PM,7/13/2023 1:56:40 AM,LOWER IN-STREAM ARRAY,UPPER IN-STREAM ARRAY,7/19/2020,7,Bull Trout,R,Resident,W,Wild Fish or Natural Production,CHIWAR - Chiwawa River,WTRAP,Weir Trap,570,1
3DD.007742847B,NBD-2020-189-001.xml,CHU - Upper Chiwawa River,9/20/2020 2:42:01 AM,7/15/2023 3:50:07 AM,UPPER IN-STREAM ARRAY,LOWER IN-STREAM ARRAY,7/19/2020,7,Bull Trout,R,Resident,W,Wild Fish or Natural Production,CHIWAR - Chiwawa River,WTRAP,Weir Trap,570,1
3DD.007742847B,NBD-2020-189-001.xml,UWE - Upper Wenatchee River,9/20/2020 11:25:11 PM,9/25/2022 11:09:49 PM,IN-STREAM ARRAY,IN-STREAM ARRAY,7/19/2020,7,Bull Trout,R,Resident,W,Wild Fish or Natural Production,CHIWAR - Chiwawa River,WTRAP,Weir Trap,570,1
3DD.007742847B,NBD-2020-189-001.xml,"WTL - White River, Wenatchee Basin",5/20/2021 11:20:30 AM,5/20/2021 12:19:24 PM,UPPER IN-STREAM ARRAY,LOWER IN-STREAM ARRAY,7/19/2020,7,Bull Trout,R,Resident,W,Wild Fish or Natural Production,CHIWAR - Chiwawa River,WTRAP,Weir Trap,570,1
3DD.0077428500,NBD-2016-074-TUM.xml,ICL - Lower Icicle Instream Array,7/21/2016 11:52:52 PM,7/26/2016 1:28:43 AM,Downstream Array,Downstream Array,6/27/2016,7,Bull Trout,R,Resident,W,Wild Fish or Natural Production,TUMFBY - TUM - Release into the Forebay within 0.5 km upstream of Dam,LADDER,Adult Passage Ladder,NA,1
3DD.00774285B1,NBD15286.AAZ,CHL - Lower Chiwawa River,10/13/2015 6:44:16 PM,10/13/2015 6:44:16 PM,LOWER IN-STREAM ARRAY,LOWER IN-STREAM ARRAY,10/13/2015,7,Bull Trout,R,Resident,W,Wild Fish or Natural Production,"CHIWAT - Chiwawa River Trap, 0.5 km below CHIP acclimation pond",SCREWT,Screw Trap,196,1
3DD.00774285B1,NBD15286.AAZ,UWE - Upper Wenatchee River,10/14/2015 8:08:46 PM,10/14/2015 8:08:46 PM,IN-STREAM ARRAY,IN-STREAM ARRAY,10/13/2015,7,Bull Trout,R,Resident,W,Wild Fish or Natural Production,"CHIWAT - Chiwawa River Trap, 0.5 km below CHIP acclimation pond",SCREWT,Screw Trap,196,1
3DD.00774287D1,NBD15286.AAZ,CHL - Lower Chiwawa River,10/13/2015 12:32:40 PM,10/17/2015 6:33:28 PM,UPPER IN-STREAM ARRAY,LOWER IN-STREAM ARRAY,10/13/2015,7,Bull Trout,R,Resident,W,Wild Fish or Natural Production,"CHIWAT - Chiwawa River Trap, 0.5 km below CHIP acclimation pond",SCREWT,Screw Trap,276,1
3DD.00774287D1,NBD15286.AAZ,UWE - Upper Wenatchee River,10/17/2015 9:37:36 PM,10/17/2015 9:37:36 PM,IN-STREAM ARRAY,IN-STREAM ARRAY,10/13/2015,7,Bull Trout,R,Resident,W,Wild Fish or Natural Production,"CHIWAT - Chiwawa River Trap, 0.5 km below CHIP acclimation pond",SCREWT,Screw Trap,276,1
3DD.0077428A46,NBD-2018-178-001.xml,CHL - Lower Chiwawa River,9/27/2019 12:36:53 AM,9/27/2019 12:36:54 AM,LOWER IN-STREAM ARRAY,LOWER IN-STREAM ARRAY,7/7/2018,7,Bull Trout,R,Resident,W,Wild Fish or Natural Production,CHIWAR - Chiwawa River,WTRAP,Weir Trap,540,1
3DD.0077428A46,NBD-2018-178-001.xml,CHU - Upper Chiwawa River,7/7/2018 11:32:51 AM,9/26/2019 3:53:24 AM,LOWER IN-STREAM ARRAY,LOWER IN-STREAM ARRAY,7/7/2018,7,Bull Trout,R,Resident,W,Wild Fish or Natural Production,CHIWAR - Chiwawa River,WTRAP,Weir Trap,540,1
3DD.0077428A46,NBD-2018-178-001.xml,NAL - Lower Nason Creek,6/12/2019 9:21:19 PM,6/12/2019 9:21:19 PM,LOWER IN-STREAM ARRAY,LOWER IN-STREAM ARRAY,7/7/2018,7,Bull Trout,R,Resident,W,Wild Fish or Natural Production,CHIWAR - Chiwawa River,WTRAP,Weir Trap,540,1
3DD.0077428A46,NBD-2018-178-001.xml,UWE - Upper Wenatchee River,9/27/2019 3:10:30 AM,9/27/2019 3:10:30 AM,IN-STREAM ARRAY,IN-STREAM ARRAY,7/7/2018,7,Bull Trout,R,Resident,W,Wild Fish or Natural Production,CHIWAR - Chiwawa River,WTRAP,Weir Trap,540,1
3DD.0077428A88,NBD-2018-178-001.xml,CHU - Upper Chiwawa River,9/29/2018 3:19:07 AM,9/29/2018 3:19:16 AM,UPPER IN-STREAM ARRAY,LOWER IN-STREAM ARRAY,7/3/2018,7,Bull Trout,R,Resident,W,Wild Fish or Natural Production,CHIWAR - Chiwawa River,WTRAP,Weir Trap,550,1
3DD.0077428A88,NBD-2018-178-001.xml,NAL - Lower Nason Creek,11/2/2018 4:19:25 AM,11/2/2018 4:19:45 AM,LOWER IN-STREAM ARRAY,UPPER IN-STREAM ARRAY,7/3/2018,7,Bull Trout,R,Resident,W,Wild Fish or Natural Production,CHIWAR - Chiwawa River,WTRAP,Weir Trap,550,1
3DD.0077428A88,NBD-2018-178-001.xml,UWE - Upper Wenatchee River,10/1/2018 2:10:51 AM,10/1/2018 2:10:52 AM,IN-STREAM ARRAY,IN-STREAM ARRAY,7/3/2018,7,Bull Trout,R,Resident,W,Wild Fish or Natural Production,CHIWAR - Chiwawa River,WTRAP,Weir Trap,550,1
3DD.0077428AE4,NBD15287.AAZ,CHL - Lower Chiwawa River,9/15/2021 7:22:19 PM,9/19/2023 8:18:24 PM,UPPER IN-STREAM ARRAY,LOWER IN-STREAM ARRAY,10/14/2015,7,Bull Trout,R,Resident,W,Wild Fish or Natural Production,"CHIWAT - Chiwawa River Trap, 0.5 km below CHIP acclimation pond",SCREWT,Screw Trap,233,1
3DD.0077428AE4,NBD15287.AAZ,CHU - Upper Chiwawa River,6/21/2019 9:48:13 PM,9/19/2023 12:17:00 AM,UPPER IN-STREAM ARRAY,LOWER IN-STREAM ARRAY,10/14/2015,7,Bull Trout,R,Resident,W,Wild Fish or Natural Production,"CHIWAT - Chiwawa River Trap, 0.5 km below CHIP acclimation pond",SCREWT,Screw Trap,233,1
3DD.0077428AE4,NBD15287.AAZ,UWE - Upper Wenatchee River,10/14/2015 11:31:09 PM,10/18/2023 2:07:51 AM,IN-STREAM ARRAY,IN-STREAM ARRAY,10/14/2015,7,Bull Trout,R,Resident,W,Wild Fish or Natural Production,"CHIWAT - Chiwawa River Trap, 0.5 km below CHIP acclimation pond",SCREWT,Screw Trap,233,1
3DD.0077428B54,CSS-2021-290-112.xml,UWE - Upper Wenatchee River,10/18/2021 5:56:16 AM,10/18/2021 5:56:17 AM,IN-STREAM ARRAY,IN-STREAM ARRAY,10/17/2021,7,Bull Trout,R,Resident,W,Wild Fish or Natural Production,"CHIWAT - Chiwawa River Trap, 0.5 km below CHIP acclimation pond",SCREWT,Screw Trap,180,1
3DD.0077428C0A,NBD15294.AAZ,CHL - Lower Chiwawa River,9/17/2016 1:23:11 AM,9/19/2020 2:24:36 AM,UPPER IN-STREAM ARRAY,UPPER IN-STREAM ARRAY,10/21/2015,7,Bull Trout,R,Resident,W,Wild Fish or Natural Production,"CHIWAT - Chiwawa River Trap, 0.5 km below CHIP acclimation pond",SCREWT,Screw Trap,510,1
3DD.0077428C0A,NBD15294.AAZ,CHU - Upper Chiwawa River,6/24/2016 1:08:24 AM,9/20/2021 12:51:00 AM,LOWER IN-STREAM ARRAY,LOWER IN-STREAM ARRAY,10/21/2015,7,Bull Trout,R,Resident,W,Wild Fish or Natural Production,"CHIWAT - Chiwawa River Trap, 0.5 km below CHIP acclimation pond",SCREWT,Screw Trap,510,1
3DD.0077428C0A,NBD15294.AAZ,UWE - Upper Wenatchee River,10/26/2015 4:52:18 AM,9/20/2021 9:08:39 PM,IN-STREAM ARRAY,IN-STREAM ARRAY,10/21/2015,7,Bull Trout,R,Resident,W,Wild Fish or Natural Production,"CHIWAT - Chiwawa River Trap, 0.5 km below CHIP acclimation pond",SCREWT,Screw Trap,510,1
3DD.0077428C0A,NBD15294.AAZ,"WTL - White River, Wenatchee Basin",9/26/2019 11:33:31 PM,9/26/2019 11:33:56 PM,LOWER IN-STREAM ARRAY,UPPER IN-STREAM ARRAY,10/21/2015,7,Bull Trout,R,Resident,W,Wild Fish or Natural Production,"CHIWAT - Chiwawa River Trap, 0.5 km below CHIP acclimation pond",SCREWT,Screw Trap,510,1
3DD.0077428D14,NBD15225.AAZ,CHL - Lower Chiwawa River,8/13/2015 10:48:31 AM,8/22/2015 8:14:29 PM,LOWER IN-STREAM ARRAY,LOWER IN-STREAM ARRAY,8/13/2015,7,Bull Trout,R,Resident,W,Wild Fish or Natural Production,"CHIWAT - Chiwawa River Trap, 0.5 km below CHIP acclimation pond",SCREWT,Screw Trap,320,1
3DD.0077428D14,NBD15225.AAZ,CHU - Upper Chiwawa River,9/27/2017 10:46:46 PM,9/27/2017 10:46:54 PM,UPPER IN-STREAM ARRAY,LOWER IN-STREAM ARRAY,8/13/2015,7,Bull Trout,R,Resident,W,Wild Fish or Natural Production,"CHIWAT - Chiwawa River Trap, 0.5 km below CHIP acclimation pond",SCREWT,Screw Trap,320,1
3DD.0077428D14,NBD15225.AAZ,NAL - Lower Nason Creek,3/18/2018 5:32:12 AM,3/18/2018 5:32:12 AM,UPPER IN-STREAM ARRAY,UPPER IN-STREAM ARRAY,8/13/2015,7,Bull Trout,R,Resident,W,Wild Fish or Natural Production,"CHIWAT - Chiwawa River Trap, 0.5 km below CHIP acclimation pond",SCREWT,Screw Trap,320,1
3DD.0077428D14,NBD15225.AAZ,UWE - Upper Wenatchee River,8/23/2015 3:21:47 AM,9/28/2017 7:50:06 PM,IN-STREAM ARRAY,IN-STREAM ARRAY,8/13/2015,7,Bull Trout,R,Resident,W,Wild Fish or Natural Production,"CHIWAT - Chiwawa River Trap, 0.5 km below CHIP acclimation pond",SCREWT,Screw Trap,320,1
3DD.0077428D9C,NBD-2016-074-TUM.xml,CHL - Lower Chiwawa River,8/26/2016 11:01:49 PM,8/26/2016 11:01:56 PM,UPPER IN-STREAM ARRAY,LOWER IN-STREAM ARRAY,7/27/2016,7,Bull Trout,R,Resident,W,Wild Fish or Natural Production,TUMFBY - TUM - Release into the Forebay within 0.5 km upstream of Dam,LADDER,Adult Passage Ladder,NA,1
3DD.0077429224,NBD18228.AAZ,CHL - Lower Chiwawa River,8/16/2018 8:39:08 PM,9/19/2022 6:57:52 PM,UPPER IN-STREAM ARRAY,LOWER IN-STREAM ARRAY,8/16/2018,7,Bull Trout,R,Resident,W,Wild Fish or Natural Production,"CHIWAT - Chiwawa River Trap, 0.5 km below CHIP acclimation pond",SCREWT,Screw Trap,530,1
3DD.0077429224,NBD18228.AAZ,CHU - Upper Chiwawa River,9/22/2020 8:23:50 PM,9/23/2021 3:19:11 AM,LOWER IN-STREAM ARRAY,LOWER IN-STREAM ARRAY,8/16/2018,7,Bull Trout,R,Resident,W,Wild Fish or Natural Production,"CHIWAT - Chiwawa River Trap, 0.5 km below CHIP acclimation pond",SCREWT,Screw Trap,530,1
3DD.0077429224,NBD18228.AAZ,UWE - Upper Wenatchee River,8/17/2018 1:16:04 AM,12/5/2022 2:05:55 AM,IN-STREAM ARRAY,IN-STREAM ARRAY,8/16/2018,7,Bull Trout,R,Resident,W,Wild Fish or Natural Production,"CHIWAT - Chiwawa River Trap, 0.5 km below CHIP acclimation pond",SCREWT,Screw Trap,530,1
3DD.00774294BC,NBD15285.AAZ,CHL - Lower Chiwawa River,10/12/2015 11:08:56 AM,10/13/2015 7:43:43 PM,LOWER IN-STREAM ARRAY,LOWER IN-STREAM ARRAY,10/12/2015,7,Bull Trout,R,Resident,W,Wild Fish or Natural Production,"CHIWAT - Chiwawa River Trap, 0.5 km below CHIP acclimation pond",SCREWT,Screw Trap,244,1
3DD.00774294BC,NBD15285.AAZ,"WTL - White River, Wenatchee Basin",9/25/2016 1:18:41 AM,4/21/2019 4:59:47 AM,UPPER IN-STREAM ARRAY,UPPER IN-STREAM ARRAY,10/12/2015,7,Bull Trout,R,Resident,W,Wild Fish or Natural Production,"CHIWAT - Chiwawa River Trap, 0.5 km below CHIP acclimation pond",SCREWT,Screw Trap,244,1
3DD.007742992A,NBD15287.AAZ,UWE - Upper Wenatchee River,8/22/2016 9:13:40 PM,8/22/2016 9:13:40 PM,IN-STREAM ARRAY,IN-STREAM ARRAY,10/14/2015,7,Bull Trout,R,Resident,W,Wild Fish or Natural Production,"CHIWAT - Chiwawa River Trap, 0.5 km below CHIP acclimation pond",SCREWT,Screw Trap,203,1
3DD.0077429A63,NBD15294.AAZ,UWE - Upper Wenatchee River,10/22/2015 12:58:09 AM,10/22/2015 12:58:09 AM,IN-STREAM ARRAY,IN-STREAM ARRAY,10/21/2015,7,Bull Trout,R,Resident,W,Wild Fish or Natural Production,"CHIWAT - Chiwawa River Trap, 0.5 km below CHIP acclimation pond",SCREWT,Screw Trap,202,1
3DD.0077429B47,NBD15285.AAZ,UWE - Upper Wenatchee River,10/13/2015 6:09:06 AM,10/13/2015 6:09:06 AM,IN-STREAM ARRAY,IN-STREAM ARRAY,10/12/2015,7,Bull Trout,R,Resident,W,Wild Fish or Natural Production,"CHIWAT - Chiwawa River Trap, 0.5 km below CHIP acclimation pond",SCREWT,Screw Trap,215,1
3DD.0077429B99,NBD15285.AAZ,UWE - Upper Wenatchee River,10/13/2015 9:36:09 PM,10/13/2015 9:36:09 PM,IN-STREAM ARRAY,IN-STREAM ARRAY,10/12/2015,7,Bull Trout,R,Resident,W,Wild Fish or Natural Production,"CHIWAT - Chiwawa River Trap, 0.5 km below CHIP acclimation pond",SCREWT,Screw Trap,235,1
3DD.0077429D5B,NBD15200.AAZ,NAL - Lower Nason Creek,7/21/2015 8:50:30 PM,7/21/2015 8:50:57 PM,LOWER IN-STREAM ARRAY,UPPER IN-STREAM ARRAY,7/19/2015,7,Bull Trout,R,Resident,W,Wild Fish or Natural Production,"CHIWAT - Chiwawa River Trap, 0.5 km below CHIP acclimation pond",SCREWT,Screw Trap,138,1
3DD.0077429D5B,NBD15200.AAZ,UWE - Upper Wenatchee River,7/20/2015 5:57:00 AM,7/20/2015 5:57:00 AM,IN-STREAM ARRAY,IN-STREAM ARRAY,7/19/2015,7,Bull Trout,R,Resident,W,Wild Fish or Natural Production,"CHIWAT - Chiwawa River Trap, 0.5 km below CHIP acclimation pond",SCREWT,Screw Trap,138,1
3DD.0077429F05,NBD15285.AAZ,CHL - Lower Chiwawa River,10/12/2015 5:52:10 PM,10/12/2015 5:52:10 PM,LOWER IN-STREAM ARRAY,LOWER IN-STREAM ARRAY,10/12/2015,7,Bull Trout,R,Resident,W,Wild Fish or Natural Production,"CHIWAT - Chiwawa River Trap, 0.5 km below CHIP acclimation pond",SCREWT,Screw Trap,245,1
3DD.007742A575,NBD15285.AAZ,CHL - Lower Chiwawa River,8/2/2018 11:14:12 PM,9/15/2022 3:15:19 AM,UPPER IN-STREAM ARRAY,UPPER IN-STREAM ARRAY,10/12/2015,7,Bull Trout,R,Resident,W,Wild Fish or Natural Production,"CHIWAT - Chiwawa River Trap, 0.5 km below CHIP acclimation pond",SCREWT,Screw Trap,252,1
3DD.007742A575,NBD15285.AAZ,CHU - Upper Chiwawa River,9/14/2019 1:56:10 AM,9/11/2020 12:52:53 AM,UPPER IN-STREAM ARRAY,LOWER IN-STREAM ARRAY,10/12/2015,7,Bull Trout,R,Resident,W,Wild Fish or Natural Production,"CHIWAT - Chiwawa River Trap, 0.5 km below CHIP acclimation pond",SCREWT,Screw Trap,252,1
3DD.007742A575,NBD15285.AAZ,UWE - Upper Wenatchee River,10/13/2015 2:10:31 AM,9/15/2022 5:19:19 AM,IN-STREAM ARRAY,IN-STREAM ARRAY,10/12/2015,7,Bull Trout,R,Resident,W,Wild Fish or Natural Production,"CHIWAT - Chiwawa River Trap, 0.5 km below CHIP acclimation pond",SCREWT,Screw Trap,252,1
3DD.007742A5C2,NBD15286.AAZ,UWE - Upper Wenatchee River,10/14/2015 5:24:08 AM,10/14/2015 5:24:08 AM,IN-STREAM ARRAY,IN-STREAM ARRAY,10/13/2015,7,Bull Trout,R,Resident,W,Wild Fish or Natural Production,"CHIWAT - Chiwawa River Trap, 0.5 km below CHIP acclimation pond",SCREWT,Screw Trap,274,1
3DD.007742A5C2,NBD15286.AAZ,"WTL - White River, Wenatchee Basin",6/6/2019 6:57:25 PM,7/5/2019 4:01:28 AM,LOWER IN-STREAM ARRAY,LOWER IN-STREAM ARRAY,10/13/2015,7,Bull Trout,R,Resident,W,Wild Fish or Natural Production,"CHIWAT - Chiwawa River Trap, 0.5 km below CHIP acclimation pond",SCREWT,Screw Trap,274,1
3DD.007742B87C,NBD-2020-189-001.xml,CHL - Lower Chiwawa River,9/24/2020 8:55:43 PM,9/25/2021 2:24:50 AM,LOWER IN-STREAM ARRAY,LOWER IN-STREAM ARRAY,7/27/2020,7,Bull Trout,R,Resident,W,Wild Fish or Natural Production,CHIWAR - Chiwawa River,WTRAP,Weir Trap,670,1
3DD.007742B87C,NBD-2020-189-001.xml,CHU - Upper Chiwawa River,7/27/2020 8:21:47 PM,9/24/2020 4:15:00 AM,LOWER IN-STREAM ARRAY,UPPER IN-STREAM ARRAY,7/27/2020,7,Bull Trout,R,Resident,W,Wild Fish or Natural Production,CHIWAR - Chiwawa River,WTRAP,Weir Trap,670,1
3DD.007742B87C,NBD-2020-189-001.xml,UWE - Upper Wenatchee River,9/25/2021 9:55:50 PM,9/25/2021 9:55:51 PM,IN-STREAM ARRAY,IN-STREAM ARRAY,7/27/2020,7,Bull Trout,R,Resident,W,Wild Fish or Natural Production,CHIWAR - Chiwawa River,WTRAP,Weir Trap,670,1
3DD.007742B87C,NBD-2020-189-001.xml,"WTL - White River, Wenatchee Basin",9/26/2020 9:50:04 PM,9/26/2021 1:42:31 PM,LOWER IN-STREAM ARRAY,UPPER IN-STREAM ARRAY,7/27/2020,7,Bull Trout,R,Resident,W,Wild Fish or Natural Production,CHIWAR - Chiwawa River,WTRAP,Weir Trap,670,1
3DD.007742B8B2,NBD17288.AAZ,CHL - Lower Chiwawa River,10/18/2017 8:15:32 PM,10/18/2017 8:15:32 PM,UPPER IN-STREAM ARRAY,UPPER IN-STREAM ARRAY,10/15/2017,7,Bull Trout,R,Resident,W,Wild Fish or Natural Production,"CHIWAT - Chiwawa River Trap, 0.5 km below CHIP acclimation pond",SCREWT,Screw Trap,271,1
3DD.007742B8B2,NBD17288.AAZ,UWE - Upper Wenatchee River,10/20/2017 7:01:50 PM,10/20/2017 7:01:50 PM,IN-STREAM ARRAY,IN-STREAM ARRAY,10/15/2017,7,Bull Trout,R,Resident,W,Wild Fish or Natural Production,"CHIWAT - Chiwawa River Trap, 0.5 km below CHIP acclimation pond",SCREWT,Screw Trap,271,1
3DD.007742BD2E,NBD-2016-074-TUM.xml,CHW - Chiwaukum Creek,7/22/2016 3:04:06 AM,7/5/2018 2:21:56 AM,DOWNSTREAM ARRAY,UPSTREAM ARRAY,7/1/2016,7,Bull Trout,R,Resident,W,Wild Fish or Natural Production,TUMFBY - TUM - Release into the Forebay within 0.5 km upstream of Dam,LADDER,Adult Passage Ladder,NA,1
3DD.007742BD4F,NBD-2016-074-TUM.xml,CHW - Chiwaukum Creek,7/18/2016 5:29:09 AM,10/6/2017 2:57:08 AM,UPSTREAM ARRAY,DOWNSTREAM ARRAY,7/1/2016,7,Bull Trout,R,Resident,W,Wild Fish or Natural Production,TUMFBY - TUM - Release into the Forebay within 0.5 km upstream of Dam,LADDER,Adult Passage Ladder,NA,1
3DD.007742BD4F,NBD-2016-074-TUM.xml,TUF - Tumwater Dam Adult Fishway,6/20/2017 7:34:45 PM,6/15/2018 7:11:57 PM,High Flow Ladder Entrance,WEIR 17,7/1/2016,7,Bull Trout,R,Resident,W,Wild Fish or Natural Production,TUMFBY - TUM - Release into the Forebay within 0.5 km upstream of Dam,LADDER,Adult Passage Ladder,NA,1
3DD.007742BE3E,NBD15297.AAZ,UWE - Upper Wenatchee River,10/25/2015 1:33:21 AM,10/25/2015 1:33:51 AM,IN-STREAM ARRAY,IN-STREAM ARRAY,10/24/2015,7,Bull Trout,R,Resident,W,Wild Fish or Natural Production,"CHIWAT - Chiwawa River Trap, 0.5 km below CHIP acclimation pond",SCREWT,Screw Trap,185,1
3DD.007742BEF3,NBD15294.AAZ,CHL - Lower Chiwawa River,8/24/2023 12:26:03 AM,8/24/2023 12:26:03 AM,UPPER IN-STREAM ARRAY,UPPER IN-STREAM ARRAY,10/21/2015,7,Bull Trout,R,Resident,W,Wild Fish or Natural Production,"CHIWAT - Chiwawa River Trap, 0.5 km below CHIP acclimation pond",SCREWT,Screw Trap,230,1
3DD.007742BEF3,NBD15294.AAZ,CHU - Upper Chiwawa River,9/30/2020 3:23:19 AM,8/25/2023 3:38:33 AM,LOWER IN-STREAM ARRAY,LOWER IN-STREAM ARRAY,10/21/2015,7,Bull Trout,R,Resident,W,Wild Fish or Natural Production,"CHIWAT - Chiwawa River Trap, 0.5 km below CHIP acclimation pond",SCREWT,Screw Trap,230,1
3DD.007742BEF3,NBD15294.AAZ,UWE - Upper Wenatchee River,10/22/2015 6:33:04 AM,10/4/2022 10:28:24 PM,IN-STREAM ARRAY,IN-STREAM ARRAY,10/21/2015,7,Bull Trout,R,Resident,W,Wild Fish or Natural Production,"CHIWAT - Chiwawa River Trap, 0.5 km below CHIP acclimation pond",SCREWT,Screw Trap,230,1
3DD.007742BF12,NBD17288.AAZ,UWE - Upper Wenatchee River,10/16/2017 8:02:46 PM,10/16/2017 8:02:46 PM,IN-STREAM ARRAY,IN-STREAM ARRAY,10/15/2017,7,Bull Trout,R,Resident,W,Wild Fish or Natural Production,"CHIWAT - Chiwawa River Trap, 0.5 km below CHIP acclimation pond",SCREWT,Screw Trap,278,1
3DD.007742BF1D,CSS-2021-293-112.xml,CHL - Lower Chiwawa River,10/26/2021 9:24:33 PM,10/26/2021 9:24:33 PM,LOWER IN-STREAM ARRAY,LOWER IN-STREAM ARRAY,10/20/2021,7,Bull Trout,R,Resident,W,Wild Fish or Natural Production,"CHIWAT - Chiwawa River Trap, 0.5 km below CHIP acclimation pond",SCREWT,Screw Trap,193,1
3DD.007742BF4D,NBD17288.AAZ,RRF - Rocky Reach Fishway,10/27/2017 10:16:08 AM,10/27/2017 10:25:09 AM,Lower Weir,Trap,10/15/2017,7,Bull Trout,R,Resident,W,Wild Fish or Natural Production,"CHIWAT - Chiwawa River Trap, 0.5 km below CHIP acclimation pond",SCREWT,Screw Trap,221,1
3DD.007742BF8A,NBD18316.AAZ,UWE - Upper Wenatchee River,11/13/2018 7:25:51 AM,11/13/2018 7:25:54 AM,IN-STREAM ARRAY,IN-STREAM ARRAY,11/12/2018,7,Bull Trout,R,Resident,W,Wild Fish or Natural Production,"CHIWAT - Chiwawa River Trap, 0.5 km below CHIP acclimation pond",SCREWT,Screw Trap,201,1
3DD.007742BFC5,NBD15229.AAZ,UWE - Upper Wenatchee River,8/18/2015 3:49:46 AM,8/18/2015 3:49:46 AM,IN-STREAM ARRAY,IN-STREAM ARRAY,8/17/2015,7,Bull Trout,R,Resident,W,Wild Fish or Natural Production,"CHIWAT - Chiwawa River Trap, 0.5 km below CHIP acclimation pond",SCREWT,Screw Trap,235,1
3DD.007742BFD0,NBD17281.AAZ,UWE - Upper Wenatchee River,10/9/2017 3:16:50 AM,10/9/2017 3:16:50 AM,IN-STREAM ARRAY,IN-STREAM ARRAY,10/8/2017,7,Bull Trout,R,Resident,W,Wild Fish or Natural Production,"CHIWAT - Chiwawa River Trap, 0.5 km below CHIP acclimation pond",SCREWT,Screw Trap,219,1
3DD.007742C033,CSS-2021-297-112.xml,CHL - Lower Chiwawa River,10/24/2021 9:17:58 AM,7/28/2022 7:51:16 PM,LOWER IN-STREAM ARRAY,UPPER IN-STREAM ARRAY,10/24/2021,7,Bull Trout,R,Resident,W,Wild Fish or Natural Production,"CHIWAT - Chiwawa River Trap, 0.5 km below CHIP acclimation pond",SCREWT,Screw Trap,286,1
3DD.007742C033,CSS-2021-297-112.xml,UWE - Upper Wenatchee River,10/24/2021 9:46:18 PM,7/26/2022 12:15:15 AM,IN-STREAM ARRAY,IN-STREAM ARRAY,10/24/2021,7,Bull Trout,R,Resident,W,Wild Fish or Natural Production,"CHIWAT - Chiwawa River Trap, 0.5 km below CHIP acclimation pond",SCREWT,Screw Trap,286,1
3DD.007742C650,NBD15289.AAZ,CHL - Lower Chiwawa River,6/1/2016 4:54:27 AM,9/26/2019 7:57:57 PM,LOWER IN-STREAM ARRAY,UPPER IN-STREAM ARRAY,10/16/2015,7,Bull Trout,R,Resident,W,Wild Fish or Natural Production,"CHIWAT - Chiwawa River Trap, 0.5 km below CHIP acclimation pond",SCREWT,Screw Trap,460,1
3DD.007742C650,NBD15289.AAZ,CHU - Upper Chiwawa River,6/12/2016 11:14:21 PM,9/19/2019 6:33:39 PM,LOWER IN-STREAM ARRAY,LOWER IN-STREAM ARRAY,10/16/2015,7,Bull Trout,R,Resident,W,Wild Fish or Natural Production,"CHIWAT - Chiwawa River Trap, 0.5 km below CHIP acclimation pond",SCREWT,Screw Trap,460,1
3DD.007742C650,NBD15289.AAZ,UWE - Upper Wenatchee River,10/17/2015 9:47:21 PM,9/19/2019 11:27:22 PM,IN-STREAM ARRAY,IN-STREAM ARRAY,10/16/2015,7,Bull Trout,R,Resident,W,Wild Fish or Natural Production,"CHIWAT - Chiwawa River Trap, 0.5 km below CHIP acclimation pond",SCREWT,Screw Trap,460,1
3DD.007742C671,NBD-2016-074-TUM.xml,CHW - Chiwaukum Creek,7/13/2016 3:42:28 AM,7/13/2016 3:42:30 AM,UPSTREAM ARRAY,UPSTREAM ARRAY,6/29/2016,7,Bull Trout,R,Resident,W,Wild Fish or Natural Production,TUMFBY - TUM - Release into the Forebay within 0.5 km upstream of Dam,LADDER,Adult Passage Ladder,NA,1
3DD.007742C68A,NBD-2019-163-001.xml,CHL - Lower Chiwawa River,9/30/2019 3:06:48 AM,9/30/2019 3:06:48 AM,LOWER IN-STREAM ARRAY,LOWER IN-STREAM ARRAY,6/12/2019,7,Bull Trout,R,Resident,W,Wild Fish or Natural Production,CHIWAR - Chiwawa River,WTRAP,Weir Trap,590,1
3DD.007742C68A,NBD-2019-163-001.xml,CHU - Upper Chiwawa River,6/12/2019 1:45:18 PM,9/29/2019 10:05:55 PM,LOWER IN-STREAM ARRAY,LOWER IN-STREAM ARRAY,6/12/2019,7,Bull Trout,R,Resident,W,Wild Fish or Natural Production,CHIWAR - Chiwawa River,WTRAP,Weir Trap,590,1
3DD.007742C68A,NBD-2019-163-001.xml,UWE - Upper Wenatchee River,9/30/2019 7:21:43 PM,9/30/2019 7:21:43 PM,IN-STREAM ARRAY,IN-STREAM ARRAY,6/12/2019,7,Bull Trout,R,Resident,W,Wild Fish or Natural Production,CHIWAR - Chiwawa River,WTRAP,Weir Trap,590,1
3DD.007742C77B,NBD-2019-163-001.xml,CHU - Upper Chiwawa River,7/5/2019 9:58:56 PM,7/5/2019 9:58:56 PM,UPPER IN-STREAM ARRAY,UPPER IN-STREAM ARRAY,6/12/2019,7,Bull Trout,R,Resident,W,Wild Fish or Natural Production,CHIWAR - Chiwawa River,WTRAP,Weir Trap,620,1
3DD.007742C77C,NBD-2016-074-TUM.xml,CHW - Chiwaukum Creek,7/9/2016 6:37:26 AM,7/9/2016 6:39:46 AM,DOWNSTREAM ARRAY,UPSTREAM ARRAY,6/27/2016,7,Bull Trout,R,Resident,W,Wild Fish or Natural Production,TUMFBY - TUM - Release into the Forebay within 0.5 km upstream of Dam,LADDER,Adult Passage Ladder,NA,1
3DD.007742C77C,NBD-2016-074-TUM.xml,TUF - Tumwater Dam Adult Fishway,7/3/2016 3:32:56 PM,7/6/2016 5:55:41 PM,WEIR 14,WEIR 17,6/27/2016,7,Bull Trout,R,Resident,W,Wild Fish or Natural Production,TUMFBY - TUM - Release into the Forebay within 0.5 km upstream of Dam,LADDER,Adult Passage Ladder,NA,1
3DD.007742C783,CSS-2021-279-112.xml,UWE - Upper Wenatchee River,10/6/2021 11:30:32 PM,10/6/2021 11:30:33 PM,IN-STREAM ARRAY,IN-STREAM ARRAY,10/6/2021,7,Bull Trout,R,Resident,W,Wild Fish or Natural Production,"CHIWAT - Chiwawa River Trap, 0.5 km below CHIP acclimation pond",SCREWT,Screw Trap,185,1
3DD.007742C793,NBD18334.AAZ,UWE - Upper Wenatchee River,12/1/2018 8:43:35 PM,12/1/2018 8:43:36 PM,IN-STREAM ARRAY,IN-STREAM ARRAY,11/30/2018,7,Bull Trout,R,Resident,W,Wild Fish or Natural Production,"CHIWAT - Chiwawa River Trap, 0.5 km below CHIP acclimation pond",SCREWT,Screw Trap,201,1
3DD.007742C7A3,NBD18336.AAZ,"WTL - White River, Wenatchee Basin",1/30/2019 10:35:27 PM,1/30/2019 10:36:27 PM,LOWER IN-STREAM ARRAY,UPPER IN-STREAM ARRAY,12/3/2018,7,Bull Trout,R,Resident,W,Wild Fish or Natural Production,"CHIWAT - Chiwawa River Trap, 0.5 km below CHIP acclimation pond",SCREWT,Screw Trap,175,1
3DD.007742C7E6,NBD15287.AAZ,UWE - Upper Wenatchee River,10/14/2015 10:11:29 PM,10/14/2015 10:11:29 PM,IN-STREAM ARRAY,IN-STREAM ARRAY,10/14/2015,7,Bull Trout,R,Resident,W,Wild Fish or Natural Production,"CHIWAT - Chiwawa River Trap, 0.5 km below CHIP acclimation pond",SCREWT,Screw Trap,253,1
3DD.007742C80E,NBD-2016-074-TUM.xml,CHW - Chiwaukum Creek,7/21/2016 3:11:29 AM,7/21/2016 3:11:29 AM,UPSTREAM ARRAY,UPSTREAM ARRAY,6/19/2016,7,Bull Trout,R,Resident,W,Wild Fish or Natural Production,TUMFBY - TUM - Release into the Forebay within 0.5 km upstream of Dam,LADDER,Adult Passage Ladder,NA,1
3DD.007742C80E,NBD-2016-074-TUM.xml,TUF - Tumwater Dam Adult Fishway,6/28/2016 11:20:24 AM,7/9/2016 3:19:40 PM,WEIR 14,WEIR 17,6/19/2016,7,Bull Trout,R,Resident,W,Wild Fish or Natural Production,TUMFBY - TUM - Release into the Forebay within 0.5 km upstream of Dam,LADDER,Adult Passage Ladder,NA,1
3DD.007742C848,NBD-2020-189-001.xml,CHU - Upper Chiwawa River,7/13/2020 8:57:22 PM,7/13/2020 8:57:22 PM,LOWER IN-STREAM ARRAY,LOWER IN-STREAM ARRAY,7/13/2020,7,Bull Trout,R,Resident,W,Wild Fish or Natural Production,CHIWAR - Chiwawa River,WTRAP,Weir Trap,400,1
3DD.007742C848,NBD-2020-189-001.xml,UWE - Upper Wenatchee River,9/26/2020 10:42:37 AM,9/26/2020 10:42:38 AM,IN-STREAM ARRAY,IN-STREAM ARRAY,7/13/2020,7,Bull Trout,R,Resident,W,Wild Fish or Natural Production,CHIWAR - Chiwawa River,WTRAP,Weir Trap,400,1
3DD.007742C95E,NBD-2020-189-001.xml,CHU - Upper Chiwawa River,8/2/2020 8:13:08 PM,8/2/2020 8:13:08 PM,LOWER IN-STREAM ARRAY,LOWER IN-STREAM ARRAY,8/2/2020,7,Bull Trout,R,Resident,W,Wild Fish or Natural Production,CHIWAR - Chiwawa River,WTRAP,Weir Trap,570,1
3DD.007742C9F0,NBD17275.AAZ,CHL - Lower Chiwawa River,10/2/2017 6:49:40 PM,10/3/2017 7:11:42 AM,LOWER IN-STREAM ARRAY,LOWER IN-STREAM ARRAY,10/2/2017,7,Bull Trout,R,Resident,W,Wild Fish or Natural Production,"CHIWAT - Chiwawa River Trap, 0.5 km below CHIP acclimation pond",SCREWT,Screw Trap,209,1
3DD.007742C9F0,NBD17275.AAZ,UWE - Upper Wenatchee River,10/4/2017 12:18:03 AM,10/4/2017 12:18:03 AM,IN-STREAM ARRAY,IN-STREAM ARRAY,10/2/2017,7,Bull Trout,R,Resident,W,Wild Fish or Natural Production,"CHIWAT - Chiwawa River Trap, 0.5 km below CHIP acclimation pond",SCREWT,Screw Trap,209,1
3DD.007742D1EE,NBD-2020-189-001.xml,CHL - Lower Chiwawa River,8/20/2024 3:10:49 AM,8/20/2024 3:10:49 AM,UPPER IN-STREAM ARRAY,UPPER IN-STREAM ARRAY,7/11/2020,7,Bull Trout,R,Resident,W,Wild Fish or Natural Production,CHIWAR - Chiwawa River,WTRAP,Weir Trap,470,1
3DD.007742D1EE,NBD-2020-189-001.xml,CHU - Upper Chiwawa River,10/4/2020 3:12:30 AM,8/22/2024 2:25:40 AM,LOWER IN-STREAM ARRAY,UPPER IN-STREAM ARRAY,7/11/2020,7,Bull Trout,R,Resident,W,Wild Fish or Natural Production,CHIWAR - Chiwawa River,WTRAP,Weir Trap,470,1
3DD.007742D1EE,NBD-2020-189-001.xml,UWE - Upper Wenatchee River,10/4/2020 9:08:05 PM,8/19/2024 10:30:15 PM,IN-STREAM ARRAY,IN-STREAM ARRAY,7/11/2020,7,Bull Trout,R,Resident,W,Wild Fish or Natural Production,CHIWAR - Chiwawa River,WTRAP,Weir Trap,470,1
3DD.007742D208,CSS-2021-298-112.xml,UWE - Upper Wenatchee River,10/26/2021 8:22:56 PM,10/26/2021 8:22:56 PM,IN-STREAM ARRAY,IN-STREAM ARRAY,10/25/2021,7,Bull Trout,R,Resident,W,Wild Fish or Natural Production,"CHIWAT - Chiwawa River Trap, 0.5 km below CHIP acclimation pond",SCREWT,Screw Trap,209,1
3DD.007742D28F,NBD-2019-163-001.xml,CHL - Lower Chiwawa River,8/20/2021 11:41:40 PM,9/27/2022 1:53:07 AM,LOWER IN-STREAM ARRAY,UPPER IN-STREAM ARRAY,6/12/2019,7,Bull Trout,R,Resident,W,Wild Fish or Natural Production,CHIWAR - Chiwawa River,WTRAP,Weir Trap,520,1
3DD.007742D28F,NBD-2019-163-001.xml,CHU - Upper Chiwawa River,6/12/2019 1:25:24 PM,8/16/2022 12:01:49 AM,LOWER IN-STREAM ARRAY,UPPER IN-STREAM ARRAY,6/12/2019,7,Bull Trout,R,Resident,W,Wild Fish or Natural Production,CHIWAR - Chiwawa River,WTRAP,Weir Trap,520,1
3DD.007742D28F,NBD-2019-163-001.xml,UWE - Upper Wenatchee River,10/4/2021 11:52:48 PM,10/4/2021 11:52:49 PM,IN-STREAM ARRAY,IN-STREAM ARRAY,6/12/2019,7,Bull Trout,R,Resident,W,Wild Fish or Natural Production,CHIWAR - Chiwawa River,WTRAP,Weir Trap,520,1
3DD.007742D2B4,NBD16266.AAZ,UWE - Upper Wenatchee River,9/29/2016 2:02:27 AM,9/29/2016 2:02:27 AM,IN-STREAM ARRAY,IN-STREAM ARRAY,9/22/2016,7,Bull Trout,R,Resident,W,Wild Fish or Natural Production,"CHIWAT - Chiwawa River Trap, 0.5 km below CHIP acclimation pond",SCREWT,Screw Trap,235,1
3DD.007742D2FB,NBD15290.AAZ,UWE - Upper Wenatchee River,10/18/2015 10:54:12 PM,10/18/2015 10:54:12 PM,IN-STREAM ARRAY,IN-STREAM ARRAY,10/17/2015,7,Bull Trout,R,Resident,W,Wild Fish or Natural Production,"CHIWAT - Chiwawa River Trap, 0.5 km below CHIP acclimation pond",SCREWT,Screw Trap,201,1
3DD.007742D36E,CSS-2019-114-112.xml,UWE - Upper Wenatchee River,6/29/2019 1:32:22 PM,6/29/2019 1:32:22 PM,IN-STREAM ARRAY,IN-STREAM ARRAY,4/24/2019,7,Bull Trout,R,Resident,W,Wild Fish or Natural Production,"CHIWAT - Chiwawa River Trap, 0.5 km below CHIP acclimation pond",SCREWT,Screw Trap,173,1
3DD.007742D37C,NBD15213.AAZ,CHL - Lower Chiwawa River,8/1/2015 9:58:34 AM,8/1/2015 9:59:16 AM,LOWER IN-STREAM ARRAY,UPPER IN-STREAM ARRAY,8/1/2015,7,Bull Trout,R,Resident,W,Wild Fish or Natural Production,"CHIWAT - Chiwawa River Trap, 0.5 km below CHIP acclimation pond",SCREWT,Screw Trap,232,1
3DD.007742D37C,NBD15213.AAZ,CHU - Upper Chiwawa River,8/4/2015 3:00:42 AM,8/4/2015 3:01:27 AM,LOWER IN-STREAM ARRAY,UPPER IN-STREAM ARRAY,8/1/2015,7,Bull Trout,R,Resident,W,Wild Fish or Natural Production,"CHIWAT - Chiwawa River Trap, 0.5 km below CHIP acclimation pond",SCREWT,Screw Trap,232,1
3DD.007742D5C4,NBD-2016-074-TUM.xml,CHW - Chiwaukum Creek,7/10/2016 3:52:53 AM,7/10/2016 3:52:53 AM,UPSTREAM ARRAY,UPSTREAM ARRAY,6/24/2016,7,Bull Trout,R,Resident,W,Wild Fish or Natural Production,TUMFBY - TUM - Release into the Forebay within 0.5 km upstream of Dam,LADDER,Adult Passage Ladder,NA,1
3DD.007742D5FD,NBD-2019-163-001.xml,CHU - Upper Chiwawa River,7/1/2019 4:52:34 PM,9/26/2019 8:55:38 PM,LOWER IN-STREAM ARRAY,UPPER IN-STREAM ARRAY,7/1/2019,7,Bull Trout,R,Resident,W,Wild Fish or Natural Production,CHIWAR - Chiwawa River,WTRAP,Weir Trap,560,1
3DD.007742D5FE,NBD-2019-163-001.xml,CHL - Lower Chiwawa River,10/2/2019 5:42:30 AM,10/2/2019 5:42:36 AM,UPPER IN-STREAM ARRAY,UPPER IN-STREAM ARRAY,7/1/2019,7,Bull Trout,R,Resident,W,Wild Fish or Natural Production,CHIWAR - Chiwawa River,WTRAP,Weir Trap,580,1
3DD.007742D5FE,NBD-2019-163-001.xml,CHU - Upper Chiwawa River,7/1/2019 8:55:08 PM,10/1/2019 12:55:07 AM,LOWER IN-STREAM ARRAY,UPPER IN-STREAM ARRAY,7/1/2019,7,Bull Trout,R,Resident,W,Wild Fish or Natural Production,CHIWAR - Chiwawa River,WTRAP,Weir Trap,580,1
3DD.007742D5FE,NBD-2019-163-001.xml,UWE - Upper Wenatchee River,10/3/2019 2:19:16 AM,10/3/2019 2:19:16 AM,IN-STREAM ARRAY,IN-STREAM ARRAY,7/1/2019,7,Bull Trout,R,Resident,W,Wild Fish or Natural Production,CHIWAR - Chiwawa River,WTRAP,Weir Trap,580,1
3DD.007742D5FE,NBD-2019-163-001.xml,"WTL - White River, Wenatchee Basin",10/6/2019 12:49:02 AM,10/6/2019 6:51:50 PM,LOWER IN-STREAM ARRAY,UPPER IN-STREAM ARRAY,7/1/2019,7,Bull Trout,R,Resident,W,Wild Fish or Natural Production,CHIWAR - Chiwawa River,WTRAP,Weir Trap,580,1
3DD.007742D625,NBD-2016-074-TUM.xml,CHW - Chiwaukum Creek,7/4/2016 2:56:43 AM,7/4/2016 2:56:43 AM,UPSTREAM ARRAY,UPSTREAM ARRAY,6/26/2016,7,Bull Trout,R,Resident,W,Wild Fish or Natural Production,TUMFBY - TUM - Release into the Forebay within 0.5 km upstream of Dam,LADDER,Adult Passage Ladder,NA,1
3DD.007742D654,NBD16265.AAZ,CHL - Lower Chiwawa River,7/4/2019 9:46:55 PM,7/18/2022 8:54:22 PM,UPPER IN-STREAM ARRAY,LOWER IN-STREAM ARRAY,9/21/2016,7,Bull Trout,R,Resident,W,Wild Fish or Natural Production,"CHIWAT - Chiwawa River Trap, 0.5 km below CHIP acclimation pond",SCREWT,Screw Trap,435,1
3DD.007742D654,NBD16265.AAZ,CHU - Upper Chiwawa River,9/25/2018 12:33:27 AM,7/22/2022 4:52:08 AM,LOWER IN-STREAM ARRAY,UPPER IN-STREAM ARRAY,9/21/2016,7,Bull Trout,R,Resident,W,Wild Fish or Natural Production,"CHIWAT - Chiwawa River Trap, 0.5 km below CHIP acclimation pond",SCREWT,Screw Trap,435,1
3DD.007742D654,NBD16265.AAZ,NAL - Lower Nason Creek,10/18/2020 4:13:30 AM,10/18/2020 4:13:30 AM,LOWER IN-STREAM ARRAY,LOWER IN-STREAM ARRAY,9/21/2016,7,Bull Trout,R,Resident,W,Wild Fish or Natural Production,"CHIWAT - Chiwawa River Trap, 0.5 km below CHIP acclimation pond",SCREWT,Screw Trap,435,1
3DD.007742D654,NBD16265.AAZ,UWE - Upper Wenatchee River,9/21/2016 9:56:35 PM,9/14/2021 2:38:02 AM,IN-STREAM ARRAY,IN-STREAM ARRAY,9/21/2016,7,Bull Trout,R,Resident,W,Wild Fish or Natural Production,"CHIWAT - Chiwawa River Trap, 0.5 km below CHIP acclimation pond",SCREWT,Screw Trap,435,1
3DD.007742DEA0,NBD15153.AAZ,CHL - Lower Chiwawa River,8/12/2018 10:48:26 PM,9/28/2024 8:15:48 PM,UPPER IN-STREAM ARRAY,UPPER IN-STREAM ARRAY,6/2/2015,7,Bull Trout,R,Resident,W,Wild Fish or Natural Production,"CHIWAT - Chiwawa River Trap, 0.5 km below CHIP acclimation pond",SCREWT,Screw Trap,201,1
3DD.007742DEA0,NBD15153.AAZ,CHU - Upper Chiwawa River,8/14/2018 2:39:39 AM,9/27/2024 2:19:01 AM,LOWER IN-STREAM ARRAY,UPPER IN-STREAM ARRAY,6/2/2015,7,Bull Trout,R,Resident,W,Wild Fish or Natural Production,"CHIWAT - Chiwawa River Trap, 0.5 km below CHIP acclimation pond",SCREWT,Screw Trap,201,1
3DD.007742DEA0,NBD15153.AAZ,UWE - Upper Wenatchee River,8/11/2018 8:58:53 PM,10/23/2023 12:52:05 AM,IN-STREAM ARRAY,IN-STREAM ARRAY,6/2/2015,7,Bull Trout,R,Resident,W,Wild Fish or Natural Production,"CHIWAT - Chiwawa River Trap, 0.5 km below CHIP acclimation pond",SCREWT,Screw Trap,201,1
3DD.007742DF64,NBD-2015-065-TUM.xml,CHW - Chiwaukum Creek,8/4/2015 1:51:09 AM,8/5/2015 7:01:05 AM,DOWNSTREAM ARRAY,DOWNSTREAM ARRAY,7/28/2015,7,Bull Trout,R,Resident,W,Wild Fish or Natural Production,TUMFBY - TUM - Release into the Forebay within 0.5 km upstream of Dam,LADDER,Adult Passage Ladder,NA,1
3DD.007742DF69,NBD16224.AAZ,UWE - Upper Wenatchee River,8/12/2016 10:24:55 AM,8/12/2016 10:24:55 AM,IN-STREAM ARRAY,IN-STREAM ARRAY,8/11/2016,7,Bull Trout,R,Resident,W,Wild Fish or Natural Production,"CHIWAT - Chiwawa River Trap, 0.5 km below CHIP acclimation pond",SCREWT,Screw Trap,217,1
3DD.007742DF93,NBD-2019-163-001.xml,CHU - Upper Chiwawa River,7/2/2019 3:47:40 AM,7/7/2020 10:51:14 AM,LOWER IN-STREAM ARRAY,LOWER IN-STREAM ARRAY,7/1/2019,7,Bull Trout,R,Resident,W,Wild Fish or Natural Production,CHIWAR - Chiwawa River,WTRAP,Weir Trap,460,1
3DD.007742DF93,NBD-2019-163-001.xml,UWE - Upper Wenatchee River,9/28/2019 9:10:06 AM,9/27/2021 3:45:00 AM,IN-STREAM ARRAY,IN-STREAM ARRAY,7/1/2019,7,Bull Trout,R,Resident,W,Wild Fish or Natural Production,CHIWAR - Chiwawa River,WTRAP,Weir Trap,460,1
3DD.007742E01A,NBD-2019-163-001.xml,ICL - Lower Icicle Instream Array,6/24/2019 12:24:24 AM,6/24/2019 12:24:24 AM,Downstream Array,Downstream Array,6/12/2019,7,Bull Trout,R,Resident,W,Wild Fish or Natural Production,CHIWAR - Chiwawa River,WTRAP,Weir Trap,500,1
3DD.007742E030,NBD-2016-074-TUM.xml,ICL - Lower Icicle Instream Array,7/25/2016 9:57:51 PM,8/21/2016 8:54:39 PM,Downstream Array,Downstream Array,7/4/2016,7,Bull Trout,R,Resident,W,Wild Fish or Natural Production,TUMFBY - TUM - Release into the Forebay within 0.5 km upstream of Dam,LADDER,Adult Passage Ladder,NA,1
3DD.007742E030,NBD-2016-074-TUM.xml,ICM - Middle Icicle Instream Array,7/27/2016 8:18:34 PM,8/20/2016 2:07:39 AM,Downstream Array,Downstream Array,7/4/2016,7,Bull Trout,R,Resident,W,Wild Fish or Natural Production,TUMFBY - TUM - Release into the Forebay within 0.5 km upstream of Dam,LADDER,Adult Passage Ladder,NA,1
3DD.007742E030,NBD-2016-074-TUM.xml,LWE - Lower Wenatchee River,9/25/2016 11:11:53 PM,12/10/2016 11:58:39 PM,DOWNSTREAM ANTENNA ARRAY,DOWNSTREAM ANTENNA ARRAY,7/4/2016,7,Bull Trout,R,Resident,W,Wild Fish or Natural Production,TUMFBY - TUM - Release into the Forebay within 0.5 km upstream of Dam,LADDER,Adult Passage Ladder,NA,1
3DD.007742E03D,NBD15303.AAZ,CHL - Lower Chiwawa River,10/30/2015 11:20:29 AM,10/30/2015 11:24:49 AM,LOWER IN-STREAM ARRAY,UPPER IN-STREAM ARRAY,10/30/2015,7,Bull Trout,R,Resident,W,Wild Fish or Natural Production,"CHIWAT - Chiwawa River Trap, 0.5 km below CHIP acclimation pond",SCREWT,Screw Trap,178,1
3DD.007742E203,CSS-2020-257-112.xml,CHL - Lower Chiwawa River,9/13/2020 7:00:05 PM,9/13/2020 7:00:05 PM,LOWER IN-STREAM ARRAY,LOWER IN-STREAM ARRAY,9/13/2020,7,Bull Trout,R,Resident,W,Wild Fish or Natural Production,"CHIWAT - Chiwawa River Trap, 0.5 km below CHIP acclimation pond",SCREWT,Screw Trap,232,1
3DD.007742E203,CSS-2020-257-112.xml,UWE - Upper Wenatchee River,9/13/2020 10:16:17 PM,9/13/2020 10:16:17 PM,IN-STREAM ARRAY,IN-STREAM ARRAY,9/13/2020,7,Bull Trout,R,Resident,W,Wild Fish or Natural Production,"CHIWAT - Chiwawa River Trap, 0.5 km below CHIP acclimation pond",SCREWT,Screw Trap,232,1
3DD.007742E237,NBD-2019-163-001.xml,CHL - Lower Chiwawa River,9/26/2019 8:43:26 PM,9/29/2021 2:00:58 AM,LOWER IN-STREAM ARRAY,UPPER IN-STREAM ARRAY,7/1/2019,7,Bull Trout,R,Resident,W,Wild Fish or Natural Production,CHIWAR - Chiwawa River,WTRAP,Weir Trap,530,1
3DD.007742E237,NBD-2019-163-001.xml,CHU - Upper Chiwawa River,9/26/2019 4:33:19 AM,9/28/2021 11:17:12 PM,UPPER IN-STREAM ARRAY,LOWER IN-STREAM ARRAY,7/1/2019,7,Bull Trout,R,Resident,W,Wild Fish or Natural Production,CHIWAR - Chiwawa River,WTRAP,Weir Trap,530,1
3DD.007742E237,NBD-2019-163-001.xml,UWE - Upper Wenatchee River,9/26/2019 10:51:41 PM,9/29/2021 8:40:50 PM,IN-STREAM ARRAY,IN-STREAM ARRAY,7/1/2019,7,Bull Trout,R,Resident,W,Wild Fish or Natural Production,CHIWAR - Chiwawa River,WTRAP,Weir Trap,530,1
3DD.007742E3A3,NBD17286.AAZ,CHL - Lower Chiwawa River,7/13/2019 8:56:30 PM,9/17/2020 8:40:05 PM,UPPER IN-STREAM ARRAY,LOWER IN-STREAM ARRAY,10/13/2017,7,Bull Trout,R,Resident,W,Wild Fish or Natural Production,"CHIWAT - Chiwawa River Trap, 0.5 km below CHIP acclimation pond",SCREWT,Screw Trap,235,1
3DD.007742E3A3,NBD17286.AAZ,CHU - Upper Chiwawa River,7/28/2019 8:42:01 PM,8/25/2019 10:56:53 PM,LOWER IN-STREAM ARRAY,LOWER IN-STREAM ARRAY,10/13/2017,7,Bull Trout,R,Resident,W,Wild Fish or Natural Production,"CHIWAT - Chiwawa River Trap, 0.5 km below CHIP acclimation pond",SCREWT,Screw Trap,235,1
3DD.007742E3A3,NBD17286.AAZ,UWE - Upper Wenatchee River,10/18/2017 1:02:16 AM,9/17/2020 10:30:56 PM,IN-STREAM ARRAY,IN-STREAM ARRAY,10/13/2017,7,Bull Trout,R,Resident,W,Wild Fish or Natural Production,"CHIWAT - Chiwawa River Trap, 0.5 km below CHIP acclimation pond",SCREWT,Screw Trap,235,1
3DD.007742E3CD,NBD-2016-074-TUM.xml,CHW - Chiwaukum Creek,7/3/2016 5:16:53 AM,7/3/2016 5:16:53 AM,UPSTREAM ARRAY,UPSTREAM ARRAY,6/25/2016,7,Bull Trout,R,Resident,W,Wild Fish or Natural Production,TUMFBY - TUM - Release into the Forebay within 0.5 km upstream of Dam,LADDER,Adult Passage Ladder,NA,1
3DD.007742E3E9,NBD-2020-189-001.xml,CHU - Upper Chiwawa River,7/30/2020 4:06:46 AM,8/3/2020 6:12:36 PM,LOWER IN-STREAM ARRAY,LOWER IN-STREAM ARRAY,7/29/2020,7,Bull Trout,R,Resident,W,Wild Fish or Natural Production,CHIWAR - Chiwawa River,WTRAP,Weir Trap,510,1
3DD.007742E3E9,NBD-2020-189-001.xml,UWE - Upper Wenatchee River,8/5/2020 9:12:55 PM,8/5/2020 9:12:55 PM,IN-STREAM ARRAY,IN-STREAM ARRAY,7/29/2020,7,Bull Trout,R,Resident,W,Wild Fish or Natural Production,CHIWAR - Chiwawa River,WTRAP,Weir Trap,510,1
3DD.007742E465,CSS-2020-254-112.xml,UWE - Upper Wenatchee River,9/10/2020 11:03:49 PM,9/10/2020 11:03:49 PM,IN-STREAM ARRAY,IN-STREAM ARRAY,9/10/2020,7,Bull Trout,R,Resident,W,Wild Fish or Natural Production,"CHIWAT - Chiwawa River Trap, 0.5 km below CHIP acclimation pond",SCREWT,Screw Trap,237,1
3DD.007742EC0D,CSS-2020-249-112.xml,UWE - Upper Wenatchee River,9/6/2020 2:28:01 AM,9/6/2020 2:28:01 AM,IN-STREAM ARRAY,IN-STREAM ARRAY,9/5/2020,7,Bull Trout,R,Resident,W,Wild Fish or Natural Production,"CHIWAT - Chiwawa River Trap, 0.5 km below CHIP acclimation pond",SCREWT,Screw Trap,170,1
3DD.007742ED17,NBD17278.AAZ,CHL - Lower Chiwawa River,8/24/2022 9:53:19 PM,10/13/2024 10:19:32 PM,UPPER IN-STREAM ARRAY,LOWER IN-STREAM ARRAY,10/5/2017,7,Bull Trout,R,Resident,W,Wild Fish or Natural Production,"CHIWAT - Chiwawa River Trap, 0.5 km below CHIP acclimation pond",SCREWT,Screw Trap,210,1
3DD.007742ED17,NBD17278.AAZ,CHU - Upper Chiwawa River,10/11/2022 8:23:43 PM,10/13/2024 5:54:35 PM,LOWER IN-STREAM ARRAY,LOWER IN-STREAM ARRAY,10/5/2017,7,Bull Trout,R,Resident,W,Wild Fish or Natural Production,"CHIWAT - Chiwawa River Trap, 0.5 km below CHIP acclimation pond",SCREWT,Screw Trap,210,1
3DD.007742ED17,NBD17278.AAZ,CWT - Chiwawa River Weir Trap Array,10/13/2024 10:11:40 PM,10/13/2024 10:11:40 PM,Single Pass,Single Pass,10/5/2017,7,Bull Trout,R,Resident,W,Wild Fish or Natural Production,"CHIWAT - Chiwawa River Trap, 0.5 km below CHIP acclimation pond",SCREWT,Screw Trap,210,1
3DD.007742ED17,NBD17278.AAZ,LWN - Little Wenatchee River,6/12/2023 11:16:57 PM,10/27/2025 2:26:18 AM,UPPER IN-STREAM ARRAY,LOWER IN-STREAM ARRAY,10/5/2017,7,Bull Trout,R,Resident,W,Wild Fish or Natural Production,"CHIWAT - Chiwawa River Trap, 0.5 km below CHIP acclimation pond",SCREWT,Screw Trap,210,1
3DD.007742ED17,NBD17278.AAZ,UWE - Upper Wenatchee River,10/6/2017 1:28:21 AM,10/7/2017 6:00:47 PM,IN-STREAM ARRAY,IN-STREAM ARRAY,10/5/2017,7,Bull Trout,R,Resident,W,Wild Fish or Natural Production,"CHIWAT - Chiwawa River Trap, 0.5 km below CHIP acclimation pond",SCREWT,Screw Trap,210,1
3DD.007742ED34,NBD-2020-189-001.xml,CHL - Lower Chiwawa River,7/18/2022 12:34:26 AM,7/18/2022 12:34:26 AM,LOWER IN-STREAM ARRAY,LOWER IN-STREAM ARRAY,7/13/2020,7,Bull Trout,R,Resident,W,Wild Fish or Natural Production,CHIWAR - Chiwawa River,WTRAP,Weir Trap,550,1
3DD.007742ED34,NBD-2020-189-001.xml,CHU - Upper Chiwawa River,7/13/2020 8:34:31 PM,7/18/2022 2:56:00 PM,LOWER IN-STREAM ARRAY,UPPER IN-STREAM ARRAY,7/13/2020,7,Bull Trout,R,Resident,W,Wild Fish or Natural Production,CHIWAR - Chiwawa River,WTRAP,Weir Trap,550,1
3DD.007742ED34,NBD-2020-189-001.xml,UWE - Upper Wenatchee River,10/3/2022 1:08:07 AM,10/3/2022 1:08:07 AM,IN-STREAM ARRAY,IN-STREAM ARRAY,7/13/2020,7,Bull Trout,R,Resident,W,Wild Fish or Natural Production,CHIWAR - Chiwawa River,WTRAP,Weir Trap,550,1
3DD.007742ED3C,CSS-2020-260-112.xml,UWE - Upper Wenatchee River,9/16/2020 10:14:52 PM,9/16/2020 10:14:52 PM,IN-STREAM ARRAY,IN-STREAM ARRAY,9/16/2020,7,Bull Trout,R,Resident,W,Wild Fish or Natural Production,"CHIWAT - Chiwawa River Trap, 0.5 km below CHIP acclimation pond",SCREWT,Screw Trap,192,1
3DD.007742ED54,CSS-2021-290-112.xml,UWE - Upper Wenatchee River,10/19/2021 6:22:59 PM,10/19/2021 6:22:59 PM,IN-STREAM ARRAY,IN-STREAM ARRAY,10/17/2021,7,Bull Trout,R,Resident,W,Wild Fish or Natural Production,"CHIWAT - Chiwawa River Trap, 0.5 km below CHIP acclimation pond",SCREWT,Screw Trap,219,1
3DD.007742ED94,NBD15198.AAZ,CHL - Lower Chiwawa River,7/18/2015 11:05:44 PM,9/30/2020 1:18:50 AM,LOWER IN-STREAM ARRAY,UPPER IN-STREAM ARRAY,7/17/2015,7,Bull Trout,R,Resident,W,Wild Fish or Natural Production,"CHIWAT - Chiwawa River Trap, 0.5 km below CHIP acclimation pond",SCREWT,Screw Trap,256,1
3DD.007742ED94,NBD15198.AAZ,CHU - Upper Chiwawa River,7/21/2015 4:44:40 AM,9/30/2021 7:07:23 PM,LOWER IN-STREAM ARRAY,LOWER IN-STREAM ARRAY,7/17/2015,7,Bull Trout,R,Resident,W,Wild Fish or Natural Production,"CHIWAT - Chiwawa River Trap, 0.5 km below CHIP acclimation pond",SCREWT,Screw Trap,256,1
3DD.007742ED94,NBD15198.AAZ,UWE - Upper Wenatchee River,9/16/2015 2:07:47 AM,10/1/2021 2:33:29 AM,IN-STREAM ARRAY,IN-STREAM ARRAY,7/17/2015,7,Bull Trout,R,Resident,W,Wild Fish or Natural Production,"CHIWAT - Chiwawa River Trap, 0.5 km below CHIP acclimation pond",SCREWT,Screw Trap,256,1
3DD.007742EEFF,NBD17271.AAZ,UWE - Upper Wenatchee River,9/28/2017 9:35:31 PM,9/28/2017 9:35:31 PM,IN-STREAM ARRAY,IN-STREAM ARRAY,9/28/2017,7,Bull Trout,R,Resident,W,Wild Fish or Natural Production,"CHIWAT - Chiwawa River Trap, 0.5 km below CHIP acclimation pond",SCREWT,Screw Trap,274,1
3DD.007742F090,NBD-2020-189-001.xml,CHL - Lower Chiwawa River,11/3/2020 5:13:38 AM,11/3/2020 5:29:48 PM,UPPER IN-STREAM ARRAY,UPPER IN-STREAM ARRAY,7/13/2020,7,Bull Trout,R,Resident,W,Wild Fish or Natural Production,CHIWAR - Chiwawa River,WTRAP,Weir Trap,550,1
3DD.007742F090,NBD-2020-189-001.xml,CHU - Upper Chiwawa River,10/8/2020 11:25:38 PM,10/8/2020 11:25:38 PM,LOWER IN-STREAM ARRAY,LOWER IN-STREAM ARRAY,7/13/2020,7,Bull Trout,R,Resident,W,Wild Fish or Natural Production,CHIWAR - Chiwawa River,WTRAP,Weir Trap,550,1
3DD.007742F099,NBD15202.AAZ,CHL - Lower Chiwawa River,10/1/2019 6:54:27 PM,10/1/2019 6:54:29 PM,LOWER IN-STREAM ARRAY,LOWER IN-STREAM ARRAY,7/21/2015,7,Bull Trout,R,Resident,W,Wild Fish or Natural Production,"CHIWAT - Chiwawa River Trap, 0.5 km below CHIP acclimation pond",SCREWT,Screw Trap,200,1
3DD.007742F099,NBD15202.AAZ,CHU - Upper Chiwawa River,10/1/2019 12:12:21 AM,7/6/2020 3:08:21 AM,UPPER IN-STREAM ARRAY,LOWER IN-STREAM ARRAY,7/21/2015,7,Bull Trout,R,Resident,W,Wild Fish or Natural Production,"CHIWAT - Chiwawa River Trap, 0.5 km below CHIP acclimation pond",SCREWT,Screw Trap,200,1
3DD.007742F099,NBD15202.AAZ,UWE - Upper Wenatchee River,7/22/2015 12:46:11 AM,9/29/2020 1:55:16 AM,IN-STREAM ARRAY,IN-STREAM ARRAY,7/21/2015,7,Bull Trout,R,Resident,W,Wild Fish or Natural Production,"CHIWAT - Chiwawa River Trap, 0.5 km below CHIP acclimation pond",SCREWT,Screw Trap,200,1
3DD.007742F0D2,NBD18323.AAZ,"WTL - White River, Wenatchee Basin",3/27/2019 1:26:23 AM,3/27/2019 1:26:51 AM,LOWER IN-STREAM ARRAY,UPPER IN-STREAM ARRAY,11/20/2018,7,Bull Trout,R,Resident,W,Wild Fish or Natural Production,"CHIWAT - Chiwawa River Trap, 0.5 km below CHIP acclimation pond",SCREWT,Screw Trap,188,1
3DD.007742F17A,NBD15304.AAZ,UWE - Upper Wenatchee River,11/3/2015 9:33:10 AM,11/3/2015 9:33:10 AM,IN-STREAM ARRAY,IN-STREAM ARRAY,10/31/2015,7,Bull Trout,R,Resident,W,Wild Fish or Natural Production,"CHIWAT - Chiwawa River Trap, 0.5 km below CHIP acclimation pond",SCREWT,Screw Trap,221,1
3DD.007742F1AA,NBD18334.AAZ,CHL - Lower Chiwawa River,1/10/2019 7:03:52 PM,1/10/2019 7:03:52 PM,UPPER IN-STREAM ARRAY,UPPER IN-STREAM ARRAY,11/30/2018,7,Bull Trout,R,Resident,W,Wild Fish or Natural Production,"CHIWAT - Chiwawa River Trap, 0.5 km below CHIP acclimation pond",SCREWT,Screw Trap,177,1
3DD.007742F1AA,NBD18334.AAZ,UWE - Upper Wenatchee River,1/23/2019 8:02:31 PM,1/23/2019 8:02:36 PM,IN-STREAM ARRAY,IN-STREAM ARRAY,11/30/2018,7,Bull Trout,R,Resident,W,Wild Fish or Natural Production,"CHIWAT - Chiwawa River Trap, 0.5 km below CHIP acclimation pond",SCREWT,Screw Trap,177,1
3DD.007742F271,CSS-2020-256-112.xml,UWE - Upper Wenatchee River,9/13/2020 5:03:08 AM,9/13/2020 5:03:09 AM,IN-STREAM ARRAY,IN-STREAM ARRAY,9/12/2020,7,Bull Trout,R,Resident,W,Wild Fish or Natural Production,"CHIWAT - Chiwawa River Trap, 0.5 km below CHIP acclimation pond",SCREWT,Screw Trap,209,1
3DD.007742F9E4,NBD17273.AAZ,UWE - Upper Wenatchee River,10/1/2017 1:16:16 AM,10/1/2017 1:16:16 AM,IN-STREAM ARRAY,IN-STREAM ARRAY,9/30/2017,7,Bull Trout,R,Resident,W,Wild Fish or Natural Production,"CHIWAT - Chiwawa River Trap, 0.5 km below CHIP acclimation pond",SCREWT,Screw Trap,522,1
3DD.007742F9F5,NBD17273.AAZ,UWE - Upper Wenatchee River,9/30/2017 11:32:40 PM,9/30/2017 11:32:40 PM,IN-STREAM ARRAY,IN-STREAM ARRAY,9/30/2017,7,Bull Trout,R,Resident,W,Wild Fish or Natural Production,"CHIWAT - Chiwawa River Trap, 0.5 km below CHIP acclimation pond",SCREWT,Screw Trap,424,1
3DD.007742FB25,NBD-2017-091-TUM.xml,CHW - Chiwaukum Creek,7/20/2017 1:03:46 AM,7/20/2017 1:03:46 AM,UPSTREAM ARRAY,UPSTREAM ARRAY,6/26/2017,7,Bull Trout,R,Resident,W,Wild Fish or Natural Production,TUMFBY - TUM - Release into the Forebay within 0.5 km upstream of Dam,LADDER,Adult Passage Ladder,NA,1
3DD.007742FB4C,NBD15235.AAZ,UWE - Upper Wenatchee River,8/24/2015 12:09:47 AM,8/24/2015 12:09:47 AM,IN-STREAM ARRAY,IN-STREAM ARRAY,8/23/2015,7,Bull Trout,R,Resident,W,Wild Fish or Natural Production,"CHIWAT - Chiwawa River Trap, 0.5 km below CHIP acclimation pond",SCREWT,Screw Trap,204,1
3DD.007742FB76,NBD17266.AAZ,CHL - Lower Chiwawa River,9/22/2017 6:35:28 PM,9/22/2017 7:57:56 PM,UPPER IN-STREAM ARRAY,LOWER IN-STREAM ARRAY,9/23/2017,7,Bull Trout,R,Resident,W,Wild Fish or Natural Production,"CHIWAT - Chiwawa River Trap, 0.5 km below CHIP acclimation pond",SCREWT,Screw Trap,394,1
3DD.007742FB76,NBD17266.AAZ,UWE - Upper Wenatchee River,9/23/2017 12:10:23 AM,9/23/2017 12:10:23 AM,IN-STREAM ARRAY,IN-STREAM ARRAY,9/23/2017,7,Bull Trout,R,Resident,W,Wild Fish or Natural Production,"CHIWAT - Chiwawa River Trap, 0.5 km below CHIP acclimation pond",SCREWT,Screw Trap,394,1
3DD.007742FC17,NBD-2019-163-001.xml,CHL - Lower Chiwawa River,9/28/2019 1:23:23 AM,9/24/2020 5:46:37 PM,UPPER IN-STREAM ARRAY,UPPER IN-STREAM ARRAY,7/1/2019,7,Bull Trout,R,Resident,W,Wild Fish or Natural Production,CHIWAR - Chiwawa River,WTRAP,Weir Trap,630,1
3DD.007742FC17,NBD-2019-163-001.xml,CHU - Upper Chiwawa River,7/1/2019 8:22:22 PM,7/20/2021 3:44:47 AM,LOWER IN-STREAM ARRAY,LOWER IN-STREAM ARRAY,7/1/2019,7,Bull Trout,R,Resident,W,Wild Fish or Natural Production,CHIWAR - Chiwawa River,WTRAP,Weir Trap,630,1
3DD.007742FC17,NBD-2019-163-001.xml,NAL - Lower Nason Creek,4/22/2020 2:31:14 AM,4/6/2021 7:22:55 PM,LOWER IN-STREAM ARRAY,LOWER IN-STREAM ARRAY,7/1/2019,7,Bull Trout,R,Resident,W,Wild Fish or Natural Production,CHIWAR - Chiwawa River,WTRAP,Weir Trap,630,1
3DD.007742FC17,NBD-2019-163-001.xml,UWE - Upper Wenatchee River,9/28/2019 3:42:04 AM,9/24/2020 8:56:53 PM,IN-STREAM ARRAY,IN-STREAM ARRAY,7/1/2019,7,Bull Trout,R,Resident,W,Wild Fish or Natural Production,CHIWAR - Chiwawa River,WTRAP,Weir Trap,630,1
3DD.007742FC28,NBD-2020-189-001.xml,CHL - Lower Chiwawa River,10/11/2020 8:06:15 PM,10/5/2021 9:01:23 PM,LOWER IN-STREAM ARRAY,LOWER IN-STREAM ARRAY,7/13/2020,7,Bull Trout,R,Resident,W,Wild Fish or Natural Production,CHIWAR - Chiwawa River,WTRAP,Weir Trap,420,1
3DD.007742FC28,NBD-2020-189-001.xml,CHU - Upper Chiwawa River,7/14/2020 4:22:53 AM,10/4/2021 3:08:09 AM,LOWER IN-STREAM ARRAY,LOWER IN-STREAM ARRAY,7/13/2020,7,Bull Trout,R,Resident,W,Wild Fish or Natural Production,CHIWAR - Chiwawa River,WTRAP,Weir Trap,420,1
3DD.007742FC28,NBD-2020-189-001.xml,UWE - Upper Wenatchee River,10/5/2021 11:58:11 PM,7/9/2023 8:33:50 PM,IN-STREAM ARRAY,IN-STREAM ARRAY,7/13/2020,7,Bull Trout,R,Resident,W,Wild Fish or Natural Production,CHIWAR - Chiwawa River,WTRAP,Weir Trap,420,1
3DD.007742FE4D,NBD16284.AAZ,UWE - Upper Wenatchee River,10/11/2016 5:47:11 AM,10/11/2016 5:47:11 AM,IN-STREAM ARRAY,IN-STREAM ARRAY,10/10/2016,7,Bull Trout,R,Resident,W,Wild Fish or Natural Production,"CHIWAT - Chiwawa River Trap, 0.5 km below CHIP acclimation pond",SCREWT,Screw Trap,176,1
3DD.007742FEB7,NBD18317.AAZ,UWE - Upper Wenatchee River,11/14/2018 7:31:10 AM,11/14/2018 7:31:22 AM,IN-STREAM ARRAY,IN-STREAM ARRAY,11/13/2018,7,Bull Trout,R,Resident,W,Wild Fish or Natural Production,"CHIWAT - Chiwawa River Trap, 0.5 km below CHIP acclimation pond",SCREWT,Screw Trap,198,1
3DD.007742FEFD,NBD-2017-091-TUM.xml,CHW - Chiwaukum Creek,7/26/2017 11:58:37 PM,7/15/2018 11:40:19 PM,DOWNSTREAM ARRAY,UPSTREAM ARRAY,7/10/2017,7,Bull Trout,R,Resident,W,Wild Fish or Natural Production,TUMFBY - TUM - Release into the Forebay within 0.5 km upstream of Dam,LADDER,Adult Passage Ladder,NA,1
3DD.007742FEFD,NBD-2017-091-TUM.xml,TUF - Tumwater Dam Adult Fishway,6/29/2018 2:04:11 AM,7/13/2018 6:12:30 AM,High Flow Ladder Entrance,WEIR 17,7/10/2017,7,Bull Trout,R,Resident,W,Wild Fish or Natural Production,TUMFBY - TUM - Release into the Forebay within 0.5 km upstream of Dam,LADDER,Adult Passage Ladder,NA,1
3DD.007742FF10,NBD-2016-074-TUM.xml,CHL - Lower Chiwawa River,7/6/2016 11:25:06 PM,7/15/2018 9:13:32 PM,LOWER IN-STREAM ARRAY,UPPER IN-STREAM ARRAY,6/16/2016,7,Bull Trout,R,Resident,W,Wild Fish or Natural Production,TUMFBY - TUM - Release into the Forebay within 0.5 km upstream of Dam,LADDER,Adult Passage Ladder,NA,1
3DD.007742FF10,NBD-2016-074-TUM.xml,CHU - Upper Chiwawa River,7/17/2016 9:48:20 PM,7/27/2017 8:34:36 PM,LOWER IN-STREAM ARRAY,UPPER IN-STREAM ARRAY,6/16/2016,7,Bull Trout,R,Resident,W,Wild Fish or Natural Production,TUMFBY - TUM - Release into the Forebay within 0.5 km upstream of Dam,LADDER,Adult Passage Ladder,NA,1
3DD.007742FF10,NBD-2016-074-TUM.xml,ICL - Lower Icicle Instream Array,11/3/2016 5:05:59 PM,11/29/2017 9:36:57 PM,Downstream Array,Downstream Array,6/16/2016,7,Bull Trout,R,Resident,W,Wild Fish or Natural Production,TUMFBY - TUM - Release into the Forebay within 0.5 km upstream of Dam,LADDER,Adult Passage Ladder,NA,1
3DD.007742FF10,NBD-2016-074-TUM.xml,RRF - Rocky Reach Fishway,11/21/2016 10:02:28 PM,11/21/2016 10:03:03 PM,Lower Weir,Upper Weir,6/16/2016,7,Bull Trout,R,Resident,W,Wild Fish or Natural Production,TUMFBY - TUM - Release into the Forebay within 0.5 km upstream of Dam,LADDER,Adult Passage Ladder,NA,1
3DD.007742FF10,NBD-2016-074-TUM.xml,TUF - Tumwater Dam Adult Fishway,7/13/2017 7:37:38 AM,7/5/2018 8:08:16 AM,High Flow Ladder Entrance,WEIR 17,6/16/2016,7,Bull Trout,R,Resident,W,Wild Fish or Natural Production,TUMFBY - TUM - Release into the Forebay within 0.5 km upstream of Dam,LADDER,Adult Passage Ladder,NA,1
3DD.007742FF22,NBD-2017-091-TUM.xml,NAL - Lower Nason Creek,7/14/2017 10:14:57 PM,9/21/2018 4:47:48 AM,UPPER IN-STREAM ARRAY,LOWER IN-STREAM ARRAY,7/3/2017,7,Bull Trout,R,Resident,W,Wild Fish or Natural Production,TUMFBY - TUM - Release into the Forebay within 0.5 km upstream of Dam,LADDER,Adult Passage Ladder,NA,1
3DD.007742FF22,NBD-2017-091-TUM.xml,NAU - Upper Nason Creek,7/17/2017 1:25:17 AM,9/18/2018 10:45:15 PM,LOWER IN-STREAM ARRAY,LOWER IN-STREAM ARRAY,7/3/2017,7,Bull Trout,R,Resident,W,Wild Fish or Natural Production,TUMFBY - TUM - Release into the Forebay within 0.5 km upstream of Dam,LADDER,Adult Passage Ladder,NA,1
3DD.007742FF22,NBD-2017-091-TUM.xml,TUF - Tumwater Dam Adult Fishway,6/13/2018 11:57:05 AM,6/25/2019 1:45:30 PM,Low Flow Ladder Entrance,WEIR 17,7/3/2017,7,Bull Trout,R,Resident,W,Wild Fish or Natural Production,TUMFBY - TUM - Release into the Forebay within 0.5 km upstream of Dam,LADDER,Adult Passage Ladder,NA,1
3DD.007742FF22,NBD-2017-091-TUM.xml,UWE - Upper Wenatchee River,7/13/2017 8:41:30 PM,9/21/2018 11:32:38 PM,IN-STREAM ARRAY,IN-STREAM ARRAY,7/3/2017,7,Bull Trout,R,Resident,W,Wild Fish or Natural Production,TUMFBY - TUM - Release into the Forebay within 0.5 km upstream of Dam,LADDER,Adult Passage Ladder,NA,1
3DD.0077430790,NBD17274.AAZ,UWE - Upper Wenatchee River,10/2/2017 2:10:08 AM,10/2/2017 2:10:08 AM,IN-STREAM ARRAY,IN-STREAM ARRAY,10/1/2017,7,Bull Trout,R,Resident,W,Wild Fish or Natural Production,"CHIWAT - Chiwawa River Trap, 0.5 km below CHIP acclimation pond",SCREWT,Screw Trap,455,1
3DD.00774307DF,NBD16181.AAZ,CHL - Lower Chiwawa River,7/21/2016 10:21:28 PM,6/8/2019 10:57:43 PM,LOWER IN-STREAM ARRAY,LOWER IN-STREAM ARRAY,6/29/2016,7,Bull Trout,R,Resident,W,Wild Fish or Natural Production,"CHIWAT - Chiwawa River Trap, 0.5 km below CHIP acclimation pond",SCREWT,Screw Trap,570,1
3DD.00774307DF,NBD16181.AAZ,CHU - Upper Chiwawa River,7/31/2016 4:18:11 AM,9/24/2019 1:38:21 AM,LOWER IN-STREAM ARRAY,UPPER IN-STREAM ARRAY,6/29/2016,7,Bull Trout,R,Resident,W,Wild Fish or Natural Production,"CHIWAT - Chiwawa River Trap, 0.5 km below CHIP acclimation pond",SCREWT,Screw Trap,570,1
3DD.00774307DF,NBD16181.AAZ,NAL - Lower Nason Creek,11/14/2019 7:19:23 PM,11/14/2019 11:30:14 PM,LOWER IN-STREAM ARRAY,LOWER IN-STREAM ARRAY,6/29/2016,7,Bull Trout,R,Resident,W,Wild Fish or Natural Production,"CHIWAT - Chiwawa River Trap, 0.5 km below CHIP acclimation pond",SCREWT,Screw Trap,570,1
3DD.00774307DF,NBD16181.AAZ,UWE - Upper Wenatchee River,9/19/2016 12:58:32 AM,9/25/2019 3:24:42 AM,IN-STREAM ARRAY,IN-STREAM ARRAY,6/29/2016,7,Bull Trout,R,Resident,W,Wild Fish or Natural Production,"CHIWAT - Chiwawa River Trap, 0.5 km below CHIP acclimation pond",SCREWT,Screw Trap,570,1
3DD.0077430807,NBD15228.AAZ,CHL - Lower Chiwawa River,8/16/2015 11:59:44 AM,8/16/2015 12:00:38 PM,LOWER IN-STREAM ARRAY,UPPER IN-STREAM ARRAY,8/16/2015,7,Bull Trout,R,Resident,W,Wild Fish or Natural Production,"CHIWAT - Chiwawa River Trap, 0.5 km below CHIP acclimation pond",SCREWT,Screw Trap,243,1
3DD.0077430807,NBD15228.AAZ,CHU - Upper Chiwawa River,8/20/2015 1:40:36 AM,8/20/2015 1:41:12 AM,LOWER IN-STREAM ARRAY,UPPER IN-STREAM ARRAY,8/16/2015,7,Bull Trout,R,Resident,W,Wild Fish or Natural Production,"CHIWAT - Chiwawa River Trap, 0.5 km below CHIP acclimation pond",SCREWT,Screw Trap,243,1
3DD.0077430837,CSS-2021-284-112.xml,UWE - Upper Wenatchee River,10/11/2021 11:01:35 PM,10/11/2021 11:01:35 PM,IN-STREAM ARRAY,IN-STREAM ARRAY,10/11/2021,7,Bull Trout,R,Resident,W,Wild Fish or Natural Production,"CHIWAT - Chiwawa River Trap, 0.5 km below CHIP acclimation pond",SCREWT,Screw Trap,218,1
3DD.0077430880,NBD-2017-091-TUM.xml,CHW - Chiwaukum Creek,8/1/2017 10:30:12 PM,7/6/2018 3:21:41 AM,DOWNSTREAM ARRAY,UPSTREAM ARRAY,7/8/2017,7,Bull Trout,R,Resident,W,Wild Fish or Natural Production,TUMFBY - TUM - Release into the Forebay within 0.5 km upstream of Dam,LADDER,Adult Passage Ladder,NA,1
3DD.0077430880,NBD-2017-091-TUM.xml,RRF - Rocky Reach Fishway,11/22/2017 11:54:47 AM,11/22/2017 11:56:47 AM,Lower Weir,Upper Weir,7/8/2017,7,Bull Trout,R,Resident,W,Wild Fish or Natural Production,TUMFBY - TUM - Release into the Forebay within 0.5 km upstream of Dam,LADDER,Adult Passage Ladder,NA,1
3DD.0077430880,NBD-2017-091-TUM.xml,TUF - Tumwater Dam Adult Fishway,7/11/2017 2:13:51 PM,6/28/2018 1:55:53 PM,High Flow Ladder Entrance,WEIR 17,7/8/2017,7,Bull Trout,R,Resident,W,Wild Fish or Natural Production,TUMFBY - TUM - Release into the Forebay within 0.5 km upstream of Dam,LADDER,Adult Passage Ladder,NA,1
3DD.007743088F,CSS-2019-087-112.xml,"WTL - White River, Wenatchee Basin",6/10/2019 5:30:30 AM,6/10/2019 5:30:30 AM,UPPER IN-STREAM ARRAY,UPPER IN-STREAM ARRAY,3/28/2019,7,Bull Trout,R,Resident,W,Wild Fish or Natural Production,"CHIWAT - Chiwawa River Trap, 0.5 km below CHIP acclimation pond",SCREWT,Screw Trap,179,1
3DD.00774308BA,NBD16152.AAZ,UWE - Upper Wenatchee River,6/2/2016 11:32:24 AM,6/2/2016 11:32:24 AM,IN-STREAM ARRAY,IN-STREAM ARRAY,5/31/2016,7,Bull Trout,R,Resident,W,Wild Fish or Natural Production,"CHIWAT - Chiwawa River Trap, 0.5 km below CHIP acclimation pond",SCREWT,Screw Trap,201,1
3DD.00774308BB,CSS-2021-275-112.xml,CHL - Lower Chiwawa River,10/2/2021 11:11:50 AM,10/2/2021 11:11:50 AM,UPPER IN-STREAM ARRAY,UPPER IN-STREAM ARRAY,10/2/2021,7,Bull Trout,R,Resident,W,Wild Fish or Natural Production,"CHIWAT - Chiwawa River Trap, 0.5 km below CHIP acclimation pond",SCREWT,Screw Trap,257,1
3DD.00774308BB,CSS-2021-275-112.xml,UWE - Upper Wenatchee River,10/4/2021 7:16:50 PM,10/4/2021 7:16:51 PM,IN-STREAM ARRAY,IN-STREAM ARRAY,10/2/2021,7,Bull Trout,R,Resident,W,Wild Fish or Natural Production,"CHIWAT - Chiwawa River Trap, 0.5 km below CHIP acclimation pond",SCREWT,Screw Trap,257,1
3DD.007743090F,NBD-2016-074-TUM.xml,NAL - Lower Nason Creek,9/24/2016 12:07:34 AM,9/24/2016 12:07:34 AM,UPPER IN-STREAM ARRAY,UPPER IN-STREAM ARRAY,6/23/2016,7,Bull Trout,R,Resident,W,Wild Fish or Natural Production,TUMFBY - TUM - Release into the Forebay within 0.5 km upstream of Dam,LADDER,Adult Passage Ladder,NA,1
3DD.007743090F,NBD-2016-074-TUM.xml,NAU - Upper Nason Creek,7/26/2016 2:49:46 AM,9/17/2016 11:00:00 PM,LOWER IN-STREAM ARRAY,LOWER IN-STREAM ARRAY,6/23/2016,7,Bull Trout,R,Resident,W,Wild Fish or Natural Production,TUMFBY - TUM - Release into the Forebay within 0.5 km upstream of Dam,LADDER,Adult Passage Ladder,NA,1
3DD.007743090F,NBD-2016-074-TUM.xml,UWE - Upper Wenatchee River,9/26/2016 10:20:54 PM,9/26/2016 10:20:54 PM,IN-STREAM ARRAY,IN-STREAM ARRAY,6/23/2016,7,Bull Trout,R,Resident,W,Wild Fish or Natural Production,TUMFBY - TUM - Release into the Forebay within 0.5 km upstream of Dam,LADDER,Adult Passage Ladder,NA,1
3DD.0077430A3C,NBD-2017-091-TUM.xml,CHW - Chiwaukum Creek,7/21/2017 1:04:32 AM,7/11/2021 3:46:17 AM,DOWNSTREAM ARRAY,UPSTREAM ARRAY,7/5/2017,7,Bull Trout,R,Resident,W,Wild Fish or Natural Production,TUMFBY - TUM - Release into the Forebay within 0.5 km upstream of Dam,LADDER,Adult Passage Ladder,NA,1
3DD.0077430A3C,NBD-2017-091-TUM.xml,LWE - Lower Wenatchee River,11/9/2017 9:47:27 PM,10/28/2018 1:44:21 AM,UPSTREAM ANTENNA ARRAY,DOWNSTREAM ANTENNA ARRAY,7/5/2017,7,Bull Trout,R,Resident,W,Wild Fish or Natural Production,TUMFBY - TUM - Release into the Forebay within 0.5 km upstream of Dam,LADDER,Adult Passage Ladder,NA,1
3DD.0077430A3C,NBD-2017-091-TUM.xml,RRF - Rocky Reach Fishway,11/20/2017 3:19:14 PM,11/20/2017 3:19:47 PM,Lower Weir,Upper Weir,7/5/2017,7,Bull Trout,R,Resident,W,Wild Fish or Natural Production,TUMFBY - TUM - Release into the Forebay within 0.5 km upstream of Dam,LADDER,Adult Passage Ladder,NA,1
3DD.0077430A3C,NBD-2017-091-TUM.xml,TUF - Tumwater Dam Adult Fishway,6/29/2018 7:18:42 PM,7/5/2021 8:36:00 PM,High Flow Ladder Entrance,WEIR 17,7/5/2017,7,Bull Trout,R,Resident,W,Wild Fish or Natural Production,TUMFBY - TUM - Release into the Forebay within 0.5 km upstream of Dam,LADDER,Adult Passage Ladder,NA,1
3DD.0077430A9C,NBD17282.AAZ,UWE - Upper Wenatchee River,10/10/2017 2:22:53 AM,10/10/2017 2:22:53 AM,IN-STREAM ARRAY,IN-STREAM ARRAY,10/9/2017,7,Bull Trout,R,Resident,W,Wild Fish or Natural Production,"CHIWAT - Chiwawa River Trap, 0.5 km below CHIP acclimation pond",SCREWT,Screw Trap,231,1
3DD.0077430AAA,NBD-2019-163-001.xml,CHU - Upper Chiwawa River,6/13/2019 3:56:19 AM,6/13/2019 3:56:19 AM,UPPER IN-STREAM ARRAY,UPPER IN-STREAM ARRAY,6/12/2019,7,Bull Trout,R,Resident,W,Wild Fish or Natural Production,CHIWAR - Chiwawa River,WTRAP,Weir Trap,520,1
3DD.0077430C48,NBD16220.AAZ,CHL - Lower Chiwawa River,8/7/2016 11:52:42 AM,8/7/2016 8:05:39 PM,UPPER IN-STREAM ARRAY,LOWER IN-STREAM ARRAY,8/7/2016,7,Bull Trout,R,Resident,W,Wild Fish or Natural Production,"CHIWAT - Chiwawa River Trap, 0.5 km below CHIP acclimation pond",SCREWT,Screw Trap,207,1
3DD.0077430C48,NBD16220.AAZ,NAL - Lower Nason Creek,8/9/2016 9:02:35 PM,8/11/2016 8:09:43 PM,LOWER IN-STREAM ARRAY,LOWER IN-STREAM ARRAY,8/7/2016,7,Bull Trout,R,Resident,W,Wild Fish or Natural Production,"CHIWAT - Chiwawa River Trap, 0.5 km below CHIP acclimation pond",SCREWT,Screw Trap,207,1
3DD.0077430C48,NBD16220.AAZ,UWE - Upper Wenatchee River,8/8/2016 4:51:57 AM,8/8/2016 4:51:57 AM,IN-STREAM ARRAY,IN-STREAM ARRAY,8/7/2016,7,Bull Trout,R,Resident,W,Wild Fish or Natural Production,"CHIWAT - Chiwawa River Trap, 0.5 km below CHIP acclimation pond",SCREWT,Screw Trap,207,1
3DD.0077430D7A,NBD-2019-163-001.xml,CHL - Lower Chiwawa River,10/1/2019 6:57:48 PM,10/1/2019 6:57:50 PM,LOWER IN-STREAM ARRAY,LOWER IN-STREAM ARRAY,7/3/2019,7,Bull Trout,R,Resident,W,Wild Fish or Natural Production,CHIWAR - Chiwawa River,WTRAP,Weir Trap,640,1
3DD.0077430D7A,NBD-2019-163-001.xml,CHU - Upper Chiwawa River,7/3/2019 8:33:17 PM,9/30/2019 8:34:37 PM,LOWER IN-STREAM ARRAY,UPPER IN-STREAM ARRAY,7/3/2019,7,Bull Trout,R,Resident,W,Wild Fish or Natural Production,CHIWAR - Chiwawa River,WTRAP,Weir Trap,640,1
3DD.0077430D7A,NBD-2019-163-001.xml,NAL - Lower Nason Creek,11/3/2019 11:30:34 PM,12/15/2019 6:22:14 AM,LOWER IN-STREAM ARRAY,LOWER IN-STREAM ARRAY,7/3/2019,7,Bull Trout,R,Resident,W,Wild Fish or Natural Production,CHIWAR - Chiwawa River,WTRAP,Weir Trap,640,1
3DD.0077430DD3,NBD-2017-091-TUM.xml,NAL - Lower Nason Creek,7/20/2017 1:21:16 AM,7/20/2017 1:21:16 AM,UPPER IN-STREAM ARRAY,UPPER IN-STREAM ARRAY,7/9/2017,7,Bull Trout,R,Resident,W,Wild Fish or Natural Production,TUMFBY - TUM - Release into the Forebay within 0.5 km upstream of Dam,LADDER,Adult Passage Ladder,NA,1
3DD.0077430DD3,NBD-2017-091-TUM.xml,NAU - Upper Nason Creek,7/23/2017 2:59:05 AM,8/5/2017 10:22:18 PM,LOWER IN-STREAM ARRAY,UPPER IN-STREAM ARRAY,7/9/2017,7,Bull Trout,R,Resident,W,Wild Fish or Natural Production,TUMFBY - TUM - Release into the Forebay within 0.5 km upstream of Dam,LADDER,Adult Passage Ladder,NA,1
3DD.0077430DD3,NBD-2017-091-TUM.xml,UWE - Upper Wenatchee River,7/19/2017 2:38:50 AM,7/19/2017 2:38:50 AM,IN-STREAM ARRAY,IN-STREAM ARRAY,7/9/2017,7,Bull Trout,R,Resident,W,Wild Fish or Natural Production,TUMFBY - TUM - Release into the Forebay within 0.5 km upstream of Dam,LADDER,Adult Passage Ladder,NA,1
3DD.00774315A5,NBD18320.AAZ,LWN - Little Wenatchee River,5/5/2019 7:45:11 PM,5/5/2019 7:45:11 PM,UPPER IN-STREAM ARRAY,UPPER IN-STREAM ARRAY,11/16/2018,7,Bull Trout,R,Resident,W,Wild Fish or Natural Production,"CHIWAT - Chiwawa River Trap, 0.5 km below CHIP acclimation pond",SCREWT,Screw Trap,178,1
3DD.00774315A5,NBD18320.AAZ,UWE - Upper Wenatchee River,11/20/2018 12:10:50 AM,11/20/2018 12:10:52 AM,IN-STREAM ARRAY,IN-STREAM ARRAY,11/16/2018,7,Bull Trout,R,Resident,W,Wild Fish or Natural Production,"CHIWAT - Chiwawa River Trap, 0.5 km below CHIP acclimation pond",SCREWT,Screw Trap,178,1
3DD.0077431670,NBD17275.AAZ,CHL - Lower Chiwawa River,7/8/2019 8:53:37 PM,10/4/2021 12:23:16 AM,LOWER IN-STREAM ARRAY,LOWER IN-STREAM ARRAY,10/2/2017,7,Bull Trout,R,Resident,W,Wild Fish or Natural Production,"CHIWAT - Chiwawa River Trap, 0.5 km below CHIP acclimation pond",SCREWT,Screw Trap,440,1
3DD.0077431670,NBD17275.AAZ,CHU - Upper Chiwawa River,7/15/2019 2:43:18 AM,9/28/2020 3:52:35 AM,LOWER IN-STREAM ARRAY,LOWER IN-STREAM ARRAY,10/2/2017,7,Bull Trout,R,Resident,W,Wild Fish or Natural Production,"CHIWAT - Chiwawa River Trap, 0.5 km below CHIP acclimation pond",SCREWT,Screw Trap,440,1
3DD.0077431670,NBD17275.AAZ,UWE - Upper Wenatchee River,10/2/2017 11:41:26 PM,1/11/2022 3:46:13 AM,IN-STREAM ARRAY,IN-STREAM ARRAY,10/2/2017,7,Bull Trout,R,Resident,W,Wild Fish or Natural Production,"CHIWAT - Chiwawa River Trap, 0.5 km below CHIP acclimation pond",SCREWT,Screw Trap,440,1
3DD.00774316AC,NBD15287.AAZ,UWE - Upper Wenatchee River,10/15/2015 12:19:37 AM,10/15/2015 12:19:37 AM,IN-STREAM ARRAY,IN-STREAM ARRAY,10/14/2015,7,Bull Trout,R,Resident,W,Wild Fish or Natural Production,"CHIWAT - Chiwawa River Trap, 0.5 km below CHIP acclimation pond",SCREWT,Screw Trap,178,1
3DD.00774316AD,NBD15290.AAZ,CHU - Upper Chiwawa River,6/6/2018 4:44:16 AM,6/6/2018 4:44:53 AM,LOWER IN-STREAM ARRAY,UPPER IN-STREAM ARRAY,10/17/2015,7,Bull Trout,R,Resident,W,Wild Fish or Natural Production,"CHIWAT - Chiwawa River Trap, 0.5 km below CHIP acclimation pond",SCREWT,Screw Trap,226,1
3DD.00774316AD,NBD15290.AAZ,UWE - Upper Wenatchee River,10/18/2015 9:18:46 PM,10/18/2015 9:18:46 PM,IN-STREAM ARRAY,IN-STREAM ARRAY,10/17/2015,7,Bull Trout,R,Resident,W,Wild Fish or Natural Production,"CHIWAT - Chiwawa River Trap, 0.5 km below CHIP acclimation pond",SCREWT,Screw Trap,226,1
3DD.00774316E4,NBD-2020-189-001.xml,CHL - Lower Chiwawa River,9/26/2020 12:10:03 AM,9/25/2021 12:10:22 AM,LOWER IN-STREAM ARRAY,LOWER IN-STREAM ARRAY,7/11/2020,7,Bull Trout,R,Resident,W,Wild Fish or Natural Production,CHIWAR - Chiwawa River,WTRAP,Weir Trap,490,1
3DD.00774316E4,NBD-2020-189-001.xml,CHU - Upper Chiwawa River,7/11/2020 8:37:53 PM,7/11/2020 8:38:13 PM,LOWER IN-STREAM ARRAY,UPPER IN-STREAM ARRAY,7/11/2020,7,Bull Trout,R,Resident,W,Wild Fish or Natural Production,CHIWAR - Chiwawa River,WTRAP,Weir Trap,490,1
3DD.00774316E4,NBD-2020-189-001.xml,UWE - Upper Wenatchee River,9/26/2020 2:59:38 AM,9/25/2021 7:56:08 PM,IN-STREAM ARRAY,IN-STREAM ARRAY,7/11/2020,7,Bull Trout,R,Resident,W,Wild Fish or Natural Production,CHIWAR - Chiwawa River,WTRAP,Weir Trap,490,1
3DD.0077431746,CSS-2021-295-112.xml,UWE - Upper Wenatchee River,10/23/2021 5:12:52 AM,10/23/2021 5:12:52 AM,IN-STREAM ARRAY,IN-STREAM ARRAY,10/22/2021,7,Bull Trout,R,Resident,W,Wild Fish or Natural Production,"CHIWAT - Chiwawa River Trap, 0.5 km below CHIP acclimation pond",SCREWT,Screw Trap,246,1
3DD.0077431746,CSS-2021-295-112.xml,"WTL - White River, Wenatchee Basin",8/25/2022 9:13:04 PM,8/25/2022 9:13:04 PM,UPPER IN-STREAM ARRAY,UPPER IN-STREAM ARRAY,10/22/2021,7,Bull Trout,R,Resident,W,Wild Fish or Natural Production,"CHIWAT - Chiwawa River Trap, 0.5 km below CHIP acclimation pond",SCREWT,Screw Trap,246,1
3DD.0077431766,NBD15298.AAZ,UWE - Upper Wenatchee River,10/27/2015 1:01:22 AM,10/27/2015 1:01:22 AM,IN-STREAM ARRAY,IN-STREAM ARRAY,10/25/2015,7,Bull Trout,R,Resident,W,Wild Fish or Natural Production,"CHIWAT - Chiwawa River Trap, 0.5 km below CHIP acclimation pond",SCREWT,Screw Trap,210,1
3DD.00774318E2,CSS-2020-258-112.xml,CHL - Lower Chiwawa River,7/2/2023 2:10:04 AM,9/26/2023 11:31:19 PM,LOWER IN-STREAM ARRAY,LOWER IN-STREAM ARRAY,9/14/2020,7,Bull Trout,R,Resident,W,Wild Fish or Natural Production,"CHIWAT - Chiwawa River Trap, 0.5 km below CHIP acclimation pond",SCREWT,Screw Trap,252,1
3DD.00774318E2,CSS-2020-258-112.xml,CHU - Upper Chiwawa River,7/7/2023 11:37:41 PM,6/30/2025 10:35:21 PM,LOWER IN-STREAM ARRAY,UPPER IN-STREAM ARRAY,9/14/2020,7,Bull Trout,R,Resident,W,Wild Fish or Natural Production,"CHIWAT - Chiwawa River Trap, 0.5 km below CHIP acclimation pond",SCREWT,Screw Trap,252,1
3DD.00774318E2,CSS-2020-258-112.xml,CWT - Chiwawa River Weir Trap Array,6/22/2025 1:14:00 AM,6/22/2025 1:14:00 AM,Single Pass,Single Pass,9/14/2020,7,Bull Trout,R,Resident,W,Wild Fish or Natural Production,"CHIWAT - Chiwawa River Trap, 0.5 km below CHIP acclimation pond",SCREWT,Screw Trap,252,1
3DD.00774318E2,CSS-2020-258-112.xml,UWE - Upper Wenatchee River,9/14/2020 10:58:28 PM,9/27/2023 1:55:53 AM,IN-STREAM ARRAY,IN-STREAM ARRAY,9/14/2020,7,Bull Trout,R,Resident,W,Wild Fish or Natural Production,"CHIWAT - Chiwawa River Trap, 0.5 km below CHIP acclimation pond",SCREWT,Screw Trap,252,1
3DD.007743199C,CSS-2020-258-112.xml,CHL - Lower Chiwawa River,9/14/2020 3:54:06 PM,9/14/2020 3:54:06 PM,UPPER IN-STREAM ARRAY,UPPER IN-STREAM ARRAY,9/14/2020,7,Bull Trout,R,Resident,W,Wild Fish or Natural Production,"CHIWAT - Chiwawa River Trap, 0.5 km below CHIP acclimation pond",SCREWT,Screw Trap,270,1
3DD.007743199C,CSS-2020-258-112.xml,UWE - Upper Wenatchee River,9/14/2020 10:06:06 PM,8/27/2022 11:09:14 PM,IN-STREAM ARRAY,IN-STREAM ARRAY,9/14/2020,7,Bull Trout,R,Resident,W,Wild Fish or Natural Production,"CHIWAT - Chiwawa River Trap, 0.5 km below CHIP acclimation pond",SCREWT,Screw Trap,270,1
3DD.0077431A06,NBD17274.AAZ,UWE - Upper Wenatchee River,10/1/2017 11:20:55 PM,10/18/2018 5:09:10 AM,IN-STREAM ARRAY,IN-STREAM ARRAY,10/1/2017,7,Bull Trout,R,Resident,W,Wild Fish or Natural Production,"CHIWAT - Chiwawa River Trap, 0.5 km below CHIP acclimation pond",SCREWT,Screw Trap,414,1
3DD.0077431A23,NBD17267.AAZ,CHL - Lower Chiwawa River,9/18/2019 12:29:22 AM,9/19/2022 2:08:22 AM,UPPER IN-STREAM ARRAY,LOWER IN-STREAM ARRAY,9/24/2017,7,Bull Trout,R,Resident,W,Wild Fish or Natural Production,"CHIWAT - Chiwawa River Trap, 0.5 km below CHIP acclimation pond",SCREWT,Screw Trap,423,1
3DD.0077431A23,NBD17267.AAZ,CHU - Upper Chiwawa River,7/7/2018 3:17:16 AM,9/11/2021 7:39:35 PM,UPPER IN-STREAM ARRAY,LOWER IN-STREAM ARRAY,9/24/2017,7,Bull Trout,R,Resident,W,Wild Fish or Natural Production,"CHIWAT - Chiwawa River Trap, 0.5 km below CHIP acclimation pond",SCREWT,Screw Trap,423,1
3DD.0077431A23,NBD17267.AAZ,UWE - Upper Wenatchee River,9/24/2017 9:32:14 PM,9/13/2020 2:51:37 AM,IN-STREAM ARRAY,IN-STREAM ARRAY,9/24/2017,7,Bull Trout,R,Resident,W,Wild Fish or Natural Production,"CHIWAT - Chiwawa River Trap, 0.5 km below CHIP acclimation pond",SCREWT,Screw Trap,423,1
3DD.0077431A34,NBD15227.AAZ,CHL - Lower Chiwawa River,8/15/2015 11:17:57 AM,8/15/2015 11:18:28 AM,LOWER IN-STREAM ARRAY,UPPER IN-STREAM ARRAY,8/15/2015,7,Bull Trout,R,Resident,W,Wild Fish or Natural Production,"CHIWAT - Chiwawa River Trap, 0.5 km below CHIP acclimation pond",SCREWT,Screw Trap,225,1
3DD.0077431A34,NBD15227.AAZ,CHU - Upper Chiwawa River,8/20/2015 12:57:10 AM,8/20/2015 12:57:46 AM,LOWER IN-STREAM ARRAY,UPPER IN-STREAM ARRAY,8/15/2015,7,Bull Trout,R,Resident,W,Wild Fish or Natural Production,"CHIWAT - Chiwawa River Trap, 0.5 km below CHIP acclimation pond",SCREWT,Screw Trap,225,1
3DD.0077431A52,NBD16177.AAZ,CHL - Lower Chiwawa River,9/19/2016 9:24:16 PM,9/20/2016 4:19:32 AM,LOWER IN-STREAM ARRAY,LOWER IN-STREAM ARRAY,6/25/2016,7,Bull Trout,R,Resident,W,Wild Fish or Natural Production,"CHIWAT - Chiwawa River Trap, 0.5 km below CHIP acclimation pond",SCREWT,Screw Trap,570,1
3DD.0077431A52,NBD16177.AAZ,CHU - Upper Chiwawa River,7/15/2016 8:33:15 PM,9/19/2016 4:42:35 AM,LOWER IN-STREAM ARRAY,LOWER IN-STREAM ARRAY,6/25/2016,7,Bull Trout,R,Resident,W,Wild Fish or Natural Production,"CHIWAT - Chiwawa River Trap, 0.5 km below CHIP acclimation pond",SCREWT,Screw Trap,570,1
3DD.0077431A52,NBD16177.AAZ,UWE - Upper Wenatchee River,9/22/2016 12:29:55 AM,9/22/2016 12:29:55 AM,IN-STREAM ARRAY,IN-STREAM ARRAY,6/25/2016,7,Bull Trout,R,Resident,W,Wild Fish or Natural Production,"CHIWAT - Chiwawa River Trap, 0.5 km below CHIP acclimation pond",SCREWT,Screw Trap,570,1
3DD.0077431B34,CSS-2020-239-112.xml,CHL - Lower Chiwawa River,8/26/2020 11:06:43 AM,10/1/2024 12:48:42 AM,LOWER IN-STREAM ARRAY,LOWER IN-STREAM ARRAY,8/26/2020,7,Bull Trout,R,Resident,W,Wild Fish or Natural Production,"CHIWAT - Chiwawa River Trap, 0.5 km below CHIP acclimation pond",SCREWT,Screw Trap,245,1
3DD.0077431B34,CSS-2020-239-112.xml,CHU - Upper Chiwawa River,8/31/2020 3:45:24 AM,9/30/2024 7:28:38 PM,LOWER IN-STREAM ARRAY,LOWER IN-STREAM ARRAY,8/26/2020,7,Bull Trout,R,Resident,W,Wild Fish or Natural Production,"CHIWAT - Chiwawa River Trap, 0.5 km below CHIP acclimation pond",SCREWT,Screw Trap,245,1
3DD.0077431B34,CSS-2020-239-112.xml,UWE - Upper Wenatchee River,9/25/2020 3:59:20 AM,6/9/2023 12:14:35 AM,IN-STREAM ARRAY,IN-STREAM ARRAY,8/26/2020,7,Bull Trout,R,Resident,W,Wild Fish or Natural Production,"CHIWAT - Chiwawa River Trap, 0.5 km below CHIP acclimation pond",SCREWT,Screw Trap,245,1
3DD.0077431B39,CSS-2020-247-112.xml,CHL - Lower Chiwawa River,9/3/2020 7:28:51 PM,9/3/2020 8:34:33 PM,UPPER IN-STREAM ARRAY,UPPER IN-STREAM ARRAY,9/3/2020,7,Bull Trout,R,Resident,W,Wild Fish or Natural Production,"CHIWAT - Chiwawa River Trap, 0.5 km below CHIP acclimation pond",SCREWT,Screw Trap,480,1
3DD.0077431B39,CSS-2020-247-112.xml,UWE - Upper Wenatchee River,9/4/2020 8:04:34 PM,9/4/2020 8:04:34 PM,IN-STREAM ARRAY,IN-STREAM ARRAY,9/3/2020,7,Bull Trout,R,Resident,W,Wild Fish or Natural Production,"CHIWAT - Chiwawa River Trap, 0.5 km below CHIP acclimation pond",SCREWT,Screw Trap,480,1
3DD.0077431BB7,NBD17271.AAZ,"WTL - White River, Wenatchee Basin",10/20/2017 8:25:47 AM,2/27/2018 11:30:20 PM,LOWER IN-STREAM ARRAY,UPPER IN-STREAM ARRAY,9/28/2017,7,Bull Trout,R,Resident,W,Wild Fish or Natural Production,"CHIWAT - Chiwawa River Trap, 0.5 km below CHIP acclimation pond",SCREWT,Screw Trap,490,1
3DD.00774323C8,CSS-2021-285-112.xml,CHW - Chiwaukum Creek,11/4/2021 9:22:48 PM,11/4/2021 9:22:48 PM,DOWNSTREAM ARRAY,DOWNSTREAM ARRAY,10/12/2021,7,Bull Trout,R,Resident,W,Wild Fish or Natural Production,"CHIWAT - Chiwawa River Trap, 0.5 km below CHIP acclimation pond",SCREWT,Screw Trap,127,1
3DD.0077432412,CSS-2021-295-112.xml,CHL - Lower Chiwawa River,5/27/2024 11:58:02 PM,5/27/2024 11:58:46 PM,LOWER IN-STREAM ARRAY,UPPER IN-STREAM ARRAY,10/22/2021,7,Bull Trout,R,Resident,W,Wild Fish or Natural Production,"CHIWAT - Chiwawa River Trap, 0.5 km below CHIP acclimation pond",SCREWT,Screw Trap,209,1
3DD.0077432412,CSS-2021-295-112.xml,NAL - Lower Nason Creek,6/2/2023 11:21:26 PM,6/26/2023 11:16:32 PM,LOWER IN-STREAM ARRAY,LOWER IN-STREAM ARRAY,10/22/2021,7,Bull Trout,R,Resident,W,Wild Fish or Natural Production,"CHIWAT - Chiwawa River Trap, 0.5 km below CHIP acclimation pond",SCREWT,Screw Trap,209,1
3DD.0077432412,CSS-2021-295-112.xml,UWE - Upper Wenatchee River,10/23/2021 5:29:17 AM,10/23/2021 5:29:17 AM,IN-STREAM ARRAY,IN-STREAM ARRAY,10/22/2021,7,Bull Trout,R,Resident,W,Wild Fish or Natural Production,"CHIWAT - Chiwawa River Trap, 0.5 km below CHIP acclimation pond",SCREWT,Screw Trap,209,1
3DD.0077432412,CSS-2021-295-112.xml,"WTL - White River, Wenatchee Basin",7/12/2023 3:55:32 AM,7/13/2023 3:41:06 AM,LOWER IN-STREAM ARRAY,LOWER IN-STREAM ARRAY,10/22/2021,7,Bull Trout,R,Resident,W,Wild Fish or Natural Production,"CHIWAT - Chiwawa River Trap, 0.5 km below CHIP acclimation pond",SCREWT,Screw Trap,209,1
3DD.007743241A,NBD18311.AAZ,UWE - Upper Wenatchee River,11/9/2018 10:15:49 PM,11/9/2018 10:15:52 PM,IN-STREAM ARRAY,IN-STREAM ARRAY,11/7/2018,7,Bull Trout,R,Resident,W,Wild Fish or Natural Production,"CHIWAT - Chiwawa River Trap, 0.5 km below CHIP acclimation pond",SCREWT,Screw Trap,203,1
3DD.0077432453,NBD-2016-074-TUM.xml,CHW - Chiwaukum Creek,7/14/2017 1:58:29 AM,6/27/2018 1:14:42 AM,UPSTREAM ARRAY,UPSTREAM ARRAY,7/9/2016,7,Bull Trout,R,Resident,W,Wild Fish or Natural Production,TUMFBY - TUM - Release into the Forebay within 0.5 km upstream of Dam,LADDER,Adult Passage Ladder,NA,1
3DD.0077432453,NBD-2016-074-TUM.xml,TUF - Tumwater Dam Adult Fishway,7/4/2017 8:19:31 PM,6/21/2018 3:13:29 PM,High Flow Ladder Entrance,WEIR 17,7/9/2016,7,Bull Trout,R,Resident,W,Wild Fish or Natural Production,TUMFBY - TUM - Release into the Forebay within 0.5 km upstream of Dam,LADDER,Adult Passage Ladder,NA,1
3DD.0077432483,NBD-2016-074-TUM.xml,ENL - Lower Entiat River,8/1/2016 9:53:38 PM,8/1/2016 9:53:38 PM,UPPER IN-STREAM ARRAY,UPPER IN-STREAM ARRAY,6/24/2016,7,Bull Trout,R,Resident,W,Wild Fish or Natural Production,TUMFBY - TUM - Release into the Forebay within 0.5 km upstream of Dam,LADDER,Adult Passage Ladder,NA,1
3DD.0077432483,NBD-2016-074-TUM.xml,ICL - Lower Icicle Instream Array,8/14/2016 12:31:36 AM,8/14/2016 12:31:36 AM,Downstream Array,Downstream Array,6/24/2016,7,Bull Trout,R,Resident,W,Wild Fish or Natural Production,TUMFBY - TUM - Release into the Forebay within 0.5 km upstream of Dam,LADDER,Adult Passage Ladder,NA,1
3DD.0077432483,NBD-2016-074-TUM.xml,LWE - Lower Wenatchee River,2/17/2017 12:06:50 AM,2/17/2017 12:07:25 AM,DOWNSTREAM ANTENNA ARRAY,UPSTREAM ANTENNA ARRAY,6/24/2016,7,Bull Trout,R,Resident,W,Wild Fish or Natural Production,TUMFBY - TUM - Release into the Forebay within 0.5 km upstream of Dam,LADDER,Adult Passage Ladder,NA,1
3DD.0077432483,NBD-2016-074-TUM.xml,NAL - Lower Nason Creek,7/7/2017 11:54:15 PM,9/19/2017 6:43:06 PM,UPPER IN-STREAM ARRAY,LOWER IN-STREAM ARRAY,6/24/2016,7,Bull Trout,R,Resident,W,Wild Fish or Natural Production,TUMFBY - TUM - Release into the Forebay within 0.5 km upstream of Dam,LADDER,Adult Passage Ladder,NA,1
3DD.0077432483,NBD-2016-074-TUM.xml,NAU - Upper Nason Creek,7/10/2017 11:50:12 PM,9/18/2017 12:32:53 AM,LOWER IN-STREAM ARRAY,LOWER IN-STREAM ARRAY,6/24/2016,7,Bull Trout,R,Resident,W,Wild Fish or Natural Production,TUMFBY - TUM - Release into the Forebay within 0.5 km upstream of Dam,LADDER,Adult Passage Ladder,NA,1
3DD.0077432483,NBD-2016-074-TUM.xml,RRF - Rocky Reach Fishway,7/4/2016 12:30:34 PM,7/4/2016 12:40:44 PM,Lower Weir,Trap,6/24/2016,7,Bull Trout,R,Resident,W,Wild Fish or Natural Production,TUMFBY - TUM - Release into the Forebay within 0.5 km upstream of Dam,LADDER,Adult Passage Ladder,NA,1
3DD.0077432483,NBD-2016-074-TUM.xml,TUF - Tumwater Dam Adult Fishway,6/28/2016 5:17:44 PM,7/2/2017 10:35:06 AM,WEIR 14,WEIR 17,6/24/2016,7,Bull Trout,R,Resident,W,Wild Fish or Natural Production,TUMFBY - TUM - Release into the Forebay within 0.5 km upstream of Dam,LADDER,Adult Passage Ladder,NA,1
3DD.0077432483,NBD-2016-074-TUM.xml,UWE - Upper Wenatchee River,7/7/2017 1:59:35 AM,7/7/2017 1:59:35 AM,IN-STREAM ARRAY,IN-STREAM ARRAY,6/24/2016,7,Bull Trout,R,Resident,W,Wild Fish or Natural Production,TUMFBY - TUM - Release into the Forebay within 0.5 km upstream of Dam,LADDER,Adult Passage Ladder,NA,1
3DD.0077432490,NBD17279.AAZ,UWE - Upper Wenatchee River,10/6/2017 10:51:58 PM,10/6/2017 10:51:58 PM,IN-STREAM ARRAY,IN-STREAM ARRAY,10/6/2017,7,Bull Trout,R,Resident,W,Wild Fish or Natural Production,"CHIWAT - Chiwawa River Trap, 0.5 km below CHIP acclimation pond",SCREWT,Screw Trap,237,1
3DD.00774324DC,NBD15287.AAZ,UWE - Upper Wenatchee River,10/15/2015 12:36:32 AM,10/15/2015 12:36:32 AM,IN-STREAM ARRAY,IN-STREAM ARRAY,10/14/2015,7,Bull Trout,R,Resident,W,Wild Fish or Natural Production,"CHIWAT - Chiwawa River Trap, 0.5 km below CHIP acclimation pond",SCREWT,Screw Trap,212,1
3DD.007743257A,CSS-2021-293-112.xml,UWE - Upper Wenatchee River,10/21/2021 5:32:48 AM,10/21/2021 5:32:49 AM,IN-STREAM ARRAY,IN-STREAM ARRAY,10/20/2021,7,Bull Trout,R,Resident,W,Wild Fish or Natural Production,"CHIWAT - Chiwawa River Trap, 0.5 km below CHIP acclimation pond",SCREWT,Screw Trap,202,1
3DD.007743258A,CSS-2021-282-112.xml,UWE - Upper Wenatchee River,10/9/2021 9:53:40 PM,10/9/2021 9:53:40 PM,IN-STREAM ARRAY,IN-STREAM ARRAY,10/9/2021,7,Bull Trout,R,Resident,W,Wild Fish or Natural Production,"CHIWAT - Chiwawa River Trap, 0.5 km below CHIP acclimation pond",SCREWT,Screw Trap,261,1
3DD.00774325D4,NBD17281.AAZ,UWE - Upper Wenatchee River,10/10/2017 11:18:21 PM,10/10/2017 11:18:21 PM,IN-STREAM ARRAY,IN-STREAM ARRAY,10/8/2017,7,Bull Trout,R,Resident,W,Wild Fish or Natural Production,"CHIWAT - Chiwawa River Trap, 0.5 km below CHIP acclimation pond",SCREWT,Screw Trap,310,1
3DD.00774325F5,CSS-2019-161-112.xml,"WTL - White River, Wenatchee Basin",6/21/2019 9:38:23 PM,6/21/2019 9:38:23 PM,UPPER IN-STREAM ARRAY,UPPER IN-STREAM ARRAY,6/10/2019,7,Bull Trout,R,Resident,W,Wild Fish or Natural Production,"CHIWAT - Chiwawa River Trap, 0.5 km below CHIP acclimation pond",SCREWT,Screw Trap,149,1
3DD.0077432865,CGS14241.LBZ,MRC - Methow River at Carlton,11/3/2015 8:28:27 AM,11/3/2015 8:28:51 AM,Single Array,Single Array,8/29/2014,7,Bull Trout,R,Resident,W,Wild Fish or Natural Production,TWISPR - Twisp River,HOOK,Hook and Line,147,1
3DD.0077432865,CGS14241.LBZ,TWR - Lwr Twisp Rvr near MSRF Ponds,9/18/2015 3:24:10 AM,9/18/2015 3:24:10 AM,LOWER IN-STREAM ARRAY,LOWER IN-STREAM ARRAY,8/29/2014,7,Bull Trout,R,Resident,W,Wild Fish or Natural Production,TWISPR - Twisp River,HOOK,Hook and Line,147,1
3DD.007743287A,NBD17266.AAZ,UWE - Upper Wenatchee River,9/22/2017 9:24:33 PM,9/22/2017 9:24:33 PM,IN-STREAM ARRAY,IN-STREAM ARRAY,9/23/2017,7,Bull Trout,R,Resident,W,Wild Fish or Natural Production,"CHIWAT - Chiwawa River Trap, 0.5 km below CHIP acclimation pond",SCREWT,Screw Trap,353,1
3DD.0077432897,NBD-2020-189-001.xml,UWE - Upper Wenatchee River,9/23/2020 6:49:33 PM,9/23/2020 6:49:34 PM,IN-STREAM ARRAY,IN-STREAM ARRAY,7/13/2020,7,Bull Trout,R,Resident,W,Wild Fish or Natural Production,CHIWAR - Chiwawa River,WTRAP,Weir Trap,460,1
3DD.00774329C4,NBD17276.AAZ,CHL - Lower Chiwawa River,10/4/2017 6:28:26 PM,10/5/2017 7:20:48 PM,LOWER IN-STREAM ARRAY,LOWER IN-STREAM ARRAY,10/4/2017,7,Bull Trout,R,Resident,W,Wild Fish or Natural Production,"CHIWAT - Chiwawa River Trap, 0.5 km below CHIP acclimation pond",SCREWT,Screw Trap,255,1
3DD.00774329C4,NBD17276.AAZ,CHU - Upper Chiwawa River,7/4/2020 12:56:17 AM,7/4/2020 12:56:17 AM,LOWER IN-STREAM ARRAY,LOWER IN-STREAM ARRAY,10/4/2017,7,Bull Trout,R,Resident,W,Wild Fish or Natural Production,"CHIWAT - Chiwawa River Trap, 0.5 km below CHIP acclimation pond",SCREWT,Screw Trap,255,1
3DD.00774329C4,NBD17276.AAZ,UWE - Upper Wenatchee River,10/6/2017 5:36:06 AM,8/3/2019 12:20:21 AM,IN-STREAM ARRAY,IN-STREAM ARRAY,10/4/2017,7,Bull Trout,R,Resident,W,Wild Fish or Natural Production,"CHIWAT - Chiwawa River Trap, 0.5 km below CHIP acclimation pond",SCREWT,Screw Trap,255,1
3DD.0077432A18,NBD18333.AAZ,UWE - Upper Wenatchee River,12/2/2018 4:27:59 PM,12/5/2018 9:02:24 PM,IN-STREAM ARRAY,IN-STREAM ARRAY,11/29/2018,7,Bull Trout,R,Resident,W,Wild Fish or Natural Production,"CHIWAT - Chiwawa River Trap, 0.5 km below CHIP acclimation pond",SCREWT,Screw Trap,163,1
3DD.007743311B,NBD17287.AAZ,UWE - Upper Wenatchee River,10/17/2017 2:33:11 AM,10/17/2017 2:33:11 AM,IN-STREAM ARRAY,IN-STREAM ARRAY,10/14/2017,7,Bull Trout,R,Resident,W,Wild Fish or Natural Production,"CHIWAT - Chiwawa River Trap, 0.5 km below CHIP acclimation pond",SCREWT,Screw Trap,217,1
3DD.0077433137,NBD-2018-318-AAZ.xml,LWN - Little Wenatchee River,6/11/2019 9:03:18 PM,6/11/2019 9:04:30 PM,LOWER IN-STREAM ARRAY,UPPER IN-STREAM ARRAY,11/14/2018,7,Bull Trout,R,Resident,W,Wild Fish or Natural Production,"CHIWAT - Chiwawa River Trap, 0.5 km below CHIP acclimation pond",SCREWT,Screw Trap,177,1
3DD.00774331F7,NBD17274.AAZ,"WTL - White River, Wenatchee Basin",7/13/2021 11:03:08 PM,7/13/2021 11:03:08 PM,UPPER IN-STREAM ARRAY,UPPER IN-STREAM ARRAY,10/1/2017,7,Bull Trout,R,Resident,W,Wild Fish or Natural Production,"CHIWAT - Chiwawa River Trap, 0.5 km below CHIP acclimation pond",SCREWT,Screw Trap,216,1
3DD.0077433214,NBD17283.AAZ,UWE - Upper Wenatchee River,10/11/2017 3:53:37 AM,10/11/2017 3:53:37 AM,IN-STREAM ARRAY,IN-STREAM ARRAY,10/10/2017,7,Bull Trout,R,Resident,W,Wild Fish or Natural Production,"CHIWAT - Chiwawa River Trap, 0.5 km below CHIP acclimation pond",SCREWT,Screw Trap,224,1
3DD.0077433223,NBD-2020-189-001.xml,CHL - Lower Chiwawa River,9/30/2020 7:59:47 PM,9/30/2020 7:59:56 PM,UPPER IN-STREAM ARRAY,LOWER IN-STREAM ARRAY,7/13/2020,7,Bull Trout,R,Resident,W,Wild Fish or Natural Production,CHIWAR - Chiwawa River,WTRAP,Weir Trap,450,1
3DD.0077433223,NBD-2020-189-001.xml,CHU - Upper Chiwawa River,9/29/2020 10:14:22 PM,9/29/2020 10:14:22 PM,LOWER IN-STREAM ARRAY,LOWER IN-STREAM ARRAY,7/13/2020,7,Bull Trout,R,Resident,W,Wild Fish or Natural Production,CHIWAR - Chiwawa River,WTRAP,Weir Trap,450,1
3DD.0077433223,NBD-2020-189-001.xml,UWE - Upper Wenatchee River,10/1/2020 1:07:20 AM,10/1/2020 1:07:21 AM,IN-STREAM ARRAY,IN-STREAM ARRAY,7/13/2020,7,Bull Trout,R,Resident,W,Wild Fish or Natural Production,CHIWAR - Chiwawa River,WTRAP,Weir Trap,450,1
3DD.007743324C,NBD-2017-091-TUM.xml,CHW - Chiwaukum Creek,7/25/2017 11:22:58 PM,9/29/2017 6:33:16 PM,DOWNSTREAM ARRAY,DOWNSTREAM ARRAY,7/9/2017,7,Bull Trout,R,Resident,W,Wild Fish or Natural Production,TUMFBY - TUM - Release into the Forebay within 0.5 km upstream of Dam,LADDER,Adult Passage Ladder,NA,1
3DD.007743324C,NBD-2017-091-TUM.xml,TUF - Tumwater Dam Adult Fishway,6/27/2018 1:35:12 PM,7/2/2018 7:48:06 AM,High Flow Ladder Entrance,WEIR 17,7/9/2017,7,Bull Trout,R,Resident,W,Wild Fish or Natural Production,TUMFBY - TUM - Release into the Forebay within 0.5 km upstream of Dam,LADDER,Adult Passage Ladder,NA,1
3DD.00774332A9,NBD17286.AAZ,CHL - Lower Chiwawa River,10/13/2017 9:47:56 PM,10/13/2017 9:47:56 PM,UPPER IN-STREAM ARRAY,UPPER IN-STREAM ARRAY,10/13/2017,7,Bull Trout,R,Resident,W,Wild Fish or Natural Production,"CHIWAT - Chiwawa River Trap, 0.5 km below CHIP acclimation pond",SCREWT,Screw Trap,262,1
3DD.0077433438,NBD-2017-091-TUM.xml,CHW - Chiwaukum Creek,7/22/2017 11:55:20 PM,7/16/2018 12:05:47 AM,UPSTREAM ARRAY,UPSTREAM ARRAY,6/27/2017,7,Bull Trout,R,Resident,W,Wild Fish or Natural Production,TUMFBY - TUM - Release into the Forebay within 0.5 km upstream of Dam,LADDER,Adult Passage Ladder,NA,1
3DD.0077433438,NBD-2017-091-TUM.xml,TUF - Tumwater Dam Adult Fishway,6/15/2018 2:17:31 PM,7/4/2018 4:51:54 PM,Low Flow Ladder Entrance,WEIR 17,6/27/2017,7,Bull Trout,R,Resident,W,Wild Fish or Natural Production,TUMFBY - TUM - Release into the Forebay within 0.5 km upstream of Dam,LADDER,Adult Passage Ladder,NA,1
3DD.00774334E5,NBD15225.AAZ,CHL - Lower Chiwawa River,8/13/2015 9:04:23 AM,8/13/2015 9:04:47 AM,LOWER IN-STREAM ARRAY,UPPER IN-STREAM ARRAY,8/13/2015,7,Bull Trout,R,Resident,W,Wild Fish or Natural Production,"CHIWAT - Chiwawa River Trap, 0.5 km below CHIP acclimation pond",SCREWT,Screw Trap,200,1
3DD.0077433512,NBD18309.AAZ,UWE - Upper Wenatchee River,11/6/2018 6:54:11 AM,11/6/2018 6:54:15 AM,IN-STREAM ARRAY,IN-STREAM ARRAY,11/5/2018,7,Bull Trout,R,Resident,W,Wild Fish or Natural Production,"CHIWAT - Chiwawa River Trap, 0.5 km below CHIP acclimation pond",SCREWT,Screw Trap,204,1
3DD.007743355D,NBD-2019-163-001.xml,CHL - Lower Chiwawa River,9/24/2020 7:46:34 PM,9/24/2021 7:44:22 PM,LOWER IN-STREAM ARRAY,LOWER IN-STREAM ARRAY,6/12/2019,7,Bull Trout,R,Resident,W,Wild Fish or Natural Production,CHIWAR - Chiwawa River,WTRAP,Weir Trap,520,1
3DD.007743355D,NBD-2019-163-001.xml,CHU - Upper Chiwawa River,6/25/2019 9:45:31 PM,9/24/2020 3:49:48 AM,UPPER IN-STREAM ARRAY,LOWER IN-STREAM ARRAY,6/12/2019,7,Bull Trout,R,Resident,W,Wild Fish or Natural Production,CHIWAR - Chiwawa River,WTRAP,Weir Trap,520,1
3DD.007743355D,NBD-2019-163-001.xml,NAL - Lower Nason Creek,5/16/2021 4:40:51 PM,5/16/2021 6:55:31 PM,LOWER IN-STREAM ARRAY,LOWER IN-STREAM ARRAY,6/12/2019,7,Bull Trout,R,Resident,W,Wild Fish or Natural Production,CHIWAR - Chiwawa River,WTRAP,Weir Trap,520,1
3DD.007743355D,NBD-2019-163-001.xml,UWE - Upper Wenatchee River,9/29/2019 9:11:54 PM,9/24/2021 9:44:47 PM,IN-STREAM ARRAY,IN-STREAM ARRAY,6/12/2019,7,Bull Trout,R,Resident,W,Wild Fish or Natural Production,CHIWAR - Chiwawa River,WTRAP,Weir Trap,520,1
3DD.0077433573,CSS-2021-279-112.xml,UWE - Upper Wenatchee River,10/7/2021 7:11:08 PM,10/7/2021 7:11:09 PM,IN-STREAM ARRAY,IN-STREAM ARRAY,10/6/2021,7,Bull Trout,R,Resident,W,Wild Fish or Natural Production,"CHIWAT - Chiwawa River Trap, 0.5 km below CHIP acclimation pond",SCREWT,Screw Trap,258,1
3DD.007743358E,NBD17266.AAZ,UWE - Upper Wenatchee River,9/22/2017 10:13:55 PM,9/22/2017 10:13:55 PM,IN-STREAM ARRAY,IN-STREAM ARRAY,9/23/2017,7,Bull Trout,R,Resident,W,Wild Fish or Natural Production,"CHIWAT - Chiwawa River Trap, 0.5 km below CHIP acclimation pond",SCREWT,Screw Trap,465,1
3DD.0077433D64,NBD-2016-074-TUM.xml,CHW - Chiwaukum Creek,9/18/2016 11:34:28 PM,9/6/2018 11:06:52 PM,UPSTREAM ARRAY,UPSTREAM ARRAY,6/21/2016,7,Bull Trout,R,Resident,W,Wild Fish or Natural Production,TUMFBY - TUM - Release into the Forebay within 0.5 km upstream of Dam,LADDER,Adult Passage Ladder,NA,1
3DD.0077433D64,NBD-2016-074-TUM.xml,TUF - Tumwater Dam Adult Fishway,7/9/2017 10:11:35 PM,7/12/2018 2:31:56 PM,High Flow Ladder Entrance,WEIR 17,6/21/2016,7,Bull Trout,R,Resident,W,Wild Fish or Natural Production,TUMFBY - TUM - Release into the Forebay within 0.5 km upstream of Dam,LADDER,Adult Passage Ladder,NA,1
3DD.0077433D84,NBD17282.AAZ,CHU - Upper Chiwawa River,7/13/2020 8:50:54 PM,7/13/2020 8:50:54 PM,UPPER IN-STREAM ARRAY,UPPER IN-STREAM ARRAY,10/9/2017,7,Bull Trout,R,Resident,W,Wild Fish or Natural Production,"CHIWAT - Chiwawa River Trap, 0.5 km below CHIP acclimation pond",SCREWT,Screw Trap,255,1
3DD.0077433D84,NBD17282.AAZ,UWE - Upper Wenatchee River,10/10/2017 12:58:09 AM,10/10/2017 12:58:09 AM,IN-STREAM ARRAY,IN-STREAM ARRAY,10/9/2017,7,Bull Trout,R,Resident,W,Wild Fish or Natural Production,"CHIWAT - Chiwawa River Trap, 0.5 km below CHIP acclimation pond",SCREWT,Screw Trap,255,1
3DD.0077433DF1,NBD17267.AAZ,CHU - Upper Chiwawa River,9/25/2018 1:55:21 AM,9/25/2018 1:55:21 AM,LOWER IN-STREAM ARRAY,LOWER IN-STREAM ARRAY,9/24/2017,7,Bull Trout,R,Resident,W,Wild Fish or Natural Production,"CHIWAT - Chiwawa River Trap, 0.5 km below CHIP acclimation pond",SCREWT,Screw Trap,530,1
3DD.0077433DF1,NBD17267.AAZ,UWE - Upper Wenatchee River,9/24/2017 8:44:15 PM,2/12/2018 8:42:31 PM,IN-STREAM ARRAY,IN-STREAM ARRAY,9/24/2017,7,Bull Trout,R,Resident,W,Wild Fish or Natural Production,"CHIWAT - Chiwawa River Trap, 0.5 km below CHIP acclimation pond",SCREWT,Screw Trap,530,1
3DD.0077433E3C,CSS-2021-316-112.xml,"WTL - White River, Wenatchee Basin",3/26/2022 3:36:22 AM,3/26/2022 3:36:22 AM,UPPER IN-STREAM ARRAY,UPPER IN-STREAM ARRAY,11/12/2021,7,Bull Trout,R,Resident,W,Wild Fish or Natural Production,"CHIWAT - Chiwawa River Trap, 0.5 km below CHIP acclimation pond",SCREWT,Screw Trap,183,1
3DD.0077433E5D,NBD15201.AAZ,CHL - Lower Chiwawa River,7/20/2015 9:06:29 AM,7/20/2015 8:41:04 PM,LOWER IN-STREAM ARRAY,LOWER IN-STREAM ARRAY,7/20/2015,7,Bull Trout,R,Resident,W,Wild Fish or Natural Production,"CHIWAT - Chiwawa River Trap, 0.5 km below CHIP acclimation pond",SCREWT,Screw Trap,197,1
3DD.0077433EA0,NBD18321.AAZ,UWE - Upper Wenatchee River,11/18/2018 7:08:57 AM,11/18/2018 7:09:15 AM,IN-STREAM ARRAY,IN-STREAM ARRAY,11/17/2018,7,Bull Trout,R,Resident,W,Wild Fish or Natural Production,"CHIWAT - Chiwawa River Trap, 0.5 km below CHIP acclimation pond",SCREWT,Screw Trap,201,1
3DD.0077433FEC,NBD15189.AAZ,CHL - Lower Chiwawa River,7/8/2015 12:29:08 PM,7/8/2015 12:31:05 PM,LOWER IN-STREAM ARRAY,UPPER IN-STREAM ARRAY,7/8/2015,7,Bull Trout,R,Resident,W,Wild Fish or Natural Production,"CHIWAT - Chiwawa River Trap, 0.5 km below CHIP acclimation pond",SCREWT,Screw Trap,156,1
3DD.0077434048,NBD16265.AAZ,CHU - Upper Chiwawa River,9/27/2017 10:25:02 PM,9/27/2017 10:25:12 PM,UPPER IN-STREAM ARRAY,LOWER IN-STREAM ARRAY,9/21/2016,7,Bull Trout,R,Resident,W,Wild Fish or Natural Production,"CHIWAT - Chiwawa River Trap, 0.5 km below CHIP acclimation pond",SCREWT,Screw Trap,525,1
3DD.0077434048,NBD16265.AAZ,UWE - Upper Wenatchee River,10/1/2016 11:35:24 PM,10/1/2016 11:35:24 PM,IN-STREAM ARRAY,IN-STREAM ARRAY,9/21/2016,7,Bull Trout,R,Resident,W,Wild Fish or Natural Production,"CHIWAT - Chiwawa River Trap, 0.5 km below CHIP acclimation pond",SCREWT,Screw Trap,525,1
3DD.0077434078,NBD-2017-091-TUM.xml,CHU - Upper Chiwawa River,9/28/2017 8:06:50 PM,9/28/2017 8:06:50 PM,UPPER IN-STREAM ARRAY,UPPER IN-STREAM ARRAY,7/1/2017,7,Bull Trout,R,Resident,W,Wild Fish or Natural Production,TUMFBY - TUM - Release into the Forebay within 0.5 km upstream of Dam,LADDER,Adult Passage Ladder,NA,1
3DD.0077434078,NBD-2017-091-TUM.xml,ICL - Lower Icicle Instream Array,10/18/2017 10:27:00 PM,10/18/2017 10:27:21 PM,Downstream Array,Upstream Array,7/1/2017,7,Bull Trout,R,Resident,W,Wild Fish or Natural Production,TUMFBY - TUM - Release into the Forebay within 0.5 km upstream of Dam,LADDER,Adult Passage Ladder,NA,1
3DD.00774340AC,NBD-2016-074-TUM.xml,CHW - Chiwaukum Creek,7/9/2016 12:51:05 AM,7/9/2018 1:40:23 AM,UPSTREAM ARRAY,UPSTREAM ARRAY,6/26/2016,7,Bull Trout,R,Resident,W,Wild Fish or Natural Production,TUMFBY - TUM - Release into the Forebay within 0.5 km upstream of Dam,LADDER,Adult Passage Ladder,NA,1
3DD.00774340AC,NBD-2016-074-TUM.xml,TUF - Tumwater Dam Adult Fishway,7/7/2017 7:58:13 AM,7/5/2018 6:39:50 PM,High Flow Ladder Entrance,WEIR 17,6/26/2016,7,Bull Trout,R,Resident,W,Wild Fish or Natural Production,TUMFBY - TUM - Release into the Forebay within 0.5 km upstream of Dam,LADDER,Adult Passage Ladder,NA,1
3DD.00774340E7,CSS-2021-298-112.xml,CHL - Lower Chiwawa River,7/17/2025 1:01:23 AM,7/17/2025 1:01:23 AM,LOWER IN-STREAM ARRAY,LOWER IN-STREAM ARRAY,10/25/2021,7,Bull Trout,R,Resident,W,Wild Fish or Natural Production,"CHIWAT - Chiwawa River Trap, 0.5 km below CHIP acclimation pond",SCREWT,Screw Trap,220,1
3DD.00774340E7,CSS-2021-298-112.xml,CHU - Upper Chiwawa River,7/16/2025 12:12:26 AM,7/16/2025 8:52:14 PM,LOWER IN-STREAM ARRAY,UPPER IN-STREAM ARRAY,10/25/2021,7,Bull Trout,R,Resident,W,Wild Fish or Natural Production,"CHIWAT - Chiwawa River Trap, 0.5 km below CHIP acclimation pond",SCREWT,Screw Trap,220,1
3DD.00774340E7,CSS-2021-298-112.xml,CWT - Chiwawa River Weir Trap Array,6/29/2025 12:20:17 AM,6/29/2025 12:20:17 AM,Single Pass,Single Pass,10/25/2021,7,Bull Trout,R,Resident,W,Wild Fish or Natural Production,"CHIWAT - Chiwawa River Trap, 0.5 km below CHIP acclimation pond",SCREWT,Screw Trap,220,1
3DD.00774340E7,CSS-2021-298-112.xml,UWE - Upper Wenatchee River,7/3/2024 8:46:26 PM,7/3/2024 8:46:26 PM,IN-STREAM ARRAY,IN-STREAM ARRAY,10/25/2021,7,Bull Trout,R,Resident,W,Wild Fish or Natural Production,"CHIWAT - Chiwawa River Trap, 0.5 km below CHIP acclimation pond",SCREWT,Screw Trap,220,1
3DD.00774340FD,CSS-2020-256-112.xml,CHL - Lower Chiwawa River,9/12/2020 11:26:01 AM,10/2/2025 10:23:22 PM,LOWER IN-STREAM ARRAY,LOWER IN-STREAM ARRAY,9/12/2020,7,Bull Trout,R,Resident,W,Wild Fish or Natural Production,"CHIWAT - Chiwawa River Trap, 0.5 km below CHIP acclimation pond",SCREWT,Screw Trap,224,1
3DD.00774340FD,CSS-2020-256-112.xml,CHU - Upper Chiwawa River,7/13/2025 10:47:41 PM,10/2/2025 7:06:59 PM,UPPER IN-STREAM ARRAY,UPPER IN-STREAM ARRAY,9/12/2020,7,Bull Trout,R,Resident,W,Wild Fish or Natural Production,"CHIWAT - Chiwawa River Trap, 0.5 km below CHIP acclimation pond",SCREWT,Screw Trap,224,1
3DD.00774340FD,CSS-2020-256-112.xml,CWT - Chiwawa River Weir Trap Array,7/12/2025 9:24:00 PM,10/2/2025 10:13:40 PM,Single Pass,Single Pass,9/12/2020,7,Bull Trout,R,Resident,W,Wild Fish or Natural Production,"CHIWAT - Chiwawa River Trap, 0.5 km below CHIP acclimation pond",SCREWT,Screw Trap,224,1
3DD.00774340FD,CSS-2020-256-112.xml,UWE - Upper Wenatchee River,9/13/2020 7:07:05 AM,9/13/2020 7:07:05 AM,IN-STREAM ARRAY,IN-STREAM ARRAY,9/12/2020,7,Bull Trout,R,Resident,W,Wild Fish or Natural Production,"CHIWAT - Chiwawa River Trap, 0.5 km below CHIP acclimation pond",SCREWT,Screw Trap,224,1
3DD.00774340FD,CSS-2020-256-112.xml,"WTL - White River, Wenatchee Basin",7/20/2024 10:36:54 AM,7/9/2025 8:35:33 PM,UPPER IN-STREAM ARRAY,UPPER IN-STREAM ARRAY,9/12/2020,7,Bull Trout,R,Resident,W,Wild Fish or Natural Production,"CHIWAT - Chiwawa River Trap, 0.5 km below CHIP acclimation pond",SCREWT,Screw Trap,224,1
3DD.00774341E5,CSS-2021-286-112.xml,UWE - Upper Wenatchee River,10/14/2021 1:25:26 AM,10/14/2021 1:25:27 AM,IN-STREAM ARRAY,IN-STREAM ARRAY,10/13/2021,7,Bull Trout,R,Resident,W,Wild Fish or Natural Production,"CHIWAT - Chiwawa River Trap, 0.5 km below CHIP acclimation pond",SCREWT,Screw Trap,219,1
3DD.007743420D,NBD-2020-189-001.xml,CHL - Lower Chiwawa River,8/12/2022 8:21:05 PM,8/12/2022 8:21:05 PM,LOWER IN-STREAM ARRAY,LOWER IN-STREAM ARRAY,8/2/2020,7,Bull Trout,R,Resident,W,Wild Fish or Natural Production,CHIWAR - Chiwawa River,WTRAP,Weir Trap,520,1
3DD.007743420D,NBD-2020-189-001.xml,CHU - Upper Chiwawa River,8/2/2020 9:16:53 AM,8/15/2022 1:54:26 AM,LOWER IN-STREAM ARRAY,UPPER IN-STREAM ARRAY,8/2/2020,7,Bull Trout,R,Resident,W,Wild Fish or Natural Production,CHIWAR - Chiwawa River,WTRAP,Weir Trap,520,1
3DD.007743420D,NBD-2020-189-001.xml,UWE - Upper Wenatchee River,9/27/2020 4:08:26 AM,10/3/2022 3:17:40 AM,IN-STREAM ARRAY,IN-STREAM ARRAY,8/2/2020,7,Bull Trout,R,Resident,W,Wild Fish or Natural Production,CHIWAR - Chiwawa River,WTRAP,Weir Trap,520,1
3DD.0077434716,NBD-2020-189-001.xml,CHL - Lower Chiwawa River,8/28/2021 12:02:54 AM,8/10/2022 11:38:53 PM,UPPER IN-STREAM ARRAY,LOWER IN-STREAM ARRAY,7/27/2020,7,Bull Trout,R,Resident,W,Wild Fish or Natural Production,CHIWAR - Chiwawa River,WTRAP,Weir Trap,570,1
3DD.0077434716,NBD-2020-189-001.xml,CHU - Upper Chiwawa River,7/27/2020 8:11:06 PM,10/25/2021 9:55:19 PM,LOWER IN-STREAM ARRAY,LOWER IN-STREAM ARRAY,7/27/2020,7,Bull Trout,R,Resident,W,Wild Fish or Natural Production,CHIWAR - Chiwawa River,WTRAP,Weir Trap,570,1
3DD.0077434716,NBD-2020-189-001.xml,LWN - Little Wenatchee River,4/23/2021 6:10:35 PM,4/23/2021 6:10:35 PM,LOWER IN-STREAM ARRAY,LOWER IN-STREAM ARRAY,7/27/2020,7,Bull Trout,R,Resident,W,Wild Fish or Natural Production,CHIWAR - Chiwawa River,WTRAP,Weir Trap,570,1
3DD.0077434716,NBD-2020-189-001.xml,UWE - Upper Wenatchee River,10/5/2020 8:55:11 PM,8/10/2022 9:26:10 PM,IN-STREAM ARRAY,IN-STREAM ARRAY,7/27/2020,7,Bull Trout,R,Resident,W,Wild Fish or Natural Production,CHIWAR - Chiwawa River,WTRAP,Weir Trap,570,1
3DD.0077434798,NBD-2020-189-001.xml,CHL - Lower Chiwawa River,9/20/2020 8:48:55 PM,9/20/2020 8:48:55 PM,LOWER IN-STREAM ARRAY,LOWER IN-STREAM ARRAY,7/13/2020,7,Bull Trout,R,Resident,W,Wild Fish or Natural Production,CHIWAR - Chiwawa River,WTRAP,Weir Trap,560,1
3DD.0077434798,NBD-2020-189-001.xml,CHU - Upper Chiwawa River,7/13/2020 8:36:07 PM,9/20/2020 3:59:29 AM,LOWER IN-STREAM ARRAY,LOWER IN-STREAM ARRAY,7/13/2020,7,Bull Trout,R,Resident,W,Wild Fish or Natural Production,CHIWAR - Chiwawa River,WTRAP,Weir Trap,560,1
3DD.0077434798,NBD-2020-189-001.xml,UWE - Upper Wenatchee River,9/20/2020 10:59:33 PM,9/20/2020 10:59:34 PM,IN-STREAM ARRAY,IN-STREAM ARRAY,7/13/2020,7,Bull Trout,R,Resident,W,Wild Fish or Natural Production,CHIWAR - Chiwawa River,WTRAP,Weir Trap,560,1
3DD.0077434928,CSS-2021-306-112.xml,CHL - Lower Chiwawa River,11/2/2021 6:54:39 PM,11/2/2021 6:54:39 PM,LOWER IN-STREAM ARRAY,LOWER IN-STREAM ARRAY,11/2/2021,7,Bull Trout,R,Resident,W,Wild Fish or Natural Production,"CHIWAT - Chiwawa River Trap, 0.5 km below CHIP acclimation pond",SCREWT,Screw Trap,221,1
3DD.0077434928,CSS-2021-306-112.xml,UWE - Upper Wenatchee River,11/5/2021 9:03:18 AM,5/2/2024 8:01:30 PM,IN-STREAM ARRAY,IN-STREAM ARRAY,11/2/2021,7,Bull Trout,R,Resident,W,Wild Fish or Natural Production,"CHIWAT - Chiwawa River Trap, 0.5 km below CHIP acclimation pond",SCREWT,Screw Trap,221,1
3DD.00774349C6,NBD16195.AAZ,NAL - Lower Nason Creek,9/23/2016 8:39:18 PM,10/5/2016 4:56:49 PM,LOWER IN-STREAM ARRAY,UPPER IN-STREAM ARRAY,7/13/2016,7,Bull Trout,R,Resident,W,Wild Fish or Natural Production,"CHIWAT - Chiwawa River Trap, 0.5 km below CHIP acclimation pond",SCREWT,Screw Trap,570,1
3DD.00774349C6,NBD16195.AAZ,UWE - Upper Wenatchee River,7/17/2016 11:41:55 PM,7/17/2016 11:41:55 PM,IN-STREAM ARRAY,IN-STREAM ARRAY,7/13/2016,7,Bull Trout,R,Resident,W,Wild Fish or Natural Production,"CHIWAT - Chiwawa River Trap, 0.5 km below CHIP acclimation pond",SCREWT,Screw Trap,570,1
3DD.00774349ED,CSS-2021-311-112.xml,"WTL - White River, Wenatchee Basin",9/28/2022 1:18:56 AM,7/28/2025 1:11:40 AM,UPPER IN-STREAM ARRAY,UPPER IN-STREAM ARRAY,11/7/2021,7,Bull Trout,R,Resident,W,Wild Fish or Natural Production,"CHIWAT - Chiwawa River Trap, 0.5 km below CHIP acclimation pond",SCREWT,Screw Trap,208,1
3DD.0077434A1D,NBD16286.AAZ,CHL - Lower Chiwawa River,9/23/2017 1:12:50 AM,9/23/2017 1:12:50 AM,LOWER IN-STREAM ARRAY,LOWER IN-STREAM ARRAY,10/12/2016,7,Bull Trout,R,Resident,W,Wild Fish or Natural Production,"CHIWAT - Chiwawa River Trap, 0.5 km below CHIP acclimation pond",SCREWT,Screw Trap,247,1
3DD.0077434A1D,NBD16286.AAZ,CHU - Upper Chiwawa River,7/31/2017 12:40:24 AM,9/22/2017 9:13:21 PM,UPPER IN-STREAM ARRAY,UPPER IN-STREAM ARRAY,10/12/2016,7,Bull Trout,R,Resident,W,Wild Fish or Natural Production,"CHIWAT - Chiwawa River Trap, 0.5 km below CHIP acclimation pond",SCREWT,Screw Trap,247,1
3DD.0077434A1D,NBD16286.AAZ,UWE - Upper Wenatchee River,9/24/2017 9:36:09 PM,9/24/2017 9:36:09 PM,IN-STREAM ARRAY,IN-STREAM ARRAY,10/12/2016,7,Bull Trout,R,Resident,W,Wild Fish or Natural Production,"CHIWAT - Chiwawa River Trap, 0.5 km below CHIP acclimation pond",SCREWT,Screw Trap,247,1
3DD.0077434A1E,NBD-2017-091-TUM.xml,CHW - Chiwaukum Creek,7/20/2017 1:13:51 AM,7/6/2018 12:12:43 AM,DOWNSTREAM ARRAY,UPSTREAM ARRAY,7/11/2017,7,Bull Trout,R,Resident,W,Wild Fish or Natural Production,TUMFBY - TUM - Release into the Forebay within 0.5 km upstream of Dam,LADDER,Adult Passage Ladder,480,1
3DD.0077434A1E,NBD-2017-091-TUM.xml,ICL - Lower Icicle Instream Array,12/25/2017 8:52:04 PM,1/26/2018 7:11:20 PM,Downstream Array,Upstream Array,7/11/2017,7,Bull Trout,R,Resident,W,Wild Fish or Natural Production,TUMFBY - TUM - Release into the Forebay within 0.5 km upstream of Dam,LADDER,Adult Passage Ladder,480,1
3DD.0077434A1E,NBD-2017-091-TUM.xml,TUF - Tumwater Dam Adult Fishway,6/26/2018 3:03:01 PM,6/29/2018 2:43:54 PM,High Flow Ladder Entrance,WEIR 17,7/11/2017,7,Bull Trout,R,Resident,W,Wild Fish or Natural Production,TUMFBY - TUM - Release into the Forebay within 0.5 km upstream of Dam,LADDER,Adult Passage Ladder,480,1
3DD.0077434F84,NBD17279.AAZ,UWE - Upper Wenatchee River,10/6/2017 11:59:32 PM,10/6/2017 11:59:32 PM,IN-STREAM ARRAY,IN-STREAM ARRAY,10/6/2017,7,Bull Trout,R,Resident,W,Wild Fish or Natural Production,"CHIWAT - Chiwawa River Trap, 0.5 km below CHIP acclimation pond",SCREWT,Screw Trap,402,1
3DD.0077435055,NBD-2019-163-001.xml,CHL - Lower Chiwawa River,7/6/2020 9:15:07 PM,7/6/2020 9:15:07 PM,LOWER IN-STREAM ARRAY,LOWER IN-STREAM ARRAY,7/1/2019,7,Bull Trout,R,Resident,W,Wild Fish or Natural Production,CHIWAR - Chiwawa River,WTRAP,Weir Trap,530,1
3DD.0077435055,NBD-2019-163-001.xml,CHU - Upper Chiwawa River,7/3/2019 7:30:40 AM,9/29/2019 7:32:14 PM,LOWER IN-STREAM ARRAY,LOWER IN-STREAM ARRAY,7/1/2019,7,Bull Trout,R,Resident,W,Wild Fish or Natural Production,CHIWAR - Chiwawa River,WTRAP,Weir Trap,530,1
3DD.0077435055,NBD-2019-163-001.xml,UWE - Upper Wenatchee River,9/30/2019 10:01:02 PM,9/30/2019 10:01:02 PM,IN-STREAM ARRAY,IN-STREAM ARRAY,7/1/2019,7,Bull Trout,R,Resident,W,Wild Fish or Natural Production,CHIWAR - Chiwawa River,WTRAP,Weir Trap,530,1
3DD.00774350C4,NBD-2019-163-001.xml,CHL - Lower Chiwawa River,9/26/2019 9:14:36 PM,9/26/2019 9:14:46 PM,UPPER IN-STREAM ARRAY,LOWER IN-STREAM ARRAY,7/1/2019,7,Bull Trout,R,Resident,W,Wild Fish or Natural Production,CHIWAR - Chiwawa River,WTRAP,Weir Trap,520,1
3DD.00774350C4,NBD-2019-163-001.xml,CHU - Upper Chiwawa River,7/1/2019 8:40:45 PM,9/26/2019 3:50:33 AM,LOWER IN-STREAM ARRAY,LOWER IN-STREAM ARRAY,7/1/2019,7,Bull Trout,R,Resident,W,Wild Fish or Natural Production,CHIWAR - Chiwawa River,WTRAP,Weir Trap,520,1
3DD.00774350C4,NBD-2019-163-001.xml,UWE - Upper Wenatchee River,9/27/2019 2:41:26 AM,9/27/2019 2:41:27 AM,IN-STREAM ARRAY,IN-STREAM ARRAY,7/1/2019,7,Bull Trout,R,Resident,W,Wild Fish or Natural Production,CHIWAR - Chiwawa River,WTRAP,Weir Trap,520,1
3DD.00774350E5,NBD15298.AAZ,UWE - Upper Wenatchee River,10/27/2015 12:25:04 AM,10/27/2015 12:25:04 AM,IN-STREAM ARRAY,IN-STREAM ARRAY,10/25/2015,7,Bull Trout,R,Resident,W,Wild Fish or Natural Production,"CHIWAT - Chiwawa River Trap, 0.5 km below CHIP acclimation pond",SCREWT,Screw Trap,195,1
3DD.00774350E6,NBD-2019-163-001.xml,CHL - Lower Chiwawa River,10/3/2020 7:39:01 PM,10/7/2020 4:18:41 AM,UPPER IN-STREAM ARRAY,UPPER IN-STREAM ARRAY,7/1/2019,7,Bull Trout,R,Resident,W,Wild Fish or Natural Production,CHIWAR - Chiwawa River,WTRAP,Weir Trap,630,1
3DD.00774350E6,NBD-2019-163-001.xml,CHU - Upper Chiwawa River,7/1/2019 8:51:32 PM,6/17/2020 3:21:19 AM,LOWER IN-STREAM ARRAY,LOWER IN-STREAM ARRAY,7/1/2019,7,Bull Trout,R,Resident,W,Wild Fish or Natural Production,CHIWAR - Chiwawa River,WTRAP,Weir Trap,630,1
3DD.007747FE2D,NBD-2016-074-TUM.xml,CHW - Chiwaukum Creek,7/16/2016 5:27:34 AM,7/16/2016 5:35:58 AM,DOWNSTREAM ARRAY,UPSTREAM ARRAY,6/23/2016,7,Bull Trout,R,Resident,W,Wild Fish or Natural Production,TUMFBY - TUM - Release into the Forebay within 0.5 km upstream of Dam,LADDER,Adult Passage Ladder,NA,1
3DD.0077525EE0,NBD14291.AAZ,UWE - Upper Wenatchee River,10/24/2014 10:07:53 AM,10/24/2014 10:07:53 AM,IN-STREAM ARRAY,IN-STREAM ARRAY,10/19/2014,7,Bull Trout,R,Resident,W,Wild Fish or Natural Production,"CHIWAT - Chiwawa River Trap, 0.5 km below CHIP acclimation pond",SCREWT,Screw Trap,227,1
3DD.007752A64C,NBD14275.AAZ,UWE - Upper Wenatchee River,10/3/2014 8:05:59 PM,10/3/2014 8:05:59 PM,IN-STREAM ARRAY,IN-STREAM ARRAY,10/2/2014,7,Bull Trout,R,Resident,W,Wild Fish or Natural Production,"CHIWAT - Chiwawa River Trap, 0.5 km below CHIP acclimation pond",SCREWT,Screw Trap,160,1
3DD.007752C098,NBD14264.AAZ,UWE - Upper Wenatchee River,9/21/2014 11:33:07 PM,9/21/2014 11:33:07 PM,IN-STREAM ARRAY,IN-STREAM ARRAY,9/22/2014,7,Bull Trout,R,Resident,W,Wild Fish or Natural Production,"CHIWAT - Chiwawa River Trap, 0.5 km below CHIP acclimation pond",SCREWT,Screw Trap,360,1
3DD.007752DC41,NBD14263.AAZ,"WTL - White River, Wenatchee Basin",9/21/2014 7:00:32 PM,9/25/2014 6:26:47 AM,UPPER IN-STREAM ARRAY,UPPER IN-STREAM ARRAY,9/22/2014,7,Bull Trout,R,Resident,W,Wild Fish or Natural Production,"CHIWAT - Chiwawa River Trap, 0.5 km below CHIP acclimation pond",SCREWT,Screw Trap,600,1
3DD.007752FED7,NBD14275.AAZ,UWE - Upper Wenatchee River,10/3/2014 12:12:32 AM,10/3/2014 12:12:32 AM,IN-STREAM ARRAY,IN-STREAM ARRAY,10/2/2014,7,Bull Trout,R,Resident,W,Wild Fish or Natural Production,"CHIWAT - Chiwawa River Trap, 0.5 km below CHIP acclimation pond",SCREWT,Screw Trap,247,1
3DD.00775331E2,NBD-2015-065-TUM.xml,CHW - Chiwaukum Creek,6/30/2015 11:12:23 PM,7/18/2016 12:30:27 AM,DOWNSTREAM ARRAY,UPSTREAM ARRAY,6/27/2015,7,Bull Trout,R,Resident,W,Wild Fish or Natural Production,TUMFBY - TUM - Release into the Forebay within 0.5 km upstream of Dam,LADDER,Adult Passage Ladder,NA,1
3DD.00775331E2,NBD-2015-065-TUM.xml,TUF - Tumwater Dam Adult Fishway,6/21/2016 7:11:01 AM,6/21/2016 7:24:31 AM,WEIR 14,WEIR 17,6/27/2015,7,Bull Trout,R,Resident,W,Wild Fish or Natural Production,TUMFBY - TUM - Release into the Forebay within 0.5 km upstream of Dam,LADDER,Adult Passage Ladder,NA,1
3DD.0077533964,NBD14264.AAZ,CHU - Upper Chiwawa River,9/19/2016 5:11:08 AM,9/19/2016 5:11:08 AM,LOWER IN-STREAM ARRAY,LOWER IN-STREAM ARRAY,9/22/2014,7,Bull Trout,R,Resident,W,Wild Fish or Natural Production,"CHIWAT - Chiwawa River Trap, 0.5 km below CHIP acclimation pond",SCREWT,Screw Trap,460,1
3DD.0077533964,NBD14264.AAZ,UWE - Upper Wenatchee River,9/21/2014 9:37:22 PM,9/20/2016 12:08:28 AM,IN-STREAM ARRAY,IN-STREAM ARRAY,9/22/2014,7,Bull Trout,R,Resident,W,Wild Fish or Natural Production,"CHIWAT - Chiwawa River Trap, 0.5 km below CHIP acclimation pond",SCREWT,Screw Trap,460,1
3DD.0077537946,NBD14290.AAZ,UWE - Upper Wenatchee River,10/18/2014 7:45:27 PM,10/18/2014 7:45:27 PM,IN-STREAM ARRAY,IN-STREAM ARRAY,10/17/2014,7,Bull Trout,R,Resident,W,Wild Fish or Natural Production,"CHIWAT - Chiwawa River Trap, 0.5 km below CHIP acclimation pond",SCREWT,Screw Trap,180,1
3DD.0077538992,NBD14263.AAZ,UWE - Upper Wenatchee River,9/20/2014 9:37:12 PM,9/20/2014 9:37:12 PM,IN-STREAM ARRAY,IN-STREAM ARRAY,9/22/2014,7,Bull Trout,R,Resident,W,Wild Fish or Natural Production,"CHIWAT - Chiwawa River Trap, 0.5 km below CHIP acclimation pond",SCREWT,Screw Trap,500,1
3DD.007754B0D1,NBD-2015-065-TUM.xml,CHL - Lower Chiwawa River,9/30/2016 2:09:17 AM,9/26/2017 3:27:28 AM,UPPER IN-STREAM ARRAY,LOWER IN-STREAM ARRAY,6/28/2015,7,Bull Trout,R,Resident,W,Wild Fish or Natural Production,TUMFBY - TUM - Release into the Forebay within 0.5 km upstream of Dam,LADDER,Adult Passage Ladder,NA,1
3DD.007754B0D1,NBD-2015-065-TUM.xml,CHU - Upper Chiwawa River,9/29/2016 11:04:48 PM,9/26/2017 12:24:48 AM,LOWER IN-STREAM ARRAY,LOWER IN-STREAM ARRAY,6/28/2015,7,Bull Trout,R,Resident,W,Wild Fish or Natural Production,TUMFBY - TUM - Release into the Forebay within 0.5 km upstream of Dam,LADDER,Adult Passage Ladder,NA,1
3DD.007754B0D1,NBD-2015-065-TUM.xml,LWE - Lower Wenatchee River,10/7/2017 11:33:18 PM,10/7/2017 11:33:18 PM,DOWNSTREAM ANTENNA ARRAY,DOWNSTREAM ANTENNA ARRAY,6/28/2015,7,Bull Trout,R,Resident,W,Wild Fish or Natural Production,TUMFBY - TUM - Release into the Forebay within 0.5 km upstream of Dam,LADDER,Adult Passage Ladder,NA,1
3DD.007754B0D1,NBD-2015-065-TUM.xml,RRF - Rocky Reach Fishway,10/14/2015 1:43:44 PM,10/22/2016 12:12:18 PM,Lower Weir,Trap,6/28/2015,7,Bull Trout,R,Resident,W,Wild Fish or Natural Production,TUMFBY - TUM - Release into the Forebay within 0.5 km upstream of Dam,LADDER,Adult Passage Ladder,NA,1
3DD.007754B0D1,NBD-2015-065-TUM.xml,TUF - Tumwater Dam Adult Fishway,6/16/2016 10:35:30 AM,7/8/2017 2:26:53 AM,WEIR 14,WEIR 17,6/28/2015,7,Bull Trout,R,Resident,W,Wild Fish or Natural Production,TUMFBY - TUM - Release into the Forebay within 0.5 km upstream of Dam,LADDER,Adult Passage Ladder,NA,1
3DD.007754FDA6,NBD-2015-065-TUM.xml,CHW - Chiwaukum Creek,6/28/2015 11:24:09 PM,6/28/2015 11:25:37 PM,DOWNSTREAM ARRAY,UPSTREAM ARRAY,6/27/2015,7,Bull Trout,R,Resident,W,Wild Fish or Natural Production,TUMFBY - TUM - Release into the Forebay within 0.5 km upstream of Dam,LADDER,Adult Passage Ladder,NA,1
3DD.007757FFA3,FWE15070.3A5,3D3 - Middle-2 of 3D Side Channel,4/8/2015 7:40:00 AM,4/8/2015 7:40:00 AM,Pass Through Antenna,Pass Through Antenna,3/11/2015,7,Bull Trout,R,Resident,W,Wild Fish or Natural Production,ENTIAR - Entiat River,DIPNET,Dip Net,146,1
3DD.0077582B0C,FWE14232.3C1,ENS - Upper Entiat River at rkm 35.7,9/20/2014 6:17:00 PM,9/20/2014 6:17:00 PM,DOWNSTREAM ARRAY,DOWNSTREAM ARRAY,8/20/2014,7,Bull Trout,R,Resident,W,Wild Fish or Natural Production,ENTIAR - Entiat River,BSEINE,Beach Seine,190,1
3DD.007758B5D2,FWE14232.3A3,ENS - Upper Entiat River at rkm 35.7,10/10/2014 10:25:03 AM,10/10/2014 10:25:03 AM,DOWNSTREAM ARRAY,DOWNSTREAM ARRAY,8/20/2014,7,Bull Trout,R,Resident,W,Wild Fish or Natural Production,ENTIAR - Entiat River,BSEINE,Beach Seine,209,1
3DD.007759455E,FWE15070.3A3,ENS - Upper Entiat River at rkm 35.7,3/14/2015 2:23:53 AM,3/14/2015 2:23:53 AM,DOWNSTREAM ARRAY,DOWNSTREAM ARRAY,3/11/2015,7,Bull Trout,R,Resident,W,Wild Fish or Natural Production,ENTIAR - Entiat River,DIPNET,Dip Net,121,1
3DD.007760E276,FWE14296.HA3,"WEA - Wells Dam, DCPUD Adult Ladders",1/6/2015 1:52:54 PM,1/6/2015 1:52:54 PM,RIGHT LADDER POOL 19,RIGHT LADDER POOL 19,10/23/2014,7,Bull Trout,R,Resident,W,Wild Fish or Natural Production,ENTIAR - Entiat River,SCREWT,Screw Trap,331,1
3DD.007761C9DC,NBD-2016-074-TUM.xml,CHW - Chiwaukum Creek,7/10/2016 5:14:43 AM,7/10/2016 5:14:43 AM,UPSTREAM ARRAY,UPSTREAM ARRAY,6/28/2016,7,Bull Trout,R,Resident,W,Wild Fish or Natural Production,TUMFBY - TUM - Release into the Forebay within 0.5 km upstream of Dam,LADDER,Adult Passage Ladder,NA,1
3DD.007762ADB5,FWE14316.HB4,ICL - Lower Icicle Instream Array,9/26/2015 9:14:21 PM,9/26/2015 9:14:21 PM,Downstream Array,Downstream Array,11/12/2014,7,Bull Trout,R,Resident,W,Wild Fish or Natural Production,ENTIAR - Entiat River,SCREWT,Screw Trap,261,1
3DD.007762ADB5,FWE14316.HB4,LWE - Lower Wenatchee River,6/19/2015 10:29:46 PM,6/19/2015 10:30:08 PM,DOWNSTREAM ANTENNA ARRAY,UPSTREAM ANTENNA ARRAY,11/12/2014,7,Bull Trout,R,Resident,W,Wild Fish or Natural Production,ENTIAR - Entiat River,SCREWT,Screw Trap,261,1
3DD.007762ADB5,FWE14316.HB4,"MAD - Mad River, Entiat River Basin",6/21/2016 4:09:36 PM,6/21/2016 4:11:22 PM,LOWER IN-STREAM ARRAY,UPPER IN-STREAM ARRAY,11/12/2014,7,Bull Trout,R,Resident,W,Wild Fish or Natural Production,ENTIAR - Entiat River,SCREWT,Screw Trap,261,1
3DD.007762ADB5,FWE14316.HB4,RIA - Rock Island Adult,6/14/2015 7:17:44 AM,5/22/2016 12:33:51 PM,LEFT LADDER BAFFLE 2,Right Ladder Exit Channel,11/12/2014,7,Bull Trout,R,Resident,W,Wild Fish or Natural Production,ENTIAR - Entiat River,SCREWT,Screw Trap,261,1
3DD.007762ADB5,FWE14316.HB4,RRF - Rocky Reach Fishway,5/26/2016 3:14:13 AM,5/26/2016 3:23:56 AM,Lower Weir,Trap,11/12/2014,7,Bull Trout,R,Resident,W,Wild Fish or Natural Production,ENTIAR - Entiat River,SCREWT,Screw Trap,261,1
3DD.007762AFA4,FWE14298.HA3,ENA - Upper Entiat River at rkm 17.1,7/9/2015 2:53:25 AM,8/20/2015 9:00:33 PM,DOWNSTREAM ANTENNA ARRAY,UPSTREAM ANTENNA ARRAY,10/26/2014,7,Bull Trout,R,Resident,W,Wild Fish or Natural Production,ENTIAR - Entiat River,SCREWT,Screw Trap,357,1
3DD.007762AFA4,FWE14298.HA3,ENF - Upper Entiat River at rkm 40.6,7/19/2015 1:18:38 AM,7/31/2015 9:11:06 PM,UPSTREAM ARRAY,UPSTREAM ARRAY,10/26/2014,7,Bull Trout,R,Resident,W,Wild Fish or Natural Production,ENTIAR - Entiat River,SCREWT,Screw Trap,357,1
3DD.007762AFA4,FWE14298.HA3,ENL - Lower Entiat River,7/6/2015 9:55:33 PM,8/23/2015 11:50:44 PM,LOWER IN-STREAM ARRAY,UPPER IN-STREAM ARRAY,10/26/2014,7,Bull Trout,R,Resident,W,Wild Fish or Natural Production,ENTIAR - Entiat River,SCREWT,Screw Trap,357,1
3DD.007762AFA4,FWE14298.HA3,ENM - Middle Entiat River,7/10/2015 3:17:46 AM,8/19/2015 10:53:20 PM,LOWER IN-STREAM ARRAY,LOWER IN-STREAM ARRAY,10/26/2014,7,Bull Trout,R,Resident,W,Wild Fish or Natural Production,ENTIAR - Entiat River,SCREWT,Screw Trap,357,1
3DD.007762AFA4,FWE14298.HA3,ENS - Upper Entiat River at rkm 35.7,7/11/2015 11:47:06 PM,7/11/2015 11:47:27 PM,DOWNSTREAM ARRAY,UPSTREAM ARRAY,10/26/2014,7,Bull Trout,R,Resident,W,Wild Fish or Natural Production,ENTIAR - Entiat River,SCREWT,Screw Trap,357,1
3DD.007762C47F,FWE14302.HA3,ENL - Lower Entiat River,7/23/2015 4:43:03 AM,7/23/2015 4:43:12 AM,UPPER IN-STREAM ARRAY,LOWER IN-STREAM ARRAY,10/30/2014,7,Bull Trout,R,Resident,W,Wild Fish or Natural Production,ENTIAR - Entiat River,SCREWT,Screw Trap,271,1
3DD.007762C47F,FWE14302.HA3,"MAD - Mad River, Entiat River Basin",6/25/2015 11:24:48 PM,7/22/2015 4:01:44 PM,MIDDLE IN-STREAM ARRAY,LOWER IN-STREAM ARRAY,10/30/2014,7,Bull Trout,R,Resident,W,Wild Fish or Natural Production,ENTIAR - Entiat River,SCREWT,Screw Trap,271,1
3DD.007762C47F,FWE14302.HA3,RRF - Rocky Reach Fishway,11/8/2014 2:17:20 PM,11/8/2014 2:24:12 PM,Lower Weir,Trap,10/30/2014,7,Bull Trout,R,Resident,W,Wild Fish or Natural Production,ENTIAR - Entiat River,SCREWT,Screw Trap,271,1
3DD.007762FA7B,FWE14306.HA3,LWE - Lower Wenatchee River,8/15/2015 9:16:03 PM,8/15/2015 9:16:19 PM,DOWNSTREAM ANTENNA ARRAY,UPSTREAM ANTENNA ARRAY,11/3/2014,7,Bull Trout,R,Resident,W,Wild Fish or Natural Production,ENTIAR - Entiat River,SCREWT,Screw Trap,223,1
3DD.00776317E3,FWE14314.HA3,ENA - Upper Entiat River at rkm 17.1,6/28/2015 11:20:40 PM,9/19/2015 8:59:24 PM,UPSTREAM ANTENNA ARRAY,DOWNSTREAM ANTENNA ARRAY,11/11/2014,7,Bull Trout,R,Resident,W,Wild Fish or Natural Production,ENTIAR - Entiat River,SCREWT,Screw Trap,235,1
3DD.00776317E3,FWE14314.HA3,ENF - Upper Entiat River at rkm 40.6,8/13/2015 8:26:30 PM,8/13/2015 8:26:30 PM,DOWNSTREAM ARRAY,DOWNSTREAM ARRAY,11/11/2014,7,Bull Trout,R,Resident,W,Wild Fish or Natural Production,ENTIAR - Entiat River,SCREWT,Screw Trap,235,1
3DD.00776317E3,FWE14314.HA3,ENL - Lower Entiat River,6/13/2015 5:56:22 AM,6/13/2015 5:58:06 AM,LOWER IN-STREAM ARRAY,UPPER IN-STREAM ARRAY,11/11/2014,7,Bull Trout,R,Resident,W,Wild Fish or Natural Production,ENTIAR - Entiat River,SCREWT,Screw Trap,235,1
3DD.00776317E3,FWE14314.HA3,ENM - Middle Entiat River,7/3/2015 10:24:54 AM,7/3/2015 10:24:54 AM,LOWER IN-STREAM ARRAY,LOWER IN-STREAM ARRAY,11/11/2014,7,Bull Trout,R,Resident,W,Wild Fish or Natural Production,ENTIAR - Entiat River,SCREWT,Screw Trap,235,1
3DD.00776317E3,FWE14314.HA3,ENS - Upper Entiat River at rkm 35.7,7/5/2015 3:22:45 AM,7/5/2015 3:23:01 AM,DOWNSTREAM ARRAY,UPSTREAM ARRAY,11/11/2014,7,Bull Trout,R,Resident,W,Wild Fish or Natural Production,ENTIAR - Entiat River,SCREWT,Screw Trap,235,1
3DD.00776317E3,FWE14314.HA3,RRF - Rocky Reach Fishway,6/10/2015 6:19:31 PM,6/10/2015 6:34:08 PM,Lower Weir,Trap,11/11/2014,7,Bull Trout,R,Resident,W,Wild Fish or Natural Production,ENTIAR - Entiat River,SCREWT,Screw Trap,235,1
3DD.00776BB57C,CGS14273.MFZ,CRU - Upper Chewuch Instream Array,5/5/2015 9:24:50 PM,10/11/2015 10:29:44 PM,Upstream Array,Downstream Array,9/30/2014,7,Bull Trout,R,Resident,W,Wild Fish or Natural Production,CHEWUR - Chewuch River,SHOCK,Electro-Shock,228,1
3DD.00776BB57C,CGS14273.MFZ,CRW - Chewuch River above Winthrop,10/29/2015 9:55:02 PM,10/29/2015 9:55:02 PM,DOWNSTREAM ARRAY,DOWNSTREAM ARRAY,9/30/2014,7,Bull Trout,R,Resident,W,Wild Fish or Natural Production,CHEWUR - Chewuch River,SHOCK,Electro-Shock,228,1
3DD.00776BB57C,CGS14273.MFZ,MRC - Methow River at Carlton,12/16/2015 10:27:29 PM,7/28/2016 5:08:28 PM,Single Array,Single Array,9/30/2014,7,Bull Trout,R,Resident,W,Wild Fish or Natural Production,CHEWUR - Chewuch River,SHOCK,Electro-Shock,228,1
3DD.00776C166F,NBD15314.AFZ,CHL - Lower Chiwawa River,8/23/2023 2:54:46 AM,10/12/2023 2:04:44 AM,LOWER IN-STREAM ARRAY,LOWER IN-STREAM ARRAY,11/10/2015,7,Bull Trout,R,Resident,W,Wild Fish or Natural Production,CHIWAR - Chiwawa River,SHOCK,Electro-Shock,99,1
3DD.00776C166F,NBD15314.AFZ,CHU - Upper Chiwawa River,8/25/2023 1:01:21 AM,10/11/2023 8:15:42 PM,LOWER IN-STREAM ARRAY,UPPER IN-STREAM ARRAY,11/10/2015,7,Bull Trout,R,Resident,W,Wild Fish or Natural Production,CHIWAR - Chiwawa River,SHOCK,Electro-Shock,99,1
3DD.00776C166F,NBD15314.AFZ,UWE - Upper Wenatchee River,10/2/2021 1:26:33 AM,10/2/2021 1:26:34 AM,IN-STREAM ARRAY,IN-STREAM ARRAY,11/10/2015,7,Bull Trout,R,Resident,W,Wild Fish or Natural Production,CHIWAR - Chiwawa River,SHOCK,Electro-Shock,99,1
3DD.00776D72CC,FWE15324.HB4,ICL - Lower Icicle Instream Array,7/25/2016 11:37:19 PM,7/25/2016 11:38:27 PM,Downstream Array,Upstream Array,11/20/2015,7,Bull Trout,R,Resident,W,Wild Fish or Natural Production,ENTIAR - Entiat River,SCREWT,Screw Trap,214,1
3DD.00776D72CC,FWE15324.HB4,LWE - Lower Wenatchee River,6/24/2016 12:57:46 PM,10/18/2016 9:16:59 AM,DOWNSTREAM ANTENNA ARRAY,UPSTREAM ANTENNA ARRAY,11/20/2015,7,Bull Trout,R,Resident,W,Wild Fish or Natural Production,ENTIAR - Entiat River,SCREWT,Screw Trap,214,1
3DD.00776D72CC,FWE15324.HB4,RIA - Rock Island Adult,6/21/2016 1:44:31 PM,6/21/2016 1:48:40 PM,LEFT LADDER BAFFLE 2,LEFT LADDER BAFFLE 4,11/20/2015,7,Bull Trout,R,Resident,W,Wild Fish or Natural Production,ENTIAR - Entiat River,SCREWT,Screw Trap,214,1
3DD.00776E0CD8,FWE15324.HB4,ICL - Lower Icicle Instream Array,7/30/2016 9:00:21 PM,7/30/2016 9:00:43 PM,Downstream Array,Upstream Array,11/20/2015,7,Bull Trout,R,Resident,W,Wild Fish or Natural Production,ENTIAR - Entiat River,SCREWT,Screw Trap,182,1
3DD.00776E8B6D,FWE15284.HB4,ENL - Lower Entiat River,10/11/2015 9:51:42 AM,10/11/2015 9:51:54 AM,UPPER IN-STREAM ARRAY,LOWER IN-STREAM ARRAY,10/11/2015,7,Bull Trout,R,Resident,W,Wild Fish or Natural Production,ENTIAR - Entiat River,SCREWT,Screw Trap,390,1
3DD.00776EBA06,NBD15189.AAZ,CHL - Lower Chiwawa River,7/8/2015 2:35:33 PM,7/8/2015 9:18:16 PM,LOWER IN-STREAM ARRAY,UPPER IN-STREAM ARRAY,7/8/2015,7,Bull Trout,R,Resident,W,Wild Fish or Natural Production,"CHIWAT - Chiwawa River Trap, 0.5 km below CHIP acclimation pond",SCREWT,Screw Trap,137,1
3DD.00776EF183,FWE15072.3D2,TY3 - Middle of Tyee Channel,3/16/2015 7:22:00 PM,3/29/2015 10:12:00 PM,Middle Channel,Middle Channel,3/13/2015,7,Bull Trout,R,Resident,W,Wild Fish or Natural Production,ENTIAR - Entiat River,DIPNET,Dip Net,129,1
3DD.00776EF183,FWE15072.3D2,TY4 - Bottom of Tyee Channel,3/15/2015 8:56:00 PM,3/18/2015 7:43:00 PM,Bottom Channel,Bottom Channel,3/13/2015,7,Bull Trout,R,Resident,W,Wild Fish or Natural Production,ENTIAR - Entiat River,DIPNET,Dip Net,129,1
3DD.00776F1A25,FWE15201.TYE,TY3 - Middle of Tyee Channel,11/1/2015 12:03:00 AM,11/1/2015 12:03:00 AM,Middle Channel,Middle Channel,7/20/2015,7,Bull Trout,R,Resident,W,Wild Fish or Natural Production,ENTIAR - Entiat River,SHOCK,Electro-Shock,152,1
3DD.00776F1A25,FWE15201.TYE,TY4 - Bottom of Tyee Channel,11/1/2015 3:03:00 AM,11/4/2015 12:20:00 AM,Bottom Channel,Bottom Channel,7/20/2015,7,Bull Trout,R,Resident,W,Wild Fish or Natural Production,ENTIAR - Entiat River,SHOCK,Electro-Shock,152,1
3DD.00776F1A25,FWE15201.TYE,WL2 - Bottom of Wilson Creek channel,12/11/2015 8:03:00 AM,12/11/2015 8:23:00 AM,SINGLE ANTENNA,SINGLE ANTENNA,7/20/2015,7,Bull Trout,R,Resident,W,Wild Fish or Natural Production,ENTIAR - Entiat River,SHOCK,Electro-Shock,152,1
3DD.00776F5B02,FWE15072.3D2,ENA - Upper Entiat River at rkm 17.1,10/15/2015 10:34:14 PM,10/15/2015 10:34:18 PM,UPSTREAM ANTENNA ARRAY,DOWNSTREAM ANTENNA ARRAY,3/13/2015,7,Bull Trout,R,Resident,W,Wild Fish or Natural Production,ENTIAR - Entiat River,DIPNET,Dip Net,151,1
3DD.00776F5B02,FWE15072.3D2,ENL - Lower Entiat River,10/19/2015 9:14:21 PM,10/19/2015 9:14:21 PM,LOWER IN-STREAM ARRAY,LOWER IN-STREAM ARRAY,3/13/2015,7,Bull Trout,R,Resident,W,Wild Fish or Natural Production,ENTIAR - Entiat River,DIPNET,Dip Net,151,1
3DD.00776F5B02,FWE15072.3D2,ENM - Middle Entiat River,9/13/2015 7:57:34 PM,9/13/2015 7:57:34 PM,LOWER IN-STREAM ARRAY,LOWER IN-STREAM ARRAY,3/13/2015,7,Bull Trout,R,Resident,W,Wild Fish or Natural Production,ENTIAR - Entiat River,DIPNET,Dip Net,151,1
3DD.00776F5B02,FWE15072.3D2,ENS - Upper Entiat River at rkm 35.7,9/11/2015 8:09:42 PM,9/11/2015 8:09:47 PM,UPSTREAM ARRAY,DOWNSTREAM ARRAY,3/13/2015,7,Bull Trout,R,Resident,W,Wild Fish or Natural Production,ENTIAR - Entiat River,DIPNET,Dip Net,151,1
3DD.00776F7C54,CSS15095.HB4,ENL - Lower Entiat River,6/5/2015 10:21:12 PM,6/5/2015 10:21:17 PM,UPPER IN-STREAM ARRAY,UPPER IN-STREAM ARRAY,4/5/2015,7,Bull Trout,R,Resident,W,Wild Fish or Natural Production,ENTIAR - Entiat River,SCREWT,Screw Trap,405,1
3DD.00776F7C54,CSS15095.HB4,"MAD - Mad River, Entiat River Basin",6/16/2015 9:55:24 PM,6/16/2015 9:57:13 PM,LOWER IN-STREAM ARRAY,UPPER IN-STREAM ARRAY,4/5/2015,7,Bull Trout,R,Resident,W,Wild Fish or Natural Production,ENTIAR - Entiat River,SCREWT,Screw Trap,405,1
3DD.00776F8CCB,FWE15072.3D2,3D4 - Bottom of 3D Side Channel,6/12/2015 5:31:00 AM,6/12/2015 7:14:00 AM,Pass Through Antenna,Pass Through Antenna,3/13/2015,7,Bull Trout,R,Resident,W,Wild Fish or Natural Production,ENTIAR - Entiat River,DIPNET,Dip Net,130,1
3DD.00776F8CEF,FWE15072.3D2,3D4 - Bottom of 3D Side Channel,3/20/2015 9:08:00 PM,6/10/2015 3:45:00 AM,Pass Through Antenna,Pass Through Antenna,3/13/2015,7,Bull Trout,R,Resident,W,Wild Fish or Natural Production,ENTIAR - Entiat River,DIPNET,Dip Net,132,1
3DD.00776FD87F,FWE15072.3D2,ENS - Upper Entiat River at rkm 35.7,6/18/2015 10:55:40 PM,6/18/2015 10:55:40 PM,DOWNSTREAM ARRAY,DOWNSTREAM ARRAY,3/13/2015,7,Bull Trout,R,Resident,W,Wild Fish or Natural Production,ENTIAR - Entiat River,DIPNET,Dip Net,114,1
3DD.007770F424,FWE15311.HB4,ENL - Lower Entiat River,11/7/2015 1:26:55 PM,11/7/2015 1:30:20 PM,LOWER IN-STREAM ARRAY,UPPER IN-STREAM ARRAY,11/7/2015,7,Bull Trout,R,Resident,W,Wild Fish or Natural Production,ENTIAR - Entiat River,SCREWT,Screw Trap,248,1
3DD.007777A982,NBD15309.AFZ,CHL - Lower Chiwawa River,10/12/2016 2:27:34 AM,10/12/2016 2:27:34 AM,UPPER IN-STREAM ARRAY,UPPER IN-STREAM ARRAY,11/5/2015,7,Bull Trout,R,Resident,W,Wild Fish or Natural Production,CHIWAR - Chiwawa River,SHOCK,Electro-Shock,115,1
3DD.007777A982,NBD15309.AFZ,UWE - Upper Wenatchee River,10/13/2016 6:07:10 AM,10/13/2016 6:07:10 AM,IN-STREAM ARRAY,IN-STREAM ARRAY,11/5/2015,7,Bull Trout,R,Resident,W,Wild Fish or Natural Production,CHIWAR - Chiwawa River,SHOCK,Electro-Shock,115,1
3DD.007779CD73,FWE16299.HB4,LWE - Lower Wenatchee River,8/4/2017 10:50:49 PM,8/4/2017 10:51:07 PM,DOWNSTREAM ANTENNA ARRAY,UPSTREAM ANTENNA ARRAY,10/25/2016,7,Bull Trout,R,Resident,W,Wild Fish or Natural Production,ENTIAR - Entiat River,SCREWT,Screw Trap,265,1
3DD.007779F6B1,TQI15285.779,ENA - Upper Entiat River at rkm 17.1,9/20/2016 2:28:29 AM,9/20/2016 2:28:33 AM,UPSTREAM ANTENNA ARRAY,DOWNSTREAM ANTENNA ARRAY,10/13/2015,7,Bull Trout,R,Resident,W,Wild Fish or Natural Production,ENTIAR - Entiat River,SHOCK,Electro-Shock,148,1
3DD.007779F6B1,TQI15285.779,ENF - Upper Entiat River at rkm 40.6,9/18/2016 2:12:42 AM,9/18/2016 2:12:42 AM,DOWNSTREAM ARRAY,DOWNSTREAM ARRAY,10/13/2015,7,Bull Trout,R,Resident,W,Wild Fish or Natural Production,ENTIAR - Entiat River,SHOCK,Electro-Shock,148,1
3DD.007779F6B1,TQI15285.779,ENL - Lower Entiat River,9/21/2016 3:20:42 AM,9/21/2016 3:20:42 AM,UPPER IN-STREAM ARRAY,UPPER IN-STREAM ARRAY,10/13/2015,7,Bull Trout,R,Resident,W,Wild Fish or Natural Production,ENTIAR - Entiat River,SHOCK,Electro-Shock,148,1
3DD.007779F6B1,TQI15285.779,ENS - Upper Entiat River at rkm 35.7,9/18/2016 7:15:26 PM,9/18/2016 7:15:37 PM,UPSTREAM ARRAY,DOWNSTREAM ARRAY,10/13/2015,7,Bull Trout,R,Resident,W,Wild Fish or Natural Production,ENTIAR - Entiat River,SHOCK,Electro-Shock,148,1
3DD.007779F6B1,TQI15285.779,LWE - Lower Wenatchee River,9/28/2016 6:01:44 PM,9/28/2016 6:01:44 PM,DOWNSTREAM ANTENNA ARRAY,DOWNSTREAM ANTENNA ARRAY,10/13/2015,7,Bull Trout,R,Resident,W,Wild Fish or Natural Production,ENTIAR - Entiat River,SHOCK,Electro-Shock,148,1
3DD.00777A0A28,FWE-2017-171-HB4.xml,RRJ - Rocky Reach Dam Juvenile,6/22/2017 8:24:34 PM,6/22/2017 8:24:34 PM,DSM Bypass Surface Collector,DSM Bypass Surface Collector,6/20/2017,7,Bull Trout,R,Resident,W,Wild Fish or Natural Production,ENTIAR - Entiat River,SCREWT,Screw Trap,172,1
3DD.00777A2051,TQI15234.3F2,ENF - Upper Entiat River at rkm 40.6,10/27/2015 7:33:15 PM,10/27/2015 7:33:15 PM,UPSTREAM ARRAY,UPSTREAM ARRAY,8/23/2015,7,Bull Trout,R,Resident,W,Wild Fish or Natural Production,ENTIAR - Entiat River,BSEINE,Beach Seine,155,1
3DD.00777A2051,TQI15234.3F2,ENL - Lower Entiat River,11/15/2015 2:54:37 PM,11/15/2015 2:54:37 PM,LOWER IN-STREAM ARRAY,LOWER IN-STREAM ARRAY,8/23/2015,7,Bull Trout,R,Resident,W,Wild Fish or Natural Production,ENTIAR - Entiat River,BSEINE,Beach Seine,155,1
3DD.00777A2051,TQI15234.3F2,ENS - Upper Entiat River at rkm 35.7,10/31/2015 3:36:40 AM,10/31/2015 3:36:40 AM,UPSTREAM ARRAY,UPSTREAM ARRAY,8/23/2015,7,Bull Trout,R,Resident,W,Wild Fish or Natural Production,ENTIAR - Entiat River,BSEINE,Beach Seine,155,1
3DD.00777A5B15,FWE16302.HB4,RRF - Rocky Reach Fishway,10/31/2016 6:36:57 AM,10/31/2016 10:25:43 AM,Trap,Lower Weir,10/28/2016,7,Bull Trout,R,Resident,W,Wild Fish or Natural Production,ENTIAR - Entiat River,SCREWT,Screw Trap,215,1
3DD.00777C9FAD,NBD-2018-079-001.json,CHL - Lower Chiwawa River,9/28/2021 12:47:07 AM,9/26/2022 7:37:38 PM,LOWER IN-STREAM ARRAY,LOWER IN-STREAM ARRAY,6/5/2018,7,Bull Trout,R,Resident,W,Wild Fish or Natural Production,TUMFBY - TUM - Release into the Forebay within 0.5 km upstream of Dam,LADDER,Adult Passage Ladder,NA,1
3DD.00777C9FAD,NBD-2018-079-001.json,CHU - Upper Chiwawa River,7/4/2023 12:57:36 AM,7/4/2023 12:57:36 AM,UPPER IN-STREAM ARRAY,UPPER IN-STREAM ARRAY,6/5/2018,7,Bull Trout,R,Resident,W,Wild Fish or Natural Production,TUMFBY - TUM - Release into the Forebay within 0.5 km upstream of Dam,LADDER,Adult Passage Ladder,NA,1
3DD.00777C9FAD,NBD-2018-079-001.json,TUF - Tumwater Dam Adult Fishway,7/10/2018 12:45:56 PM,7/10/2018 5:08:10 PM,High Flow Ladder Entrance,WEIR 17,6/5/2018,7,Bull Trout,R,Resident,W,Wild Fish or Natural Production,TUMFBY - TUM - Release into the Forebay within 0.5 km upstream of Dam,LADDER,Adult Passage Ladder,NA,1
3DD.00777C9FAD,NBD-2018-079-001.json,UWE - Upper Wenatchee River,7/29/2018 1:48:04 AM,6/12/2023 10:13:43 PM,IN-STREAM ARRAY,IN-STREAM ARRAY,6/5/2018,7,Bull Trout,R,Resident,W,Wild Fish or Natural Production,TUMFBY - TUM - Release into the Forebay within 0.5 km upstream of Dam,LADDER,Adult Passage Ladder,NA,1
3DD.00777CF787,NBD-2018-079-001.json,NAU - Upper Nason Creek,6/18/2019 9:47:55 PM,6/18/2019 9:48:18 PM,LOWER IN-STREAM ARRAY,UPPER IN-STREAM ARRAY,6/5/2018,7,Bull Trout,R,Resident,W,Wild Fish or Natural Production,TUMFBY - TUM - Release into the Forebay within 0.5 km upstream of Dam,LADDER,Adult Passage Ladder,NA,1
3DD.00777CF787,NBD-2018-079-001.json,UWE - Upper Wenatchee River,6/6/2019 10:46:13 PM,6/6/2019 10:46:14 PM,IN-STREAM ARRAY,IN-STREAM ARRAY,6/5/2018,7,Bull Trout,R,Resident,W,Wild Fish or Natural Production,TUMFBY - TUM - Release into the Forebay within 0.5 km upstream of Dam,LADDER,Adult Passage Ladder,NA,1
3DD.00777CFB4A,NBD-2019-137-001.json,NAL - Lower Nason Creek,6/24/2019 9:43:52 PM,9/27/2019 2:14:08 AM,LOWER IN-STREAM ARRAY,UPPER IN-STREAM ARRAY,6/13/2019,7,Bull Trout,R,Resident,W,Wild Fish or Natural Production,TUMFBY - TUM - Release into the Forebay within 0.5 km upstream of Dam,LADDER,Adult Passage Ladder,NA,1
3DD.00777CFB4A,NBD-2019-137-001.json,NAU - Upper Nason Creek,7/4/2019 10:12:24 PM,6/30/2020 11:11:29 PM,LOWER IN-STREAM ARRAY,UPPER IN-STREAM ARRAY,6/13/2019,7,Bull Trout,R,Resident,W,Wild Fish or Natural Production,TUMFBY - TUM - Release into the Forebay within 0.5 km upstream of Dam,LADDER,Adult Passage Ladder,NA,1
3DD.00777CFB4A,NBD-2019-137-001.json,TUF - Tumwater Dam Adult Fishway,6/10/2020 6:03:01 PM,6/10/2020 6:27:35 PM,High Flow Ladder Entrance,WEIR 14,6/13/2019,7,Bull Trout,R,Resident,W,Wild Fish or Natural Production,TUMFBY - TUM - Release into the Forebay within 0.5 km upstream of Dam,LADDER,Adult Passage Ladder,NA,1
3DD.00777CFB4A,NBD-2019-137-001.json,UWE - Upper Wenatchee River,9/27/2019 5:02:48 AM,9/27/2019 5:02:48 AM,IN-STREAM ARRAY,IN-STREAM ARRAY,6/13/2019,7,Bull Trout,R,Resident,W,Wild Fish or Natural Production,TUMFBY - TUM - Release into the Forebay within 0.5 km upstream of Dam,LADDER,Adult Passage Ladder,NA,1
3DD.00777CFD38,NBD-2019-137-001.json,NAU - Upper Nason Creek,7/17/2019 9:32:42 PM,7/17/2019 9:33:06 PM,LOWER IN-STREAM ARRAY,UPPER IN-STREAM ARRAY,6/13/2019,7,Bull Trout,R,Resident,W,Wild Fish or Natural Production,TUMFBY - TUM - Release into the Forebay within 0.5 km upstream of Dam,LADDER,Adult Passage Ladder,NA,1
3DD.00777D3960,NBD-2018-079-001.json,CHW - Chiwaukum Creek,7/1/2018 3:15:58 AM,10/2/2021 5:34:48 PM,DOWNSTREAM ARRAY,DOWNSTREAM ARRAY,6/15/2018,7,Bull Trout,R,Resident,W,Wild Fish or Natural Production,TUMFBY - TUM - Release into the Forebay within 0.5 km upstream of Dam,LADDER,Adult Passage Ladder,NA,1
3DD.00777D3960,NBD-2018-079-001.json,TUF - Tumwater Dam Adult Fishway,6/13/2019 3:59:06 AM,6/9/2021 7:20:33 PM,High Flow Ladder Entrance,High Flow Ladder Entrance,6/15/2018,7,Bull Trout,R,Resident,W,Wild Fish or Natural Production,TUMFBY - TUM - Release into the Forebay within 0.5 km upstream of Dam,LADDER,Adult Passage Ladder,NA,1
3DD.007782CD53,NBD-2017-292-AAZ.xml,UWE - Upper Wenatchee River,10/24/2017 2:37:21 PM,10/24/2017 2:37:21 PM,IN-STREAM ARRAY,IN-STREAM ARRAY,10/20/2017,7,Bull Trout,R,Resident,W,Wild Fish or Natural Production,"CHIWAT - Chiwawa River Trap, 0.5 km below CHIP acclimation pond",SCREWT,Screw Trap,206,1
3DD.00778DE109,NBD16287.AAZ,UWE - Upper Wenatchee River,10/14/2016 1:04:27 AM,10/14/2016 1:04:27 AM,IN-STREAM ARRAY,IN-STREAM ARRAY,10/13/2016,7,Bull Trout,R,Resident,W,Wild Fish or Natural Production,"CHIWAT - Chiwawa River Trap, 0.5 km below CHIP acclimation pond",SCREWT,Screw Trap,217,1
3DD.00778ED04C,NBD16256.BFZ,NAU - Upper Nason Creek,10/14/2016 10:48:25 PM,10/14/2016 10:48:38 PM,UPPER IN-STREAM ARRAY,LOWER IN-STREAM ARRAY,9/12/2016,7,Bull Trout,R,Resident,W,Wild Fish or Natural Production,NASONC - Nason Creek (tributary to Wenatchee River),SHOCK,Electro-Shock,185,1
3DD.00778F0B42,TQI16053.M04,"MAD - Mad River, Entiat River Basin",2/25/2016 7:29:32 AM,2/25/2016 7:29:32 AM,MIDDLE IN-STREAM ARRAY,MIDDLE IN-STREAM ARRAY,2/22/2016,7,Bull Trout,R,Resident,W,Wild Fish or Natural Production,MADRVR - Mad River (Entiat River watershed),DIPNET,Dip Net,95,1
3DD.0077913FB6,TQI16252.467,"MAD - Mad River, Entiat River Basin",12/12/2018 5:06:58 AM,5/12/2020 2:00:17 AM,UPPER IN-STREAM ARRAY,LOWER IN-STREAM ARRAY,9/9/2016,7,Bull Trout,R,Resident,W,Wild Fish or Natural Production,"TILLIC - Tillicum Creek, tributary to Mad River",SHOCK,Electro-Shock,199,1
3DD.0077A0D5AE,NBD-2020-140-001.xml,CHL - Lower Chiwawa River,9/18/2022 2:58:17 AM,9/13/2025 8:37:23 PM,UPPER IN-STREAM ARRAY,LOWER IN-STREAM ARRAY,9/22/2020,7,Bull Trout,R,Resident,W,Wild Fish or Natural Production,TUMFBY - TUM - Release into the Forebay within 0.5 km upstream of Dam,LADDER,Adult Passage Ladder,440,1
3DD.0077A0D5AE,NBD-2020-140-001.xml,CHU - Upper Chiwawa River,6/11/2021 6:36:39 AM,9/9/2025 1:19:23 AM,LOWER IN-STREAM ARRAY,LOWER IN-STREAM ARRAY,9/22/2020,7,Bull Trout,R,Resident,W,Wild Fish or Natural Production,TUMFBY - TUM - Release into the Forebay within 0.5 km upstream of Dam,LADDER,Adult Passage Ladder,440,1
3DD.0077A0D5AE,NBD-2020-140-001.xml,CWT - Chiwawa River Weir Trap Array,9/11/2025 9:40:12 PM,9/13/2025 8:32:00 PM,Single Pass,Single Pass,9/22/2020,7,Bull Trout,R,Resident,W,Wild Fish or Natural Production,TUMFBY - TUM - Release into the Forebay within 0.5 km upstream of Dam,LADDER,Adult Passage Ladder,440,1
3DD.0077A0D5AE,NBD-2020-140-001.xml,UWE - Upper Wenatchee River,4/14/2021 11:39:39 PM,4/14/2021 11:39:39 PM,IN-STREAM ARRAY,IN-STREAM ARRAY,9/22/2020,7,Bull Trout,R,Resident,W,Wild Fish or Natural Production,TUMFBY - TUM - Release into the Forebay within 0.5 km upstream of Dam,LADDER,Adult Passage Ladder,440,1
3DD.0077A0F2C2,NBD-2018-234-001.xml,CHW - Chiwaukum Creek,7/12/2020 4:11:43 AM,10/31/2022 3:39:33 PM,UPSTREAM ARRAY,DOWNSTREAM ARRAY,11/13/2018,7,Bull Trout,R,Resident,W,Wild Fish or Natural Production,DRYFBY - DRY - Release into the Forebay within 0.5 km upstream of Dam,LADDER,Adult Passage Ladder,NA,1
3DD.0077A0F2C2,NBD-2018-234-001.xml,ICL - Lower Icicle Instream Array,6/17/2019 10:01:25 PM,6/17/2019 10:01:25 PM,Upstream Array,Upstream Array,11/13/2018,7,Bull Trout,R,Resident,W,Wild Fish or Natural Production,DRYFBY - DRY - Release into the Forebay within 0.5 km upstream of Dam,LADDER,Adult Passage Ladder,NA,1
3DD.0077A0F2C2,NBD-2018-234-001.xml,ICM - Middle Icicle Instream Array,7/19/2019 10:58:00 AM,7/19/2019 8:30:00 PM,Upstream Array,Upstream Array,11/13/2018,7,Bull Trout,R,Resident,W,Wild Fish or Natural Production,DRYFBY - DRY - Release into the Forebay within 0.5 km upstream of Dam,LADDER,Adult Passage Ladder,NA,1
3DD.0077A0F2C2,NBD-2018-234-001.xml,TUF - Tumwater Dam Adult Fishway,7/30/2019 12:28:06 PM,7/4/2021 11:57:20 AM,Low Flow Ladder Entrance,WEIR 17,11/13/2018,7,Bull Trout,R,Resident,W,Wild Fish or Natural Production,DRYFBY - DRY - Release into the Forebay within 0.5 km upstream of Dam,LADDER,Adult Passage Ladder,NA,1
3DD.0077A0FFD3,NBD-2021-215-001.xml,PES - Peshastin Creek,8/4/2021 8:10:16 PM,8/6/2021 1:03:39 PM,LOWER IN-STREAM ARRAY,UPPER IN-STREAM ARRAY,8/3/2021,7,Bull Trout,R,Resident,W,Wild Fish or Natural Production,DRYFBY - DRY - Release into the Forebay within 0.5 km upstream of Dam,LADDER,Adult Passage Ladder,230,1
3DD.0077A10073,NBD-2021-142-001.json,CHU - Upper Chiwawa River,8/13/2022 10:30:57 PM,8/13/2022 10:30:57 PM,UPPER IN-STREAM ARRAY,UPPER IN-STREAM ARRAY,5/30/2021,7,Bull Trout,R,Resident,W,Wild Fish or Natural Production,TUMFBY - TUM - Release into the Forebay within 0.5 km upstream of Dam,LADDER,Adult Passage Ladder,350,1
3DD.0077A10073,NBD-2021-142-001.json,UWE - Upper Wenatchee River,11/28/2022 6:48:43 PM,11/28/2022 6:50:08 PM,IN-STREAM ARRAY,IN-STREAM ARRAY,5/30/2021,7,Bull Trout,R,Resident,W,Wild Fish or Natural Production,TUMFBY - TUM - Release into the Forebay within 0.5 km upstream of Dam,LADDER,Adult Passage Ladder,350,1
3DD.0077A2978D,CSS-2019-097-212.xml,CHW - Chiwaukum Creek,8/7/2019 12:17:01 AM,8/7/2019 12:58:16 AM,DOWNSTREAM ARRAY,DOWNSTREAM ARRAY,4/7/2019,7,Bull Trout,R,Resident,W,Wild Fish or Natural Production,"WENA4T - Lower Wenatchee trap, 2.8km below Mission Creek",SCREWT,Screw Trap,340,1
3DD.0077A2978D,CSS-2019-097-212.xml,ICL - Lower Icicle Instream Array,7/7/2019 12:55:56 AM,7/7/2019 12:56:26 AM,Upstream Array,Upstream Array,4/7/2019,7,Bull Trout,R,Resident,W,Wild Fish or Natural Production,"WENA4T - Lower Wenatchee trap, 2.8km below Mission Creek",SCREWT,Screw Trap,340,1
3DD.0077A2978D,CSS-2019-097-212.xml,TUF - Tumwater Dam Adult Fishway,7/15/2019 1:05:04 AM,7/15/2019 11:43:49 AM,Low Flow Ladder Entrance,WEIR 17,4/7/2019,7,Bull Trout,R,Resident,W,Wild Fish or Natural Production,"WENA4T - Lower Wenatchee trap, 2.8km below Mission Creek",SCREWT,Screw Trap,340,1
3DD.0077A2AE51,NBD18304.AAZ,UWE - Upper Wenatchee River,10/31/2018 10:12:14 PM,10/31/2018 10:12:16 PM,IN-STREAM ARRAY,IN-STREAM ARRAY,10/31/2018,7,Bull Trout,R,Resident,W,Wild Fish or Natural Production,"CHIWAT - Chiwawa River Trap, 0.5 km below CHIP acclimation pond",SCREWT,Screw Trap,223,1
3DD.0077A40C4E,NBD17260.AAZ,CHL - Lower Chiwawa River,6/8/2021 12:11:56 PM,6/8/2021 12:11:56 PM,UPPER IN-STREAM ARRAY,UPPER IN-STREAM ARRAY,9/17/2017,7,Bull Trout,R,Resident,W,Wild Fish or Natural Production,"CHIWAT - Chiwawa River Trap, 0.5 km below CHIP acclimation pond",SCREWT,Screw Trap,247,1
3DD.0077A40C4E,NBD17260.AAZ,CHU - Upper Chiwawa River,10/2/2021 2:08:03 AM,10/2/2021 2:08:03 AM,LOWER IN-STREAM ARRAY,LOWER IN-STREAM ARRAY,9/17/2017,7,Bull Trout,R,Resident,W,Wild Fish or Natural Production,"CHIWAT - Chiwawa River Trap, 0.5 km below CHIP acclimation pond",SCREWT,Screw Trap,247,1
3DD.0077A40C4E,NBD17260.AAZ,UWE - Upper Wenatchee River,9/17/2017 11:08:50 PM,10/3/2021 3:59:51 AM,IN-STREAM ARRAY,IN-STREAM ARRAY,9/17/2017,7,Bull Trout,R,Resident,W,Wild Fish or Natural Production,"CHIWAT - Chiwawa River Trap, 0.5 km below CHIP acclimation pond",SCREWT,Screw Trap,247,1
3DD.0077A43E63,NBD17332.AAZ,UWE - Upper Wenatchee River,12/2/2017 7:46:49 AM,12/2/2017 7:46:49 AM,IN-STREAM ARRAY,IN-STREAM ARRAY,11/28/2017,7,Bull Trout,R,Resident,W,Wild Fish or Natural Production,"CHIWAT - Chiwawa River Trap, 0.5 km below CHIP acclimation pond",SCREWT,Screw Trap,199,1
3DD.0077A446FC,NBD17288.AAZ,UWE - Upper Wenatchee River,10/16/2017 9:10:11 PM,10/16/2017 9:10:11 PM,IN-STREAM ARRAY,IN-STREAM ARRAY,10/15/2017,7,Bull Trout,R,Resident,W,Wild Fish or Natural Production,"CHIWAT - Chiwawa River Trap, 0.5 km below CHIP acclimation pond",SCREWT,Screw Trap,205,1
3DD.0077ADB7C4,CSS-2019-293-112.xml,CHL - Lower Chiwawa River,10/20/2019 2:40:44 PM,10/3/2024 8:30:10 PM,LOWER IN-STREAM ARRAY,UPPER IN-STREAM ARRAY,10/20/2019,7,Bull Trout,R,Resident,W,Wild Fish or Natural Production,"CHIWAT - Chiwawa River Trap, 0.5 km below CHIP acclimation pond",SCREWT,Screw Trap,202,1
3DD.0077ADB7C4,CSS-2019-293-112.xml,CHU - Upper Chiwawa River,10/2/2024 8:02:52 PM,10/2/2024 8:02:52 PM,UPPER IN-STREAM ARRAY,UPPER IN-STREAM ARRAY,10/20/2019,7,Bull Trout,R,Resident,W,Wild Fish or Natural Production,"CHIWAT - Chiwawa River Trap, 0.5 km below CHIP acclimation pond",SCREWT,Screw Trap,202,1
3DD.0077ADB7C4,CSS-2019-293-112.xml,CWT - Chiwawa River Weir Trap Array,10/3/2024 8:22:05 PM,10/3/2024 8:22:05 PM,Single Pass,Single Pass,10/20/2019,7,Bull Trout,R,Resident,W,Wild Fish or Natural Production,"CHIWAT - Chiwawa River Trap, 0.5 km below CHIP acclimation pond",SCREWT,Screw Trap,202,1
3DD.0077ADB7C4,CSS-2019-293-112.xml,UWE - Upper Wenatchee River,10/24/2019 7:09:07 PM,10/24/2019 7:09:08 PM,IN-STREAM ARRAY,IN-STREAM ARRAY,10/20/2019,7,Bull Trout,R,Resident,W,Wild Fish or Natural Production,"CHIWAT - Chiwawa River Trap, 0.5 km below CHIP acclimation pond",SCREWT,Screw Trap,202,1
3DD.0077ADC60E,CSS-2019-237-112.xml,UWE - Upper Wenatchee River,8/25/2019 10:26:59 PM,8/25/2019 10:27:00 PM,IN-STREAM ARRAY,IN-STREAM ARRAY,8/25/2019,7,Bull Trout,R,Resident,W,Wild Fish or Natural Production,"CHIWAT - Chiwawa River Trap, 0.5 km below CHIP acclimation pond",SCREWT,Screw Trap,223,1
3DD.0077ADE61C,NBD-2020-140-001.xml,CHL - Lower Chiwawa River,7/11/2020 8:32:49 PM,7/11/2020 8:34:58 PM,LOWER IN-STREAM ARRAY,UPPER IN-STREAM ARRAY,6/27/2020,7,Bull Trout,R,Resident,W,Wild Fish or Natural Production,TUMFBY - TUM - Release into the Forebay within 0.5 km upstream of Dam,LADDER,Adult Passage Ladder,440,1
3DD.0077ADE632,CSS-2019-240-112.xml,CHL - Lower Chiwawa River,8/28/2019 5:33:36 PM,8/28/2019 5:36:02 PM,LOWER IN-STREAM ARRAY,LOWER IN-STREAM ARRAY,8/28/2019,7,Bull Trout,R,Resident,W,Wild Fish or Natural Production,"CHIWAT - Chiwawa River Trap, 0.5 km below CHIP acclimation pond",SCREWT,Screw Trap,270,1
3DD.0077ADED55,CSS-2019-233-112.xml,CHL - Lower Chiwawa River,8/21/2019 12:36:54 PM,8/21/2019 7:58:50 PM,LOWER IN-STREAM ARRAY,UPPER IN-STREAM ARRAY,8/21/2019,7,Bull Trout,R,Resident,W,Wild Fish or Natural Production,"CHIWAT - Chiwawa River Trap, 0.5 km below CHIP acclimation pond",SCREWT,Screw Trap,218,1
3DD.0077AE014A,NBD-2019-137-001.json,CHW - Chiwaukum Creek,7/4/2019 4:22:45 AM,7/5/2021 5:33:33 AM,DOWNSTREAM ARRAY,UPSTREAM ARRAY,6/20/2019,7,Bull Trout,R,Resident,W,Wild Fish or Natural Production,TUMFBY - TUM - Release into the Forebay within 0.5 km upstream of Dam,LADDER,Adult Passage Ladder,NA,1
3DD.0077AE014A,NBD-2019-137-001.json,ICL - Lower Icicle Instream Array,10/28/2019 8:34:23 PM,10/29/2019 4:38:07 AM,Downstream Array,Downstream Array,6/20/2019,7,Bull Trout,R,Resident,W,Wild Fish or Natural Production,TUMFBY - TUM - Release into the Forebay within 0.5 km upstream of Dam,LADDER,Adult Passage Ladder,NA,1
3DD.0077AE014A,NBD-2019-137-001.json,TUF - Tumwater Dam Adult Fishway,7/5/2020 10:51:37 AM,6/25/2021 2:26:41 PM,High Flow Ladder Entrance,WEIR 17,6/20/2019,7,Bull Trout,R,Resident,W,Wild Fish or Natural Production,TUMFBY - TUM - Release into the Forebay within 0.5 km upstream of Dam,LADDER,Adult Passage Ladder,NA,1
3DD.0077AE0F2D,CSS-2019-243-112.xml,UWE - Upper Wenatchee River,9/1/2019 10:21:41 PM,9/1/2019 10:21:42 PM,IN-STREAM ARRAY,IN-STREAM ARRAY,8/31/2019,7,Bull Trout,R,Resident,W,Wild Fish or Natural Production,"CHIWAT - Chiwawa River Trap, 0.5 km below CHIP acclimation pond",SCREWT,Screw Trap,390,1
3DD.0077AE1DF4,CSS-2019-259-112.xml,CHU - Upper Chiwawa River,6/18/2024 10:56:59 PM,6/18/2024 10:56:59 PM,UPPER IN-STREAM ARRAY,UPPER IN-STREAM ARRAY,9/16/2019,7,Bull Trout,R,Resident,W,Wild Fish or Natural Production,"CHIWAT - Chiwawa River Trap, 0.5 km below CHIP acclimation pond",SCREWT,Screw Trap,237,1
3DD.0077AE1DF4,CSS-2019-259-112.xml,UWE - Upper Wenatchee River,9/16/2019 9:28:01 PM,9/29/2022 7:08:15 PM,IN-STREAM ARRAY,IN-STREAM ARRAY,9/16/2019,7,Bull Trout,R,Resident,W,Wild Fish or Natural Production,"CHIWAT - Chiwawa River Trap, 0.5 km below CHIP acclimation pond",SCREWT,Screw Trap,237,1
3DD.0077AE23F2,CSS-2019-280-112.xml,CHL - Lower Chiwawa River,10/7/2019 10:05:03 AM,10/7/2019 6:16:19 PM,LOWER IN-STREAM ARRAY,UPPER IN-STREAM ARRAY,10/7/2019,7,Bull Trout,R,Resident,W,Wild Fish or Natural Production,"CHIWAT - Chiwawa River Trap, 0.5 km below CHIP acclimation pond",SCREWT,Screw Trap,218,1
3DD.0077AE23F2,CSS-2019-280-112.xml,UWE - Upper Wenatchee River,10/7/2019 11:00:14 PM,10/7/2019 11:00:15 PM,IN-STREAM ARRAY,IN-STREAM ARRAY,10/7/2019,7,Bull Trout,R,Resident,W,Wild Fish or Natural Production,"CHIWAT - Chiwawa River Trap, 0.5 km below CHIP acclimation pond",SCREWT,Screw Trap,218,1
3DD.0077AE320F,CSS-2019-234-112.xml,UWE - Upper Wenatchee River,8/22/2019 11:59:12 PM,8/22/2019 11:59:12 PM,IN-STREAM ARRAY,IN-STREAM ARRAY,8/22/2019,7,Bull Trout,R,Resident,W,Wild Fish or Natural Production,"CHIWAT - Chiwawa River Trap, 0.5 km below CHIP acclimation pond",SCREWT,Screw Trap,213,1
3DD.0077AE4221,CSS-2019-278-112.xml,CHL - Lower Chiwawa River,9/12/2021 2:16:10 AM,9/12/2021 2:16:26 AM,UPPER IN-STREAM ARRAY,LOWER IN-STREAM ARRAY,10/5/2019,7,Bull Trout,R,Resident,W,Wild Fish or Natural Production,"CHIWAT - Chiwawa River Trap, 0.5 km below CHIP acclimation pond",SCREWT,Screw Trap,288,1
3DD.0077AE4221,CSS-2019-278-112.xml,CHU - Upper Chiwawa River,7/23/2021 9:20:49 PM,6/16/2023 11:53:51 PM,LOWER IN-STREAM ARRAY,UPPER IN-STREAM ARRAY,10/5/2019,7,Bull Trout,R,Resident,W,Wild Fish or Natural Production,"CHIWAT - Chiwawa River Trap, 0.5 km below CHIP acclimation pond",SCREWT,Screw Trap,288,1
3DD.0077AE4221,CSS-2019-278-112.xml,UWE - Upper Wenatchee River,10/6/2019 12:05:08 AM,9/28/2022 9:35:10 PM,IN-STREAM ARRAY,IN-STREAM ARRAY,10/5/2019,7,Bull Trout,R,Resident,W,Wild Fish or Natural Production,"CHIWAT - Chiwawa River Trap, 0.5 km below CHIP acclimation pond",SCREWT,Screw Trap,288,1
3DD.0077AE4221,CSS-2019-278-112.xml,"WTL - White River, Wenatchee Basin",8/21/2020 3:09:47 AM,9/15/2020 9:28:47 PM,LOWER IN-STREAM ARRAY,UPPER IN-STREAM ARRAY,10/5/2019,7,Bull Trout,R,Resident,W,Wild Fish or Natural Production,"CHIWAT - Chiwawa River Trap, 0.5 km below CHIP acclimation pond",SCREWT,Screw Trap,288,1
3DD.0077B5DACC,CSS-2019-241-112.xml,CHL - Lower Chiwawa River,8/29/2019 12:30:24 PM,8/29/2019 12:31:55 PM,LOWER IN-STREAM ARRAY,UPPER IN-STREAM ARRAY,8/29/2019,7,Bull Trout,R,Resident,W,Wild Fish or Natural Production,"CHIWAT - Chiwawa River Trap, 0.5 km below CHIP acclimation pond",SCREWT,Screw Trap,292,1
3DD.0077B5E48A,CSS-2019-292-112.xml,LWN - Little Wenatchee River,6/21/2020 1:28:00 PM,6/21/2020 1:28:00 PM,LOWER IN-STREAM ARRAY,LOWER IN-STREAM ARRAY,10/19/2019,7,Bull Trout,R,Resident,W,Wild Fish or Natural Production,"CHIWAT - Chiwawa River Trap, 0.5 km below CHIP acclimation pond",SCREWT,Screw Trap,215,1
3DD.0077B5E48A,CSS-2019-292-112.xml,UWE - Upper Wenatchee River,10/20/2019 12:13:01 AM,10/20/2019 12:13:01 AM,IN-STREAM ARRAY,IN-STREAM ARRAY,10/19/2019,7,Bull Trout,R,Resident,W,Wild Fish or Natural Production,"CHIWAT - Chiwawa River Trap, 0.5 km below CHIP acclimation pond",SCREWT,Screw Trap,215,1
3DD.0077B5F0DB,NBD-2019-137-001.json,CHW - Chiwaukum Creek,7/13/2019 11:30:42 PM,7/8/2021 3:23:18 AM,DOWNSTREAM ARRAY,UPSTREAM ARRAY,7/3/2019,7,Bull Trout,R,Resident,W,Wild Fish or Natural Production,TUMFBY - TUM - Release into the Forebay within 0.5 km upstream of Dam,LADDER,Adult Passage Ladder,NA,1
3DD.0077B5F0DB,NBD-2019-137-001.json,ENL - Lower Entiat River,4/9/2020 9:10:18 PM,4/9/2020 9:10:18 PM,Downstream Array,Downstream Array,7/3/2019,7,Bull Trout,R,Resident,W,Wild Fish or Natural Production,TUMFBY - TUM - Release into the Forebay within 0.5 km upstream of Dam,LADDER,Adult Passage Ladder,NA,1
3DD.0077B5F0DB,NBD-2019-137-001.json,LWE - Lower Wenatchee River,11/30/2019 9:48:17 PM,10/29/2020 12:18:54 AM,UPSTREAM ANTENNA ARRAY,UPSTREAM ANTENNA ARRAY,7/3/2019,7,Bull Trout,R,Resident,W,Wild Fish or Natural Production,TUMFBY - TUM - Release into the Forebay within 0.5 km upstream of Dam,LADDER,Adult Passage Ladder,NA,1
3DD.0077B5F0DB,NBD-2019-137-001.json,RRF - Rocky Reach Fishway,12/11/2019 12:55:08 PM,12/11/2019 3:21:10 PM,Lower Weir,Trap,7/3/2019,7,Bull Trout,R,Resident,W,Wild Fish or Natural Production,TUMFBY - TUM - Release into the Forebay within 0.5 km upstream of Dam,LADDER,Adult Passage Ladder,NA,1
3DD.0077B5F0DB,NBD-2019-137-001.json,TUF - Tumwater Dam Adult Fishway,7/8/2019 1:23:14 PM,7/4/2021 7:42:23 PM,Low Flow Ladder Entrance,WEIR 14,7/3/2019,7,Bull Trout,R,Resident,W,Wild Fish or Natural Production,TUMFBY - TUM - Release into the Forebay within 0.5 km upstream of Dam,LADDER,Adult Passage Ladder,NA,1
3DD.0077B5F63F,CSS-2019-292-112.xml,CHL - Lower Chiwawa River,10/19/2019 6:31:24 PM,10/23/2019 11:13:16 PM,LOWER IN-STREAM ARRAY,LOWER IN-STREAM ARRAY,10/19/2019,7,Bull Trout,R,Resident,W,Wild Fish or Natural Production,"CHIWAT - Chiwawa River Trap, 0.5 km below CHIP acclimation pond",SCREWT,Screw Trap,205,1
3DD.0077B5F703,CSS-2019-292-112.xml,UWE - Upper Wenatchee River,10/19/2019 9:00:46 PM,10/19/2019 9:00:47 PM,IN-STREAM ARRAY,IN-STREAM ARRAY,10/19/2019,7,Bull Trout,R,Resident,W,Wild Fish or Natural Production,"CHIWAT - Chiwawa River Trap, 0.5 km below CHIP acclimation pond",SCREWT,Screw Trap,234,1
3DD.0077B6094C,CSS-2019-283-112.xml,UWE - Upper Wenatchee River,10/12/2019 5:24:22 PM,10/12/2019 5:24:23 PM,IN-STREAM ARRAY,IN-STREAM ARRAY,10/11/2019,7,Bull Trout,R,Resident,W,Wild Fish or Natural Production,"CHIWAT - Chiwawa River Trap, 0.5 km below CHIP acclimation pond",SCREWT,Screw Trap,195,1
3DD.0077B61770,CSS-2019-238-112.xml,CHL - Lower Chiwawa River,8/26/2019 11:08:13 AM,9/22/2023 2:47:09 AM,UPPER IN-STREAM ARRAY,LOWER IN-STREAM ARRAY,8/26/2019,7,Bull Trout,R,Resident,W,Wild Fish or Natural Production,"CHIWAT - Chiwawa River Trap, 0.5 km below CHIP acclimation pond",SCREWT,Screw Trap,225,1
3DD.0077B61770,CSS-2019-238-112.xml,CHU - Upper Chiwawa River,9/21/2023 11:38:17 PM,9/21/2023 11:38:26 PM,UPPER IN-STREAM ARRAY,LOWER IN-STREAM ARRAY,8/26/2019,7,Bull Trout,R,Resident,W,Wild Fish or Natural Production,"CHIWAT - Chiwawa River Trap, 0.5 km below CHIP acclimation pond",SCREWT,Screw Trap,225,1
3DD.0077B61770,CSS-2019-238-112.xml,UWE - Upper Wenatchee River,9/27/2022 10:25:14 PM,9/27/2022 10:25:14 PM,IN-STREAM ARRAY,IN-STREAM ARRAY,8/26/2019,7,Bull Trout,R,Resident,W,Wild Fish or Natural Production,"CHIWAT - Chiwawa River Trap, 0.5 km below CHIP acclimation pond",SCREWT,Screw Trap,225,1
3DD.0077B618F3,NBD-2019-137-001.json,CHW - Chiwaukum Creek,7/10/2019 3:05:09 AM,7/10/2019 3:05:46 AM,DOWNSTREAM ARRAY,UPSTREAM ARRAY,6/27/2019,7,Bull Trout,R,Resident,W,Wild Fish or Natural Production,TUMFBY - TUM - Release into the Forebay within 0.5 km upstream of Dam,LADDER,Adult Passage Ladder,NA,1
3DD.0077B61925,NBD-2019-137-001.json,CHW - Chiwaukum Creek,7/15/2019 3:26:35 AM,9/27/2021 7:12:31 PM,DOWNSTREAM ARRAY,DOWNSTREAM ARRAY,7/4/2019,7,Bull Trout,R,Resident,W,Wild Fish or Natural Production,TUMFBY - TUM - Release into the Forebay within 0.5 km upstream of Dam,LADDER,Adult Passage Ladder,NA,1
3DD.0077B61925,NBD-2019-137-001.json,TUF - Tumwater Dam Adult Fishway,7/11/2019 12:02:56 PM,7/22/2021 5:02:14 PM,Low Flow Ladder Entrance,WEIR 14,7/4/2019,7,Bull Trout,R,Resident,W,Wild Fish or Natural Production,TUMFBY - TUM - Release into the Forebay within 0.5 km upstream of Dam,LADDER,Adult Passage Ladder,NA,1
3DD.0077B6192B,NBD-2019-137-001.json,CHL - Lower Chiwawa River,7/8/2019 1:43:24 AM,9/19/2022 12:36:44 AM,UPPER IN-STREAM ARRAY,UPPER IN-STREAM ARRAY,7/2/2019,7,Bull Trout,R,Resident,W,Wild Fish or Natural Production,TUMFBY - TUM - Release into the Forebay within 0.5 km upstream of Dam,LADDER,Adult Passage Ladder,NA,1
3DD.0077B6192B,NBD-2019-137-001.json,CHU - Upper Chiwawa River,7/11/2019 11:41:51 PM,7/30/2022 9:42:36 PM,LOWER IN-STREAM ARRAY,UPPER IN-STREAM ARRAY,7/2/2019,7,Bull Trout,R,Resident,W,Wild Fish or Natural Production,TUMFBY - TUM - Release into the Forebay within 0.5 km upstream of Dam,LADDER,Adult Passage Ladder,NA,1
3DD.0077B6192B,NBD-2019-137-001.json,ICL - Lower Icicle Instream Array,7/9/2022 12:16:51 AM,7/9/2022 12:16:51 AM,Downstream Array,Downstream Array,7/2/2019,7,Bull Trout,R,Resident,W,Wild Fish or Natural Production,TUMFBY - TUM - Release into the Forebay within 0.5 km upstream of Dam,LADDER,Adult Passage Ladder,NA,1
3DD.0077B6192B,NBD-2019-137-001.json,LWE - Lower Wenatchee River,5/24/2021 1:50:28 AM,9/23/2022 7:51:41 PM,UPSTREAM ANTENNA ARRAY,DOWNSTREAM ANTENNA ARRAY,7/2/2019,7,Bull Trout,R,Resident,W,Wild Fish or Natural Production,TUMFBY - TUM - Release into the Forebay within 0.5 km upstream of Dam,LADDER,Adult Passage Ladder,NA,1
3DD.0077B6192B,NBD-2019-137-001.json,TUF - Tumwater Dam Adult Fishway,6/22/2020 7:04:29 PM,7/14/2022 11:18:35 PM,High Flow Ladder Entrance,WEIR 17,7/2/2019,7,Bull Trout,R,Resident,W,Wild Fish or Natural Production,TUMFBY - TUM - Release into the Forebay within 0.5 km upstream of Dam,LADDER,Adult Passage Ladder,NA,1
3DD.0077B619D9,CSS-2019-269-112.xml,CHL - Lower Chiwawa River,7/23/2022 12:06:00 AM,10/1/2023 1:52:57 AM,UPPER IN-STREAM ARRAY,LOWER IN-STREAM ARRAY,9/26/2019,7,Bull Trout,R,Resident,W,Wild Fish or Natural Production,"CHIWAT - Chiwawa River Trap, 0.5 km below CHIP acclimation pond",SCREWT,Screw Trap,209,1
3DD.0077B619D9,CSS-2019-269-112.xml,UWE - Upper Wenatchee River,9/27/2019 12:25:36 AM,10/10/2022 7:34:59 PM,IN-STREAM ARRAY,IN-STREAM ARRAY,9/26/2019,7,Bull Trout,R,Resident,W,Wild Fish or Natural Production,"CHIWAT - Chiwawa River Trap, 0.5 km below CHIP acclimation pond",SCREWT,Screw Trap,209,1
3DD.0077B61EDB,CSS-2019-278-112.xml,UWE - Upper Wenatchee River,10/5/2019 8:55:13 PM,10/5/2019 8:55:13 PM,IN-STREAM ARRAY,IN-STREAM ARRAY,10/5/2019,7,Bull Trout,R,Resident,W,Wild Fish or Natural Production,"CHIWAT - Chiwawa River Trap, 0.5 km below CHIP acclimation pond",SCREWT,Screw Trap,227,1
3DD.0077B62601,CSS-2019-293-112.xml,UWE - Upper Wenatchee River,10/21/2019 12:44:44 AM,10/21/2019 12:44:44 AM,IN-STREAM ARRAY,IN-STREAM ARRAY,10/20/2019,7,Bull Trout,R,Resident,W,Wild Fish or Natural Production,"CHIWAT - Chiwawa River Trap, 0.5 km below CHIP acclimation pond",SCREWT,Screw Trap,199,1
3DD.0077B6746F,NBD-2019-137-001.json,UWE - Upper Wenatchee River,7/16/2019 2:27:32 AM,7/16/2019 2:27:33 AM,IN-STREAM ARRAY,IN-STREAM ARRAY,7/9/2019,7,Bull Trout,R,Resident,W,Wild Fish or Natural Production,TUMFBY - TUM - Release into the Forebay within 0.5 km upstream of Dam,LADDER,Adult Passage Ladder,NA,1
3DD.0077B6794F,NBD-2020-140-001.xml,CHL - Lower Chiwawa River,7/7/2020 1:14:47 AM,9/11/2020 7:20:06 PM,LOWER IN-STREAM ARRAY,UPPER IN-STREAM ARRAY,6/29/2020,7,Bull Trout,R,Resident,W,Wild Fish or Natural Production,TUMFBY - TUM - Release into the Forebay within 0.5 km upstream of Dam,LADDER,Adult Passage Ladder,NA,1
3DD.0077B6794F,NBD-2020-140-001.xml,CHU - Upper Chiwawa River,9/11/2020 12:35:09 AM,9/11/2020 12:35:09 AM,LOWER IN-STREAM ARRAY,LOWER IN-STREAM ARRAY,6/29/2020,7,Bull Trout,R,Resident,W,Wild Fish or Natural Production,TUMFBY - TUM - Release into the Forebay within 0.5 km upstream of Dam,LADDER,Adult Passage Ladder,NA,1
3DD.0077B67B37,NBD-2019-137-001.json,CHW - Chiwaukum Creek,7/12/2019 3:53:14 AM,7/23/2021 3:51:37 AM,DOWNSTREAM ARRAY,UPSTREAM ARRAY,6/26/2019,7,Bull Trout,R,Resident,W,Wild Fish or Natural Production,TUMFBY - TUM - Release into the Forebay within 0.5 km upstream of Dam,LADDER,Adult Passage Ladder,NA,1
3DD.0077B67B37,NBD-2019-137-001.json,TUF - Tumwater Dam Adult Fishway,10/10/2019 8:29:15 PM,7/21/2021 7:24:56 AM,WEIR 3,WEIR 17,6/26/2019,7,Bull Trout,R,Resident,W,Wild Fish or Natural Production,TUMFBY - TUM - Release into the Forebay within 0.5 km upstream of Dam,LADDER,Adult Passage Ladder,NA,1
3DD.0077B67B81,CSS-2019-224-112.xml,CHL - Lower Chiwawa River,8/12/2019 2:45:35 PM,8/12/2019 2:46:53 PM,LOWER IN-STREAM ARRAY,UPPER IN-STREAM ARRAY,8/12/2019,7,Bull Trout,R,Resident,W,Wild Fish or Natural Production,"CHIWAT - Chiwawa River Trap, 0.5 km below CHIP acclimation pond",SCREWT,Screw Trap,229,1
3DD.0077B67C5E,NBD-2019-137-001.json,CHW - Chiwaukum Creek,6/26/2019 4:09:03 AM,6/26/2019 4:09:03 AM,DOWNSTREAM ARRAY,DOWNSTREAM ARRAY,6/18/2019,7,Bull Trout,R,Resident,W,Wild Fish or Natural Production,TUMFBY - TUM - Release into the Forebay within 0.5 km upstream of Dam,LADDER,Adult Passage Ladder,NA,1
3DD.0077B67E38,NBD-2019-137-001.json,CHW - Chiwaukum Creek,7/5/2019 12:22:45 AM,7/11/2019 12:29:14 AM,UPSTREAM ARRAY,UPSTREAM ARRAY,6/19/2019,7,Bull Trout,R,Resident,W,Wild Fish or Natural Production,TUMFBY - TUM - Release into the Forebay within 0.5 km upstream of Dam,LADDER,Adult Passage Ladder,NA,1
3DD.0077B682BD,NBD-2019-137-001.json,CHW - Chiwaukum Creek,7/4/2019 5:09:40 AM,9/21/2020 5:45:16 AM,DOWNSTREAM ARRAY,DOWNSTREAM ARRAY,6/27/2019,7,Bull Trout,R,Resident,W,Wild Fish or Natural Production,TUMFBY - TUM - Release into the Forebay within 0.5 km upstream of Dam,LADDER,Adult Passage Ladder,NA,1
3DD.0077B682BD,NBD-2019-137-001.json,TUF - Tumwater Dam Adult Fishway,6/20/2020 5:06:41 PM,6/13/2021 5:29:16 PM,High Flow Ladder Entrance,WEIR 17,6/27/2019,7,Bull Trout,R,Resident,W,Wild Fish or Natural Production,TUMFBY - TUM - Release into the Forebay within 0.5 km upstream of Dam,LADDER,Adult Passage Ladder,NA,1
3DD.0077B68409,NBD-2019-137-001.json,NAU - Upper Nason Creek,7/4/2019 11:52:21 PM,7/4/2019 11:52:39 PM,LOWER IN-STREAM ARRAY,UPPER IN-STREAM ARRAY,6/19/2019,7,Bull Trout,R,Resident,W,Wild Fish or Natural Production,TUMFBY - TUM - Release into the Forebay within 0.5 km upstream of Dam,LADDER,Adult Passage Ladder,NA,1
3DD.0077B68706,CSS-2019-243-112.xml,CHL - Lower Chiwawa River,7/8/2020 8:53:38 PM,9/23/2020 4:42:30 AM,LOWER IN-STREAM ARRAY,LOWER IN-STREAM ARRAY,8/31/2019,7,Bull Trout,R,Resident,W,Wild Fish or Natural Production,"CHIWAT - Chiwawa River Trap, 0.5 km below CHIP acclimation pond",SCREWT,Screw Trap,303,1
3DD.0077B68706,CSS-2019-243-112.xml,CHU - Upper Chiwawa River,9/23/2020 1:53:48 AM,9/23/2020 1:53:48 AM,UPPER IN-STREAM ARRAY,UPPER IN-STREAM ARRAY,8/31/2019,7,Bull Trout,R,Resident,W,Wild Fish or Natural Production,"CHIWAT - Chiwawa River Trap, 0.5 km below CHIP acclimation pond",SCREWT,Screw Trap,303,1
3DD.0077B68706,CSS-2019-243-112.xml,UWE - Upper Wenatchee River,8/31/2019 9:39:16 PM,9/23/2020 7:39:28 PM,IN-STREAM ARRAY,IN-STREAM ARRAY,8/31/2019,7,Bull Trout,R,Resident,W,Wild Fish or Natural Production,"CHIWAT - Chiwawa River Trap, 0.5 km below CHIP acclimation pond",SCREWT,Screw Trap,303,1
3DD.0077B68F65,NBD-2019-137-001.json,CHW - Chiwaukum Creek,7/18/2019 2:36:54 AM,7/18/2019 2:36:54 AM,UPSTREAM ARRAY,UPSTREAM ARRAY,7/4/2019,7,Bull Trout,R,Resident,W,Wild Fish or Natural Production,TUMFBY - TUM - Release into the Forebay within 0.5 km upstream of Dam,LADDER,Adult Passage Ladder,NA,1
3DD.0077B690DC,CSS-2019-287-112.xml,CHL - Lower Chiwawa River,9/26/2023 4:33:13 AM,9/29/2025 9:54:59 PM,UPPER IN-STREAM ARRAY,LOWER IN-STREAM ARRAY,10/14/2019,7,Bull Trout,R,Resident,W,Wild Fish or Natural Production,"CHIWAT - Chiwawa River Trap, 0.5 km below CHIP acclimation pond",SCREWT,Screw Trap,199,1
3DD.0077B690DC,CSS-2019-287-112.xml,CHU - Upper Chiwawa River,10/1/2022 3:17:04 AM,9/29/2025 4:35:50 AM,UPPER IN-STREAM ARRAY,LOWER IN-STREAM ARRAY,10/14/2019,7,Bull Trout,R,Resident,W,Wild Fish or Natural Production,"CHIWAT - Chiwawa River Trap, 0.5 km below CHIP acclimation pond",SCREWT,Screw Trap,199,1
3DD.0077B690DC,CSS-2019-287-112.xml,CWT - Chiwawa River Weir Trap Array,9/29/2025 9:34:23 PM,5/28/2026 1:12:13 AM,Single Pass,Single Pass,10/14/2019,7,Bull Trout,R,Resident,W,Wild Fish or Natural Production,"CHIWAT - Chiwawa River Trap, 0.5 km below CHIP acclimation pond",SCREWT,Screw Trap,199,1
3DD.0077B690DC,CSS-2019-287-112.xml,UWE - Upper Wenatchee River,10/15/2019 1:50:19 AM,10/1/2022 9:32:39 PM,IN-STREAM ARRAY,IN-STREAM ARRAY,10/14/2019,7,Bull Trout,R,Resident,W,Wild Fish or Natural Production,"CHIWAT - Chiwawa River Trap, 0.5 km below CHIP acclimation pond",SCREWT,Screw Trap,199,1
3DD.0077B690FA,CSS-2019-280-112.xml,CHL - Lower Chiwawa River,10/7/2019 10:49:22 AM,6/30/2024 12:02:26 AM,UPPER IN-STREAM ARRAY,UPPER IN-STREAM ARRAY,10/7/2019,7,Bull Trout,R,Resident,W,Wild Fish or Natural Production,"CHIWAT - Chiwawa River Trap, 0.5 km below CHIP acclimation pond",SCREWT,Screw Trap,224,1
3DD.0077B690FA,CSS-2019-280-112.xml,CHU - Upper Chiwawa River,7/12/2024 12:18:04 AM,7/12/2024 12:18:04 AM,UPPER IN-STREAM ARRAY,UPPER IN-STREAM ARRAY,10/7/2019,7,Bull Trout,R,Resident,W,Wild Fish or Natural Production,"CHIWAT - Chiwawa River Trap, 0.5 km below CHIP acclimation pond",SCREWT,Screw Trap,224,1
3DD.0077B690FA,CSS-2019-280-112.xml,NAL - Lower Nason Creek,6/18/2024 2:33:00 AM,6/18/2024 2:33:00 AM,UPPER IN-STREAM ARRAY,UPPER IN-STREAM ARRAY,10/7/2019,7,Bull Trout,R,Resident,W,Wild Fish or Natural Production,"CHIWAT - Chiwawa River Trap, 0.5 km below CHIP acclimation pond",SCREWT,Screw Trap,224,1
3DD.0077B690FA,CSS-2019-280-112.xml,UWE - Upper Wenatchee River,10/8/2019 1:27:47 AM,6/24/2023 9:40:15 PM,IN-STREAM ARRAY,IN-STREAM ARRAY,10/7/2019,7,Bull Trout,R,Resident,W,Wild Fish or Natural Production,"CHIWAT - Chiwawa River Trap, 0.5 km below CHIP acclimation pond",SCREWT,Screw Trap,224,1
3DD.0077B6931E,NBD-2019-137-001.json,CHW - Chiwaukum Creek,7/17/2019 12:38:02 AM,9/24/2020 8:32:39 PM,DOWNSTREAM ARRAY,DOWNSTREAM ARRAY,7/1/2019,7,Bull Trout,R,Resident,W,Wild Fish or Natural Production,TUMFBY - TUM - Release into the Forebay within 0.5 km upstream of Dam,LADDER,Adult Passage Ladder,430,1
3DD.0077B6931E,NBD-2019-137-001.json,TUF - Tumwater Dam Adult Fishway,7/9/2020 4:19:24 AM,7/16/2020 7:29:25 PM,High Flow Ladder Entrance,WEIR 3,7/1/2019,7,Bull Trout,R,Resident,W,Wild Fish or Natural Production,TUMFBY - TUM - Release into the Forebay within 0.5 km upstream of Dam,LADDER,Adult Passage Ladder,430,1
3DD.0077B6944C,NBD-2020-140-001.xml,CHW - Chiwaukum Creek,7/12/2020 9:15:31 PM,7/5/2021 3:34:01 AM,UPSTREAM ARRAY,UPSTREAM ARRAY,6/22/2020,7,Bull Trout,R,Resident,W,Wild Fish or Natural Production,TUMFBY - TUM - Release into the Forebay within 0.5 km upstream of Dam,LADDER,Adult Passage Ladder,NA,1
3DD.0077B69989,CSS-2019-292-112.xml,CHL - Lower Chiwawa River,10/19/2019 6:26:11 PM,10/9/2023 6:36:33 PM,LOWER IN-STREAM ARRAY,LOWER IN-STREAM ARRAY,10/19/2019,7,Bull Trout,R,Resident,W,Wild Fish or Natural Production,"CHIWAT - Chiwawa River Trap, 0.5 km below CHIP acclimation pond",SCREWT,Screw Trap,239,1
3DD.0077B69989,CSS-2019-292-112.xml,CHU - Upper Chiwawa River,7/13/2023 12:49:23 AM,10/7/2023 6:00:08 PM,LOWER IN-STREAM ARRAY,LOWER IN-STREAM ARRAY,10/19/2019,7,Bull Trout,R,Resident,W,Wild Fish or Natural Production,"CHIWAT - Chiwawa River Trap, 0.5 km below CHIP acclimation pond",SCREWT,Screw Trap,239,1
3DD.0077B69989,CSS-2019-292-112.xml,UWE - Upper Wenatchee River,10/21/2019 6:21:40 PM,10/21/2019 6:21:40 PM,IN-STREAM ARRAY,IN-STREAM ARRAY,10/19/2019,7,Bull Trout,R,Resident,W,Wild Fish or Natural Production,"CHIWAT - Chiwawa River Trap, 0.5 km below CHIP acclimation pond",SCREWT,Screw Trap,239,1
3DD.0077B69989,CSS-2019-292-112.xml,"WTL - White River, Wenatchee Basin",9/5/2020 10:39:33 AM,6/9/2025 2:44:35 AM,LOWER IN-STREAM ARRAY,LOWER IN-STREAM ARRAY,10/19/2019,7,Bull Trout,R,Resident,W,Wild Fish or Natural Production,"CHIWAT - Chiwawa River Trap, 0.5 km below CHIP acclimation pond",SCREWT,Screw Trap,239,1
3DD.0077B6A8C8,NBD-2020-140-001.xml,CHW - Chiwaukum Creek,7/6/2020 11:36:42 PM,9/28/2020 2:48:13 AM,UPSTREAM ARRAY,DOWNSTREAM ARRAY,6/22/2020,7,Bull Trout,R,Resident,W,Wild Fish or Natural Production,TUMFBY - TUM - Release into the Forebay within 0.5 km upstream of Dam,LADDER,Adult Passage Ladder,550,1
3DD.0077B6A8C8,NBD-2020-140-001.xml,ICL - Lower Icicle Instream Array,10/8/2020 9:07:20 PM,10/10/2020 7:05:36 PM,Downstream Array,Downstream Array,6/22/2020,7,Bull Trout,R,Resident,W,Wild Fish or Natural Production,TUMFBY - TUM - Release into the Forebay within 0.5 km upstream of Dam,LADDER,Adult Passage Ladder,550,1
3DD.0077B6AB40,NBD-2019-137-001.json,CHL - Lower Chiwawa River,7/15/2019 3:25:04 AM,7/15/2019 3:25:06 AM,LOWER IN-STREAM ARRAY,LOWER IN-STREAM ARRAY,7/4/2019,7,Bull Trout,R,Resident,W,Wild Fish or Natural Production,TUMFBY - TUM - Release into the Forebay within 0.5 km upstream of Dam,LADDER,Adult Passage Ladder,NA,1
3DD.0077B6ABF5,CSS-2019-252-112.xml,CHL - Lower Chiwawa River,9/9/2019 2:08:28 PM,9/9/2019 2:09:57 PM,LOWER IN-STREAM ARRAY,UPPER IN-STREAM ARRAY,9/9/2019,7,Bull Trout,R,Resident,W,Wild Fish or Natural Production,"CHIWAT - Chiwawa River Trap, 0.5 km below CHIP acclimation pond",SCREWT,Screw Trap,218,1
3DD.0077B6ACE0,CSS-2019-254-112.xml,UWE - Upper Wenatchee River,9/11/2019 10:13:15 PM,9/11/2019 10:13:16 PM,IN-STREAM ARRAY,IN-STREAM ARRAY,9/11/2019,7,Bull Trout,R,Resident,W,Wild Fish or Natural Production,"CHIWAT - Chiwawa River Trap, 0.5 km below CHIP acclimation pond",SCREWT,Screw Trap,226,1
3DD.0077B6B815,NBD-2019-137-001.json,CHW - Chiwaukum Creek,7/10/2019 1:58:26 AM,8/22/2020 12:55:20 AM,DOWNSTREAM ARRAY,DOWNSTREAM ARRAY,6/27/2019,7,Bull Trout,R,Resident,W,Wild Fish or Natural Production,TUMFBY - TUM - Release into the Forebay within 0.5 km upstream of Dam,LADDER,Adult Passage Ladder,NA,1
3DD.0077B6B815,NBD-2019-137-001.json,TUF - Tumwater Dam Adult Fishway,7/3/2020 2:23:25 PM,8/1/2020 6:47:08 AM,High Flow Ladder Entrance,WEIR 17,6/27/2019,7,Bull Trout,R,Resident,W,Wild Fish or Natural Production,TUMFBY - TUM - Release into the Forebay within 0.5 km upstream of Dam,LADDER,Adult Passage Ladder,NA,1
3DD.0077B6C2FC,CSS-2019-280-112.xml,UWE - Upper Wenatchee River,10/8/2019 4:54:41 AM,10/8/2019 4:54:42 AM,IN-STREAM ARRAY,IN-STREAM ARRAY,10/7/2019,7,Bull Trout,R,Resident,W,Wild Fish or Natural Production,"CHIWAT - Chiwawa River Trap, 0.5 km below CHIP acclimation pond",SCREWT,Screw Trap,154,1
3DD.0077B6D16B,NBD-2020-140-001.xml,CHW - Chiwaukum Creek,7/12/2020 11:53:55 PM,10/2/2020 4:44:04 AM,UPSTREAM ARRAY,DOWNSTREAM ARRAY,6/21/2020,7,Bull Trout,R,Resident,W,Wild Fish or Natural Production,TUMFBY - TUM - Release into the Forebay within 0.5 km upstream of Dam,LADDER,Adult Passage Ladder,NA,1
3DD.0077B6D16B,NBD-2020-140-001.xml,ICL - Lower Icicle Instream Array,8/5/2021 9:12:05 PM,8/29/2021 10:41:37 PM,Downstream Array,Downstream Array,6/21/2020,7,Bull Trout,R,Resident,W,Wild Fish or Natural Production,TUMFBY - TUM - Release into the Forebay within 0.5 km upstream of Dam,LADDER,Adult Passage Ladder,NA,1
3DD.0077B6D16B,NBD-2020-140-001.xml,TUF - Tumwater Dam Adult Fishway,6/29/2020 2:58:26 PM,8/3/2021 3:30:54 PM,High Flow Ladder Entrance,Low Flow Ladder Entrance,6/21/2020,7,Bull Trout,R,Resident,W,Wild Fish or Natural Production,TUMFBY - TUM - Release into the Forebay within 0.5 km upstream of Dam,LADDER,Adult Passage Ladder,NA,1
3DD.0077B6D1E5,NBD-2020-140-001.xml,TUF - Tumwater Dam Adult Fishway,5/19/2020 11:59:00 AM,5/24/2020 12:41:36 AM,WEIR 14,High Flow Ladder Entrance,5/19/2020,7,Bull Trout,R,Resident,W,Wild Fish or Natural Production,TUMFBY - TUM - Release into the Forebay within 0.5 km upstream of Dam,LADDER,Adult Passage Ladder,125,1
3DD.0077B6E000,CSS-2019-292-112.xml,CHL - Lower Chiwawa River,10/19/2019 7:32:34 PM,10/22/2019 6:48:04 PM,LOWER IN-STREAM ARRAY,LOWER IN-STREAM ARRAY,10/19/2019,7,Bull Trout,R,Resident,W,Wild Fish or Natural Production,"CHIWAT - Chiwawa River Trap, 0.5 km below CHIP acclimation pond",SCREWT,Screw Trap,194,1
3DD.0077B6E000,CSS-2019-292-112.xml,UWE - Upper Wenatchee River,10/23/2019 12:11:36 PM,10/23/2019 12:11:36 PM,IN-STREAM ARRAY,IN-STREAM ARRAY,10/19/2019,7,Bull Trout,R,Resident,W,Wild Fish or Natural Production,"CHIWAT - Chiwawa River Trap, 0.5 km below CHIP acclimation pond",SCREWT,Screw Trap,194,1
3DD.0077B6E1D2,CSS-2019-292-112.xml,CHL - Lower Chiwawa River,10/19/2019 4:09:08 PM,7/22/2023 11:49:03 PM,UPPER IN-STREAM ARRAY,LOWER IN-STREAM ARRAY,10/19/2019,7,Bull Trout,R,Resident,W,Wild Fish or Natural Production,"CHIWAT - Chiwawa River Trap, 0.5 km below CHIP acclimation pond",SCREWT,Screw Trap,258,1
3DD.0077B6E1D2,CSS-2019-292-112.xml,CHU - Upper Chiwawa River,7/10/2023 9:54:31 PM,9/25/2024 10:29:59 PM,LOWER IN-STREAM ARRAY,LOWER IN-STREAM ARRAY,10/19/2019,7,Bull Trout,R,Resident,W,Wild Fish or Natural Production,"CHIWAT - Chiwawa River Trap, 0.5 km below CHIP acclimation pond",SCREWT,Screw Trap,258,1
3DD.0077B6E1D2,CSS-2019-292-112.xml,NAL - Lower Nason Creek,4/1/2024 10:56:23 PM,4/2/2024 11:35:57 PM,LOWER IN-STREAM ARRAY,LOWER IN-STREAM ARRAY,10/19/2019,7,Bull Trout,R,Resident,W,Wild Fish or Natural Production,"CHIWAT - Chiwawa River Trap, 0.5 km below CHIP acclimation pond",SCREWT,Screw Trap,258,1
3DD.0077B6E2A1,CSS-2019-269-112.xml,LWN - Little Wenatchee River,10/25/2019 7:51:52 AM,6/28/2020 12:03:04 AM,LOWER IN-STREAM ARRAY,UPPER IN-STREAM ARRAY,9/26/2019,7,Bull Trout,R,Resident,W,Wild Fish or Natural Production,"CHIWAT - Chiwawa River Trap, 0.5 km below CHIP acclimation pond",SCREWT,Screw Trap,445,1
3DD.0077B6E46E,NBD-2019-137-001.json,CHL - Lower Chiwawa River,9/23/2019 2:20:22 AM,9/23/2019 2:20:33 AM,UPPER IN-STREAM ARRAY,LOWER IN-STREAM ARRAY,6/17/2019,7,Bull Trout,R,Resident,W,Wild Fish or Natural Production,TUMFBY - TUM - Release into the Forebay within 0.5 km upstream of Dam,LADDER,Adult Passage Ladder,NA,1
3DD.0077B6E46E,NBD-2019-137-001.json,CHU - Upper Chiwawa River,9/22/2019 7:53:22 PM,9/17/2020 2:14:50 AM,LOWER IN-STREAM ARRAY,LOWER IN-STREAM ARRAY,6/17/2019,7,Bull Trout,R,Resident,W,Wild Fish or Natural Production,TUMFBY - TUM - Release into the Forebay within 0.5 km upstream of Dam,LADDER,Adult Passage Ladder,NA,1
3DD.0077B6E46E,NBD-2019-137-001.json,TUF - Tumwater Dam Adult Fishway,7/4/2020 4:51:01 AM,7/7/2020 12:26:40 PM,High Flow Ladder Entrance,WEIR 17,6/17/2019,7,Bull Trout,R,Resident,W,Wild Fish or Natural Production,TUMFBY - TUM - Release into the Forebay within 0.5 km upstream of Dam,LADDER,Adult Passage Ladder,NA,1
3DD.0077B6F73C,CSS-2019-266-112.xml,CHL - Lower Chiwawa River,9/23/2019 11:08:34 AM,9/24/2019 1:12:33 AM,UPPER IN-STREAM ARRAY,LOWER IN-STREAM ARRAY,9/23/2019,7,Bull Trout,R,Resident,W,Wild Fish or Natural Production,"CHIWAT - Chiwawa River Trap, 0.5 km below CHIP acclimation pond",SCREWT,Screw Trap,236,1
3DD.0077B6F73C,CSS-2019-266-112.xml,UWE - Upper Wenatchee River,9/24/2019 4:03:36 AM,9/24/2019 4:03:37 AM,IN-STREAM ARRAY,IN-STREAM ARRAY,9/23/2019,7,Bull Trout,R,Resident,W,Wild Fish or Natural Production,"CHIWAT - Chiwawa River Trap, 0.5 km below CHIP acclimation pond",SCREWT,Screw Trap,236,1
3DD.0077B6FC63,NBD-2019-137-001.json,CHW - Chiwaukum Creek,7/1/2019 12:02:00 AM,7/22/2022 10:54:20 AM,DOWNSTREAM ARRAY,UPSTREAM ARRAY,6/17/2019,7,Bull Trout,R,Resident,W,Wild Fish or Natural Production,TUMFBY - TUM - Release into the Forebay within 0.5 km upstream of Dam,LADDER,Adult Passage Ladder,NA,1
3DD.0077B6FC63,NBD-2019-137-001.json,ICL - Lower Icicle Instream Array,8/3/2021 5:12:02 AM,9/20/2021 9:01:24 PM,Downstream Array,Downstream Array,6/17/2019,7,Bull Trout,R,Resident,W,Wild Fish or Natural Production,TUMFBY - TUM - Release into the Forebay within 0.5 km upstream of Dam,LADDER,Adult Passage Ladder,NA,1
3DD.0077B6FC63,NBD-2019-137-001.json,LWE - Lower Wenatchee River,11/5/2019 5:19:37 AM,11/5/2019 5:19:38 AM,DOWNSTREAM ANTENNA ARRAY,DOWNSTREAM ANTENNA ARRAY,6/17/2019,7,Bull Trout,R,Resident,W,Wild Fish or Natural Production,TUMFBY - TUM - Release into the Forebay within 0.5 km upstream of Dam,LADDER,Adult Passage Ladder,NA,1
3DD.0077B6FC63,NBD-2019-137-001.json,TUF - Tumwater Dam Adult Fishway,6/29/2020 5:03:20 PM,7/20/2022 3:23:19 PM,High Flow Ladder Entrance,WEIR 17,6/17/2019,7,Bull Trout,R,Resident,W,Wild Fish or Natural Production,TUMFBY - TUM - Release into the Forebay within 0.5 km upstream of Dam,LADDER,Adult Passage Ladder,NA,1
3DD.0077B6FFC8,CSS-2019-239-112.xml,CHL - Lower Chiwawa River,9/13/2021 1:22:55 AM,9/15/2023 7:00:27 PM,UPPER IN-STREAM ARRAY,LOWER IN-STREAM ARRAY,8/27/2019,7,Bull Trout,R,Resident,W,Wild Fish or Natural Production,"CHIWAT - Chiwawa River Trap, 0.5 km below CHIP acclimation pond",SCREWT,Screw Trap,235,1
3DD.0077B6FFC8,CSS-2019-239-112.xml,CHU - Upper Chiwawa River,9/12/2021 7:43:27 PM,9/14/2023 11:45:52 PM,LOWER IN-STREAM ARRAY,LOWER IN-STREAM ARRAY,8/27/2019,7,Bull Trout,R,Resident,W,Wild Fish or Natural Production,"CHIWAT - Chiwawa River Trap, 0.5 km below CHIP acclimation pond",SCREWT,Screw Trap,235,1
3DD.0077B6FFC8,CSS-2019-239-112.xml,CHW - Chiwaukum Creek,8/31/2019 4:29:57 AM,10/19/2019 6:24:45 PM,DOWNSTREAM ARRAY,DOWNSTREAM ARRAY,8/27/2019,7,Bull Trout,R,Resident,W,Wild Fish or Natural Production,"CHIWAT - Chiwawa River Trap, 0.5 km below CHIP acclimation pond",SCREWT,Screw Trap,235,1
3DD.0077B70091,CSS-2019-255-112.xml,UWE - Upper Wenatchee River,9/12/2019 10:13:50 PM,9/12/2019 10:13:50 PM,IN-STREAM ARRAY,IN-STREAM ARRAY,9/12/2019,7,Bull Trout,R,Resident,W,Wild Fish or Natural Production,"CHIWAT - Chiwawa River Trap, 0.5 km below CHIP acclimation pond",SCREWT,Screw Trap,231,1
3DD.0077B700EE,CSS-2019-244-112.xml,UWE - Upper Wenatchee River,9/4/2019 8:01:10 PM,9/4/2019 8:01:11 PM,IN-STREAM ARRAY,IN-STREAM ARRAY,9/1/2019,7,Bull Trout,R,Resident,W,Wild Fish or Natural Production,"CHIWAT - Chiwawa River Trap, 0.5 km below CHIP acclimation pond",SCREWT,Screw Trap,252,1
3DD.0077BC2049,NBD-2019-137-001.json,ICL - Lower Icicle Instream Array,8/23/2019 11:08:49 PM,8/23/2019 11:08:49 PM,Downstream Array,Downstream Array,7/3/2019,7,Bull Trout,R,Resident,W,Wild Fish or Natural Production,TUMFBY - TUM - Release into the Forebay within 0.5 km upstream of Dam,LADDER,Adult Passage Ladder,NA,1
3DD.0077BC2049,NBD-2019-137-001.json,RRF - Rocky Reach Fishway,11/12/2019 4:26:24 PM,11/12/2019 4:42:49 PM,Lower Weir,Trap,7/3/2019,7,Bull Trout,R,Resident,W,Wild Fish or Natural Production,TUMFBY - TUM - Release into the Forebay within 0.5 km upstream of Dam,LADDER,Adult Passage Ladder,NA,1
3DD.0077BC3711,CSS-2019-239-112.xml,CHL - Lower Chiwawa River,8/27/2019 12:40:35 PM,9/18/2019 7:12:12 PM,LOWER IN-STREAM ARRAY,UPPER IN-STREAM ARRAY,8/27/2019,7,Bull Trout,R,Resident,W,Wild Fish or Natural Production,"CHIWAT - Chiwawa River Trap, 0.5 km below CHIP acclimation pond",SCREWT,Screw Trap,257,1
3DD.0077BC3711,CSS-2019-239-112.xml,UWE - Upper Wenatchee River,9/18/2019 11:19:08 PM,9/18/2019 11:19:09 PM,IN-STREAM ARRAY,IN-STREAM ARRAY,8/27/2019,7,Bull Trout,R,Resident,W,Wild Fish or Natural Production,"CHIWAT - Chiwawa River Trap, 0.5 km below CHIP acclimation pond",SCREWT,Screw Trap,257,1
3DD.0077BC3B4F,CSS-2019-275-112.xml,CHL - Lower Chiwawa River,11/11/2019 10:08:44 PM,11/9/2024 5:00:03 PM,LOWER IN-STREAM ARRAY,LOWER IN-STREAM ARRAY,10/2/2019,7,Bull Trout,R,Resident,W,Wild Fish or Natural Production,"CHIWAT - Chiwawa River Trap, 0.5 km below CHIP acclimation pond",SCREWT,Screw Trap,515,1
3DD.0077BC3B4F,CSS-2019-275-112.xml,CHU - Upper Chiwawa River,9/23/2020 11:47:47 PM,9/25/2024 2:39:37 AM,UPPER IN-STREAM ARRAY,LOWER IN-STREAM ARRAY,10/2/2019,7,Bull Trout,R,Resident,W,Wild Fish or Natural Production,"CHIWAT - Chiwawa River Trap, 0.5 km below CHIP acclimation pond",SCREWT,Screw Trap,515,1
3DD.0077BC3B4F,CSS-2019-275-112.xml,CWT - Chiwawa River Weir Trap Array,11/2/2024 9:33:03 PM,11/4/2024 12:19:56 AM,Single Pass,Single Pass,10/2/2019,7,Bull Trout,R,Resident,W,Wild Fish or Natural Production,"CHIWAT - Chiwawa River Trap, 0.5 km below CHIP acclimation pond",SCREWT,Screw Trap,515,1
3DD.0077BC3B4F,CSS-2019-275-112.xml,UWE - Upper Wenatchee River,12/21/2019 7:26:50 AM,2/17/2024 9:21:21 PM,IN-STREAM ARRAY,IN-STREAM ARRAY,10/2/2019,7,Bull Trout,R,Resident,W,Wild Fish or Natural Production,"CHIWAT - Chiwawa River Trap, 0.5 km below CHIP acclimation pond",SCREWT,Screw Trap,515,1
3DD.0077BC4897,NBD-2019-137-001.json,NAL - Lower Nason Creek,6/29/2019 11:28:26 PM,6/29/2019 11:28:44 PM,LOWER IN-STREAM ARRAY,UPPER IN-STREAM ARRAY,6/19/2019,7,Bull Trout,R,Resident,W,Wild Fish or Natural Production,TUMFBY - TUM - Release into the Forebay within 0.5 km upstream of Dam,LADDER,Adult Passage Ladder,NA,1
3DD.0077BC4897,NBD-2019-137-001.json,NAU - Upper Nason Creek,7/4/2019 1:02:35 AM,7/20/2019 9:30:32 PM,LOWER IN-STREAM ARRAY,UPPER IN-STREAM ARRAY,6/19/2019,7,Bull Trout,R,Resident,W,Wild Fish or Natural Production,TUMFBY - TUM - Release into the Forebay within 0.5 km upstream of Dam,LADDER,Adult Passage Ladder,NA,1
3DD.0077BC8992,CSS-2019-241-112.xml,CHL - Lower Chiwawa River,8/29/2019 7:41:36 PM,9/17/2019 7:48:19 PM,LOWER IN-STREAM ARRAY,LOWER IN-STREAM ARRAY,8/29/2019,7,Bull Trout,R,Resident,W,Wild Fish or Natural Production,"CHIWAT - Chiwawa River Trap, 0.5 km below CHIP acclimation pond",SCREWT,Screw Trap,440,1
3DD.0077BC8992,CSS-2019-241-112.xml,CHU - Upper Chiwawa River,9/2/2019 1:44:50 AM,9/15/2019 8:43:40 PM,LOWER IN-STREAM ARRAY,LOWER IN-STREAM ARRAY,8/29/2019,7,Bull Trout,R,Resident,W,Wild Fish or Natural Production,"CHIWAT - Chiwawa River Trap, 0.5 km below CHIP acclimation pond",SCREWT,Screw Trap,440,1
3DD.0077BC8992,CSS-2019-241-112.xml,UWE - Upper Wenatchee River,9/17/2019 10:04:12 PM,6/2/2020 9:35:50 PM,IN-STREAM ARRAY,IN-STREAM ARRAY,8/29/2019,7,Bull Trout,R,Resident,W,Wild Fish or Natural Production,"CHIWAT - Chiwawa River Trap, 0.5 km below CHIP acclimation pond",SCREWT,Screw Trap,440,1
3DD.0077BCA2DE,CSS-2019-292-112.xml,CHL - Lower Chiwawa River,10/19/2019 6:12:44 PM,10/19/2019 6:12:45 PM,LOWER IN-STREAM ARRAY,LOWER IN-STREAM ARRAY,10/19/2019,7,Bull Trout,R,Resident,W,Wild Fish or Natural Production,"CHIWAT - Chiwawa River Trap, 0.5 km below CHIP acclimation pond",SCREWT,Screw Trap,227,1
3DD.0077BCA2DE,CSS-2019-292-112.xml,CHU - Upper Chiwawa River,6/22/2023 3:08:24 AM,6/22/2023 3:08:24 AM,UPPER IN-STREAM ARRAY,UPPER IN-STREAM ARRAY,10/19/2019,7,Bull Trout,R,Resident,W,Wild Fish or Natural Production,"CHIWAT - Chiwawa River Trap, 0.5 km below CHIP acclimation pond",SCREWT,Screw Trap,227,1
3DD.0077BCA2DE,CSS-2019-292-112.xml,UWE - Upper Wenatchee River,10/24/2019 5:20:56 PM,10/24/2019 5:21:08 PM,IN-STREAM ARRAY,IN-STREAM ARRAY,10/19/2019,7,Bull Trout,R,Resident,W,Wild Fish or Natural Production,"CHIWAT - Chiwawa River Trap, 0.5 km below CHIP acclimation pond",SCREWT,Screw Trap,227,1
3DD.0077CEA219,NBD-2019-137-001.json,CHW - Chiwaukum Creek,7/1/2019 3:43:45 AM,6/26/2021 1:32:05 PM,DOWNSTREAM ARRAY,UPSTREAM ARRAY,6/11/2019,7,Bull Trout,R,Resident,W,Wild Fish or Natural Production,TUMFBY - TUM - Release into the Forebay within 0.5 km upstream of Dam,LADDER,Adult Passage Ladder,NA,1
3DD.0077CEA219,NBD-2019-137-001.json,ICL - Lower Icicle Instream Array,1/16/2020 10:40:45 PM,1/21/2020 6:33:46 AM,Downstream Array,Downstream Array,6/11/2019,7,Bull Trout,R,Resident,W,Wild Fish or Natural Production,TUMFBY - TUM - Release into the Forebay within 0.5 km upstream of Dam,LADDER,Adult Passage Ladder,NA,1
3DD.0077CEA219,NBD-2019-137-001.json,TUF - Tumwater Dam Adult Fishway,6/19/2020 8:50:27 PM,6/19/2020 10:01:31 PM,High Flow Ladder Entrance,WEIR 17,6/11/2019,7,Bull Trout,R,Resident,W,Wild Fish or Natural Production,TUMFBY - TUM - Release into the Forebay within 0.5 km upstream of Dam,LADDER,Adult Passage Ladder,NA,1
3DD.0077CF27E2,NBD-2018-319-AAZ.xml,TUF - Tumwater Dam Adult Fishway,1/2/2019 12:45:17 AM,1/2/2019 12:45:17 AM,Low Flow Ladder Entrance,Low Flow Ladder Entrance,11/15/2018,7,Bull Trout,R,Resident,W,Wild Fish or Natural Production,"CHIWAT - Chiwawa River Trap, 0.5 km below CHIP acclimation pond",SCREWT,Screw Trap,190,1
3DD.0077CF2DCE,CSS-2019-256-112.xml,CHL - Lower Chiwawa River,9/13/2019 2:17:31 PM,9/13/2019 2:19:15 PM,LOWER IN-STREAM ARRAY,UPPER IN-STREAM ARRAY,9/13/2019,7,Bull Trout,R,Resident,W,Wild Fish or Natural Production,"CHIWAT - Chiwawa River Trap, 0.5 km below CHIP acclimation pond",SCREWT,Screw Trap,229,1
3DD.0077CF2DCE,CSS-2019-256-112.xml,UWE - Upper Wenatchee River,9/13/2019 9:56:34 PM,9/13/2019 9:56:34 PM,IN-STREAM ARRAY,IN-STREAM ARRAY,9/13/2019,7,Bull Trout,R,Resident,W,Wild Fish or Natural Production,"CHIWAT - Chiwawa River Trap, 0.5 km below CHIP acclimation pond",SCREWT,Screw Trap,229,1
3DD.0077CF683B,CSS-2019-083-112.xml,CHL - Lower Chiwawa River,7/28/2019 11:53:24 PM,9/19/2019 4:44:02 AM,UPPER IN-STREAM ARRAY,UPPER IN-STREAM ARRAY,3/24/2019,7,Bull Trout,R,Resident,W,Wild Fish or Natural Production,"CHIWAT - Chiwawa River Trap, 0.5 km below CHIP acclimation pond",SCREWT,Screw Trap,230,1
3DD.0077CF683B,CSS-2019-083-112.xml,UWE - Upper Wenatchee River,9/19/2019 10:32:37 PM,9/19/2019 10:32:38 PM,IN-STREAM ARRAY,IN-STREAM ARRAY,3/24/2019,7,Bull Trout,R,Resident,W,Wild Fish or Natural Production,"CHIWAT - Chiwawa River Trap, 0.5 km below CHIP acclimation pond",SCREWT,Screw Trap,230,1
3DD.0077D7C055,NBD-2020-140-001.xml,CHL - Lower Chiwawa River,9/16/2021 1:29:50 AM,9/30/2023 10:43:50 PM,UPPER IN-STREAM ARRAY,LOWER IN-STREAM ARRAY,7/11/2020,7,Bull Trout,R,Resident,W,Wild Fish or Natural Production,TUMFBY - TUM - Release into the Forebay within 0.5 km upstream of Dam,LADDER,Adult Passage Ladder,270,1
3DD.0077D7C055,NBD-2020-140-001.xml,CHU - Upper Chiwawa River,8/2/2021 10:54:01 PM,9/30/2023 7:24:35 PM,LOWER IN-STREAM ARRAY,LOWER IN-STREAM ARRAY,7/11/2020,7,Bull Trout,R,Resident,W,Wild Fish or Natural Production,TUMFBY - TUM - Release into the Forebay within 0.5 km upstream of Dam,LADDER,Adult Passage Ladder,270,1
3DD.0077D7C055,NBD-2020-140-001.xml,UWE - Upper Wenatchee River,7/19/2022 3:04:08 AM,7/19/2022 3:04:08 AM,IN-STREAM ARRAY,IN-STREAM ARRAY,7/11/2020,7,Bull Trout,R,Resident,W,Wild Fish or Natural Production,TUMFBY - TUM - Release into the Forebay within 0.5 km upstream of Dam,LADDER,Adult Passage Ladder,270,1
3DD.0077D7DCCD,NBD-2020-140-001.xml,CHW - Chiwaukum Creek,9/26/2020 3:49:29 AM,7/26/2022 11:10:11 PM,UPSTREAM ARRAY,UPSTREAM ARRAY,7/12/2020,7,Bull Trout,R,Resident,W,Wild Fish or Natural Production,TUMFBY - TUM - Release into the Forebay within 0.5 km upstream of Dam,LADDER,Adult Passage Ladder,570,1
3DD.0077D7DCCD,NBD-2020-140-001.xml,TUF - Tumwater Dam Adult Fishway,7/6/2021 3:35:17 PM,7/21/2022 5:01:00 PM,High Flow Ladder Entrance,WEIR 17,7/12/2020,7,Bull Trout,R,Resident,W,Wild Fish or Natural Production,TUMFBY - TUM - Release into the Forebay within 0.5 km upstream of Dam,LADDER,Adult Passage Ladder,570,1
3DD.0077D8044F,NBD-2020-140-001.xml,CHW - Chiwaukum Creek,7/9/2020 11:39:01 PM,9/20/2020 9:20:11 PM,UPSTREAM ARRAY,DOWNSTREAM ARRAY,7/6/2020,7,Bull Trout,R,Resident,W,Wild Fish or Natural Production,TUMFBY - TUM - Release into the Forebay within 0.5 km upstream of Dam,LADDER,Adult Passage Ladder,NA,1
3DD.0077D8044F,NBD-2020-140-001.xml,LWE - Lower Wenatchee River,9/26/2020 3:55:27 AM,9/30/2020 7:48:33 PM,UPSTREAM ANTENNA ARRAY,DOWNSTREAM ANTENNA ARRAY,7/6/2020,7,Bull Trout,R,Resident,W,Wild Fish or Natural Production,TUMFBY - TUM - Release into the Forebay within 0.5 km upstream of Dam,LADDER,Adult Passage Ladder,NA,1
3DD.0077D80471,NBD-2020-140-001.xml,CHW - Chiwaukum Creek,7/18/2020 10:41:00 PM,7/19/2021 3:21:41 AM,DOWNSTREAM ARRAY,UPSTREAM ARRAY,7/7/2020,7,Bull Trout,R,Resident,W,Wild Fish or Natural Production,TUMFBY - TUM - Release into the Forebay within 0.5 km upstream of Dam,LADDER,Adult Passage Ladder,NA,1
3DD.0077D80471,NBD-2020-140-001.xml,TUF - Tumwater Dam Adult Fishway,7/17/2021 7:45:08 AM,7/17/2021 8:54:40 AM,High Flow Ladder Entrance,WEIR 17,7/7/2020,7,Bull Trout,R,Resident,W,Wild Fish or Natural Production,TUMFBY - TUM - Release into the Forebay within 0.5 km upstream of Dam,LADDER,Adult Passage Ladder,NA,1
3DD.0077D80C6C,NBD-2020-140-001.xml,CHW - Chiwaukum Creek,7/20/2020 5:44:29 AM,7/23/2020 7:18:49 AM,DOWNSTREAM ARRAY,UPSTREAM ARRAY,7/6/2020,7,Bull Trout,R,Resident,W,Wild Fish or Natural Production,TUMFBY - TUM - Release into the Forebay within 0.5 km upstream of Dam,LADDER,Adult Passage Ladder,NA,1
3DD.0077D80C6C,NBD-2020-140-001.xml,ICL - Lower Icicle Instream Array,7/28/2020 3:08:20 AM,7/28/2020 2:55:41 PM,Downstream Array,Downstream Array,7/6/2020,7,Bull Trout,R,Resident,W,Wild Fish or Natural Production,TUMFBY - TUM - Release into the Forebay within 0.5 km upstream of Dam,LADDER,Adult Passage Ladder,NA,1
3DD.0077D84C44,NBD-2020-140-001.xml,TUF - Tumwater Dam Adult Fishway,7/15/2020 7:09:55 PM,8/3/2020 1:02:28 PM,High Flow Ladder Entrance,Low Flow Ladder Entrance,7/12/2020,7,Bull Trout,R,Resident,W,Wild Fish or Natural Production,TUMFBY - TUM - Release into the Forebay within 0.5 km upstream of Dam,LADDER,Adult Passage Ladder,440,1
3DD.0077D84E0A,NBD-2020-140-001.xml,CHW - Chiwaukum Creek,9/24/2020 4:38:42 AM,7/11/2021 3:02:00 AM,UPSTREAM ARRAY,DOWNSTREAM ARRAY,7/2/2020,7,Bull Trout,R,Resident,W,Wild Fish or Natural Production,TUMFBY - TUM - Release into the Forebay within 0.5 km upstream of Dam,LADDER,Adult Passage Ladder,NA,1
3DD.0077D84E0A,NBD-2020-140-001.xml,TUF - Tumwater Dam Adult Fishway,7/6/2021 11:44:30 AM,7/6/2021 7:56:58 PM,WEIR 14,WEIR 17,7/2/2020,7,Bull Trout,R,Resident,W,Wild Fish or Natural Production,TUMFBY - TUM - Release into the Forebay within 0.5 km upstream of Dam,LADDER,Adult Passage Ladder,NA,1
3DD.0077D85A2C,NBD-2020-140-001.xml,CHW - Chiwaukum Creek,7/30/2020 11:33:13 AM,6/7/2024 5:10:24 PM,UPSTREAM ARRAY,UPSTREAM ARRAY,7/15/2020,7,Bull Trout,R,Resident,W,Wild Fish or Natural Production,TUMFBY - TUM - Release into the Forebay within 0.5 km upstream of Dam,LADDER,Adult Passage Ladder,NA,1
3DD.0077D8683D,NBD-2020-140-001.xml,CHL - Lower Chiwawa River,7/18/2020 1:23:14 AM,7/18/2020 1:23:14 AM,LOWER IN-STREAM ARRAY,LOWER IN-STREAM ARRAY,7/10/2020,7,Bull Trout,R,Resident,W,Wild Fish or Natural Production,TUMFBY - TUM - Release into the Forebay within 0.5 km upstream of Dam,LADDER,Adult Passage Ladder,470,1
3DD.0077D8683D,NBD-2020-140-001.xml,ICL - Lower Icicle Instream Array,7/10/2021 10:51:50 PM,7/25/2021 9:02:45 PM,Downstream Array,Upstream Array,7/10/2020,7,Bull Trout,R,Resident,W,Wild Fish or Natural Production,TUMFBY - TUM - Release into the Forebay within 0.5 km upstream of Dam,LADDER,Adult Passage Ladder,470,1
3DD.0077D8683D,NBD-2020-140-001.xml,TUF - Tumwater Dam Adult Fishway,7/31/2021 1:10:41 PM,7/31/2021 3:20:12 PM,Low Flow Ladder Entrance,WEIR 17,7/10/2020,7,Bull Trout,R,Resident,W,Wild Fish or Natural Production,TUMFBY - TUM - Release into the Forebay within 0.5 km upstream of Dam,LADDER,Adult Passage Ladder,470,1
3DD.0077D884A8,NBD-2020-140-001.xml,CHL - Lower Chiwawa River,7/21/2020 4:02:13 AM,10/3/2020 1:12:07 AM,LOWER IN-STREAM ARRAY,UPPER IN-STREAM ARRAY,7/6/2020,7,Bull Trout,R,Resident,W,Wild Fish or Natural Production,TUMFBY - TUM - Release into the Forebay within 0.5 km upstream of Dam,LADDER,Adult Passage Ladder,NA,1
3DD.0077D89B99,NBD-2020-140-001.xml,CHW - Chiwaukum Creek,7/16/2020 12:13:10 AM,7/5/2021 11:44:05 PM,DOWNSTREAM ARRAY,UPSTREAM ARRAY,7/6/2020,7,Bull Trout,R,Resident,W,Wild Fish or Natural Production,TUMFBY - TUM - Release into the Forebay within 0.5 km upstream of Dam,LADDER,Adult Passage Ladder,NA,1
3DD.0077D89B99,NBD-2020-140-001.xml,TUF - Tumwater Dam Adult Fishway,6/30/2021 5:10:48 PM,7/1/2021 7:33:23 PM,High Flow Ladder Entrance,WEIR 17,7/6/2020,7,Bull Trout,R,Resident,W,Wild Fish or Natural Production,TUMFBY - TUM - Release into the Forebay within 0.5 km upstream of Dam,LADDER,Adult Passage Ladder,NA,1
3DD.0077D8C44C,NBD-2020-140-001.xml,CHW - Chiwaukum Creek,8/11/2020 12:41:11 PM,10/31/2022 2:34:10 PM,DOWNSTREAM ARRAY,DOWNSTREAM ARRAY,7/15/2020,7,Bull Trout,R,Resident,W,Wild Fish or Natural Production,TUMFBY - TUM - Release into the Forebay within 0.5 km upstream of Dam,LADDER,Adult Passage Ladder,NA,1
3DD.0077D8C50C,NBD-2020-140-001.xml,ICL - Lower Icicle Instream Array,7/13/2020 3:28:26 AM,7/13/2020 6:12:44 PM,Downstream Array,Downstream Array,6/30/2020,7,Bull Trout,R,Resident,W,Wild Fish or Natural Production,TUMFBY - TUM - Release into the Forebay within 0.5 km upstream of Dam,LADDER,Adult Passage Ladder,NA,1
3DD.0077D8DDC5,NBD-2020-140-001.xml,TUF - Tumwater Dam Adult Fishway,10/14/2020 3:23:42 PM,7/20/2021 7:23:49 AM,High Flow Ladder Entrance,WEIR 17,7/18/2020,7,Bull Trout,R,Resident,W,Wild Fish or Natural Production,TUMFBY - TUM - Release into the Forebay within 0.5 km upstream of Dam,LADDER,Adult Passage Ladder,260,1
3DD.0077D8DF12,NBD-2020-140-001.xml,CHW - Chiwaukum Creek,7/16/2020 8:23:51 PM,7/3/2021 4:51:03 AM,DOWNSTREAM ARRAY,UPSTREAM ARRAY,7/8/2020,7,Bull Trout,R,Resident,W,Wild Fish or Natural Production,TUMFBY - TUM - Release into the Forebay within 0.5 km upstream of Dam,LADDER,Adult Passage Ladder,NA,1
3DD.0077D95C6A,NBD-2020-140-001.xml,CHL - Lower Chiwawa River,10/1/2021 11:19:48 PM,10/22/2024 8:13:44 PM,UPPER IN-STREAM ARRAY,LOWER IN-STREAM ARRAY,7/21/2020,7,Bull Trout,R,Resident,W,Wild Fish or Natural Production,TUMFBY - TUM - Release into the Forebay within 0.5 km upstream of Dam,LADDER,Adult Passage Ladder,330,1
3DD.0077D95C6A,NBD-2020-140-001.xml,CHU - Upper Chiwawa River,7/14/2021 3:54:35 AM,6/28/2024 9:25:52 PM,LOWER IN-STREAM ARRAY,LOWER IN-STREAM ARRAY,7/21/2020,7,Bull Trout,R,Resident,W,Wild Fish or Natural Production,TUMFBY - TUM - Release into the Forebay within 0.5 km upstream of Dam,LADDER,Adult Passage Ladder,330,1
3DD.0077D95C6A,NBD-2020-140-001.xml,CHW - Chiwaukum Creek,7/25/2020 1:48:48 PM,9/17/2020 8:26:42 PM,DOWNSTREAM ARRAY,DOWNSTREAM ARRAY,7/21/2020,7,Bull Trout,R,Resident,W,Wild Fish or Natural Production,TUMFBY - TUM - Release into the Forebay within 0.5 km upstream of Dam,LADDER,Adult Passage Ladder,330,1
3DD.0077D95C6A,NBD-2020-140-001.xml,CWT - Chiwawa River Weir Trap Array,10/22/2024 8:08:55 PM,10/22/2024 8:08:55 PM,Single Pass,Single Pass,7/21/2020,7,Bull Trout,R,Resident,W,Wild Fish or Natural Production,TUMFBY - TUM - Release into the Forebay within 0.5 km upstream of Dam,LADDER,Adult Passage Ladder,330,1
3DD.0077D962F4,NBD-2020-140-001.xml,CHW - Chiwaukum Creek,7/19/2020 3:55:03 AM,7/13/2021 10:46:30 PM,DOWNSTREAM ARRAY,UPSTREAM ARRAY,7/13/2020,7,Bull Trout,R,Resident,W,Wild Fish or Natural Production,TUMFBY - TUM - Release into the Forebay within 0.5 km upstream of Dam,LADDER,Adult Passage Ladder,NA,1
3DD.0077D962F4,NBD-2020-140-001.xml,ICL - Lower Icicle Instream Array,2/6/2021 12:08:36 AM,2/7/2021 5:06:38 AM,Downstream Array,Downstream Array,7/13/2020,7,Bull Trout,R,Resident,W,Wild Fish or Natural Production,TUMFBY - TUM - Release into the Forebay within 0.5 km upstream of Dam,LADDER,Adult Passage Ladder,NA,1
3DD.0077D962F4,NBD-2020-140-001.xml,TUF - Tumwater Dam Adult Fishway,7/6/2021 10:07:05 AM,7/6/2021 10:41:27 AM,WEIR 3,WEIR 17,7/13/2020,7,Bull Trout,R,Resident,W,Wild Fish or Natural Production,TUMFBY - TUM - Release into the Forebay within 0.5 km upstream of Dam,LADDER,Adult Passage Ladder,NA,1
3DD.0077D970C5,NBD-2020-140-001.xml,CHL - Lower Chiwawa River,7/1/2023 2:24:52 AM,9/30/2023 9:20:16 PM,UPPER IN-STREAM ARRAY,LOWER IN-STREAM ARRAY,7/6/2020,7,Bull Trout,R,Resident,W,Wild Fish or Natural Production,TUMFBY - TUM - Release into the Forebay within 0.5 km upstream of Dam,LADDER,Adult Passage Ladder,NA,1
3DD.0077D970C5,NBD-2020-140-001.xml,CHU - Upper Chiwawa River,9/30/2023 3:17:40 AM,9/30/2023 3:17:49 AM,UPPER IN-STREAM ARRAY,LOWER IN-STREAM ARRAY,7/6/2020,7,Bull Trout,R,Resident,W,Wild Fish or Natural Production,TUMFBY - TUM - Release into the Forebay within 0.5 km upstream of Dam,LADDER,Adult Passage Ladder,NA,1
3DD.0077D9C949,NBD-2019-137-001.json,CHW - Chiwaukum Creek,7/18/2020 11:38:17 PM,8/22/2020 8:21:27 PM,UPSTREAM ARRAY,DOWNSTREAM ARRAY,7/22/2019,7,Bull Trout,R,Resident,W,Wild Fish or Natural Production,TUMFBY - TUM - Release into the Forebay within 0.5 km upstream of Dam,LADDER,Adult Passage Ladder,440,1
3DD.0077D9C949,NBD-2019-137-001.json,PES - Peshastin Creek,6/24/2021 10:00:10 PM,6/24/2021 10:00:10 PM,LOWER IN-STREAM ARRAY,LOWER IN-STREAM ARRAY,7/22/2019,7,Bull Trout,R,Resident,W,Wild Fish or Natural Production,TUMFBY - TUM - Release into the Forebay within 0.5 km upstream of Dam,LADDER,Adult Passage Ladder,440,1
3DD.0077DA471B,NBD-2018-207-001.xml,ENA - Upper Entiat River at rkm 17.1,7/13/2019 9:39:53 PM,7/13/2019 9:40:40 PM,DOWNSTREAM ANTENNA ARRAY,UPSTREAM ANTENNA ARRAY,7/26/2018,7,Bull Trout,R,Resident,W,Wild Fish or Natural Production,DRYFBY - DRY - Release into the Forebay within 0.5 km upstream of Dam,LADDER,Adult Passage Ladder,420,1
3DD.0077DA471B,NBD-2018-207-001.xml,ENF - Upper Entiat River at rkm 40.6,7/23/2019 8:51:36 PM,7/23/2019 8:51:36 PM,UPSTREAM ARRAY,UPSTREAM ARRAY,7/26/2018,7,Bull Trout,R,Resident,W,Wild Fish or Natural Production,DRYFBY - DRY - Release into the Forebay within 0.5 km upstream of Dam,LADDER,Adult Passage Ladder,420,1
3DD.0077DA471B,NBD-2018-207-001.xml,ENL - Lower Entiat River,7/10/2019 9:20:24 PM,7/10/2019 9:20:58 PM,LOWER IN-STREAM ARRAY,UPPER IN-STREAM ARRAY,7/26/2018,7,Bull Trout,R,Resident,W,Wild Fish or Natural Production,DRYFBY - DRY - Release into the Forebay within 0.5 km upstream of Dam,LADDER,Adult Passage Ladder,420,1
3DD.0077DA471B,NBD-2018-207-001.xml,ENS - Upper Entiat River at rkm 35.7,7/21/2019 9:30:22 PM,7/21/2019 9:30:22 PM,DOWNSTREAM ARRAY,DOWNSTREAM ARRAY,7/26/2018,7,Bull Trout,R,Resident,W,Wild Fish or Natural Production,DRYFBY - DRY - Release into the Forebay within 0.5 km upstream of Dam,LADDER,Adult Passage Ladder,420,1
3DD.0077DA471B,NBD-2018-207-001.xml,RRF - Rocky Reach Fishway,7/10/2019 7:34:28 AM,7/10/2019 7:38:17 AM,Lower Weir,Trap,7/26/2018,7,Bull Trout,R,Resident,W,Wild Fish or Natural Production,DRYFBY - DRY - Release into the Forebay within 0.5 km upstream of Dam,LADDER,Adult Passage Ladder,420,1
3DD.0077DAA657,NBD-2020-203-001.xml,CHW - Chiwaukum Creek,7/12/2021 2:34:07 AM,7/12/2021 2:34:26 AM,DOWNSTREAM ARRAY,UPSTREAM ARRAY,7/21/2020,7,Bull Trout,R,Resident,W,Wild Fish or Natural Production,DRYFBY - DRY - Release into the Forebay within 0.5 km upstream of Dam,LADDER,Adult Passage Ladder,520,1
3DD.0077DAA657,NBD-2020-203-001.xml,ICL - Lower Icicle Instream Array,7/22/2020 11:27:45 PM,9/27/2020 1:21:49 AM,Downstream Array,Downstream Array,7/21/2020,7,Bull Trout,R,Resident,W,Wild Fish or Natural Production,DRYFBY - DRY - Release into the Forebay within 0.5 km upstream of Dam,LADDER,Adult Passage Ladder,520,1
3DD.0077DAA657,NBD-2020-203-001.xml,TUF - Tumwater Dam Adult Fishway,7/6/2021 8:20:55 PM,7/9/2021 6:14:24 PM,High Flow Ladder Entrance,WEIR 17,7/21/2020,7,Bull Trout,R,Resident,W,Wild Fish or Natural Production,DRYFBY - DRY - Release into the Forebay within 0.5 km upstream of Dam,LADDER,Adult Passage Ladder,520,1
3DD.0078CB8150,CGS-2024-176-LB1.xml,LMR - Lower Methow River at Pateros,11/12/2025 12:16:39 AM,11/12/2025 12:16:43 AM,Upstream Array,Downstream Array,8/9/2024,7,Bull Trout,R,Resident,W,Wild Fish or Natural Production,TWISPR - Twisp River,HOOK,Hook and Line,185,1
3DD.0078CB8150,CGS-2024-176-LB1.xml,MRC - Methow River at Carlton,11/9/2025 8:40:19 PM,11/9/2025 8:40:19 PM,Single Array,Single Array,8/9/2024,7,Bull Trout,R,Resident,W,Wild Fish or Natural Production,TWISPR - Twisp River,HOOK,Hook and Line,185,1
3DD.0078CB8150,CGS-2024-176-LB1.xml,TWR - Lwr Twisp Rvr near MSRF Ponds,11/6/2025 1:55:38 AM,11/6/2025 1:55:43 AM,UPPER IN-STREAM ARRAY,LOWER IN-STREAM ARRAY,8/9/2024,7,Bull Trout,R,Resident,W,Wild Fish or Natural Production,TWISPR - Twisp River,HOOK,Hook and Line,185,1
3DD.0078CB8166,CGS-2024-176-LB1.xml,LMR - Lower Methow River at Pateros,8/13/2025 6:45:55 PM,8/13/2025 6:45:58 PM,Upstream Array,Downstream Array,8/9/2024,7,Bull Trout,R,Resident,W,Wild Fish or Natural Production,TWISPR - Twisp River,HOOK,Hook and Line,163,1
3DD.0078CB8166,CGS-2024-176-LB1.xml,TWR - Lwr Twisp Rvr near MSRF Ponds,8/2/2025 11:49:06 PM,8/2/2025 11:49:11 PM,UPPER IN-STREAM ARRAY,LOWER IN-STREAM ARRAY,8/9/2024,7,Bull Trout,R,Resident,W,Wild Fish or Natural Production,TWISPR - Twisp River,HOOK,Hook and Line,163,1
3DD.0078CB839C,CGS-2024-176-LB1.xml,TWR - Lwr Twisp Rvr near MSRF Ponds,9/24/2024 7:45:10 PM,9/24/2024 7:45:10 PM,LOWER IN-STREAM ARRAY,LOWER IN-STREAM ARRAY,8/22/2024,7,Bull Trout,R,Resident,W,Wild Fish or Natural Production,TWISPR - Twisp River,HOOK,Hook and Line,226,1
3DD.0078CB83E7,CGS-2024-274-LF1.xml,TWR - Lwr Twisp Rvr near MSRF Ponds,11/3/2024 12:12:38 AM,11/3/2024 12:12:44 AM,UPPER IN-STREAM ARRAY,LOWER IN-STREAM ARRAY,10/4/2024,7,Bull Trout,R,Resident,W,Wild Fish or Natural Production,TWISPR - Twisp River,SHOCK,Electro-Shock,222,1
3DD.0078DE0770,CSS-2024-311-112.xml,LWN - Little Wenatchee River,5/30/2025 4:00:38 AM,5/30/2025 4:00:38 AM,UPPER IN-STREAM ARRAY,UPPER IN-STREAM ARRAY,11/6/2024,7,Bull Trout,R,Resident,W,Wild Fish or Natural Production,"CHIWAT - Chiwawa River Trap, 0.5 km below CHIP acclimation pond",SCREWT,Screw Trap,171,1
3DD.0078DE1121,NBD-2024-275-001.xml,CHL - Lower Chiwawa River,11/4/2024 1:11:37 AM,11/4/2024 1:12:02 AM,UPPER IN-STREAM ARRAY,LOWER IN-STREAM ARRAY,10/8/2024,7,Bull Trout,R,Resident,W,Wild Fish or Natural Production,CHIWAR - Chiwawa River,SHOCK,Electro-Shock,148,1
3DD.0078DE2BFB,NBD-2025-143-002.json,CHW - Chiwaukum Creek,7/18/2025 1:35:43 AM,7/18/2025 1:42:22 AM,DOWNSTREAM ARRAY,UPSTREAM ARRAY,7/8/2025,7,Bull Trout,R,Resident,W,Wild Fish or Natural Production,TUMFBY - TUM - Release into the Forebay within 0.5 km upstream of Dam,LADDER,Adult Passage Ladder,540,1
3DD.0078DE2FA7,NBD-2025-143-002.json,CHW - Chiwaukum Creek,6/24/2025 3:25:46 PM,11/1/2025 7:26:38 PM,DOWNSTREAM ARRAY,DOWNSTREAM ARRAY,6/20/2025,7,Bull Trout,R,Resident,W,Wild Fish or Natural Production,TUMFBY - TUM - Release into the Forebay within 0.5 km upstream of Dam,LADDER,Adult Passage Ladder,280,1
3DD.0078DE31E2,NBD-2025-143-002.json,CHW - Chiwaukum Creek,7/12/2025 11:37:29 PM,7/12/2025 11:38:11 PM,DOWNSTREAM ARRAY,UPSTREAM ARRAY,6/24/2025,7,Bull Trout,R,Resident,W,Wild Fish or Natural Production,TUMFBY - TUM - Release into the Forebay within 0.5 km upstream of Dam,LADDER,Adult Passage Ladder,500,1
3DD.0078DE35F5,NBD-2025-143-002.json,CHW - Chiwaukum Creek,7/14/2025 12:09:27 AM,8/13/2025 10:24:25 PM,DOWNSTREAM ARRAY,DOWNSTREAM ARRAY,7/2/2025,7,Bull Trout,R,Resident,W,Wild Fish or Natural Production,TUMFBY - TUM - Release into the Forebay within 0.5 km upstream of Dam,LADDER,Adult Passage Ladder,500,1
3DD.0078DE35F6,NBD-2025-143-002.json,CHL - Lower Chiwawa River,7/9/2025 8:26:59 PM,9/15/2025 9:37:47 PM,LOWER IN-STREAM ARRAY,LOWER IN-STREAM ARRAY,7/1/2025,7,Bull Trout,R,Resident,W,Wild Fish or Natural Production,TUMFBY - TUM - Release into the Forebay within 0.5 km upstream of Dam,LADDER,Adult Passage Ladder,420,1
3DD.0078DE35F6,NBD-2025-143-002.json,CHU - Upper Chiwawa River,9/15/2025 3:10:31 AM,9/15/2025 3:10:42 AM,UPPER IN-STREAM ARRAY,LOWER IN-STREAM ARRAY,7/1/2025,7,Bull Trout,R,Resident,W,Wild Fish or Natural Production,TUMFBY - TUM - Release into the Forebay within 0.5 km upstream of Dam,LADDER,Adult Passage Ladder,420,1
3DD.0078DE35F6,NBD-2025-143-002.json,CWT - Chiwawa River Weir Trap Array,7/9/2025 9:00:52 PM,7/9/2025 9:00:52 PM,Single Pass,Single Pass,7/1/2025,7,Bull Trout,R,Resident,W,Wild Fish or Natural Production,TUMFBY - TUM - Release into the Forebay within 0.5 km upstream of Dam,LADDER,Adult Passage Ladder,420,1
3DD.0078DE36E5,NBD-2025-143-002.json,CHW - Chiwaukum Creek,7/13/2025 12:14:15 AM,7/13/2025 12:14:47 AM,DOWNSTREAM ARRAY,UPSTREAM ARRAY,6/21/2025,7,Bull Trout,R,Resident,W,Wild Fish or Natural Production,TUMFBY - TUM - Release into the Forebay within 0.5 km upstream of Dam,LADDER,Adult Passage Ladder,560,1
3DD.0078DE36E5,NBD-2025-143-002.json,TUF - Tumwater Dam Adult Fishway,6/24/2025 12:25:42 PM,6/27/2025 5:18:44 PM,High Flow Ladder Entrance,WEIR 17,6/21/2025,7,Bull Trout,R,Resident,W,Wild Fish or Natural Production,TUMFBY - TUM - Release into the Forebay within 0.5 km upstream of Dam,LADDER,Adult Passage Ladder,560,1
3DD.0078DE375A,NBD-2025-143-002.json,CHL - Lower Chiwawa River,9/8/2025 8:11:52 PM,9/8/2025 8:12:56 PM,UPPER IN-STREAM ARRAY,LOWER IN-STREAM ARRAY,6/30/2025,7,Bull Trout,R,Resident,W,Wild Fish or Natural Production,TUMFBY - TUM - Release into the Forebay within 0.5 km upstream of Dam,LADDER,Adult Passage Ladder,550,1
3DD.0078DE375A,NBD-2025-143-002.json,CHU - Upper Chiwawa River,8/11/2025 8:16:44 PM,9/3/2025 11:05:20 PM,LOWER IN-STREAM ARRAY,LOWER IN-STREAM ARRAY,6/30/2025,7,Bull Trout,R,Resident,W,Wild Fish or Natural Production,TUMFBY - TUM - Release into the Forebay within 0.5 km upstream of Dam,LADDER,Adult Passage Ladder,550,1
3DD.0078DE375A,NBD-2025-143-002.json,CHW - Chiwaukum Creek,7/18/2025 12:18:10 AM,7/18/2025 2:05:59 AM,DOWNSTREAM ARRAY,UPSTREAM ARRAY,6/30/2025,7,Bull Trout,R,Resident,W,Wild Fish or Natural Production,TUMFBY - TUM - Release into the Forebay within 0.5 km upstream of Dam,LADDER,Adult Passage Ladder,550,1
3DD.0078DE375A,NBD-2025-143-002.json,CWT - Chiwawa River Weir Trap Array,8/1/2025 12:22:10 AM,8/1/2025 12:22:10 AM,Single Pass,Single Pass,6/30/2025,7,Bull Trout,R,Resident,W,Wild Fish or Natural Production,TUMFBY - TUM - Release into the Forebay within 0.5 km upstream of Dam,LADDER,Adult Passage Ladder,550,1
3DD.0078DE38CE,NBD-2025-143-002.json,CHL - Lower Chiwawa River,8/9/2025 9:11:09 PM,9/4/2025 8:13:59 PM,LOWER IN-STREAM ARRAY,LOWER IN-STREAM ARRAY,6/29/2025,7,Bull Trout,R,Resident,W,Wild Fish or Natural Production,TUMFBY - TUM - Release into the Forebay within 0.5 km upstream of Dam,LADDER,Adult Passage Ladder,383,1
3DD.0078DE38CE,NBD-2025-143-002.json,CHU - Upper Chiwawa River,8/13/2025 9:12:34 PM,8/21/2025 11:01:11 PM,LOWER IN-STREAM ARRAY,LOWER IN-STREAM ARRAY,6/29/2025,7,Bull Trout,R,Resident,W,Wild Fish or Natural Production,TUMFBY - TUM - Release into the Forebay within 0.5 km upstream of Dam,LADDER,Adult Passage Ladder,383,1
3DD.0078DE38CE,NBD-2025-143-002.json,CHW - Chiwaukum Creek,7/14/2025 5:21:20 AM,8/1/2025 10:18:58 PM,DOWNSTREAM ARRAY,DOWNSTREAM ARRAY,6/29/2025,7,Bull Trout,R,Resident,W,Wild Fish or Natural Production,TUMFBY - TUM - Release into the Forebay within 0.5 km upstream of Dam,LADDER,Adult Passage Ladder,383,1
3DD.0078DE38CE,NBD-2025-143-002.json,CWT - Chiwawa River Weir Trap Array,8/9/2025 9:41:06 PM,8/9/2025 9:41:06 PM,Single Pass,Single Pass,6/29/2025,7,Bull Trout,R,Resident,W,Wild Fish or Natural Production,TUMFBY - TUM - Release into the Forebay within 0.5 km upstream of Dam,LADDER,Adult Passage Ladder,383,1
3DD.0078DE38E4,NBD-2025-143-002.json,CHW - Chiwaukum Creek,7/13/2025 2:17:41 AM,7/20/2025 1:08:39 AM,DOWNSTREAM ARRAY,DOWNSTREAM ARRAY,6/29/2025,7,Bull Trout,R,Resident,W,Wild Fish or Natural Production,TUMFBY - TUM - Release into the Forebay within 0.5 km upstream of Dam,LADDER,Adult Passage Ladder,460,1
3DD.0078DE38F1,NBD-2025-143-002.json,CWT - Chiwawa River Weir Trap Array,7/13/2025 3:43:04 AM,7/13/2025 3:43:04 AM,Single Pass,Single Pass,6/27/2025,7,Bull Trout,R,Resident,W,Wild Fish or Natural Production,TUMFBY - TUM - Release into the Forebay within 0.5 km upstream of Dam,LADDER,Adult Passage Ladder,350,1
3DD.0078DE3B61,NBD-2025-143-002.json,CHL - Lower Chiwawa River,7/18/2025 10:06:32 PM,9/8/2025 2:41:37 AM,LOWER IN-STREAM ARRAY,LOWER IN-STREAM ARRAY,7/10/2025,7,Bull Trout,R,Resident,W,Wild Fish or Natural Production,TUMFBY - TUM - Release into the Forebay within 0.5 km upstream of Dam,LADDER,Adult Passage Ladder,360,1
3DD.0078DE3B61,NBD-2025-143-002.json,CHU - Upper Chiwawa River,7/25/2025 12:32:03 AM,9/4/2025 3:17:33 AM,LOWER IN-STREAM ARRAY,LOWER IN-STREAM ARRAY,7/10/2025,7,Bull Trout,R,Resident,W,Wild Fish or Natural Production,TUMFBY - TUM - Release into the Forebay within 0.5 km upstream of Dam,LADDER,Adult Passage Ladder,360,1
3DD.0078DE3B61,NBD-2025-143-002.json,CHW - Chiwaukum Creek,7/14/2025 5:52:24 AM,7/14/2025 11:21:15 PM,DOWNSTREAM ARRAY,DOWNSTREAM ARRAY,7/10/2025,7,Bull Trout,R,Resident,W,Wild Fish or Natural Production,TUMFBY - TUM - Release into the Forebay within 0.5 km upstream of Dam,LADDER,Adult Passage Ladder,360,1
3DD.0078DE3B61,NBD-2025-143-002.json,CWT - Chiwawa River Weir Trap Array,7/18/2025 10:33:39 PM,9/8/2025 2:26:10 AM,Single Pass,Single Pass,7/10/2025,7,Bull Trout,R,Resident,W,Wild Fish or Natural Production,TUMFBY - TUM - Release into the Forebay within 0.5 km upstream of Dam,LADDER,Adult Passage Ladder,360,1
3DD.0078DE3CD6,NBD-2025-143-002.json,CHL - Lower Chiwawa River,7/7/2025 10:21:31 PM,9/24/2025 10:29:11 PM,LOWER IN-STREAM ARRAY,LOWER IN-STREAM ARRAY,6/26/2025,7,Bull Trout,R,Resident,W,Wild Fish or Natural Production,TUMFBY - TUM - Release into the Forebay within 0.5 km upstream of Dam,LADDER,Adult Passage Ladder,460,1
3DD.0078DE3CD6,NBD-2025-143-002.json,CHU - Upper Chiwawa River,7/18/2025 12:54:18 AM,9/15/2025 10:47:06 PM,LOWER IN-STREAM ARRAY,LOWER IN-STREAM ARRAY,6/26/2025,7,Bull Trout,R,Resident,W,Wild Fish or Natural Production,TUMFBY - TUM - Release into the Forebay within 0.5 km upstream of Dam,LADDER,Adult Passage Ladder,460,1
3DD.0078DE3CD6,NBD-2025-143-002.json,CWT - Chiwawa River Weir Trap Array,7/15/2025 11:02:05 PM,9/24/2025 10:01:15 PM,Single Pass,Single Pass,6/26/2025,7,Bull Trout,R,Resident,W,Wild Fish or Natural Production,TUMFBY - TUM - Release into the Forebay within 0.5 km upstream of Dam,LADDER,Adult Passage Ladder,460,1
3DD.0078DE3CD7,NBD-2025-143-002.json,CHL - Lower Chiwawa River,9/24/2025 2:46:11 AM,9/24/2025 2:57:15 AM,LOWER IN-STREAM ARRAY,LOWER IN-STREAM ARRAY,6/25/2025,7,Bull Trout,R,Resident,W,Wild Fish or Natural Production,TUMFBY - TUM - Release into the Forebay within 0.5 km upstream of Dam,LADDER,Adult Passage Ladder,480,1
3DD.0078DE3CD7,NBD-2025-143-002.json,CHU - Upper Chiwawa River,8/5/2025 1:26:34 AM,9/23/2025 1:31:18 AM,LOWER IN-STREAM ARRAY,UPPER IN-STREAM ARRAY,6/25/2025,7,Bull Trout,R,Resident,W,Wild Fish or Natural Production,TUMFBY - TUM - Release into the Forebay within 0.5 km upstream of Dam,LADDER,Adult Passage Ladder,480,1
3DD.0078DE3CD7,NBD-2025-143-002.json,CWT - Chiwawa River Weir Trap Array,8/2/2025 10:10:54 PM,8/2/2025 10:10:54 PM,Single Pass,Single Pass,6/25/2025,7,Bull Trout,R,Resident,W,Wild Fish or Natural Production,TUMFBY - TUM - Release into the Forebay within 0.5 km upstream of Dam,LADDER,Adult Passage Ladder,480,1
3DD.0078DE3D14,NBD-2025-143-002.json,CWT - Chiwawa River Weir Trap Array,7/30/2025 9:48:06 PM,8/3/2025 12:32:11 AM,Single Pass,Single Pass,6/25/2025,7,Bull Trout,R,Resident,W,Wild Fish or Natural Production,TUMFBY - TUM - Release into the Forebay within 0.5 km upstream of Dam,LADDER,Adult Passage Ladder,290,1
3DD.0078DE3D9D,NBD-2025-143-002.json,"WTL - White River, Wenatchee Basin",7/25/2025 2:09:15 AM,10/7/2025 9:26:31 PM,LOWER IN-STREAM ARRAY,LOWER IN-STREAM ARRAY,7/3/2025,7,Bull Trout,R,Resident,W,Wild Fish or Natural Production,TUMFBY - TUM - Release into the Forebay within 0.5 km upstream of Dam,LADDER,Adult Passage Ladder,470,1
3DD.0078DE3DB2,NBD-2025-143-002.json,CHW - Chiwaukum Creek,7/14/2025 3:58:18 AM,8/13/2025 9:35:35 PM,DOWNSTREAM ARRAY,DOWNSTREAM ARRAY,7/7/2025,7,Bull Trout,R,Resident,W,Wild Fish or Natural Production,TUMFBY - TUM - Release into the Forebay within 0.5 km upstream of Dam,LADDER,Adult Passage Ladder,NA,1
3DD.0078E1258B,CGS-2025-126-WE1.xml,TWR - Lwr Twisp Rvr near MSRF Ponds,7/3/2025 11:41:45 PM,7/7/2025 11:27:56 PM,UPPER IN-STREAM ARRAY,UPPER IN-STREAM ARRAY,7/1/2025,7,Bull Trout,R,Resident,W,Wild Fish or Natural Production,TWISPW - Twisp River Weir (WDFW),LADDER,Adult Passage Ladder,480,1
3DD.0078E12B95,CGS-2025-126-WE1.xml,TWR - Lwr Twisp Rvr near MSRF Ponds,6/19/2025 1:10:12 AM,6/19/2025 1:10:12 AM,UPPER IN-STREAM ARRAY,UPPER IN-STREAM ARRAY,6/17/2025,7,Bull Trout,R,Resident,W,Wild Fish or Natural Production,TWISPW - Twisp River Weir (WDFW),LADDER,Adult Passage Ladder,550,1
3DD.0078E12BC1,CGS-2025-126-WE1.xml,LMR - Lower Methow River at Pateros,6/16/2025 4:13:48 AM,12/20/2025 11:11:06 AM,Downstream Array,Downstream Array,6/15/2025,7,Bull Trout,R,Resident,W,Wild Fish or Natural Production,WELLD1 - WEL - Release into the East Adult Fish Ladder,LADDER,Adult Passage Ladder,440,1
3DD.0078E12BC1,CGS-2025-126-WE1.xml,MRC - Methow River at Carlton,6/26/2025 11:01:36 PM,11/18/2025 4:25:40 AM,Single Array,Single Array,6/15/2025,7,Bull Trout,R,Resident,W,Wild Fish or Natural Production,WELLD1 - WEL - Release into the East Adult Fish Ladder,LADDER,Adult Passage Ladder,440,1
3DD.0078E12BC1,CGS-2025-126-WE1.xml,TWR - Lwr Twisp Rvr near MSRF Ponds,7/1/2025 12:35:05 AM,10/5/2025 1:37:50 AM,UPPER IN-STREAM ARRAY,LOWER IN-STREAM ARRAY,6/15/2025,7,Bull Trout,R,Resident,W,Wild Fish or Natural Production,WELLD1 - WEL - Release into the East Adult Fish Ladder,LADDER,Adult Passage Ladder,440,1
3DD.0078E12BC1,CGS-2025-126-WE1.xml,"WEA - Wells Dam, DCPUD Adult Ladders",6/14/2025 3:44:48 PM,5/28/2026 4:32:26 PM,Left Ladder Pool 67,Left Ladder Pool 68,6/15/2025,7,Bull Trout,R,Resident,W,Wild Fish or Natural Production,WELLD1 - WEL - Release into the East Adult Fish Ladder,LADDER,Adult Passage Ladder,440,1
3DD.0078E13900,CGS-2025-126-WE1.xml,LMR - Lower Methow River at Pateros,10/4/2025 1:50:46 AM,10/4/2025 1:50:46 AM,Upstream Array,Upstream Array,5/12/2025,7,Bull Trout,R,Resident,W,Wild Fish or Natural Production,WELLD2 - WEL - Release into the West Adult Fish Ladder,LADDER,Adult Passage Ladder,770,1
3DD.0078E13900,CGS-2025-126-WE1.xml,RRF - Rocky Reach Fishway,5/29/2025 1:36:53 AM,5/29/2025 3:16:26 AM,Lower Weir,Trap,5/12/2025,7,Bull Trout,R,Resident,W,Wild Fish or Natural Production,WELLD2 - WEL - Release into the West Adult Fish Ladder,LADDER,Adult Passage Ladder,770,1
3DD.0078E13900,CGS-2025-126-WE1.xml,RRJ - Rocky Reach Dam Juvenile,5/25/2025 1:28:47 AM,5/25/2025 1:28:47 AM,DSM Bypass Surface Collector,DSM Bypass Surface Collector,5/12/2025,7,Bull Trout,R,Resident,W,Wild Fish or Natural Production,WELLD2 - WEL - Release into the West Adult Fish Ladder,LADDER,Adult Passage Ladder,770,1
3DD.0078E13900,CGS-2025-126-WE1.xml,TWR - Lwr Twisp Rvr near MSRF Ponds,6/20/2025 2:59:22 AM,9/23/2025 8:55:41 PM,UPPER IN-STREAM ARRAY,LOWER IN-STREAM ARRAY,5/12/2025,7,Bull Trout,R,Resident,W,Wild Fish or Natural Production,WELLD2 - WEL - Release into the West Adult Fish Ladder,LADDER,Adult Passage Ladder,770,1
3DD.0078E13900,CGS-2025-126-WE1.xml,"WEA - Wells Dam, DCPUD Adult Ladders",6/6/2025 4:49:25 PM,6/6/2025 4:54:49 PM,Left Ladder Pool 67,Left Ladder Pool 68,5/12/2025,7,Bull Trout,R,Resident,W,Wild Fish or Natural Production,WELLD2 - WEL - Release into the West Adult Fish Ladder,LADDER,Adult Passage Ladder,770,1
3DD.0078E13900,CGS-2025-126-WE1.xml,WEH - Wells Dam Hatchery,5/12/2025 8:59:29 AM,5/12/2025 8:59:29 AM,Adult Fish Handling Facility Exit to Truck,Adult Fish Handling Facility Exit to Truck,5/12/2025,7,Bull Trout,R,Resident,W,Wild Fish or Natural Production,WELLD2 - WEL - Release into the West Adult Fish Ladder,LADDER,Adult Passage Ladder,770,1
3DD.00791232B6,NBD-2025-274-001.xml,CWT - Chiwawa River Weir Trap Array,1/4/2026 10:54:26 PM,1/4/2026 10:54:26 PM,Single Pass,Single Pass,11/21/2025,7,Bull Trout,R,Resident,W,Wild Fish or Natural Production,CHIWAR - Chiwawa River,SHOCK,Electro-Shock,166,1
3DD.007914A4A2,CGS-2025-126-WE1.xml,TWR - Lwr Twisp Rvr near MSRF Ponds,9/29/2025 8:54:54 PM,9/29/2025 8:54:54 PM,LOWER IN-STREAM ARRAY,LOWER IN-STREAM ARRAY,7/3/2025,7,Bull Trout,R,Resident,W,Wild Fish or Natural Production,TWISPW - Twisp River Weir (WDFW),LADDER,Adult Passage Ladder,640,1
